Date/Time,Electricity:Facility [kW](Hourly),Gas:Facility [kW](Hourly),Heating:Electricity [kW](Hourly),Heating:Gas [kW](Hourly),Cooling:Electricity [kW](Hourly),HVACFan:Fans:Electricity [kW](Hourly),Electricity:HVAC [kW](Hourly),Fans:Electricity [kW](Hourly),General:InteriorLights:Electricity [kW](Hourly),General:ExteriorLights:Electricity [kW](Hourly),Appl:InteriorEquipment:Electricity [kW](Hourly),Misc:InteriorEquipment:Electricity [kW](Hourly) 
 01/01  01:00:00,1.29791447509,11.9078302808,0.0,11.4524941943,0.0,0.322184628221,0.322184628221,0.322184628221,0.259135764424,0.0590498864857,0.122837147866,0.511307048096
 01/01  02:00:00,1.10482269495,11.7949889252,0.0,11.4483867803,0.0,0.32205961478,0.32205961478,0.32205961478,0.151162506908,0.0344457798429,0.102975685881,0.470779107534
 01/01  03:00:00,1.04044905014,12.1430681913,0.0,11.8261819301,0.0,0.332654295247,0.332654295247,0.332654295247,0.107973243613,0.0246041219143,0.0864965903205,0.465320799041
 01/01  04:00:00,1.02226007223,12.0994231259,0.0,11.774587718,0.0,0.331166270664,0.331166270664,0.331166270664,0.107973243613,0.0246041219143,0.0763456071944,0.458770828849
 01/01  05:00:00,1.01914929904,12.206699132,0.0,11.7964073695,0.0,0.331769129078,0.331769129078,0.331769129078,0.107973243613,0.0246041219143,0.0899621050554,0.441440699384
 01/01  06:00:00,1.0811037986,12.3736014323,0.0,11.5886755675,0.0,0.325918699324,0.325918699324,0.325918699324,0.107973243613,0.0246041219143,0.106595392246,0.492612341507
 01/01  07:00:00,1.39143565624,12.7401067153,0.0,11.2530311604,0.0,0.316468386371,0.316468386371,0.316468386371,0.248338385058,0.0565894910929,0.177474275597,0.569165118123
 01/01  08:00:00,1.91014150728,13.790618366,0.0,12.0995342544,0.0,0.340260939904,0.340260939904,0.340260939904,0.507474149482,0.115639377579,0.281086459277,0.604780581041
 01/01  09:00:00,1.81571904376,12.9673433497,0.0,11.3211081863,0.0,0.318363433261,0.318363433261,0.318363433261,0.485879522289,0.11071855625,0.36605048386,0.511307048096
 01/01  10:00:00,1.52885541077,12.6162165803,0.0,11.1235661461,0.0,0.312846344632,0.312846344632,0.312846344632,0.248338385058,0.0565894910929,0.45251754537,0.435163644616
 01/01  11:00:00,1.51957251591,12.7854911326,0.0,11.474952909,0.0,0.322694646018,0.322694646018,0.322694646018,0.205149135666,0.0467478178928,0.476182943291,0.445397973041
 01/01  12:00:00,1.51527875461,11.7225311992,0.0,10.5787019264,0.0,0.297475342164,0.297475342164,0.297475342164,0.205149135666,0.0467478178928,0.496972028135,0.445534430753
 01/01  13:00:00,1.48021270553,11.1685320395,0.0,10.1528157905,0.0,0.285470550288,0.285470550288,0.285470550288,0.205149135666,0.0467478178928,0.481415945109,0.438029256575
 01/01  14:00:00,1.4379627256,10.6354438367,0.0,9.69848924078,0.0,0.272670805922,0.272670805922,0.272670805922,0.205149135666,0.0467478178928,0.43681890348,0.453176062644
 01/01  15:00:00,1.43628742485,10.3622248836,0.0,9.49854495409,0.0,0.26703692401,0.26703692401,0.26703692401,0.215946512535,0.0492082438285,0.402002089622,0.478693654849
 01/01  16:00:00,1.53562159364,10.2555076748,0.0,9.38195572428,0.0,0.263748825595,0.263748825595,0.263748825595,0.269933141293,0.0615103124214,0.411726405573,0.505302908753
 01/01  17:00:00,1.91512089776,10.4604700393,0.0,9.48484498392,0.0,0.266636050572,0.266636050572,0.266636050572,0.453487652263,0.103337308986,0.470575105936,0.59768478
 01/01  18:00:00,2.65041717948,11.4433881028,0.0,10.2699870737,0.0,0.288756335807,0.288756335807,0.288756335807,0.842191296402,0.191912153986,0.578065905983,0.726091487301
 01/01  19:00:00,3.1797541926,11.2262592064,0.0,9.86311734235,0.0,0.277379206781,0.277379206781,0.277379206781,1.25248956773,0.285407820314,0.522761393651,0.788316204123
 01/01  20:00:00,3.17166960256,11.3049355992,0.0,9.90156872966,0.0,0.278494291098,0.278494291098,0.278494291098,1.32807082119,0.302630710236,0.425376441419,0.813697338616
 01/01  21:00:00,2.93769354886,11.5349635706,0.0,10.2311894245,0.0,0.28779191048,0.28779191048,0.28779191048,1.14451631022,0.260803683128,0.37951047539,0.841671169644
 01/01  22:00:00,2.68064256275,11.676705889,0.0,10.5103706459,0.0,0.295668083308,0.295668083308,0.295668083308,0.960961801745,0.218976686564,0.359614732068,0.822021259068
 01/01  23:00:00,2.21760810761,11.8054952945,0.0,10.8567642487,0.0,0.305431136529,0.305431136529,0.305431136529,0.723420662017,0.164847621407,0.289154633287,0.71135405437
 01/01  24:00:00,1.76434253303,12.1297888534,0.0,11.4212959224,0.0,0.321314920799,0.321314920799,0.321314920799,0.496676901655,0.113178951643,0.191618322082,0.618153436849
 01/02  01:00:00,1.30118966539,12.2781354178,0.0,11.8415344931,0.0,0.333129115418,0.333129115418,0.333129115418,0.259135764424,0.0590498864857,0.115167850971,0.511307048096
 01/02  02:00:00,1.11670816045,12.3711341158,0.0,12.0345797618,0.0,0.338549941681,0.338549941681,0.338549941681,0.151162506908,0.0344457798429,0.0983708244822,0.470779107534
 01/02  03:00:00,1.0606221236,12.9603923262,0.0,12.650975542,0.0,0.355873813532,0.355873813532,0.355873813532,0.107973243613,0.0246041219143,0.0834501454999,0.465320799041
 01/02  04:00:00,1.03388617197,12.5597926643,0.0,12.2431350311,0.0,0.344385341918,0.344385341918,0.344385341918,0.107973243613,0.0246041219143,0.0747526356716,0.458770828849
 01/02  05:00:00,1.02354764897,12.4554188703,0.0,12.0613448802,0.0,0.339283827198,0.339283827198,0.339283827198,0.107973243613,0.0246041219143,0.0868457568597,0.441440699384
 01/02  06:00:00,1.08994163743,12.8100980584,0.0,12.0708531299,0.0,0.33953601282,0.33953601282,0.33953601282,0.107973243613,0.0246041219143,0.101815917579,0.492612341507
 01/02  07:00:00,1.3953085617,13.2119535028,0.0,11.8293783022,0.0,0.332737722684,0.332737722684,0.332737722684,0.248338385058,0.0565894910929,0.165077844744,0.569165118123
 01/02  08:00:00,1.90232028316,14.259670205,0.0,12.6964191985,0.0,0.357127971211,0.357127971211,0.357127971211,0.507474149482,0.115639377579,0.25639820385,0.604780581041
 01/02  09:00:00,1.78868710261,13.2144652047,0.0,11.7025573158,0.0,0.3291750096,0.3291750096,0.3291750096,0.485879522289,0.11071855625,0.32820696637,0.511307048096
 01/02  10:00:00,1.4859823901,12.8327635732,0.0,11.4644009303,0.0,0.322509558578,0.322509558578,0.322509558578,0.248338385058,0.0565894910929,0.39998131075,0.435163644616
 01/02  11:00:00,1.47443004944,13.1828713266,0.0,11.979365776,0.0,0.336954446801,0.336954446801,0.336954446801,0.205149135666,0.0467478178928,0.416780676038,0.445397973041
 01/02  12:00:00,1.45497060221,11.664680381,0.0,10.6098461496,0.0,0.298404075647,0.298404075647,0.298404075647,0.205149135666,0.0467478178928,0.435735142253,0.445534430753
 01/02  13:00:00,1.43018856582,11.2940222732,0.0,10.3556694667,0.0,0.291225334146,0.291225334146,0.291225334146,0.205149135666,0.0467478178928,0.425637021538,0.438029256575
 01/02  14:00:00,1.40111482125,11.0640012976,0.0,10.1943137242,0.0,0.286675605984,0.286675605984,0.286675605984,0.205149135666,0.0467478178928,0.385966199058,0.453176062644
 01/02  15:00:00,1.4076089106,10.902520766,0.0,10.0996700633,0.0,0.284004910479,0.284004910479,0.284004910479,0.215946512535,0.0492082438285,0.356355588907,0.478693654849
 01/02  16:00:00,1.5084831921,10.7650872064,0.0,9.95201822257,0.0,0.279845892248,0.279845892248,0.279845892248,0.269933141293,0.0615103124214,0.368490937387,0.505302908753
 01/02  17:00:00,1.88864492542,10.9327857432,0.0,10.0310109296,0.0,0.282064317209,0.282064317209,0.282064317209,0.453487652263,0.103337308986,0.428670866964,0.59768478
 01/02  18:00:00,2.62626827238,11.9601824612,0.0,10.8751119285,0.0,0.305851347151,0.305851347151,0.305851347151,0.842191296402,0.191912153986,0.536821987543,0.726091487301
 01/02  19:00:00,3.14139206436,11.1697521362,0.0,9.92019766826,0.0,0.279045779858,0.279045779858,0.279045779858,1.25248956773,0.285407820314,0.482732692333,0.788316204123
 01/02  20:00:00,3.14417318288,11.6180029916,0.0,10.3420872249,0.0,0.290950084497,0.290950084497,0.290950084497,1.32807082119,0.302630710236,0.385424228339,0.813697338616
 01/02  21:00:00,2.90938392655,11.8495956971,0.0,10.6674827362,0.0,0.300146886743,0.300146886743,0.300146886743,1.14451631022,0.260803683128,0.338845876819,0.841671169644
 01/02  22:00:00,2.65406487148,12.1036048049,0.0,11.0393316769,0.0,0.310631725609,0.310631725609,0.310631725609,0.960961801745,0.218976686564,0.318073398495,0.822021259068
 01/02  23:00:00,2.20374024833,12.4026908506,0.0,11.5341849196,0.0,0.324572024398,0.324572024398,0.324572024398,0.723420662017,0.164847621407,0.256145886137,0.71135405437
 01/02  24:00:00,1.75942904065,12.5458836836,0.0,11.8874513532,0.0,0.334525414594,0.334525414594,0.334525414594,0.496676901655,0.113178951643,0.173494335907,0.618153436849
 01/03  01:00:00,1.32829630364,13.2375897072,0.0,12.8009617595,0.0,0.360235753662,0.360235753662,0.360235753662,0.259135764424,0.0590498864857,0.115167850971,0.511307048096
 01/03  02:00:00,1.14445354649,13.3525060534,0.0,13.0162969374,0.0,0.36629532772,0.36629532772,0.36629532772,0.151162506908,0.0344457798429,0.0983708244822,0.470779107534
 01/03  03:00:00,1.07326873211,13.4041132034,0.0,13.0951309707,0.0,0.368520422037,0.368520422037,0.368520422037,0.107973243613,0.0246041219143,0.0834501454999,0.465320799041
 01/03  04:00:00,1.06298356818,13.5882436447,0.0,13.2718285337,0.0,0.37348273813,0.37348273813,0.37348273813,0.107973243613,0.0246041219143,0.0747526356716,0.458770828849
 01/03  05:00:00,1.07899365797,14.4203041504,0.0,14.0265806978,0.0,0.394729836202,0.394729836202,0.394729836202,0.107973243613,0.0246041219143,0.0868457568597,0.441440699384
 01/03  06:00:00,1.14957919359,14.9223466671,0.0,14.1832566738,0.0,0.399173568977,0.399173568977,0.399173568977,0.107973243613,0.0246041219143,0.101815917579,0.492612341507
 01/03  07:00:00,1.45710948444,15.4003415908,0.0,14.0167304046,0.0,0.394538645423,0.394538645423,0.394538645423,0.248338385058,0.0565894910929,0.165077844744,0.569165118123
 01/03  08:00:00,1.96906878474,16.622682773,0.0,15.0581085194,0.0,0.423876472791,0.423876472791,0.423876472791,0.507474149482,0.115639377579,0.25639820385,0.604780581041
 01/03  09:00:00,1.85879742554,15.6958768422,0.0,14.1828147565,0.0,0.399285332535,0.399285332535,0.399285332535,0.485879522289,0.11071855625,0.32820696637,0.511307048096
 01/03  10:00:00,1.5678345823,15.7274188745,0.0,14.3585308548,0.0,0.404361750783,0.404361750783,0.404361750783,0.248338385058,0.0565894910929,0.39998131075,0.435163644616
 01/03  11:00:00,1.56340047494,16.3268046588,0.0,15.1232541601,0.0,0.4259248723,0.4259248723,0.4259248723,0.205149135666,0.0467478178928,0.416780676038,0.445397973041
 01/03  12:00:00,1.55018497336,15.029801237,0.0,13.975364366,0.0,0.393618446793,0.393618446793,0.393618446793,0.205149135666,0.0467478178928,0.435735142253,0.445534430753
 01/03  13:00:00,1.52943287018,14.8014041427,0.0,13.8638035298,0.0,0.390469638509,0.390469638509,0.390469638509,0.205149135666,0.0467478178928,0.425637021538,0.438029256575
 01/03  14:00:00,1.50780345626,14.8350342453,0.0,13.9662873011,0.0,0.393364241004,0.393364241004,0.393364241004,0.205149135666,0.0467478178928,0.385966199058,0.453176062644
 01/03  15:00:00,1.51784780317,14.7984670874,0.0,13.9968948801,0.0,0.39424380305,0.39424380305,0.39424380305,0.215946512535,0.0492082438285,0.356355588907,0.478693654849
 01/03  16:00:00,1.6251415703,14.8867938786,0.0,14.0751299308,0.0,0.396504270444,0.396504270444,0.396504270444,0.269933141293,0.0615103124214,0.368490937387,0.505302908753
 01/03  17:00:00,2.0170125464,15.4660597284,0.0,14.5658861273,0.0,0.410431938186,0.410431938186,0.410431938186,0.453487652263,0.103337308986,0.428670866964,0.59768478
 01/03  18:00:00,2.75943501659,16.6600025042,0.0,15.5762506978,0.0,0.439018091362,0.439018091362,0.439018091362,0.842191296402,0.191912153986,0.536821987543,0.726091487301
 01/03  19:00:00,3.2751293097,15.8902764922,0.0,14.641807475,0.0,0.412783025193,0.412783025193,0.412783025193,1.25248956773,0.285407820314,0.482732692333,0.788316204123
 01/03  20:00:00,3.27348676969,16.1787429002,0.0,14.9039049279,0.0,0.420263671307,0.420263671307,0.420263671307,1.32807082119,0.302630710236,0.385424228339,0.813697338616
 01/03  21:00:00,3.03618548608,16.3182689063,0.0,15.1373530722,0.0,0.426948446273,0.426948446273,0.426948446273,1.14451631022,0.260803683128,0.338845876819,0.841671169644
 01/03  22:00:00,2.79368541627,17.0228725881,0.0,15.9602178802,0.0,0.450252270401,0.450252270401,0.450252270401,0.960961801745,0.218976686564,0.318073398495,0.822021259068
 01/03  23:00:00,2.33004191304,16.8472159628,0.0,15.9806643889,0.0,0.450873689111,0.450873689111,0.450873689111,0.723420662017,0.164847621407,0.256145886137,0.71135405437
 01/03  24:00:00,1.88644963018,17.0151529046,0.0,16.3589898443,0.0,0.461546004121,0.461546004121,0.461546004121,0.496676901655,0.113178951643,0.173494335907,0.618153436849
 01/04  01:00:00,1.44051112091,17.1787809907,0.0,16.7448696659,0.0,0.472450570936,0.472450570936,0.472450570936,0.259135764424,0.0590498864857,0.115167850971,0.511307048096
 01/04  02:00:00,1.25957940255,17.3961634664,0.0,17.0626973466,0.0,0.481421183778,0.481421183778,0.481421183778,0.151162506908,0.0344457798429,0.0983708244822,0.470779107534
 01/04  03:00:00,1.2141569124,18.359218385,0.0,18.0532294715,0.0,0.509408602329,0.509408602329,0.509408602329,0.107973243613,0.0246041219143,0.0834501454999,0.465320799041
 01/04  04:00:00,1.21461904327,18.9205910435,0.0,18.6075014168,0.0,0.525118213221,0.525118213221,0.525118213221,0.107973243613,0.0246041219143,0.0747526356716,0.458770828849
 01/04  05:00:00,1.24206052239,20.1521395357,0.0,19.7619498165,0.0,0.557796700617,0.557796700617,0.557796700617,0.107973243613,0.0246041219143,0.0868457568597,0.441440699384
 01/04  06:00:00,1.30973319769,20.5496094099,0.0,19.8132810221,0.0,0.559327573072,0.559327573072,0.559327573072,0.107973243613,0.0246041219143,0.101815917579,0.492612341507
 01/04  07:00:00,1.66871814962,22.8494572565,0.0,21.4680681269,0.0,0.606147310602,0.606147310602,0.606147310602,0.248338385058,0.0565894910929,0.165077844744,0.569165118123
 01/04  08:00:00,2.12258607108,22.0072499054,0.0,20.4446724919,0.0,0.577393759134,0.577393759134,0.577393759134,0.507474149482,0.115639377579,0.25639820385,0.604780581041
 01/04  09:00:00,2.0072911472,20.9053744674,0.0,19.3935629594,0.0,0.547779054192,0.547779054192,0.547779054192,0.485879522289,0.11071855625,0.32820696637,0.511307048096
 01/04  10:00:00,1.63601324608,18.1014488111,0.0,16.7332029609,0.0,0.472540414562,0.472540414562,0.472540414562,0.248338385058,0.0565894910929,0.39998131075,0.435163644616
 01/04  11:00:00,1.56996201906,16.5210140794,0.0,15.3176099508,0.0,0.432486416424,0.432486416424,0.432486416424,0.205149135666,0.0467478178928,0.416780676038,0.445397973041
 01/04  12:00:00,1.53511161672,14.4633124073,0.0,13.4088791739,0.0,0.378545090156,0.378545090156,0.378545090156,0.205149135666,0.0467478178928,0.435735142253,0.445534430753
 01/04  13:00:00,1.4914708915,13.4253316698,0.0,12.4876991014,0.0,0.352507659827,0.352507659827,0.352507659827,0.205149135666,0.0467478178928,0.425637021538,0.438029256575
 01/04  14:00:00,1.45816739239,13.0457819057,0.0,12.177099816,0.0,0.343728177126,0.343728177126,0.343728177126,0.205149135666,0.0467478178928,0.385966199058,0.453176062644
 01/04  15:00:00,1.47271541859,13.1692582891,0.0,12.3678334549,0.0,0.349111418466,0.349111418466,0.349111418466,0.215946512535,0.0492082438285,0.356355588907,0.478693654849
 01/04  16:00:00,1.58735323308,13.518737408,0.0,12.7072572848,0.0,0.358715933229,0.358715933229,0.358715933229,0.269933141293,0.0615103124214,0.368490937387,0.505302908753
 01/04  17:00:00,1.99938648606,14.812053415,0.0,13.91203644,0.0,0.39280587785,0.39280587785,0.39280587785,0.453487652263,0.103337308986,0.428670866964,0.59768478
 01/04  18:00:00,2.74639080485,16.1672163835,0.0,15.0832819158,0.0,0.425973879616,0.425973879616,0.425973879616,0.842191296402,0.191912153986,0.536821987543,0.726091487301
 01/04  19:00:00,3.26651468951,15.557041935,0.0,14.3080695899,0.0,0.404168405004,0.404168405004,0.404168405004,1.25248956773,0.285407820314,0.482732692333,0.788316204123
 01/04  20:00:00,3.27580549595,16.233908121,0.0,14.9582189865,0.0,0.422582397574,0.422582397574,0.422582397574,1.32807082119,0.302630710236,0.385424228339,0.813697338616
 01/04  21:00:00,3.0471082588,16.6780926211,0.0,15.4968898139,0.0,0.437871218986,0.437871218986,0.437871218986,1.14451631022,0.260803683128,0.338845876819,0.841671169644
 01/04  22:00:00,2.78924350523,16.8377007734,0.0,15.7748132306,0.0,0.445810359356,0.445810359356,0.445810359356,0.960961801745,0.218976686564,0.318073398495,0.822021259068
 01/04  23:00:00,2.31668189724,16.346848791,0.0,15.480472715,0.0,0.437513673312,0.437513673312,0.437513673312,0.723420662017,0.164847621407,0.256145886137,0.71135405437
 01/04  24:00:00,1.86991350644,16.4008412126,0.0,15.745005984,0.0,0.445009880384,0.445009880384,0.445009880384,0.496676901655,0.113178951643,0.173494335907,0.618153436849
 01/05  01:00:00,1.41639766437,16.2973629298,0.0,15.8640250635,0.0,0.448337114397,0.448337114397,0.448337114397,0.259135764424,0.0590498864857,0.115167850971,0.511307048096
 01/05  02:00:00,1.22542825045,16.160334205,0.0,15.8274561836,0.0,0.447270031686,0.447270031686,0.447270031686,0.151162506908,0.0344457798429,0.0983708244822,0.470779107534
 01/05  03:00:00,1.1530395967,16.1708610505,0.0,15.8651557947,0.0,0.44829128663,0.44829128663,0.44829128663,0.107973243613,0.0246041219143,0.0834501454999,0.465320799041
 01/05  04:00:00,1.15300577382,16.7184573312,0.0,16.4051936583,0.0,0.46350494377,0.46350494377,0.46350494377,0.107973243613,0.0246041219143,0.0747526356716,0.458770828849
 01/05  05:00:00,1.15162654058,16.9336575726,0.0,16.5427558555,0.0,0.467362718806,0.467362718806,0.467362718806,0.107973243613,0.0246041219143,0.0868457568597,0.441440699384
 01/05  06:00:00,1.21494786348,17.1804090641,0.0,16.4425577845,0.0,0.464542238869,0.464542238869,0.464542238869,0.107973243613,0.0246041219143,0.101815917579,0.492612341507
 01/05  07:00:00,1.5202189571,17.5836999363,0.0,16.1988297997,0.0,0.457648118086,0.457648118086,0.457648118086,0.248338385058,0.0565894910929,0.165077844744,0.569165118123
 01/05  08:00:00,2.02295518117,18.4775706133,0.0,16.9109484238,0.0,0.477762869218,0.477762869218,0.477762869218,0.507474149482,0.115639377579,0.25639820385,0.604780581041
 01/05  09:00:00,1.9047545039,17.274590495,0.0,15.7594441292,0.0,0.445242410896,0.445242410896,0.445242410896,0.485879522289,0.11071855625,0.32820696637,0.511307048096
 01/05  10:00:00,1.58299674962,16.2199039843,0.0,14.8487934459,0.0,0.419523918101,0.419523918101,0.419523918101,0.248338385058,0.0565894910929,0.39998131075,0.435163644616
 01/05  11:00:00,1.52379422294,14.8822488525,0.0,13.6765650368,0.0,0.3863186203,0.3863186203,0.3863186203,0.205149135666,0.0467478178928,0.416780676038,0.445397973041
 01/05  12:00:00,1.49658704793,13.0969143771,0.0,12.0403613361,0.0,0.340020521364,0.340020521364,0.340020521364,0.205149135666,0.0467478178928,0.435735142253,0.445534430753
 01/05  13:00:00,1.44496953056,11.778050779,0.0,10.8384483417,0.0,0.306006298891,0.306006298891,0.306006298891,0.205149135666,0.0467478178928,0.425637021538,0.438029256575
 01/05  14:00:00,1.40659466245,11.2192220628,0.0,10.3487276766,0.0,0.292155447188,0.292155447188,0.292155447188,0.205149135666,0.0467478178928,0.385966199058,0.453176062644
 01/05  15:00:00,1.40837798916,10.8907774798,0.0,10.087581192,0.0,0.284773989036,0.284773989036,0.284773989036,0.215946512535,0.0492082438285,0.356355588907,0.478693654849
 01/05  16:00:00,1.52420341403,11.2829694655,0.0,10.4696231382,0.0,0.29556611417,0.29556611417,0.29556611417,0.269933141293,0.0615103124214,0.368490937387,0.505302908753
 01/05  17:00:00,1.93343822471,12.4776883978,0.0,11.5756527827,0.0,0.326857616501,0.326857616501,0.326857616501,0.453487652263,0.103337308986,0.428670866964,0.59768478
 01/05  18:00:00,2.69070458231,14.1949669672,0.0,13.1090803873,0.0,0.370287657081,0.370287657081,0.370287657081,0.842191296402,0.191912153986,0.536821987543,0.726091487301
 01/05  19:00:00,3.23217305671,14.3396142986,0.0,13.0887049824,0.0,0.369826772207,0.369826772207,0.369826772207,1.25248956773,0.285407820314,0.482732692333,0.788316204123
 01/05  20:00:00,3.24593083744,15.1732310384,0.0,13.8956749385,0.0,0.392707739059,0.392707739059,0.392707739059,1.32807082119,0.302630710236,0.385424228339,0.813697338616
 01/05  21:00:00,2.99928500852,14.9835716881,0.0,13.8001778793,0.0,0.390047968711,0.390047968711,0.390047968711,1.14451631022,0.260803683128,0.338845876819,0.841671169644
 01/05  22:00:00,2.76687647027,16.0445323525,0.0,14.9799373726,0.0,0.423443324398,0.423443324398,0.423443324398,0.960961801745,0.218976686564,0.318073398495,0.822021259068
 01/05  23:00:00,2.33104651515,16.8520841644,0.0,15.9845032592,0.0,0.451878291224,0.451878291224,0.451878291224,0.723420662017,0.164847621407,0.256145886137,0.71135405437
 01/05  24:00:00,1.90921196234,17.7869696946,0.0,17.1308306366,0.0,0.484308336282,0.484308336282,0.484308336282,0.496676901655,0.113178951643,0.173494335907,0.618153436849
 01/06  01:00:00,1.46415401237,17.9799999558,0.0,17.5470072443,0.0,0.496093462398,0.496093462398,0.496093462398,0.259135764424,0.0590498864857,0.115167850971,0.511307048096
 01/06  02:00:00,1.29475961021,18.6044358234,0.0,18.2724339593,0.0,0.516601391443,0.516601391443,0.516601391443,0.151162506908,0.0344457798429,0.0983708244822,0.470779107534
 01/06  03:00:00,1.22660599464,18.762183948,0.0,18.4577464451,0.0,0.521857684576,0.521857684576,0.521857684576,0.107973243613,0.0246041219143,0.0834501454999,0.465320799041
 01/06  04:00:00,1.22670487109,19.311517695,0.0,18.9998175218,0.0,0.537204041046,0.537204041046,0.537204041046,0.107973243613,0.0246041219143,0.0747526356716,0.458770828849
 01/06  05:00:00,1.23349172919,19.8131511876,0.0,19.4236742696,0.0,0.54922790742,0.54922790742,0.54922790742,0.107973243613,0.0246041219143,0.0868457568597,0.441440699384
 01/06  06:00:00,1.30536166364,20.3628233813,0.0,19.6259091479,0.0,0.554956039031,0.554956039031,0.554956039031,0.107973243613,0.0246041219143,0.101815917579,0.492612341507
 01/06  07:00:00,1.65265969334,22.251277958,0.0,20.8665913092,0.0,0.59008885432,0.59008885432,0.59008885432,0.248338385058,0.0565894910929,0.165077844744,0.569165118123
 01/06  08:00:00,2.11959119856,21.8739706031,0.0,20.3079616886,0.0,0.574398886613,0.574398886613,0.574398886613,0.507474149482,0.115639377579,0.25639820385,0.604780581041
 01/06  09:00:00,1.97565905096,19.7630637636,0.0,18.2473163782,0.0,0.516146957955,0.516146957955,0.516146957955,0.485879522289,0.11071855625,0.32820696637,0.511307048096
 01/06  10:00:00,1.59631788129,16.6793050016,0.0,15.30741879,0.0,0.432845049768,0.432845049768,0.432845049768,0.248338385058,0.0565894910929,0.39998131075,0.435163644616
 01/06  11:00:00,1.52876639011,15.0485975886,0.0,13.8420571116,0.0,0.391290787476,0.391290787476,0.391290787476,0.205149135666,0.0467478178928,0.416780676038,0.445397973041
 01/06  12:00:00,1.47147780351,12.2009785794,0.0,11.1436220306,0.0,0.314911276941,0.314911276941,0.314911276941,0.205149135666,0.0467478178928,0.435735142253,0.445534430753
 01/06  13:00:00,1.41770595617,10.8071851067,0.0,9.86672056447,0.0,0.278742724495,0.278742724495,0.278742724495,0.205149135666,0.0467478178928,0.425637021538,0.438029256575
 01/06  14:00:00,1.36698090444,9.81279383431,0.0,8.94119978649,0.0,0.252541689178,0.252541689178,0.252541689178,0.205149135666,0.0467478178928,0.385966199058,0.453176062644
 01/06  15:00:00,1.35421776191,8.97009254815,0.0,8.16574676134,0.0,0.230613761789,0.230613761789,0.230613761789,0.215946512535,0.0492082438285,0.356355588907,0.478693654849
 01/06  16:00:00,1.45781833711,8.93024705098,0.0,8.11555877279,0.0,0.229181037255,0.229181037255,0.229181037255,0.269933141293,0.0615103124214,0.368490937387,0.505302908753
 01/06  17:00:00,1.87164782693,10.288815725,0.0,9.38525104233,0.0,0.265067218713,0.265067218713,0.265067218713,0.453487652263,0.103337308986,0.428670866964,0.59768478
 01/06  18:00:00,2.62572482303,11.8946821018,0.0,10.8068918626,0.0,0.305307897793,0.305307897793,0.305307897793,0.842191296402,0.191912153986,0.536821987543,0.726091487301
 01/06  19:00:00,3.15859478573,11.7376397702,0.0,10.4841763963,0.0,0.296248501222,0.296248501222,0.296248501222,1.25248956773,0.285407820314,0.482732692333,0.788316204123
 01/06  20:00:00,3.16152084001,12.1898837097,0.0,10.9096423574,0.0,0.308297741628,0.308297741628,0.308297741628,1.32807082119,0.302630710236,0.385424228339,0.813697338616
 01/06  21:00:00,2.91545829776,12.0205917703,0.0,10.8348006917,0.0,0.30622125795,0.30622125795,0.30622125795,1.14451631022,0.260803683128,0.338845876819,0.841671169644
 01/06  22:00:00,2.64530468129,11.7480574359,0.0,10.6808411051,0.0,0.301871535414,0.301871535414,0.301871535414,0.960961801745,0.218976686564,0.318073398495,0.822021259068
 01/06  23:00:00,2.20702377014,12.4715464154,0.0,11.6012669354,0.0,0.327855546208,0.327855546208,0.327855546208,0.723420662017,0.164847621407,0.256145886137,0.71135405437
 01/06  24:00:00,1.75757907456,12.4317773559,0.0,11.7729304308,0.0,0.332675448503,0.332675448503,0.332675448503,0.496676901655,0.113178951643,0.173494335907,0.618153436849
 01/07  01:00:00,1.28300036114,11.3294086601,0.0,10.8745457765,0.0,0.307270514265,0.307270514265,0.307270514265,0.259135764424,0.0590498864857,0.122837147866,0.511307048096
 01/07  02:00:00,1.09654255733,11.45321048,0.0,11.1077985683,0.0,0.313779477169,0.313779477169,0.313779477169,0.151162506908,0.0344457798429,0.102975685881,0.470779107534
 01/07  03:00:00,1.05955871067,12.7693300781,0.0,12.4543348526,0.0,0.351763955779,0.351763955779,0.351763955779,0.107973243613,0.0246041219143,0.0864965903205,0.465320799041
 01/07  04:00:00,1.06393818996,13.5238706348,0.0,13.2010621454,0.0,0.372844388386,0.372844388386,0.372844388386,0.107973243613,0.0246041219143,0.0763456071944,0.458770828849
 01/07  05:00:00,1.06785968619,13.8814621867,0.0,13.4723821746,0.0,0.380479516225,0.380479516225,0.380479516225,0.107973243613,0.0246041219143,0.0899621050554,0.441440699384
 01/07  06:00:00,1.13401190034,14.2024247094,0.0,13.4145925339,0.0,0.378826801061,0.378826801061,0.378826801061,0.107973243613,0.0246041219143,0.106595392246,0.492612341507
 01/07  07:00:00,1.45609527465,14.9951200605,0.0,13.4973676258,0.0,0.381128004781,0.381128004781,0.381128004781,0.248338385058,0.0565894910929,0.177474275597,0.569165118123
 01/07  08:00:00,1.90723657365,13.6523163733,0.0,11.9480324694,0.0,0.337356006268,0.337356006268,0.337356006268,0.507474149482,0.115639377579,0.281086459277,0.604780581041
 01/07  09:00:00,1.92991467739,16.9817134605,0.0,15.3222404338,0.0,0.432559066893,0.432559066893,0.432559066893,0.485879522289,0.11071855625,0.36605048386,0.511307048096
 01/07  10:00:00,1.62765777983,16.0848474108,0.0,14.5816218099,0.0,0.411648713692,0.411648713692,0.411648713692,0.248338385058,0.0565894910929,0.45251754537,0.435163644616
 01/07  11:00:00,1.64054680751,17.036256139,0.0,15.7174246974,0.0,0.443668937623,0.443668937623,0.443668937623,0.205149135666,0.0467478178928,0.476182943291,0.445397973041
 01/07  12:00:00,1.62733969279,15.6563802851,0.0,14.5070606106,0.0,0.409536280343,0.409536280343,0.409536280343,0.205149135666,0.0467478178928,0.496972028135,0.445534430753
 01/07  13:00:00,1.60849857651,15.6764178391,0.0,14.656546607,0.0,0.413756421271,0.413756421271,0.413756421271,0.205149135666,0.0467478178928,0.481415945109,0.438029256575
 01/07  14:00:00,1.52695850728,13.7518946496,0.0,12.8119411176,0.0,0.361666587599,0.361666587599,0.361666587599,0.205149135666,0.0467478178928,0.43681890348,0.453176062644
 01/07  15:00:00,1.6018904734,16.1928749329,0.0,15.3273470064,0.0,0.432639972565,0.432639972565,0.432639972565,0.215946512535,0.0492082438285,0.402002089622,0.478693654849
 01/07  16:00:00,1.70889597093,16.3554870748,0.0,15.4805367139,0.0,0.43702320289,0.43702320289,0.43702320289,0.269933141293,0.0615103124214,0.411726405573,0.505302908753
 01/07  17:00:00,2.06740660482,15.8160198823,0.0,14.8378406647,0.0,0.418921757639,0.418921757639,0.418921757639,0.453487652263,0.103337308986,0.470575105936,0.59768478
 01/07  18:00:00,2.82808127384,17.6983256053,0.0,16.5199913948,0.0,0.466420430171,0.466420430171,0.466420430171,0.842191296402,0.191912153986,0.578065905983,0.726091487301
 01/07  19:00:00,3.35671770234,17.4572201818,0.0,16.0872557199,0.0,0.454342716523,0.454342716523,0.454342716523,1.25248956773,0.285407820314,0.522761393651,0.788316204123
 01/07  20:00:00,3.27869502391,15.0579589048,0.0,13.6472701258,0.0,0.385519712455,0.385519712455,0.385519712455,1.32807082119,0.302630710236,0.425376441419,0.813697338616
 01/07  21:00:00,3.07285207846,16.2825879166,0.0,14.972469711,0.0,0.422950440082,0.422950440082,0.422950440082,1.14451631022,0.260803683128,0.37951047539,0.841671169644
 01/07  22:00:00,2.7901294938,15.5132969054,0.0,14.3418069198,0.0,0.405155014353,0.405155014353,0.405155014353,0.960961801745,0.218976686564,0.359614732068,0.822021259068
 01/07  23:00:00,2.3553553079,16.6396468231,0.0,15.6881706382,0.0,0.443178336822,0.443178336822,0.443178336822,0.723420662017,0.164847621407,0.289154633287,0.71135405437
 01/07  24:00:00,1.89722105782,16.7856865171,0.0,16.0774631307,0.0,0.454193445591,0.454193445591,0.454193445591,0.496676901655,0.113178951643,0.191618322082,0.618153436849
 01/08  01:00:00,1.4171106453,16.0761646364,0.0,15.6234212469,0.0,0.441380798433,0.441380798433,0.441380798433,0.259135764424,0.0590498864857,0.122837147866,0.511307048096
 01/08  02:00:00,1.23179434553,16.2394063894,0.0,15.8965210201,0.0,0.449031265361,0.449031265361,0.449031265361,0.151162506908,0.0344457798429,0.102975685881,0.470779107534
 01/08  03:00:00,1.16906080936,16.6432053498,0.0,16.3306168949,0.0,0.461266054471,0.461266054471,0.461266054471,0.107973243613,0.0246041219143,0.0864965903205,0.465320799041
 01/08  04:00:00,1.16741751517,17.1849743445,0.0,16.8644190985,0.0,0.476323713598,0.476323713598,0.476323713598,0.107973243613,0.0246041219143,0.0763456071944,0.458770828849
 01/08  05:00:00,1.15587007793,16.9936006881,0.0,16.5866041116,0.0,0.46848990796,0.46848990796,0.46848990796,0.107973243613,0.0246041219143,0.0899621050554,0.441440699384
 01/08  06:00:00,1.23623184107,17.8164818679,0.0,17.0299065886,0.0,0.481046741788,0.481046741788,0.481046741788,0.107973243613,0.0246041219143,0.106595392246,0.492612341507
 01/08  07:00:00,1.52856434359,17.5561084005,0.0,16.0583449723,0.0,0.453597073716,0.453597073716,0.453597073716,0.248338385058,0.0565894910929,0.177474275597,0.569165118123
 01/08  08:00:00,2.07927529451,19.7373353938,0.0,18.032568553,0.0,0.50939472713,0.50939472713,0.50939472713,0.507474149482,0.115639377579,0.281086459277,0.604780581041
 01/08  09:00:00,1.96612206446,18.2537242545,0.0,16.5944592503,0.0,0.468766453965,0.468766453965,0.468766453965,0.485879522289,0.11071855625,0.36605048386,0.511307048096
 01/08  10:00:00,1.66700826203,17.4652963795,0.0,15.9613175723,0.0,0.450999195893,0.450999195893,0.450999195893,0.248338385058,0.0565894910929,0.45251754537,0.435163644616
 01/08  11:00:00,1.62406350218,16.4405024768,0.0,15.1207677092,0.0,0.427185632289,0.427185632289,0.427185632289,0.205149135666,0.0467478178928,0.476182943291,0.445397973041
 01/08  12:00:00,1.58165932943,14.0319960769,0.0,12.8808115626,0.0,0.363855916983,0.363855916983,0.363855916983,0.205149135666,0.0467478178928,0.496972028135,0.445534430753
 01/08  13:00:00,1.56889817306,14.2669425043,0.0,13.2460004426,0.0,0.37415601782,0.37415601782,0.37415601782,0.205149135666,0.0467478178928,0.481415945109,0.438029256575
 01/08  14:00:00,1.51416390941,13.2915346448,0.0,12.350652984,0.0,0.348871989727,0.348871989727,0.348871989727,0.205149135666,0.0467478178928,0.43681890348,0.453176062644
 01/08  15:00:00,1.52286370696,13.3859455858,0.0,12.5193611989,0.0,0.353613206123,0.353613206123,0.353613206123,0.215946512535,0.0492082438285,0.402002089622,0.478693654849
 01/08  16:00:00,1.663903154,14.7557358529,0.0,13.8795233678,0.0,0.392030385962,0.392030385962,0.392030385962,0.269933141293,0.0615103124214,0.411726405573,0.505302908753
 01/08  17:00:00,2.0476048846,15.1081420687,0.0,14.1289171794,0.0,0.399120037411,0.399120037411,0.399120037411,0.453487652263,0.103337308986,0.470575105936,0.59768478
 01/08  18:00:00,2.78886774862,16.3008349186,0.0,15.1213570484,0.0,0.427206904952,0.427206904952,0.427206904952,0.842191296402,0.191912153986,0.578065905983,0.726091487301
 01/08  19:00:00,3.28469708583,14.9019337452,0.0,13.5299926964,0.0,0.382322100011,0.382322100011,0.382322100011,1.25248956773,0.285407820314,0.522761393651,0.788316204123
 01/08  20:00:00,3.28509959795,15.2818088867,0.0,13.8690743723,0.0,0.391924286495,0.391924286495,0.391924286495,1.32807082119,0.302630710236,0.425376441419,0.813697338616
 01/08  21:00:00,3.04983431681,15.4635210728,0.0,14.1515104674,0.0,0.399932678429,0.399932678429,0.399932678429,1.14451631022,0.260803683128,0.37951047539,0.841671169644
 01/08  22:00:00,2.79656598588,15.7359525434,0.0,14.5630092342,0.0,0.411591506432,0.411591506432,0.411591506432,0.960961801745,0.218976686564,0.359614732068,0.822021259068
 01/08  23:00:00,2.34784168515,16.366211552,0.0,15.4137184345,0.0,0.435664714065,0.435664714065,0.435664714065,0.723420662017,0.164847621407,0.289154633287,0.71135405437
 01/08  24:00:00,1.89828976912,16.8151144202,0.0,16.1061440747,0.0,0.455262156889,0.455262156889,0.455262156889,0.496676901655,0.113178951643,0.191618322082,0.618153436849
 01/09  01:00:00,1.44071783328,17.1543304669,0.0,16.7208096536,0.0,0.472657283307,0.472657283307,0.472657283307,0.259135764424,0.0590498864857,0.115167850971,0.511307048096
 01/09  02:00:00,1.30090031601,18.824177741,0.0,18.492279795,0.0,0.522742097241,0.522742097241,0.522742097241,0.151162506908,0.0344457798429,0.0983708244822,0.470779107534
 01/09  03:00:00,1.21891855158,18.490239486,0.0,18.186240038,0.0,0.514170241512,0.514170241512,0.514170241512,0.107973243613,0.0246041219143,0.0834501454999,0.465320799041
 01/09  04:00:00,1.19312692945,18.1241638216,0.0,17.812613852,0.0,0.503626099405,0.503626099405,0.503626099405,0.107973243613,0.0246041219143,0.0747526356716,0.458770828849
 01/09  05:00:00,1.19182951353,18.3427372424,0.0,17.9527381377,0.0,0.507565691758,0.507565691758,0.507565691758,0.107973243613,0.0246041219143,0.0868457568597,0.441440699384
 01/09  06:00:00,1.26130857857,18.8101618593,0.0,18.070793988,0.0,0.510902953952,0.510902953952,0.510902953952,0.107973243613,0.0246041219143,0.101815917579,0.492612341507
 01/09  07:00:00,1.56464059363,19.1489537994,0.0,17.7580703368,0.0,0.502069754612,0.502069754612,0.502069754612,0.248338385058,0.0565894910929,0.165077844744,0.569165118123
 01/09  08:00:00,2.08267557922,20.583490881,0.0,19.0094813674,0.0,0.537483267266,0.537483267266,0.537483267266,0.507474149482,0.115639377579,0.25639820385,0.604780581041
 01/09  09:00:00,1.94886195206,18.8260740272,0.0,17.3037162522,0.0,0.489349859058,0.489349859058,0.489349859058,0.485879522289,0.11071855625,0.32820696637,0.511307048096
 01/09  10:00:00,1.64327987984,18.3444114941,0.0,16.9672626848,0.0,0.479807048324,0.479807048324,0.479807048324,0.248338385058,0.0565894910929,0.39998131075,0.435163644616
 01/09  11:00:00,1.61636249862,18.1466703038,0.0,16.9365202205,0.0,0.478886895978,0.478886895978,0.478886895978,0.205149135666,0.0467478178928,0.416780676038,0.445397973041
 01/09  12:00:00,1.58473425275,16.2051640134,0.0,15.1453631816,0.0,0.428167726185,0.428167726185,0.428167726185,0.205149135666,0.0467478178928,0.435735142253,0.445534430753
 01/09  13:00:00,1.5703566791,16.2027155454,0.0,15.2610251637,0.0,0.431393447432,0.431393447432,0.431393447432,0.205149135666,0.0467478178928,0.425637021538,0.438029256575
 01/09  14:00:00,1.5371868719,15.8279563601,0.0,14.9558808425,0.0,0.422747656637,0.422747656637,0.422747656637,0.205149135666,0.0467478178928,0.385966199058,0.453176062644
 01/09  15:00:00,1.51575317698,14.6783721987,0.0,13.8739619475,0.0,0.392149176863,0.392149176863,0.392149176863,0.215946512535,0.0492082438285,0.356355588907,0.478693654849
 01/09  16:00:00,1.62213529586,14.7381809287,0.0,13.9231648442,0.0,0.393497996004,0.393497996004,0.393497996004,0.269933141293,0.0615103124214,0.368490937387,0.505302908753
 01/09  17:00:00,2.02237718102,15.6159788232,0.0,14.7116064304,0.0,0.415796572807,0.415796572807,0.415796572807,0.453487652263,0.103337308986,0.428670866964,0.59768478
 01/09  18:00:00,2.78040965126,17.3596080628,0.0,16.2700173479,0.0,0.459992726024,0.459992726024,0.459992726024,0.842191296402,0.191912153986,0.536821987543,0.726091487301
 01/09  19:00:00,3.30241133301,16.8179097074,0.0,15.5619462145,0.0,0.440065048509,0.440065048509,0.440065048509,1.25248956773,0.285407820314,0.482732692333,0.788316204123
 01/09  20:00:00,3.32542713167,17.9764452001,0.0,16.6940199032,0.0,0.472204033286,0.472204033286,0.472204033286,1.32807082119,0.302630710236,0.385424228339,0.813697338616
 01/09  21:00:00,3.07798479797,17.7555211119,0.0,16.5682080105,0.0,0.468747758161,0.468747758161,0.468747758161,1.14451631022,0.260803683128,0.338845876819,0.841671169644
 01/09  22:00:00,2.82966483164,18.2527230851,0.0,17.1847016234,0.0,0.486231685768,0.486231685768,0.486231685768,0.960961801745,0.218976686564,0.318073398495,0.822021259068
 01/09  23:00:00,2.37609867817,18.4312200068,0.0,17.5614471035,0.0,0.496930454242,0.496930454242,0.496930454242,0.723420662017,0.164847621407,0.256145886137,0.71135405437
 01/09  24:00:00,1.93788678828,18.7851952011,0.0,18.1280944631,0.0,0.512983162221,0.512983162221,0.512983162221,0.496676901655,0.113178951643,0.173494335907,0.618153436849
 01/10  01:00:00,1.50032738356,19.2415518908,0.0,18.8091042276,0.0,0.532266833587,0.532266833587,0.532266833587,0.259135764424,0.0590498864857,0.115167850971,0.511307048096
 01/10  02:00:00,1.32974177891,19.8219289348,0.0,19.4911619707,0.0,0.551583560145,0.551583560145,0.551583560145,0.151162506908,0.0344457798429,0.0983708244822,0.470779107534
 01/10  03:00:00,1.24827713966,19.5089080866,0.0,19.20585106,0.0,0.543528829587,0.543528829587,0.543528829587,0.107973243613,0.0246041219143,0.0834501454999,0.465320799041
 01/10  04:00:00,1.26162462784,20.527040493,0.0,20.2165942166,0.0,0.572123797789,0.572123797789,0.572123797789,0.107973243613,0.0246041219143,0.0747526356716,0.458770828849
 01/10  05:00:00,1.2782663233,21.3764411066,0.0,20.9879118909,0.0,0.594002501531,0.594002501531,0.594002501531,0.107973243613,0.0246041219143,0.0868457568597,0.441440699384
 01/10  06:00:00,1.35274287368,22.0188095076,0.0,21.2804417725,0.0,0.602337249063,0.602337249063,0.602337249063,0.107973243613,0.0246041219143,0.101815917579,0.492612341507
 01/10  07:00:00,1.66660926723,22.7296761906,0.0,21.3388657912,0.0,0.604038428209,0.604038428209,0.604038428209,0.248338385058,0.0565894910929,0.165077844744,0.569165118123
 01/10  08:00:00,2.07769658789,20.3850789745,0.0,18.8105417282,0.0,0.532504275935,0.532504275935,0.532504275935,0.507474149482,0.115639377579,0.25639820385,0.604780581041
 01/10  09:00:00,1.95981980489,19.1996830447,0.0,17.6758630383,0.0,0.50030771188,0.50030771188,0.50030771188,0.485879522289,0.11071855625,0.32820696637,0.511307048096
 01/10  10:00:00,1.58082964037,16.1290861433,0.0,14.7500825668,0.0,0.41735680885,0.41735680885,0.41735680885,0.248338385058,0.0565894910929,0.39998131075,0.435163644616
 01/10  11:00:00,1.50775508721,14.3030779595,0.0,13.090467539,0.0,0.370279484574,0.370279484574,0.370279484574,0.205149135666,0.0467478178928,0.416780676038,0.445397973041
 01/10  12:00:00,1.46319174452,11.9057393319,0.0,10.8434552314,0.0,0.306625217952,0.306625217952,0.306625217952,0.205149135666,0.0467478178928,0.435735142253,0.445534430753
 01/10  13:00:00,1.40396104424,10.3190707439,0.0,9.37436449788,0.0,0.264997812564,0.264997812564,0.264997812564,0.205149135666,0.0467478178928,0.425637021538,0.438029256575
 01/10  14:00:00,1.37014017021,9.92221492638,0.0,9.04712921582,0.0,0.255700954954,0.255700954954,0.255700954954,0.205149135666,0.0467478178928,0.385966199058,0.453176062644
 01/10  15:00:00,1.3541180662,8.96441507433,0.0,8.15695471965,0.0,0.230514066082,0.230514066082,0.230514066082,0.215946512535,0.0492082438285,0.356355588907,0.478693654849
 01/10  16:00:00,1.46361827321,9.13356821698,0.0,8.31571506784,0.0,0.234980973357,0.234980973357,0.234980973357,0.269933141293,0.0615103124214,0.368490937387,0.505302908753
 01/10  17:00:00,1.84924349507,9.49516778825,0.0,8.58745291062,0.0,0.242662886854,0.242662886854,0.242662886854,0.453487652263,0.103337308986,0.428670866964,0.59768478
 01/10  18:00:00,2.61074938463,11.3652680912,0.0,10.2719748517,0.0,0.290332459398,0.290332459398,0.290332459398,0.842191296402,0.191912153986,0.536821987543,0.726091487301
 01/10  19:00:00,3.13214338186,10.8040776269,0.0,9.54403944725,0.0,0.269797097358,0.269797097358,0.269797097358,1.25248956773,0.285407820314,0.482732692333,0.788316204123
 01/10  20:00:00,3.11081609017,10.3992040143,0.0,9.11195646768,0.0,0.257592991786,0.257592991786,0.257592991786,1.32807082119,0.302630710236,0.385424228339,0.813697338616
 01/10  21:00:00,2.86837957573,10.3593157522,0.0,9.16690252273,0.0,0.259142535923,0.259142535923,0.259142535923,1.14451631022,0.260803683128,0.338845876819,0.841671169644
 01/10  22:00:00,2.61169128921,10.5625506878,0.0,9.48957120265,0.0,0.268258143336,0.268258143336,0.268258143336,0.960961801745,0.218976686564,0.318073398495,0.822021259068
 01/10  23:00:00,2.15777233607,10.7305243557,0.0,9.85602825969,0.0,0.278604112144,0.278604112144,0.278604112144,0.723420662017,0.164847621407,0.256145886137,0.71135405437
 01/10  24:00:00,1.69290132026,10.1459884688,0.0,9.48394938883,0.0,0.267997694206,0.267997694206,0.267997694206,0.496676901655,0.113178951643,0.173494335907,0.618153436849
 01/11  01:00:00,1.25214616086,10.4920385068,0.0,10.0548533222,0.0,0.284085610885,0.284085610885,0.284085610885,0.259135764424,0.0590498864857,0.115167850971,0.511307048096
 01/11  02:00:00,1.05557424334,10.156903287,0.0,9.82106975697,0.0,0.277416024569,0.277416024569,0.277416024569,0.151162506908,0.0344457798429,0.0983708244822,0.470779107534
 01/11  03:00:00,0.971394543274,9.74955980044,0.0,9.44122931381,0.0,0.266646233206,0.266646233206,0.266646233206,0.107973243613,0.0246041219143,0.0834501454999,0.465320799041
 01/11  04:00:00,0.954699151866,9.70796521202,0.0,9.39177833226,0.0,0.265198321817,0.265198321817,0.265198321817,0.107973243613,0.0246041219143,0.0747526356716,0.458770828849
 01/11  05:00:00,0.96399441256,10.3039429996,0.0,9.90904358313,0.0,0.27973059079,0.27973059079,0.27973059079,0.107973243613,0.0246041219143,0.0868457568597,0.441440699384
 01/11  06:00:00,1.01432427024,10.0957183128,0.0,9.35006534411,0.0,0.263918645625,0.263918645625,0.263918645625,0.107973243613,0.0246041219143,0.101815917579,0.492612341507
 01/11  07:00:00,1.32147246209,10.5740522778,0.0,9.17449572726,0.0,0.258901623076,0.258901623076,0.258901623076,0.248338385058,0.0565894910929,0.165077844744,0.569165118123
 01/11  08:00:00,1.80148267703,10.6672120944,0.0,9.08394266724,0.0,0.256290365081,0.256290365081,0.256290365081,0.507474149482,0.115639377579,0.25639820385,0.604780581041
 01/11  09:00:00,1.7184962673,10.7129594183,0.0,9.18112439928,0.0,0.25898417429,0.25898417429,0.25898417429,0.485879522289,0.11071855625,0.32820696637,0.511307048096
 01/11  10:00:00,1.42594830776,10.6928978143,0.0,9.30709607468,0.0,0.262475476246,0.262475476246,0.262475476246,0.248338385058,0.0565894910929,0.39998131075,0.435163644616
 01/11  11:00:00,1.37981402923,9.81539423249,0.0,8.59684675623,0.0,0.24233842659,0.24233842659,0.24233842659,0.205149135666,0.0467478178928,0.416780676038,0.445397973041
 01/11  12:00:00,1.40804762196,9.99147236048,0.0,8.92440172757,0.0,0.251481095391,0.251481095391,0.251481095391,0.205149135666,0.0467478178928,0.435735142253,0.445534430753
 01/11  13:00:00,1.3544534876,8.59735255831,0.0,7.64873591647,0.0,0.215490255933,0.215490255933,0.215490255933,0.205149135666,0.0467478178928,0.425637021538,0.438029256575
 01/11  14:00:00,1.32234342463,8.26105517343,0.0,7.38168001156,0.0,0.207904209371,0.207904209371,0.207904209371,0.205149135666,0.0467478178928,0.385966199058,0.453176062644
 01/11  15:00:00,1.33347585366,8.26685143427,0.0,7.45549231685,0.0,0.209871853543,0.209871853543,0.209871853543,0.215946512535,0.0492082438285,0.356355588907,0.478693654849
 01/11  16:00:00,1.40673635404,7.15278939196,0.0,6.33093467469,0.0,0.178099054187,0.178099054187,0.178099054187,0.269933141293,0.0615103124214,0.368490937387,0.505302908753
 01/11  17:00:00,1.78891793206,7.39671094606,0.0,6.48433106823,0.0,0.182337323852,0.182337323852,0.182337323852,0.453487652263,0.103337308986,0.428670866964,0.59768478
 01/11  18:00:00,2.48362964898,6.90441742625,0.0,5.80546473497,0.0,0.163212723752,0.163212723752,0.163212723752,0.842191296402,0.191912153986,0.536821987543,0.726091487301
 01/11  19:00:00,3.11389104855,10.2111179884,0.0,8.94667022983,0.0,0.251544764044,0.251544764044,0.251544764044,1.25248956773,0.285407820314,0.482732692333,0.788316204123
 01/11  20:00:00,3.10016523627,10.0724990329,0.0,8.78164381146,0.0,0.246942137887,0.246942137887,0.246942137887,1.32807082119,0.302630710236,0.385424228339,0.813697338616
 01/11  21:00:00,2.88244723212,10.9093566278,0.0,9.71396219833,0.0,0.273210192311,0.273210192311,0.273210192311,1.14451631022,0.260803683128,0.338845876819,0.841671169644
 01/11  22:00:00,2.68253018875,13.1259731149,0.0,12.051148799,0.0,0.339097042876,0.339097042876,0.339097042876,0.960961801745,0.218976686564,0.318073398495,0.822021259068
 01/11  23:00:00,2.26753117722,14.6727590611,0.0,13.7973335267,0.0,0.388362953294,0.388362953294,0.388362953294,0.723420662017,0.164847621407,0.256145886137,0.71135405437
 01/11  24:00:00,1.82184199537,14.7615139455,0.0,14.0997038628,0.0,0.396938369313,0.396938369313,0.396938369313,0.496676901655,0.113178951643,0.173494335907,0.618153436849
 01/12  01:00:00,1.40007273247,15.7788862615,0.0,15.3427366932,0.0,0.43201218249,0.43201218249,0.43201218249,0.259135764424,0.0590498864857,0.115167850971,0.511307048096
 01/12  02:00:00,1.30199357872,18.9291441864,0.0,18.5959626623,0.0,0.523835359954,0.523835359954,0.523835359954,0.151162506908,0.0344457798429,0.0983708244822,0.470779107534
 01/12  03:00:00,1.22824135148,18.880251294,0.0,18.5753497535,0.0,0.523493041411,0.523493041411,0.523493041411,0.107973243613,0.0246041219143,0.0834501454999,0.465320799041
 01/12  04:00:00,1.21397549938,18.9186934575,0.0,18.6062687411,0.0,0.524474669333,0.524474669333,0.524474669333,0.107973243613,0.0246041219143,0.0747526356716,0.458770828849
 01/12  05:00:00,1.24724241706,20.3596943656,0.0,19.9689321336,0.0,0.562978595291,0.562978595291,0.562978595291,0.107973243613,0.0246041219143,0.0868457568597,0.441440699384
 01/12  06:00:00,1.32923044629,21.2682259072,0.0,20.5267525585,0.0,0.578824821676,0.578824821676,0.578824821676,0.107973243613,0.0246041219143,0.101815917579,0.492612341507
 01/12  07:00:00,1.61840201382,21.1020367302,0.0,19.706054638,0.0,0.555831174801,0.555831174801,0.555831174801,0.248338385058,0.0565894910929,0.165077844744,0.569165118123
 01/12  08:00:00,2.13335544596,22.4256429395,0.0,20.8460975481,0.0,0.588163134011,0.588163134011,0.588163134011,0.507474149482,0.115639377579,0.25639820385,0.604780581041
 01/12  09:00:00,2.08622641662,23.7300890235,0.0,22.2026076658,0.0,0.626714323617,0.626714323617,0.626714323617,0.485879522289,0.11071855625,0.32820696637,0.511307048096
 01/12  10:00:00,1.74815007472,22.0904277605,0.0,20.7093253378,0.0,0.584677243199,0.584677243199,0.584677243199,0.248338385058,0.0565894910929,0.39998131075,0.435163644616
 01/12  11:00:00,1.67787795289,20.3539655195,0.0,19.1403130637,0.0,0.540402350249,0.540402350249,0.540402350249,0.205149135666,0.0467478178928,0.416780676038,0.445397973041
 01/12  12:00:00,1.64646525662,18.4117790419,0.0,17.3493285497,0.0,0.489898730058,0.489898730058,0.489898730058,0.205149135666,0.0467478178928,0.435735142253,0.445534430753
 01/12  13:00:00,1.60127828348,17.3150560438,0.0,16.3712768652,0.0,0.462315051812,0.462315051812,0.462315051812,0.205149135666,0.0467478178928,0.425637021538,0.438029256575
 01/12  14:00:00,1.51479243134,15.0521507982,0.0,14.1778188105,0.0,0.40035321608,0.40035321608,0.40035321608,0.205149135666,0.0467478178928,0.385966199058,0.453176062644
 01/12  15:00:00,1.50553951135,14.3323162238,0.0,13.5259622097,0.0,0.381935511233,0.381935511233,0.381935511233,0.215946512535,0.0492082438285,0.356355588907,0.478693654849
 01/12  16:00:00,1.60930709926,14.2978439019,0.0,13.4811226217,0.0,0.380669799401,0.380669799401,0.380669799401,0.269933141293,0.0615103124214,0.368490937387,0.505302908753
 01/12  17:00:00,2.01247410299,15.2786376926,0.0,14.3720266392,0.0,0.405893494777,0.405893494777,0.405893494777,0.453487652263,0.103337308986,0.428670866964,0.59768478
 01/12  18:00:00,2.77584093772,17.2119843677,0.0,16.1192843902,0.0,0.455424012489,0.455424012489,0.455424012489,0.842191296402,0.191912153986,0.536821987543,0.726091487301
 01/12  19:00:00,3.2953707755,16.5836528856,0.0,15.323650127,0.0,0.433024490993,0.433024490993,0.433024490993,1.25248956773,0.285407820314,0.482732692333,0.788316204123
 01/12  20:00:00,3.27364533012,16.1631392545,0.0,14.8759046254,0.0,0.420422231741,0.420422231741,0.420422231741,1.32807082119,0.302630710236,0.385424228339,0.813697338616
 01/12  21:00:00,3.04323938904,16.5473257816,0.0,15.3553452265,0.0,0.434002349235,0.434002349235,0.434002349235,1.14451631022,0.260803683128,0.338845876819,0.841671169644
 01/12  22:00:00,2.81696076201,17.8236132094,0.0,16.7516636987,0.0,0.473527616134,0.473527616134,0.473527616134,0.960961801745,0.218976686564,0.318073398495,0.822021259068
 01/12  23:00:00,2.35803297747,17.8096185812,0.0,16.9370560776,0.0,0.478864753541,0.478864753541,0.478864753541,0.723420662017,0.164847621407,0.256145886137,0.71135405437
 01/12  24:00:00,1.88944756838,17.0879199758,0.0,16.4287296395,0.0,0.464543942326,0.464543942326,0.464543942326,0.496676901655,0.113178951643,0.173494335907,0.618153436849
 01/13  01:00:00,1.44347883935,17.2495297577,0.0,16.8157200629,0.0,0.475418289374,0.475418289374,0.475418289374,0.259135764424,0.0590498864857,0.115167850971,0.511307048096
 01/13  02:00:00,1.25901134667,17.3406931829,0.0,17.0087699233,0.0,0.4808531279,0.4808531279,0.4808531279,0.151162506908,0.0344457798429,0.0983708244822,0.470779107534
 01/13  03:00:00,1.19018812445,17.4766463932,0.0,17.1723781242,0.0,0.485439814385,0.485439814385,0.485439814385,0.107973243613,0.0246041219143,0.0834501454999,0.465320799041
 01/13  04:00:00,1.17172957272,17.3711603381,0.0,17.059271556,0.0,0.48222874267,0.48222874267,0.48222874267,0.107973243613,0.0246041219143,0.0747526356716,0.458770828849
 01/13  05:00:00,1.1640100766,17.3622489531,0.0,16.9713757802,0.0,0.479746254831,0.479746254831,0.479746254831,0.107973243613,0.0246041219143,0.0868457568597,0.441440699384
 01/13  06:00:00,1.23197344827,17.7786294314,0.0,17.0359919484,0.0,0.481567823652,0.481567823652,0.481567823652,0.107973243613,0.0246041219143,0.101815917579,0.492612341507
 01/13  07:00:00,1.53738775078,18.1959270544,0.0,16.7975081502,0.0,0.474816911758,0.474816911758,0.474816911758,0.248338385058,0.0565894910929,0.165077844744,0.569165118123
 01/13  08:00:00,2.05139915117,19.4905130115,0.0,17.9077071707,0.0,0.506206839223,0.506206839223,0.506206839223,0.507474149482,0.115639377579,0.25639820385,0.604780581041
 01/13  09:00:00,1.92389926544,17.9566902284,0.0,16.4256233156,0.0,0.464387172436,0.464387172436,0.464387172436,0.485879522289,0.11071855625,0.32820696637,0.511307048096
 01/13  10:00:00,1.58869901113,16.4279932243,0.0,15.0427586404,0.0,0.42522617961,0.42522617961,0.42522617961,0.248338385058,0.0565894910929,0.39998131075,0.435163644616
 01/13  11:00:00,1.51983160877,14.7466668119,0.0,13.5288497741,0.0,0.382356006127,0.382356006127,0.382356006127,0.205149135666,0.0467478178928,0.416780676038,0.445397973041
 01/13  12:00:00,1.50178423479,13.2836068855,0.0,12.2170744705,0.0,0.345217708222,0.345217708222,0.345217708222,0.205149135666,0.0467478178928,0.435735142253,0.445534430753
 01/13  13:00:00,1.44034896664,11.6165265766,0.0,10.6683055756,0.0,0.301385734967,0.301385734967,0.301385734967,0.205149135666,0.0467478178928,0.425637021538,0.438029256575
 01/13  14:00:00,1.36844833055,9.87261558791,0.0,8.99370616343,0.0,0.254009115288,0.254009115288,0.254009115288,0.205149135666,0.0467478178928,0.385966199058,0.453176062644
 01/13  15:00:00,1.35388395852,8.9667895192,0.0,8.15557789356,0.0,0.230279958401,0.230279958401,0.230279958401,0.215946512535,0.0492082438285,0.356355588907,0.478693654849
 01/13  16:00:00,1.45162124099,8.71944073645,0.0,7.89782772737,0.0,0.222983941133,0.222983941133,0.222983941133,0.269933141293,0.0615103124214,0.368490937387,0.505302908753
 01/13  17:00:00,1.83303367887,8.93307282028,0.0,8.02102433481,0.0,0.226453070657,0.226453070657,0.226453070657,0.453487652263,0.103337308986,0.428670866964,0.59768478
 01/13  18:00:00,2.58241778821,10.3766313862,0.0,9.27806810663,0.0,0.26200086298,0.26200086298,0.26200086298,0.842191296402,0.191912153986,0.536821987543,0.726091487301
 01/13  19:00:00,3.10641969886,9.90773340202,0.0,8.6417064014,0.0,0.244073414356,0.244073414356,0.244073414356,1.25248956773,0.285407820314,0.482732692333,0.788316204123
 01/13  20:00:00,3.10889486257,10.3438024427,0.0,9.05099496985,0.0,0.25567176419,0.25567176419,0.25567176419,1.32807082119,0.302630710236,0.385424228339,0.813697338616
 01/13  21:00:00,2.86668229176,10.3098210818,0.0,9.11237867597,0.0,0.257445251951,0.257445251951,0.257445251951,1.14451631022,0.260803683128,0.338845876819,0.841671169644
 01/13  22:00:00,2.60605936781,10.3729985564,0.0,9.29551129722,0.0,0.262626221935,0.262626221935,0.262626221935,0.960961801745,0.218976686564,0.318073398495,0.822021259068
 01/13  23:00:00,2.14954526386,10.448202965,0.0,9.5700945325,0.0,0.270377039932,0.270377039932,0.270377039932,0.723420662017,0.164847621407,0.256145886137,0.71135405437
 01/13  24:00:00,1.69520139165,10.2325344753,0.0,9.56814968684,0.0,0.270297765592,0.270297765592,0.270297765592,0.496676901655,0.113178951643,0.173494335907,0.618153436849
 01/14  01:00:00,1.25298848799,10.2737780148,0.0,9.81584948426,0.0,0.277258641116,0.277258641116,0.277258641116,0.259135764424,0.0590498864857,0.122837147866,0.511307048096
 01/14  02:00:00,1.0691058083,10.4858059304,0.0,10.1389180938,0.0,0.28634272813,0.28634272813,0.28634272813,0.151162506908,0.0344457798429,0.102975685881,0.470779107534
 01/14  03:00:00,0.985005805919,10.1337789348,0.0,9.81734499395,0.0,0.27721105103,0.27721105103,0.27721105103,0.107973243613,0.0246041219143,0.0864965903205,0.465320799041
 01/14  04:00:00,0.968597210938,10.1544123586,0.0,9.82959608033,0.0,0.277503409367,0.277503409367,0.277503409367,0.107973243613,0.0246041219143,0.0763456071944,0.458770828849
 01/14  05:00:00,0.968484545721,10.3719333178,0.0,9.95952473408,0.0,0.281104375754,0.281104375754,0.281104375754,0.107973243613,0.0246041219143,0.0899621050554,0.441440699384
 01/14  06:00:00,1.03389852727,10.671817303,0.0,9.87622835017,0.0,0.278713427993,0.278713427993,0.278713427993,0.107973243613,0.0246041219143,0.106595392246,0.492612341507
 01/14  07:00:00,1.33977952455,10.8988516183,0.0,9.38503195769,0.0,0.264812254679,0.264812254679,0.264812254679,0.248338385058,0.0565894910929,0.177474275597,0.569165118123
 01/14  08:00:00,1.85342774384,11.7732695918,0.0,10.0503086377,0.0,0.283547176465,0.283547176465,0.283547176465,0.507474149482,0.115639377579,0.281086459277,0.604780581041
 01/14  09:00:00,1.74053398119,10.2998486525,0.0,8.62194782886,0.0,0.243178370693,0.243178370693,0.243178370693,0.485879522289,0.11071855625,0.36605048386,0.511307048096
 01/14  10:00:00,1.46375913284,10.3072023868,0.0,8.78579902086,0.0,0.247750066701,0.247750066701,0.247750066701,0.248338385058,0.0565894910929,0.45251754537,0.435163644616
 01/14  11:00:00,1.45253101862,10.4039125509,0.0,9.06898426846,0.0,0.255653148728,0.255653148728,0.255653148728,0.205149135666,0.0467478178928,0.476182943291,0.445397973041
 01/14  12:00:00,1.44297991956,9.15395360175,0.0,7.98957905695,0.0,0.225176507117,0.225176507117,0.225176507117,0.205149135666,0.0467478178928,0.496972028135,0.445534430753
 01/14  13:00:00,1.42073365884,9.05269485693,0.0,8.01961165072,0.0,0.225991503598,0.225991503598,0.225991503598,0.205149135666,0.0467478178928,0.481415945109,0.438029256575
 01/14  14:00:00,1.39161778515,8.98455071785,0.0,8.03230617046,0.0,0.226325865467,0.226325865467,0.226325865467,0.205149135666,0.0467478178928,0.43681890348,0.453176062644
 01/14  15:00:00,1.38110295,8.39700387522,0.0,7.51978005013,0.0,0.211852449166,0.211852449166,0.211852449166,0.215946512535,0.0492082438285,0.402002089622,0.478693654849
 01/14  16:00:00,1.48796707672,8.55872751044,0.0,7.67136455335,0.0,0.216094308675,0.216094308675,0.216094308675,0.269933141293,0.0615103124214,0.411726405573,0.505302908753
 01/14  17:00:00,1.86465885252,8.66684019395,0.0,7.67522461128,0.0,0.216174005335,0.216174005335,0.216174005335,0.453487652263,0.103337308986,0.470575105936,0.59768478
 01/14  18:00:00,2.60047416334,9.67176784388,0.0,8.47811538295,0.0,0.23881331967,0.23881331967,0.23881331967,0.842191296402,0.191912153986,0.578065905983,0.726091487301
 01/14  19:00:00,3.1226895493,9.20842788617,0.0,7.8205372833,0.0,0.220314563474,0.220314563474,0.220314563474,1.25248956773,0.285407820314,0.522761393651,0.788316204123
 01/14  20:00:00,3.11703519514,9.37462320385,0.0,7.94595012482,0.0,0.223859883681,0.223859883681,0.223859883681,1.32807082119,0.302630710236,0.425376441419,0.813697338616
 01/14  21:00:00,2.87922476764,9.46628851753,0.0,8.13941447953,0.0,0.229323129256,0.229323129256,0.229323129256,1.14451631022,0.260803683128,0.37951047539,0.841671169644
 01/14  22:00:00,2.62545967713,9.72188085472,0.0,8.53544006265,0.0,0.240485197687,0.240485197687,0.240485197687,0.960961801745,0.218976686564,0.359614732068,0.822021259068
 01/14  23:00:00,2.16220637553,9.83864545533,0.0,8.87464850263,0.0,0.25002940445,0.25002940445,0.25002940445,0.723420662017,0.164847621407,0.289154633287,0.71135405437
 01/14  24:00:00,1.70295337017,9.94531589989,0.0,9.22716610342,0.0,0.259925757945,0.259925757945,0.259925757945,0.496676901655,0.113178951643,0.191618322082,0.618153436849
 01/15  01:00:00,1.24623914385,10.0632997029,0.0,9.6037127879,0.0,0.270509296974,0.270509296974,0.270509296974,0.259135764424,0.0590498864857,0.122837147866,0.511307048096
 01/15  02:00:00,1.05892050737,10.1539643121,0.0,9.805631771,0.0,0.276157427207,0.276157427207,0.276157427207,0.151162506908,0.0344457798429,0.102975685881,0.470779107534
 01/15  03:00:00,0.989217388748,10.3122280821,0.0,9.99445888539,0.0,0.281422633859,0.281422633859,0.281422633859,0.107973243613,0.0246041219143,0.0864965903205,0.465320799041
 01/15  04:00:00,0.974549465678,10.3942780708,0.0,10.0683024782,0.0,0.283455664107,0.283455664107,0.283455664107,0.107973243613,0.0246041219143,0.0763456071944,0.458770828849
 01/15  05:00:00,0.976182264578,10.6730368838,0.0,10.2593777935,0.0,0.288802094612,0.288802094612,0.288802094612,0.107973243613,0.0246041219143,0.0899621050554,0.441440699384
 01/15  06:00:00,1.05492107987,11.4463625826,0.0,10.6490645071,0.0,0.299735980589,0.299735980589,0.299735980589,0.107973243613,0.0246041219143,0.106595392246,0.492612341507
 01/15  07:00:00,1.36919843056,11.9699879093,0.0,10.4535933267,0.0,0.294231160693,0.294231160693,0.294231160693,0.248338385058,0.0565894910929,0.177474275597,0.569165118123
 01/15  08:00:00,1.88334711321,12.8627739025,0.0,11.1371076737,0.0,0.313466545836,0.313466545836,0.313466545836,0.507474149482,0.115639377579,0.281086459277,0.604780581041
 01/15  09:00:00,1.78535583262,11.9126463792,0.0,10.2323771372,0.0,0.28800022212,0.28800022212,0.28800022212,0.485879522289,0.11071855625,0.36605048386,0.511307048096
 01/15  10:00:00,1.46519553979,10.3782825908,0.0,8.85453172016,0.0,0.249186473655,0.249186473655,0.249186473655,0.248338385058,0.0565894910929,0.45251754537,0.435163644616
 01/15  11:00:00,1.43985114063,9.97302428331,0.0,8.63562695274,0.0,0.242973270739,0.242973270739,0.242973270739,0.205149135666,0.0467478178928,0.476182943291,0.445397973041
 01/15  12:00:00,1.39749247806,7.55511334928,0.0,6.38800392228,0.0,0.179689065611,0.179689065611,0.179689065611,0.205149135666,0.0467478178928,0.496972028135,0.445534430753
 01/15  13:00:00,1.35271992714,6.65348381365,0.0,5.61754681319,0.0,0.157977771894,0.157977771894,0.157977771894,0.205149135666,0.0467478178928,0.481415945109,0.438029256575
 01/15  14:00:00,1.29920647855,5.71746927995,0.0,4.76241957187,0.0,0.13391455887,0.13391455887,0.13391455887,0.205149135666,0.0467478178928,0.43681890348,0.453176062644
 01/15  15:00:00,1.28271845419,4.91570478808,0.0,4.03562198557,0.0,0.113467953355,0.113467953355,0.113467953355,0.215946512535,0.0492082438285,0.402002089622,0.478693654849
 01/15  16:00:00,1.38287904795,4.838349801,0.0,3.94827750561,0.0,0.111006279909,0.111006279909,0.111006279909,0.269933141293,0.0615103124214,0.411726405573,0.505302908753
 01/15  17:00:00,1.78900361913,5.99112265113,0.0,4.9970606105,0.0,0.140518771944,0.140518771944,0.140518771944,0.453487652263,0.103337308986,0.470575105936,0.59768478
 01/15  18:00:00,2.56897677765,8.56438852523,0.0,7.36901722161,0.0,0.207315933975,0.207315933975,0.207315933975,0.842191296402,0.191912153986,0.578065905983,0.726091487301
 01/15  19:00:00,3.1163553259,8.99217028965,0.0,7.60282656004,0.0,0.213980340081,0.213980340081,0.213980340081,1.25248956773,0.285407820314,0.522761393651,0.788316204123
 01/15  20:00:00,3.12523273926,9.67352354231,0.0,8.24336466384,0.0,0.232057427798,0.232057427798,0.232057427798,1.32807082119,0.302630710236,0.425376441419,0.813697338616
 01/15  21:00:00,2.9256116971,11.1200565536,0.0,9.79222548072,0.0,0.27571005872,0.27571005872,0.27571005872,1.14451631022,0.260803683128,0.37951047539,0.841671169644
 01/15  22:00:00,2.66979262988,11.3009038295,0.0,10.1138131347,0.0,0.28481815043,0.28481815043,0.28481815043,0.960961801745,0.218976686564,0.359614732068,0.822021259068
 01/15  23:00:00,2.2203160383,11.9060510567,0.0,10.9418402698,0.0,0.30813906722,0.30813906722,0.30813906722,0.723420662017,0.164847621407,0.289154633287,0.71135405437
 01/15  24:00:00,1.7383207726,11.203847762,0.0,10.4856728032,0.0,0.295293160373,0.295293160373,0.295293160373,0.496676901655,0.113178951643,0.191618322082,0.618153436849
 01/16  01:00:00,1.28343853723,11.6405600034,0.0,11.2005646033,0.0,0.315377987253,0.315377987253,0.315377987253,0.259135764424,0.0590498864857,0.115167850971,0.511307048096
 01/16  02:00:00,1.11510646545,12.305464839,0.0,11.9679039279,0.0,0.336948246682,0.336948246682,0.336948246682,0.151162506908,0.0344457798429,0.0983708244822,0.470779107534
 01/16  03:00:00,1.05667992841,12.8096889634,0.0,12.5002237625,0.0,0.351931618343,0.351931618343,0.351931618343,0.107973243613,0.0246041219143,0.0834501454999,0.465320799041
 01/16  04:00:00,1.05171140863,13.1816796868,0.0,12.8647331629,0.0,0.362210578583,0.362210578583,0.362210578583,0.107973243613,0.0246041219143,0.0747526356716,0.458770828849
 01/16  05:00:00,1.05723743018,13.6425130767,0.0,13.2464578288,0.0,0.372973608405,0.372973608405,0.372973608405,0.107973243613,0.0246041219143,0.0868457568597,0.441440699384
 01/16  06:00:00,1.1212019517,13.9178081561,0.0,13.1687035312,0.0,0.370796327091,0.370796327091,0.370796327091,0.107973243613,0.0246041219143,0.101815917579,0.492612341507
 01/16  07:00:00,1.45981535525,15.5149930466,0.0,14.1074655762,0.0,0.397244516232,0.397244516232,0.397244516232,0.248338385058,0.0565894910929,0.165077844744,0.569165118123
 01/16  08:00:00,1.89894143127,14.1536496437,0.0,12.5612166336,0.0,0.353749119319,0.353749119319,0.353749119319,0.507474149482,0.115639377579,0.25639820385,0.604780581041
 01/16  09:00:00,1.79242958027,13.3627240211,0.0,11.8213521327,0.0,0.332917487263,0.332917487263,0.332917487263,0.485879522289,0.11071855625,0.32820696637,0.511307048096
 01/16  10:00:00,1.47265490324,12.3756323112,0.0,10.9808166639,0.0,0.309182071717,0.309182071717,0.309182071717,0.248338385058,0.0565894910929,0.39998131075,0.435163644616
 01/16  11:00:00,1.434370577,11.7721016485,0.0,10.5458085612,0.0,0.296894974362,0.296894974362,0.296894974362,0.205149135666,0.0467478178928,0.416780676038,0.445397973041
 01/16  12:00:00,1.41311809879,10.1884467858,0.0,9.11422108796,0.0,0.25655157222,0.25655157222,0.25655157222,0.205149135666,0.0467478178928,0.435735142253,0.445534430753
 01/16  13:00:00,1.35255871098,8.54530945792,0.0,7.58983942876,0.0,0.213595479311,0.213595479311,0.213595479311,0.205149135666,0.0467478178928,0.425637021538,0.438029256575
 01/16  14:00:00,1.31344449238,7.95793372601,0.0,7.07260290225,0.0,0.199005277119,0.199005277119,0.199005277119,0.205149135666,0.0467478178928,0.385966199058,0.453176062644
 01/16  15:00:00,1.28819065842,6.66743844089,0.0,5.85028567893,0.0,0.164586658295,0.164586658295,0.164586658295,0.215946512535,0.0492082438285,0.356355588907,0.478693654849
 01/16  16:00:00,1.40294706388,7.02457146584,0.0,6.19679614852,0.0,0.174309764027,0.174309764027,0.174309764027,0.269933141293,0.0615103124214,0.368490937387,0.505302908753
 01/16  17:00:00,1.78205585237,7.15653008196,0.0,6.23819937237,0.0,0.175475244154,0.175475244154,0.175475244154,0.453487652263,0.103337308986,0.428670866964,0.59768478
 01/16  18:00:00,2.5232432581,8.314818598,0.0,7.20911309216,0.0,0.202826332868,0.202826332868,0.202826332868,0.842191296402,0.191912153986,0.536821987543,0.726091487301
 01/16  19:00:00,3.05848852611,8.24336860356,0.0,6.96996360335,0.0,0.196142241603,0.196142241603,0.196142241603,1.25248956773,0.285407820314,0.482732692333,0.788316204123
 01/16  20:00:00,3.0469308881,8.18377257411,0.0,6.88292209922,0.0,0.193707789717,0.193707789717,0.193707789717,1.32807082119,0.302630710236,0.385424228339,0.813697338616
 01/16  21:00:00,2.80767569715,8.25552945816,0.0,7.0506193806,0.0,0.198438657345,0.198438657345,0.198438657345,1.14451631022,0.260803683128,0.338845876819,0.841671169644
 01/16  22:00:00,2.56216736177,8.85537704144,0.0,7.77110590177,0.0,0.218734215895,0.218734215895,0.218734215895,0.960961801745,0.218976686564,0.318073398495,0.822021259068
 01/16  23:00:00,2.10783853586,9.0079309106,0.0,8.12391665452,0.0,0.22867031193,0.22867031193,0.22867031193,0.723420662017,0.164847621407,0.256145886137,0.71135405437
 01/16  24:00:00,1.67380538845,9.51215059353,0.0,8.84306389926,0.0,0.248901762396,0.248901762396,0.248901762396,0.496676901655,0.113178951643,0.173494335907,0.618153436849
 01/17  01:00:00,1.21382708903,9.1739444588,0.0,8.73205712926,0.0,0.245766539056,0.245766539056,0.245766539056,0.259135764424,0.0590498864857,0.115167850971,0.511307048096
 01/17  02:00:00,1.00989846144,8.57525892429,0.0,8.23526409653,0.0,0.231740242675,0.231740242675,0.231740242675,0.151162506908,0.0344457798429,0.0983708244822,0.470779107534
 01/17  03:00:00,0.93532265334,8.50705576662,0.0,8.1948551799,0.0,0.230574343272,0.230574343272,0.230574343272,0.107973243613,0.0246041219143,0.0834501454999,0.465320799041
 01/17  04:00:00,0.908077166858,8.08999811846,0.0,7.76977774917,0.0,0.21857633681,0.21857633681,0.21857633681,0.107973243613,0.0246041219143,0.0747526356716,0.458770828849
 01/17  05:00:00,0.894967534211,7.89051176844,0.0,7.49069879684,0.0,0.210703712441,0.210703712441,0.210703712441,0.107973243613,0.0246041219143,0.0868457568597,0.441440699384
 01/17  06:00:00,0.959806143112,8.19861572979,0.0,7.4450265323,0.0,0.209400518498,0.209400518498,0.209400518498,0.107973243613,0.0246041219143,0.101815917579,0.492612341507
 01/17  07:00:00,1.29103965886,9.53664564913,0.0,8.12352101093,0.0,0.228468819847,0.228468819847,0.228468819847,0.248338385058,0.0565894910929,0.165077844744,0.569165118123
 01/17  08:00:00,1.77097156023,9.62591052701,0.0,8.02760554427,0.0,0.225779248282,0.225779248282,0.225779248282,0.507474149482,0.115639377579,0.25639820385,0.604780581041
 01/17  09:00:00,1.64999481354,8.31898148591,0.0,6.77221937562,0.0,0.190482720532,0.190482720532,0.190482720532,0.485879522289,0.11071855625,0.32820696637,0.511307048096
 01/17  10:00:00,1.35291879773,8.13658483727,0.0,6.73660405721,0.0,0.189445966213,0.189445966213,0.189445966213,0.248338385058,0.0565894910929,0.39998131075,0.435163644616
 01/17  11:00:00,1.3438435869,8.56990799022,0.0,7.33911210656,0.0,0.206367984259,0.206367984259,0.206367984259,0.205149135666,0.0467478178928,0.416780676038,0.445397973041
 01/17  12:00:00,1.34447499913,7.76088837422,0.0,6.68285560983,0.0,0.187908472568,0.187908472568,0.187908472568,0.205149135666,0.0467478178928,0.435735142253,0.445534430753
 01/17  13:00:00,1.32700064545,7.64670351598,0.0,6.68813990036,0.0,0.188037413781,0.188037413781,0.188037413781,0.205149135666,0.0467478178928,0.425637021538,0.438029256575
 01/17  14:00:00,1.3135466079,7.97050432384,0.0,7.08255841118,0.0,0.199107392635,0.199107392635,0.199107392635,0.205149135666,0.0467478178928,0.385966199058,0.453176062644
 01/17  15:00:00,1.30997807436,7.4492492825,0.0,6.63017898939,0.0,0.186374074242,0.186374074242,0.186374074242,0.215946512535,0.0492082438285,0.356355588907,0.478693654849
 01/17  16:00:00,1.4047237364,7.09428884884,0.0,6.26469507204,0.0,0.176086436541,0.176086436541,0.176086436541,0.269933141293,0.0615103124214,0.368490937387,0.505302908753
 01/17  17:00:00,1.78405924203,7.23612264963,0.0,6.31537510494,0.0,0.177478633816,0.177478633816,0.177478633816,0.453487652263,0.103337308986,0.428670866964,0.59768478
 01/17  18:00:00,2.51290088406,7.95984107695,0.0,6.85122099972,0.0,0.192483958825,0.192483958825,0.192483958825,0.842191296402,0.191912153986,0.536821987543,0.726091487301
 01/17  19:00:00,3.04657094644,7.83322242813,0.0,6.55658780493,0.0,0.184224661931,0.184224661931,0.184224661931,1.25248956773,0.285407820314,0.482732692333,0.788316204123
 01/17  20:00:00,3.03147457356,7.64710000743,0.0,6.3434854427,0.0,0.17825147518,0.17825147518,0.17825147518,1.32807082119,0.302630710236,0.385424228339,0.813697338616
 01/17  21:00:00,2.8331228627,9.17349821936,0.0,7.96636026967,0.0,0.223885822889,0.223885822889,0.223885822889,1.14451631022,0.260803683128,0.338845876819,0.841671169644
 01/17  22:00:00,2.54984696168,8.43050788668,0.0,7.34407673053,0.0,0.206413815813,0.206413815813,0.206413815813,0.960961801745,0.218976686564,0.318073398495,0.822021259068
 01/17  23:00:00,2.08952350772,8.37085556935,0.0,7.48470561444,0.0,0.21035528379,0.21035528379,0.21035528379,0.723420662017,0.164847621407,0.256145886137,0.71135405437
 01/17  24:00:00,1.66305976173,9.14584965128,0.0,8.47500499913,0.0,0.238156135678,0.238156135678,0.238156135678,0.496676901655,0.113178951643,0.173494335907,0.618153436849
 01/18  01:00:00,1.22035905425,9.42228944387,0.0,8.9789032008,0.0,0.252298504279,0.252298504279,0.252298504279,0.259135764424,0.0590498864857,0.115167850971,0.511307048096
 01/18  02:00:00,1.03790986806,9.58552812776,0.0,9.24492615088,0.0,0.259751649291,0.259751649291,0.259751649291,0.151162506908,0.0344457798429,0.0983708244822,0.470779107534
 01/18  03:00:00,0.976036742863,9.96906655864,0.0,9.65644213729,0.0,0.271288432794,0.271288432794,0.271288432794,0.107973243613,0.0246041219143,0.0834501454999,0.465320799041
 01/18  04:00:00,0.96444691773,10.1071552993,0.0,9.78698898106,0.0,0.274946087682,0.274946087682,0.274946087682,0.107973243613,0.0246041219143,0.0747526356716,0.458770828849
 01/18  05:00:00,0.954503764082,10.0193437799,0.0,9.61974992899,0.0,0.270239942311,0.270239942311,0.270239942311,0.107973243613,0.0246041219143,0.0868457568597,0.441440699384
 01/18  06:00:00,1.04024311827,11.0715209972,0.0,10.3176899638,0.0,0.289837493661,0.289837493661,0.289837493661,0.107973243613,0.0246041219143,0.101815917579,0.492612341507
 01/18  07:00:00,1.34206812338,11.3643887884,0.0,9.95041692049,0.0,0.279497284366,0.279497284366,0.279497284366,0.248338385058,0.0565894910929,0.165077844744,0.569165118123
 01/18  08:00:00,1.83755404841,12.0076270911,0.0,10.4078983073,0.0,0.292361736458,0.292361736458,0.292361736458,0.507474149482,0.115639377579,0.25639820385,0.604780581041
 01/18  09:00:00,1.74311686768,11.6436675331,0.0,10.0960375741,0.0,0.28360477467,0.28360477467,0.28360477467,0.485879522289,0.11071855625,0.32820696637,0.511307048096
 01/18  10:00:00,1.44277947507,11.3419799593,0.0,9.94178076534,0.0,0.279306643556,0.279306643556,0.279306643556,0.248338385058,0.0565894910929,0.39998131075,0.435163644616
 01/18  11:00:00,1.4242936141,11.4408237749,0.0,10.2099076196,0.0,0.286818011464,0.286818011464,0.286818011464,0.205149135666,0.0467478178928,0.416780676038,0.445397973041
 01/18  12:00:00,1.42800827555,10.7405018464,0.0,9.66256357473,0.0,0.271441748983,0.271441748983,0.271441748983,0.205149135666,0.0467478178928,0.435735142253,0.445534430753
 01/18  13:00:00,1.40489794379,10.4253287395,0.0,9.46698851555,0.0,0.265934712123,0.265934712123,0.265934712123,0.205149135666,0.0467478178928,0.425637021538,0.438029256575
 01/18  14:00:00,1.38017682327,10.3480502501,0.0,9.46047753602,0.0,0.265737608008,0.265737608008,0.265737608008,0.205149135666,0.0467478178928,0.385966199058,0.453176062644
 01/18  15:00:00,1.39385928269,10.4400848141,0.0,9.62134085137,0.0,0.270255282565,0.270255282565,0.270255282565,0.215946512535,0.0492082438285,0.356355588907,0.478693654849
 01/18  16:00:00,1.48681520781,10.0204689041,0.0,9.19142098449,0.0,0.258177907951,0.258177907951,0.258177907951,0.269933141293,0.0615103124214,0.368490937387,0.505302908753
 01/18  17:00:00,1.87690629553,10.5436627641,0.0,9.62369881574,0.0,0.270325687322,0.270325687322,0.270325687322,0.453487652263,0.103337308986,0.428670866964,0.59768478
 01/18  18:00:00,2.59303078343,10.812763781,0.0,9.70455996777,0.0,0.272613858193,0.272613858193,0.272613858193,0.842191296402,0.191912153986,0.536821987543,0.726091487301
 01/18  19:00:00,3.11258113781,10.1827243001,0.0,8.90644935,0.0,0.250234853306,0.250234853306,0.250234853306,1.25248956773,0.285407820314,0.482732692333,0.788316204123
 01/18  20:00:00,3.11172545482,10.5028924148,0.0,9.19938336097,0.0,0.258502356445,0.258502356445,0.258502356445,1.32807082119,0.302630710236,0.385424228339,0.813697338616
 01/18  21:00:00,2.87472127595,10.6540336325,0.0,9.44665702328,0.0,0.265484236138,0.265484236138,0.265484236138,1.14451631022,0.260803683128,0.338845876819,0.841671169644
 01/18  22:00:00,2.61406724814,10.7153669616,0.0,9.628819668,0.0,0.270634102267,0.270634102267,0.270634102267,0.960961801745,0.218976686564,0.318073398495,0.822021259068
 01/18  23:00:00,2.15957115667,10.861777013,0.0,9.97606173868,0.0,0.280402932744,0.280402932744,0.280402932744,0.723420662017,0.164847621407,0.256145886137,0.71135405437
 01/18  24:00:00,1.71413315858,10.9599526036,0.0,10.2897785687,0.0,0.28922953253,0.28922953253,0.28922953253,0.496676901655,0.113178951643,0.173494335907,0.618153436849
 01/19  01:00:00,1.26706893114,11.0803331385,0.0,10.6377416987,0.0,0.299008381164,0.299008381164,0.299008381164,0.259135764424,0.0590498864857,0.115167850971,0.511307048096
 01/19  02:00:00,1.08174387955,11.1408859407,0.0,10.8009782626,0.0,0.303585660784,0.303585660784,0.303585660784,0.151162506908,0.0344457798429,0.0983708244822,0.470779107534
 01/19  03:00:00,1.01552402356,11.3695763278,0.0,11.0576242481,0.0,0.310775713493,0.310775713493,0.310775713493,0.107973243613,0.0246041219143,0.0834501454999,0.465320799041
 01/19  04:00:00,0.999452845859,11.3483764215,0.0,11.0288041135,0.0,0.309952015811,0.309952015811,0.309952015811,0.107973243613,0.0246041219143,0.0747526356716,0.458770828849
 01/19  05:00:00,0.999041552759,11.5997401005,0.0,11.200548641,0.0,0.314777730988,0.314777730988,0.314777730988,0.107973243613,0.0246041219143,0.0868457568597,0.441440699384
 01/19  06:00:00,1.06749150962,12.0366252369,0.0,11.2828822054,0.0,0.317085885006,0.317085885006,0.317085885006,0.107973243613,0.0246041219143,0.101815917579,0.492612341507
 01/19  07:00:00,1.37286630939,12.4562153846,0.0,11.0412668629,0.0,0.310295470376,0.310295470376,0.310295470376,0.248338385058,0.0565894910929,0.165077844744,0.569165118123
 01/19  08:00:00,1.87866781964,13.4668898651,0.0,11.8659297116,0.0,0.333475507687,0.333475507687,0.333475507687,0.507474149482,0.115639377579,0.25639820385,0.604780581041
 01/19  09:00:00,1.75963413338,12.2273959718,0.0,10.6787474897,0.0,0.300122040378,0.300122040378,0.300122040378,0.485879522289,0.11071855625,0.32820696637,0.511307048096
 01/19  10:00:00,1.45979330895,11.9429585099,0.0,10.5416104544,0.0,0.296320477428,0.296320477428,0.296320477428,0.248338385058,0.0565894910929,0.39998131075,0.435163644616
 01/19  11:00:00,1.45618318783,12.5714032013,0.0,11.3393782003,0.0,0.318707585195,0.318707585195,0.318707585195,0.205149135666,0.0467478178928,0.416780676038,0.445397973041
 01/19  12:00:00,1.45395774709,11.6596467484,0.0,10.5809733241,0.0,0.29739122052,0.29739122052,0.29739122052,0.205149135666,0.0467478178928,0.435735142253,0.445534430753
 01/19  13:00:00,1.41725568956,10.8611425268,0.0,9.90219968702,0.0,0.278292457886,0.278292457886,0.278292457886,0.205149135666,0.0467478178928,0.425637021538,0.438029256575
 01/19  14:00:00,1.39917539093,11.0201348905,0.0,10.1320008985,0.0,0.284736175671,0.284736175671,0.284736175671,0.205149135666,0.0467478178928,0.385966199058,0.453176062644
 01/19  15:00:00,1.4058594031,10.8627435307,0.0,10.0435771035,0.0,0.282255402976,0.282255402976,0.282255402976,0.215946512535,0.0492082438285,0.356355588907,0.478693654849
 01/19  16:00:00,1.5100898053,10.8443640187,0.0,10.0148243309,0.0,0.281452505441,0.281452505441,0.281452505441,0.269933141293,0.0615103124214,0.368490937387,0.505302908753
 01/19  17:00:00,1.89283699192,11.1054668667,0.0,10.1850047698,0.0,0.286256383705,0.286256383705,0.286256383705,0.453487652263,0.103337308986,0.428670866964,0.59768478
 01/19  18:00:00,2.62298966075,11.8723893562,0.0,10.763928071,0.0,0.302572735521,0.302572735521,0.302572735521,0.842191296402,0.191912153986,0.536821987543,0.726091487301
 01/19  19:00:00,3.17408265936,12.3637130915,0.0,11.0869998443,0.0,0.311736374857,0.311736374857,0.311736374857,1.25248956773,0.285407820314,0.482732692333,0.788316204123
 01/19  20:00:00,3.16658714201,12.4460127533,0.0,11.1420097146,0.0,0.31336404363,0.31336404363,0.31336404363,1.32807082119,0.302630710236,0.385424228339,0.813697338616
 01/19  21:00:00,2.89284091362,11.2911726155,0.0,10.0835121809,0.0,0.283603873809,0.283603873809,0.283603873809,1.14451631022,0.260803683128,0.338845876819,0.841671169644
 01/19  22:00:00,2.632117761,11.3500845852,0.0,10.2630843146,0.0,0.288684615123,0.288684615123,0.288684615123,0.960961801745,0.218976686564,0.318073398495,0.822021259068
 01/19  23:00:00,2.17860985055,11.5321094265,0.0,10.6460476056,0.0,0.299441626621,0.299441626621,0.299441626621,0.723420662017,0.164847621407,0.256145886137,0.71135405437
 01/19  24:00:00,1.72593616247,11.3726599671,0.0,10.7024266587,0.0,0.301032536418,0.301032536418,0.301032536418,0.496676901655,0.113178951643,0.173494335907,0.618153436849
 01/20  01:00:00,1.28156581051,11.5880911645,0.0,11.1456112938,0.0,0.313505260539,0.313505260539,0.313505260539,0.259135764424,0.0590498864857,0.115167850971,0.511307048096
 01/20  02:00:00,1.10422316664,11.932390535,0.0,11.5927374124,0.0,0.326064947875,0.326064947875,0.326064947875,0.151162506908,0.0344457798429,0.0983708244822,0.470779107534
 01/20  03:00:00,1.03596891666,12.0882881271,0.0,11.7767019018,0.0,0.331220606588,0.331220606588,0.331220606588,0.107973243613,0.0246041219143,0.0834501454999,0.465320799041
 01/20  04:00:00,1.03790514479,12.7067582327,0.0,12.3876001271,0.0,0.348404314745,0.348404314745,0.348404314745,0.107973243613,0.0246041219143,0.0747526356716,0.458770828849
 01/20  05:00:00,1.03525805857,12.8776460752,0.0,12.4790115605,0.0,0.350994236801,0.350994236801,0.350994236801,0.107973243613,0.0246041219143,0.0868457568597,0.441440699384
 01/20  06:00:00,1.10135256999,13.2303077583,0.0,12.4767218149,0.0,0.350946945376,0.350946945376,0.350946945376,0.107973243613,0.0246041219143,0.101815917579,0.492612341507
 01/20  07:00:00,1.41244582466,13.8537766732,0.0,12.4381568014,0.0,0.349874985642,0.349874985642,0.349874985642,0.248338385058,0.0565894910929,0.165077844744,0.569165118123
 01/20  08:00:00,1.8923503594,13.941439386,0.0,12.3397665975,0.0,0.347158047444,0.347158047444,0.347158047444,0.507474149482,0.115639377579,0.25639820385,0.604780581041
 01/20  09:00:00,1.7949901899,13.4726485727,0.0,11.9227845576,0.0,0.335478096895,0.335478096895,0.335478096895,0.485879522289,0.11071855625,0.32820696637,0.511307048096
 01/20  10:00:00,1.50255459797,13.4519815378,0.0,12.0498440468,0.0,0.33908176645,0.33908176645,0.33908176645,0.248338385058,0.0565894910929,0.39998131075,0.435163644616
 01/20  11:00:00,1.49134173915,13.807040389,0.0,12.5748253499,0.0,0.35386613651,0.35386613651,0.35386613651,0.205149135666,0.0467478178928,0.416780676038,0.445397973041
 01/20  12:00:00,1.47423618084,12.3670976877,0.0,11.2880781312,0.0,0.317669654278,0.317669654278,0.317669654278,0.205149135666,0.0467478178928,0.435735142253,0.445534430753
 01/20  13:00:00,1.45107490606,12.0498445276,0.0,11.0908607784,0.0,0.312111674387,0.312111674387,0.312111674387,0.205149135666,0.0467478178928,0.425637021538,0.438029256575
 01/20  14:00:00,1.42793284375,12.0282304175,0.0,11.1401004856,0.0,0.313493628491,0.313493628491,0.313493628491,0.205149135666,0.0467478178928,0.385966199058,0.453176062644
 01/20  15:00:00,1.41357866513,11.1229113504,0.0,10.3036786734,0.0,0.28997466501,0.28997466501,0.28997466501,0.215946512535,0.0492082438285,0.356355588907,0.478693654849
 01/20  16:00:00,1.56095098698,12.6355838028,0.0,11.8063974613,0.0,0.332313687129,0.332313687129,0.332313687129,0.269933141293,0.0615103124214,0.368490937387,0.505302908753
 01/20  17:00:00,1.91077268162,11.726331752,0.0,10.8059700042,0.0,0.304192073412,0.304192073412,0.304192073412,0.453487652263,0.103337308986,0.428670866964,0.59768478
 01/20  18:00:00,2.64767453408,12.7322131525,0.0,11.6233738496,0.0,0.327257608847,0.327257608847,0.327257608847,0.842191296402,0.191912153986,0.536821987543,0.726091487301
 01/20  19:00:00,3.16638582296,12.0730990633,0.0,10.7955938844,0.0,0.304039538452,0.304039538452,0.304039538452,1.25248956773,0.285407820314,0.482732692333,0.788316204123
 01/20  20:00:00,3.17466508227,12.7163896405,0.0,11.4115808576,0.0,0.321441983896,0.321441983896,0.321441983896,1.32807082119,0.302630710236,0.385424228339,0.813697338616
 01/20  21:00:00,2.9621276089,13.7345130576,0.0,12.5262522131,0.0,0.352890569094,0.352890569094,0.352890569094,1.14451631022,0.260803683128,0.338845876819,0.841671169644
 01/20  22:00:00,2.70284010911,13.8420185923,0.0,12.755345715,0.0,0.359406963237,0.359406963237,0.359406963237,0.960961801745,0.218976686564,0.318073398495,0.822021259068
 01/20  23:00:00,2.25107274362,14.0826462229,0.0,13.1972725732,0.0,0.371904519694,0.371904519694,0.371904519694,0.723420662017,0.164847621407,0.256145886137,0.71135405437
 01/20  24:00:00,1.8063361644,14.2046090337,0.0,13.5353956575,0.0,0.381432538344,0.381432538344,0.381432538344,0.496676901655,0.113178951643,0.173494335907,0.618153436849
 01/21  01:00:00,1.34788670138,13.6665256496,0.0,13.2058704514,0.0,0.372156854508,0.372156854508,0.372156854508,0.259135764424,0.0590498864857,0.122837147866,0.511307048096
 01/21  02:00:00,1.16392958899,13.8750839114,0.0,13.5262733285,0.0,0.381166508821,0.381166508821,0.381166508821,0.151162506908,0.0344457798429,0.102975685881,0.470779107534
 01/21  03:00:00,1.08055577041,13.5472536845,0.0,13.22913236,0.0,0.37276101552,0.37276101552,0.37276101552,0.107973243613,0.0246041219143,0.0864965903205,0.465320799041
 01/21  04:00:00,1.0695018296,13.7569510114,0.0,13.430601726,0.0,0.378408028034,0.378408028034,0.378408028034,0.107973243613,0.0246041219143,0.0763456071944,0.458770828849
 01/21  05:00:00,1.07666988305,14.2317434129,0.0,13.81707993,0.0,0.389289713087,0.389289713087,0.389289713087,0.107973243613,0.0246041219143,0.0899621050554,0.441440699384
 01/21  06:00:00,1.15918755083,15.1404390081,0.0,14.3392539214,0.0,0.404002451548,0.404002451548,0.404002451548,0.107973243613,0.0246041219143,0.106595392246,0.492612341507
 01/21  07:00:00,1.49008689,16.2579405511,0.0,14.7323042769,0.0,0.415119620132,0.415119620132,0.415119620132,0.248338385058,0.0565894910929,0.177474275597,0.569165118123
 01/21  08:00:00,1.94984977005,15.2193843224,0.0,13.4830485629,0.0,0.379969202675,0.379969202675,0.379969202675,0.507474149482,0.115639377579,0.281086459277,0.604780581041
 01/21  09:00:00,1.86680091016,14.8007142847,0.0,13.109005263,0.0,0.369445299665,0.369445299665,0.369445299665,0.485879522289,0.11071855625,0.36605048386,0.511307048096
 01/21  10:00:00,1.54819138709,13.3222582607,0.0,11.7885679005,0.0,0.33218232095,0.33218232095,0.33218232095,0.248338385058,0.0565894910929,0.45251754537,0.435163644616
 01/21  11:00:00,1.51586876198,12.667740469,0.0,11.3218653971,0.0,0.318990892089,0.318990892089,0.318990892089,0.205149135666,0.0467478178928,0.476182943291,0.445397973041
 01/21  12:00:00,1.49380709321,10.9708303126,0.0,9.79699501678,0.0,0.27600368076,0.27600368076,0.27600368076,0.205149135666,0.0467478178928,0.496972028135,0.445534430753
 01/21  13:00:00,1.44736884343,10.009584698,0.0,8.96814252292,0.0,0.252626688184,0.252626688184,0.252626688184,0.205149135666,0.0467478178928,0.481415945109,0.438029256575
 01/21  14:00:00,1.44248927202,10.8003900704,0.0,9.84083878606,0.0,0.277197352341,0.277197352341,0.277197352341,0.205149135666,0.0467478178928,0.43681890348,0.453176062644
 01/21  15:00:00,1.48339051418,12.0336255759,0.0,11.1505284383,0.0,0.314140013344,0.314140013344,0.314140013344,0.215946512535,0.0492082438285,0.402002089622,0.478693654849
 01/21  16:00:00,1.56789221743,11.3992187491,0.0,10.5062199623,0.0,0.296019449385,0.296019449385,0.296019449385,0.269933141293,0.0615103124214,0.411726405573,0.505302908753
 01/21  17:00:00,1.94660315578,11.57856718,0.0,10.5804591794,0.0,0.298118308592,0.298118308592,0.298118308592,0.453487652263,0.103337308986,0.470575105936,0.59768478
 01/21  18:00:00,2.66817708668,12.0792138822,0.0,10.8770936882,0.0,0.306516243007,0.306516243007,0.306516243007,0.842191296402,0.191912153986,0.578065905983,0.726091487301
 01/21  19:00:00,3.18987870332,11.5992403075,0.0,10.2009628424,0.0,0.287503717494,0.287503717494,0.287503717494,1.25248956773,0.285407820314,0.522761393651,0.788316204123
 01/21  20:00:00,3.19854047957,12.2721487506,0.0,10.8329551947,0.0,0.305365168107,0.305365168107,0.305365168107,1.32807082119,0.302630710236,0.425376441419,0.813697338616
 01/21  21:00:00,2.95205719295,12.0541763898,0.0,10.7176756826,0.0,0.302155554569,0.302155554569,0.302155554569,1.14451631022,0.260803683128,0.37951047539,0.841671169644
 01/21  22:00:00,2.69520176777,12.198645482,0.0,11.003624929,0.0,0.310227288324,0.310227288324,0.310227288324,0.960961801745,0.218976686564,0.359614732068,0.822021259068
 01/21  23:00:00,2.22278902491,11.9878108496,0.0,11.0173838106,0.0,0.310612053832,0.310612053832,0.310612053832,0.723420662017,0.164847621407,0.289154633287,0.71135405437
 01/21  24:00:00,1.77310993618,12.4307141582,0.0,11.7081949631,0.0,0.330082323948,0.330082323948,0.330082323948,0.496676901655,0.113178951643,0.191618322082,0.618153436849
 01/22  01:00:00,1.32055975329,12.6942007596,0.0,12.232658601,0.0,0.344829906414,0.344829906414,0.344829906414,0.259135764424,0.0590498864857,0.122837147866,0.511307048096
 01/22  02:00:00,1.12782088457,12.5916266414,0.0,12.2423076311,0.0,0.345057804402,0.345057804402,0.345057804402,0.151162506908,0.0344457798429,0.102975685881,0.470779107534
 01/22  03:00:00,1.04899844599,12.4253517193,0.0,12.1067318993,0.0,0.341203691102,0.341203691102,0.341203691102,0.107973243613,0.0246041219143,0.0864965903205,0.465320799041
 01/22  04:00:00,1.03559446677,12.5516880801,0.0,12.2247116632,0.0,0.344500665202,0.344500665202,0.344500665202,0.107973243613,0.0246041219143,0.0763456071944,0.458770828849
 01/22  05:00:00,1.0363811249,12.8003395613,0.0,12.3850464262,0.0,0.349000954934,0.349000954934,0.349000954934,0.107973243613,0.0246041219143,0.0899621050554,0.441440699384
 01/22  06:00:00,1.08875096222,12.6398483523,0.0,11.8374872705,0.0,0.333565862943,0.333565862943,0.333565862943,0.107973243613,0.0246041219143,0.106595392246,0.492612341507
 01/22  07:00:00,1.41180240041,13.481853616,0.0,11.9536140737,0.0,0.336835130539,0.336835130539,0.336835130539,0.248338385058,0.0565894910929,0.177474275597,0.569165118123
 01/22  08:00:00,1.91996793471,14.1642605025,0.0,12.4248059583,0.0,0.350087367327,0.350087367327,0.350087367327,0.507474149482,0.115639377579,0.281086459277,0.604780581041
 01/22  09:00:00,1.8147752972,12.9584311736,0.0,11.2643928333,0.0,0.317419686708,0.317419686708,0.317419686708,0.485879522289,0.11071855625,0.36605048386,0.511307048096
 01/22  10:00:00,1.53855480681,12.9827281543,0.0,11.4468887035,0.0,0.322545740674,0.322545740674,0.322545740674,0.248338385058,0.0565894910929,0.45251754537,0.435163644616
 01/22  11:00:00,1.54042489501,13.5408492791,0.0,12.1936354134,0.0,0.343547025122,0.343547025122,0.343547025122,0.205149135666,0.0467478178928,0.476182943291,0.445397973041
 01/22  12:00:00,1.51957143121,11.8865700251,0.0,10.7117162593,0.0,0.301768018761,0.301768018761,0.301768018761,0.205149135666,0.0467478178928,0.496972028135,0.445534430753
 01/22  13:00:00,1.50623422769,12.1003571068,0.0,11.0583272018,0.0,0.311492072448,0.311492072448,0.311492072448,0.205149135666,0.0467478178928,0.481415945109,0.438029256575
 01/22  14:00:00,1.48350418019,12.2575657269,0.0,11.2974755472,0.0,0.318212260505,0.318212260505,0.318212260505,0.205149135666,0.0467478178928,0.43681890348,0.453176062644
 01/22  15:00:00,1.48200076291,11.9878088154,0.0,11.1038050852,0.0,0.312750262071,0.312750262071,0.312750262071,0.215946512535,0.0492082438285,0.402002089622,0.478693654849
 01/22  16:00:00,1.53260098232,10.1529575717,0.0,9.25844232926,0.0,0.26072821428,0.26072821428,0.26072821428,0.269933141293,0.0615103124214,0.411726405573,0.505302908753
 01/22  17:00:00,1.93170661051,11.0583933967,0.0,10.0584852943,0.0,0.283221763327,0.283221763327,0.283221763327,0.453487652263,0.103337308986,0.470575105936,0.59768478
 01/22  18:00:00,2.65868179276,11.7515257213,0.0,10.5477149215,0.0,0.297020949085,0.297020949085,0.297020949085,0.842191296402,0.191912153986,0.578065905983,0.726091487301
 01/22  19:00:00,3.18216797132,11.3345280286,0.0,9.93476303418,0.0,0.279792985497,0.279792985497,0.279792985497,1.25248956773,0.285407820314,0.522761393651,0.788316204123
 01/22  20:00:00,3.17621903875,11.4910424579,0.0,10.0498484225,0.0,0.283043727288,0.283043727288,0.283043727288,1.32807082119,0.302630710236,0.425376441419,0.813697338616
 01/22  21:00:00,2.93368733983,11.4136579725,0.0,10.0754064806,0.0,0.28378570145,0.28378570145,0.28378570145,1.14451631022,0.260803683128,0.37951047539,0.841671169644
 01/22  22:00:00,2.66788530518,11.2407348804,0.0,10.0440999058,0.0,0.282910825737,0.282910825737,0.282910825737,0.960961801745,0.218976686564,0.359614732068,0.822021259068
 01/22  23:00:00,2.22259648233,11.9926452857,0.0,11.0207500762,0.0,0.310419511252,0.310419511252,0.310419511252,0.723420662017,0.164847621407,0.289154633287,0.71135405437
 01/22  24:00:00,1.75907890381,11.9450449958,0.0,11.2217203735,0.0,0.316051291585,0.316051291585,0.316051291585,0.496676901655,0.113178951643,0.191618322082,0.618153436849
 01/23  01:00:00,1.29531928989,12.0633197924,0.0,11.6208289021,0.0,0.327258739913,0.327258739913,0.327258739913,0.259135764424,0.0590498864857,0.115167850971,0.511307048096
 01/23  02:00:00,1.11600355459,12.3376468243,0.0,11.9982850143,0.0,0.337845335824,0.337845335824,0.337845335824,0.151162506908,0.0344457798429,0.0983708244822,0.470779107534
 01/23  03:00:00,1.04733076359,12.4792452186,0.0,12.1681413183,0.0,0.342582453522,0.342582453522,0.342582453522,0.107973243613,0.0246041219143,0.0834501454999,0.465320799041
 01/23  04:00:00,1.05549692451,13.3191065858,0.0,13.0004792538,0.0,0.365996094461,0.365996094461,0.365996094461,0.107973243613,0.0246041219143,0.0747526356716,0.458770828849
 01/23  05:00:00,1.06277121799,13.8421023385,0.0,13.44378631,0.0,0.378507396221,0.378507396221,0.378507396221,0.107973243613,0.0246041219143,0.0868457568597,0.441440699384
 01/23  06:00:00,1.14847109935,14.8913733006,0.0,14.1371578127,0.0,0.398065474736,0.398065474736,0.398065474736,0.107973243613,0.0246041219143,0.101815917579,0.492612341507
 01/23  07:00:00,1.49726972806,16.8523884215,0.0,15.4345757277,0.0,0.434698889041,0.434698889041,0.434698889041,0.248338385058,0.0565894910929,0.165077844744,0.569165118123
 01/23  08:00:00,1.96899693787,16.6474822795,0.0,15.0432886738,0.0,0.423804625919,0.423804625919,0.423804625919,0.507474149482,0.115639377579,0.25639820385,0.604780581041
 01/23  09:00:00,1.88634788352,16.7007245606,0.0,15.1483896357,0.0,0.426835790512,0.426835790512,0.426835790512,0.485879522289,0.11071855625,0.32820696637,0.511307048096
 01/23  10:00:00,1.58105397498,16.221886385,0.0,14.8180465265,0.0,0.417581143463,0.417581143463,0.417581143463,0.248338385058,0.0565894910929,0.39998131075,0.435163644616
 01/23  11:00:00,1.56846330806,16.5262327384,0.0,15.2927367767,0.0,0.430987705421,0.430987705421,0.430987705421,0.205149135666,0.0467478178928,0.416780676038,0.445397973041
 01/23  12:00:00,1.57387951738,15.885816858,0.0,14.8063639514,0.0,0.417312990815,0.417312990815,0.417312990815,0.205149135666,0.0467478178928,0.435735142253,0.445534430753
 01/23  13:00:00,1.53109883257,14.8714953877,0.0,13.9124448919,0.0,0.392135600898,0.392135600898,0.392135600898,0.205149135666,0.0467478178928,0.425637021538,0.438029256575
 01/23  14:00:00,1.57777348204,17.3233194393,0.0,16.4360867363,0.0,0.463334266783,0.463334266783,0.463334266783,0.205149135666,0.0467478178928,0.385966199058,0.453176062644
 01/23  15:00:00,1.58236865877,17.0885358487,0.0,16.2708498765,0.0,0.45876465865,0.45876465865,0.45876465865,0.215946512535,0.0492082438285,0.356355588907,0.478693654849
 01/23  16:00:00,1.67310165528,16.5901281538,0.0,15.7621529855,0.0,0.444464355425,0.444464355425,0.444464355425,0.269933141293,0.0615103124214,0.368490937387,0.505302908753
 01/23  17:00:00,2.07267159671,17.4444399199,0.0,16.525238875,0.0,0.466090988495,0.466090988495,0.466090988495,0.453487652263,0.103337308986,0.428670866964,0.59768478
 01/23  18:00:00,2.81252643214,18.5490399655,0.0,17.4412292324,0.0,0.492109506912,0.492109506912,0.492109506912,0.842191296402,0.191912153986,0.536821987543,0.726091487301
 01/23  19:00:00,3.3508964811,18.5844538275,0.0,17.3075693811,0.0,0.488550196591,0.488550196591,0.488550196591,1.25248956773,0.285407820314,0.482732692333,0.788316204123
 01/23  20:00:00,3.34240196112,18.6296099496,0.0,17.3253283236,0.0,0.489178862745,0.489178862745,0.489178862745,1.32807082119,0.302630710236,0.385424228339,0.813697338616
 01/23  21:00:00,3.1248331529,19.4654592505,0.0,18.257967231,0.0,0.515596113093,0.515596113093,0.515596113093,1.14451631022,0.260803683128,0.338845876819,0.841671169644
 01/23  22:00:00,2.86938787748,19.7066093696,0.0,18.6211771994,0.0,0.525954731606,0.525954731606,0.525954731606,0.960961801745,0.218976686564,0.318073398495,0.822021259068
 01/23  23:00:00,2.4146531906,19.837579047,0.0,18.9541226164,0.0,0.535484966665,0.535484966665,0.535484966665,0.723420662017,0.164847621407,0.256145886137,0.71135405437
 01/23  24:00:00,1.9685716928,19.9079568037,0.0,19.2413328885,0.0,0.543668066744,0.543668066744,0.543668066744,0.496676901655,0.113178951643,0.173494335907,0.618153436849
 01/24  01:00:00,1.5234109819,20.0924707886,0.0,19.65485812,0.0,0.555350431922,0.555350431922,0.555350431922,0.259135764424,0.0590498864857,0.115167850971,0.511307048096
 01/24  02:00:00,1.3587319808,20.8811359114,0.0,20.5469505337,0.0,0.580573762029,0.580573762029,0.580573762029,0.151162506908,0.0344457798429,0.0983708244822,0.470779107534
 01/24  03:00:00,1.29307241154,21.1264292458,0.0,20.8206729991,0.0,0.588324101474,0.588324101474,0.588324101474,0.107973243613,0.0246041219143,0.0834501454999,0.465320799041
 01/24  04:00:00,1.28217626,21.2861874393,0.0,20.9728974793,0.0,0.59267542995,0.59267542995,0.59267542995,0.107973243613,0.0246041219143,0.0747526356716,0.458770828849
 01/24  05:00:00,1.28732149971,21.7319697413,0.0,21.3387421835,0.0,0.603057677936,0.603057677936,0.603057677936,0.107973243613,0.0246041219143,0.0868457568597,0.441440699384
 01/24  06:00:00,1.36912415526,22.6397871625,0.0,21.8902704615,0.0,0.618718530643,0.618718530643,0.618718530643,0.107973243613,0.0246041219143,0.101815917579,0.492612341507
 01/24  07:00:00,1.66789652277,22.827675342,0.0,21.4134131619,0.0,0.605325683748,0.605325683748,0.605325683748,0.248338385058,0.0565894910929,0.165077844744,0.569165118123
 01/24  08:00:00,2.15883094084,23.3067471803,0.0,21.7053490072,0.0,0.613638628894,0.613638628894,0.613638628894,0.507474149482,0.115639377579,0.25639820385,0.604780581041
 01/24  09:00:00,2.02472553968,21.538429933,0.0,19.9891700371,0.0,0.565213446676,0.565213446676,0.565213446676,0.485879522289,0.11071855625,0.32820696637,0.511307048096
 01/24  10:00:00,1.66189200786,19.032184481,0.0,17.6303244252,0.0,0.498419176346,0.498419176346,0.498419176346,0.248338385058,0.0565894910929,0.39998131075,0.435163644616
 01/24  11:00:00,1.61609803566,18.1640564769,0.0,16.9322651028,0.0,0.478622433017,0.478622433017,0.478622433017,0.205149135666,0.0467478178928,0.416780676038,0.445397973041
 01/24  12:00:00,1.57692380012,15.9508002588,0.0,14.8726073629,0.0,0.420357273551,0.420357273551,0.420357273551,0.205149135666,0.0467478178928,0.435735142253,0.445534430753
 01/24  13:00:00,1.53151313915,14.8481445357,0.0,13.8901940188,0.0,0.392549907482,0.392549907482,0.392549907482,0.205149135666,0.0467478178928,0.425637021538,0.438029256575
 01/24  14:00:00,1.49341517973,14.2973992186,0.0,13.4105777597,0.0,0.378975964464,0.378975964464,0.378975964464,0.205149135666,0.0467478178928,0.385966199058,0.453176062644
 01/24  15:00:00,1.47725939107,13.3330879071,0.0,12.5152140966,0.0,0.353655390945,0.353655390945,0.353655390945,0.215946512535,0.0492082438285,0.356355588907,0.478693654849
 01/24  16:00:00,1.60389851936,14.1084334521,0.0,13.2802103222,0.0,0.375261219503,0.375261219503,0.375261219503,0.269933141293,0.0615103124214,0.368490937387,0.505302908753
 01/24  17:00:00,1.98788383065,14.4120364896,0.0,13.4924840097,0.0,0.381303222439,0.381303222439,0.381303222439,0.453487652263,0.103337308986,0.428670866964,0.59768478
 01/24  18:00:00,2.75880512614,16.6154415445,0.0,15.5071763023,0.0,0.438388200904,0.438388200904,0.438388200904,0.842191296402,0.191912153986,0.536821987543,0.726091487301
 01/24  19:00:00,3.26213569441,15.4171830877,0.0,14.1391927361,0.0,0.399789409901,0.399789409901,0.399789409901,1.25248956773,0.285407820314,0.482732692333,0.788316204123
 01/24  20:00:00,3.27648630111,16.2722971854,0.0,14.9672763781,0.0,0.423263202728,0.423263202728,0.423263202728,1.32807082119,0.302630710236,0.385424228339,0.813697338616
 01/24  21:00:00,3.04920118208,16.7641274371,0.0,15.5558618345,0.0,0.439964142269,0.439964142269,0.439964142269,1.14451631022,0.260803683128,0.338845876819,0.841671169644
 01/24  22:00:00,2.7892998252,16.8497942709,0.0,15.7632532719,0.0,0.445866679324,0.445866679324,0.445866679324,0.960961801745,0.218976686564,0.318073398495,0.822021259068
 01/24  23:00:00,2.3334198823,16.9436402455,0.0,16.0592258705,0.0,0.454251658373,0.454251658373,0.454251658373,0.723420662017,0.164847621407,0.256145886137,0.71135405437
 01/24  24:00:00,1.8834459705,16.8785550357,0.0,16.211248365,0.0,0.458542344444,0.458542344444,0.458542344444,0.496676901655,0.113178951643,0.173494335907,0.618153436849
 01/25  01:00:00,1.44044389659,17.1390666401,0.0,16.7008829119,0.0,0.472383346611,0.472383346611,0.472383346611,0.259135764424,0.0590498864857,0.115167850971,0.511307048096
 01/25  02:00:00,1.25426279372,17.1683481356,0.0,16.8335926593,0.0,0.476104574954,0.476104574954,0.476104574954,0.151162506908,0.0344457798429,0.0983708244822,0.470779107534
 01/25  03:00:00,1.18886954087,17.4248725801,0.0,17.1182411542,0.0,0.484121230801,0.484121230801,0.484121230801,0.107973243613,0.0246041219143,0.0834501454999,0.465320799041
 01/25  04:00:00,1.1793847709,17.6381311168,0.0,17.3238260048,0.0,0.489883940852,0.489883940852,0.489883940852,0.107973243613,0.0246041219143,0.0747526356716,0.458770828849
 01/25  05:00:00,1.17720097348,17.8268605892,0.0,17.4324897362,0.0,0.492937151711,0.492937151711,0.492937151711,0.107973243613,0.0246041219143,0.0868457568597,0.441440699384
 01/25  06:00:00,1.25919854938,18.7442079888,0.0,17.9930159576,0.0,0.508792924765,0.508792924765,0.508792924765,0.107973243613,0.0246041219143,0.101815917579,0.492612341507
 01/25  07:00:00,1.60144668286,20.4723456935,0.0,19.0559627426,0.0,0.53887584384,0.53887584384,0.53887584384,0.248338385058,0.0565894910929,0.165077844744,0.569165118123
 01/25  08:00:00,2.08085644448,20.5420775521,0.0,18.9386963114,0.0,0.535664132526,0.535664132526,0.535664132526,0.507474149482,0.115639377579,0.25639820385,0.604780581041
 01/25  09:00:00,1.95100152292,18.9253993671,0.0,17.3740159666,0.0,0.491489429919,0.491489429919,0.491489429919,0.485879522289,0.11071855625,0.32820696637,0.511307048096
 01/25  10:00:00,1.63139067484,17.9475238579,0.0,16.5440930407,0.0,0.467917843321,0.467917843321,0.467917843321,0.248338385058,0.0565894910929,0.39998131075,0.435163644616
 01/25  11:00:00,1.60740426855,17.8506394062,0.0,16.6177741587,0.0,0.469928665913,0.469928665913,0.469928665913,0.205149135666,0.0467478178928,0.416780676038,0.445397973041
 01/25  12:00:00,1.58237127561,16.1396620321,0.0,15.0604889155,0.0,0.425804749045,0.425804749045,0.425804749045,0.205149135666,0.0467478178928,0.435735142253,0.445534430753
 01/25  13:00:00,1.53747589945,15.0572999753,0.0,14.0984505085,0.0,0.398512667776,0.398512667776,0.398512667776,0.205149135666,0.0467478178928,0.425637021538,0.438029256575
 01/25  14:00:00,1.49597502,14.3879875328,0.0,13.5001819415,0.0,0.381535804736,0.381535804736,0.381535804736,0.205149135666,0.0467478178928,0.385966199058,0.453176062644
 01/25  15:00:00,1.4973502348,14.0440645643,0.0,13.2255746866,0.0,0.373746234678,0.373746234678,0.373746234678,0.215946512535,0.0492082438285,0.356355588907,0.478693654849
 01/25  16:00:00,1.59242330891,13.7027988414,0.0,12.8738046521,0.0,0.363786009054,0.363786009054,0.363786009054,0.269933141293,0.0615103124214,0.368490937387,0.505302908753
 01/25  17:00:00,1.97456009023,13.9428237458,0.0,13.0221890708,0.0,0.367979482021,0.367979482021,0.367979482021,0.453487652263,0.103337308986,0.428670866964,0.59768478
 01/25  18:00:00,2.71081253997,14.9230164258,0.0,13.8131021439,0.0,0.390395614742,0.390395614742,0.390395614742,0.842191296402,0.191912153986,0.536821987543,0.726091487301
 01/25  19:00:00,3.2475975505,14.9073580615,0.0,13.6279192355,0.0,0.385251265992,0.385251265992,0.385251265992,1.25248956773,0.285407820314,0.482732692333,0.788316204123
 01/25  20:00:00,3.25749682778,15.6044955614,0.0,14.2981479738,0.0,0.404273729397,0.404273729397,0.404273729397,1.32807082119,0.302630710236,0.385424228339,0.813697338616
 01/25  21:00:00,3.01724558308,15.6387915275,0.0,14.4291761711,0.0,0.408008543273,0.408008543273,0.408008543273,1.14451631022,0.260803683128,0.338845876819,0.841671169644
 01/25  22:00:00,2.77379541787,16.3064589604,0.0,15.2188720493,0.0,0.430362271997,0.430362271997,0.430362271997,0.960961801745,0.218976686564,0.318073398495,0.822021259068
 01/25  23:00:00,2.31460064998,16.2823448789,0.0,15.3972588841,0.0,0.435432426053,0.435432426053,0.435432426053,0.723420662017,0.164847621407,0.256145886137,0.71135405437
 01/25  24:00:00,1.86558835886,16.250775107,0.0,15.582911421,0.0,0.440684732807,0.440684732807,0.440684732807,0.496676901655,0.113178951643,0.173494335907,0.618153436849
 01/26  01:00:00,1.41051037198,16.0859041617,0.0,15.6472128033,0.0,0.442449822007,0.442449822007,0.442449822007,0.259135764424,0.0590498864857,0.115167850971,0.511307048096
 01/26  02:00:00,1.22158040441,16.0193166299,0.0,15.68385754,0.0,0.443422185641,0.443422185641,0.443422185641,0.151162506908,0.0344457798429,0.0983708244822,0.470779107534
 01/26  03:00:00,1.15634709942,16.2825140639,0.0,15.9754057221,0.0,0.45159878935,0.45159878935,0.45159878935,0.107973243613,0.0246041219143,0.0834501454999,0.465320799041
 01/26  04:00:00,1.16619826597,17.1788366346,0.0,16.8641629159,0.0,0.476697435924,0.476697435924,0.476697435924,0.107973243613,0.0246041219143,0.0747526356716,0.458770828849
 01/26  05:00:00,1.16774104842,17.497922299,0.0,17.1032936063,0.0,0.483477226646,0.483477226646,0.483477226646,0.107973243613,0.0246041219143,0.0868457568597,0.441440699384
 01/26  06:00:00,1.2488906162,18.3850256146,0.0,17.6333541449,0.0,0.498484991582,0.498484991582,0.498484991582,0.107973243613,0.0246041219143,0.101815917579,0.492612341507
 01/26  07:00:00,1.5543140281,18.8112810789,0.0,17.3934668336,0.0,0.491743189079,0.491743189079,0.491743189079,0.248338385058,0.0565894910929,0.165077844744,0.569165118123
 01/26  08:00:00,2.007018229,17.9394455365,0.0,16.3341070806,0.0,0.46182591705,0.46182591705,0.46182591705,0.507474149482,0.115639377579,0.25639820385,0.604780581041
 01/26  09:00:00,1.91257574895,17.5778378135,0.0,16.0243473601,0.0,0.453063655946,0.453063655946,0.453063655946,0.485879522289,0.11071855625,0.32820696637,0.511307048096
 01/26  10:00:00,1.5983268699,16.7870900334,0.0,15.3819864339,0.0,0.434854038378,0.434854038378,0.434854038378,0.248338385058,0.0565894910929,0.39998131075,0.435163644616
 01/26  11:00:00,1.56572203925,16.3848294991,0.0,15.1503876622,0.0,0.428246436608,0.428246436608,0.428246436608,0.205149135666,0.0467478178928,0.416780676038,0.445397973041
 01/26  12:00:00,1.55339593886,15.1211276649,0.0,14.0406692787,0.0,0.396829412293,0.396829412293,0.396829412293,0.205149135666,0.0467478178928,0.435735142253,0.445534430753
 01/26  13:00:00,1.52845914077,14.7418441828,0.0,13.7822813022,0.0,0.389495909096,0.389495909096,0.389495909096,0.205149135666,0.0467478178928,0.425637021538,0.438029256575
 01/26  14:00:00,1.49801540556,14.4619263122,0.0,13.5737275696,0.0,0.383576190299,0.383576190299,0.383576190299,0.205149135666,0.0467478178928,0.385966199058,0.453176062644
 01/26  15:00:00,1.51771789771,14.7655879411,0.0,13.9467634096,0.0,0.394113897587,0.394113897587,0.394113897587,0.215946512535,0.0492082438285,0.356355588907,0.478693654849
 01/26  16:00:00,1.59436635395,13.7721538127,0.0,12.9428456954,0.0,0.365729054092,0.365729054092,0.365729054092,0.269933141293,0.0615103124214,0.368490937387,0.505302908753
 01/26  17:00:00,1.97846497636,14.0827750498,0.0,13.1616445779,0.0,0.371884368149,0.371884368149,0.371884368149,0.453487652263,0.103337308986,0.428670866964,0.59768478
 01/26  18:00:00,2.70888572532,14.8586041736,0.0,13.7478023313,0.0,0.388468800086,0.388468800086,0.388468800086,0.842191296402,0.191912153986,0.536821987543,0.726091487301
 01/26  19:00:00,3.22830182523,14.2298964547,0.0,12.9491617094,0.0,0.365955540721,0.365955540721,0.365955540721,1.25248956773,0.285407820314,0.482732692333,0.788316204123
 01/26  20:00:00,3.22096588049,14.3189181609,0.0,13.0110851504,0.0,0.367742782109,0.367742782109,0.367742782109,1.32807082119,0.302630710236,0.385424228339,0.813697338616
 01/26  21:00:00,2.98154132879,14.3823256244,0.0,13.1712852315,0.0,0.372304288982,0.372304288982,0.372304288982,1.14451631022,0.260803683128,0.338845876819,0.841671169644
 01/26  22:00:00,2.71613607973,14.2744275779,0.0,13.1853249633,0.0,0.372702933862,0.372702933862,0.372702933862,0.960961801745,0.218976686564,0.318073398495,0.822021259068
 01/26  23:00:00,2.24966415643,13.993973759,0.0,13.1073904998,0.0,0.370495932497,0.370495932497,0.370495932497,0.723420662017,0.164847621407,0.256145886137,0.71135405437
 01/26  24:00:00,1.80012110068,13.9446851165,0.0,13.2753664499,0.0,0.375217474625,0.375217474625,0.375217474625,0.496676901655,0.113178951643,0.173494335907,0.618153436849
 01/27  01:00:00,1.35831084866,14.2490956857,0.0,13.8092552126,0.0,0.39025029868,0.39025029868,0.39025029868,0.259135764424,0.0590498864857,0.115167850971,0.511307048096
 01/27  02:00:00,1.17495502724,14.3791438868,0.0,14.0429301116,0.0,0.396796808471,0.396796808471,0.396796808471,0.151162506908,0.0344457798429,0.0983708244822,0.470779107534
 01/27  03:00:00,1.10730029267,14.5561832035,0.0,14.2481705226,0.0,0.402551982606,0.402551982606,0.402551982606,0.107973243613,0.0246041219143,0.0834501454999,0.465320799041
 01/27  04:00:00,1.09364245248,14.6215103289,0.0,14.3057676798,0.0,0.404141622436,0.404141622436,0.404141622436,0.107973243613,0.0246041219143,0.0747526356716,0.458770828849
 01/27  05:00:00,1.0926007627,14.851275189,0.0,14.4552264303,0.0,0.408336940925,0.408336940925,0.408336940925,0.107973243613,0.0246041219143,0.0868457568597,0.441440699384
 01/27  06:00:00,1.16005282467,15.2560638698,0.0,14.5024306128,0.0,0.409647200056,0.409647200056,0.409647200056,0.107973243613,0.0246041219143,0.101815917579,0.492612341507
 01/27  07:00:00,1.4685894885,15.7950476169,0.0,14.37451582,0.0,0.40601864948,0.40601864948,0.40601864948,0.248338385058,0.0565894910929,0.165077844744,0.569165118123
 01/27  08:00:00,1.9720835433,16.7220513945,0.0,15.1138465532,0.0,0.426891231353,0.426891231353,0.426891231353,0.507474149482,0.115639377579,0.25639820385,0.604780581041
 01/27  09:00:00,1.85100741909,15.4151833349,0.0,13.8593649507,0.0,0.391495326083,0.391495326083,0.391495326083,0.485879522289,0.11071855625,0.32820696637,0.511307048096
 01/27  10:00:00,1.53079612715,14.4133110882,0.0,13.0057035374,0.0,0.367323295636,0.367323295636,0.367323295636,0.248338385058,0.0565894910929,0.39998131075,0.435163644616
 01/27  11:00:00,1.50731432272,14.3331438816,0.0,13.0964893857,0.0,0.369838720083,0.369838720083,0.369838720083,0.205149135666,0.0467478178928,0.416780676038,0.445397973041
 01/27  12:00:00,1.46457309816,11.9920256955,0.0,10.9091797878,0.0,0.3080065716,0.3080065716,0.3080065716,0.205149135666,0.0467478178928,0.435735142253,0.445534430753
 01/27  13:00:00,1.44581788189,11.831774969,0.0,10.8699067781,0.0,0.306854650218,0.306854650218,0.306854650218,0.205149135666,0.0467478178928,0.425637021538,0.438029256575
 01/27  14:00:00,1.42952143743,12.0520496944,0.0,11.1617413284,0.0,0.31508222217,0.31508222217,0.31508222217,0.205149135666,0.0467478178928,0.385966199058,0.453176062644
 01/27  15:00:00,1.42805607397,11.6058103373,0.0,10.7849915511,0.0,0.304452073854,0.304452073854,0.304452073854,0.215946512535,0.0492082438285,0.356355588907,0.478693654849
 01/27  16:00:00,1.54493303487,12.0360113251,0.0,11.2048069169,0.0,0.316295735016,0.316295735016,0.316295735016,0.269933141293,0.0615103124214,0.368490937387,0.505302908753
 01/27  17:00:00,1.93053509539,12.3980972015,0.0,11.4752869125,0.0,0.32395448718,0.32395448718,0.32395448718,0.453487652263,0.103337308986,0.428670866964,0.59768478
 01/27  18:00:00,2.66686121969,13.3815661215,0.0,12.2691934917,0.0,0.346444294457,0.346444294457,0.346444294457,0.842191296402,0.191912153986,0.536821987543,0.726091487301
 01/27  19:00:00,3.19417123007,13.0309950843,0.0,11.7488558837,0.0,0.331824945561,0.331824945561,0.331824945561,1.25248956773,0.285407820314,0.482732692333,0.788316204123
 01/27  20:00:00,3.18769991867,13.151375895,0.0,11.8416923858,0.0,0.334476820295,0.334476820295,0.334476820295,1.32807082119,0.302630710236,0.385424228339,0.813697338616
 01/27  21:00:00,2.9590349236,13.5954726221,0.0,12.3829972326,0.0,0.34979788379,0.34979788379,0.34979788379,1.14451631022,0.260803683128,0.338845876819,0.841671169644
 01/27  22:00:00,2.69654866334,13.5903057293,0.0,12.4998457939,0.0,0.353115517467,0.353115517467,0.353115517467,0.960961801745,0.218976686564,0.318073398495,0.822021259068
 01/27  23:00:00,2.26768213655,14.6410092493,0.0,13.7533537491,0.0,0.38851391262,0.38851391262,0.38851391262,0.723420662017,0.164847621407,0.256145886137,0.71135405437
 01/27  24:00:00,1.81251784053,14.3912717281,0.0,13.7213866022,0.0,0.387614214479,0.387614214479,0.387614214479,0.496676901655,0.113178951643,0.173494335907,0.618153436849
 01/28  01:00:00,1.38899271072,15.0903226083,0.0,14.6303566982,0.0,0.413262863848,0.413262863848,0.413262863848,0.259135764424,0.0590498864857,0.122837147866,0.511307048096
 01/28  02:00:00,1.21491745078,15.6468283371,0.0,15.3000949104,0.0,0.432154370617,0.432154370617,0.432154370617,0.151162506908,0.0344457798429,0.102975685881,0.470779107534
 01/28  03:00:00,1.15936136792,16.3026492275,0.0,15.9873327675,0.0,0.451566613027,0.451566613027,0.451566613027,0.107973243613,0.0246041219143,0.0864965903205,0.465320799041
 01/28  04:00:00,1.14118200181,16.2577551264,0.0,15.9343495694,0.0,0.450088200244,0.450088200244,0.450088200244,0.107973243613,0.0246041219143,0.0763456071944,0.458770828849
 01/28  05:00:00,1.15282000893,16.889543907,0.0,16.4771993592,0.0,0.465439838963,0.465439838963,0.465439838963,0.107973243613,0.0246041219143,0.0899621050554,0.441440699384
 01/28  06:00:00,1.23475145835,17.7776075593,0.0,16.9761894909,0.0,0.479566359066,0.479566359066,0.479566359066,0.107973243613,0.0246041219143,0.106595392246,0.492612341507
 01/28  07:00:00,1.55033766998,18.3570393914,0.0,16.8257929041,0.0,0.475370400104,0.475370400104,0.475370400104,0.248338385058,0.0565894910929,0.177474275597,0.569165118123
 01/28  08:00:00,2.08077154431,19.8264051223,0.0,18.0826277281,0.0,0.510890976929,0.510890976929,0.510890976929,0.507474149482,0.115639377579,0.281086459277,0.604780581041
 01/28  09:00:00,1.96033866515,18.0834330198,0.0,16.3857136327,0.0,0.462983054656,0.462983054656,0.462983054656,0.485879522289,0.11071855625,0.36605048386,0.511307048096
 01/28  10:00:00,1.64983380428,16.8907832115,0.0,15.3517866648,0.0,0.433824738142,0.433824738142,0.433824738142,0.248338385058,0.0565894910929,0.45251754537,0.435163644616
 01/28  11:00:00,1.60694291244,15.8630437676,0.0,14.5131643746,0.0,0.410065042554,0.410065042554,0.410065042554,0.205149135666,0.0467478178928,0.476182943291,0.445397973041
 01/28  12:00:00,1.59779434193,14.6263341104,0.0,13.449919951,0.0,0.379990929487,0.379990929487,0.379990929487,0.205149135666,0.0467478178928,0.496972028135,0.445534430753
 01/28  13:00:00,1.57386284354,14.4622053345,0.0,13.4194718874,0.0,0.379120688301,0.379120688301,0.379120688301,0.205149135666,0.0467478178928,0.481415945109,0.438029256575
 01/28  14:00:00,1.5487958613,14.5350490817,0.0,13.5747070527,0.0,0.383503941619,0.383503941619,0.383503941619,0.205149135666,0.0467478178928,0.43681890348,0.453176062644
 01/28  15:00:00,1.58585203018,15.6290520307,0.0,14.7454493953,0.0,0.416601529341,0.416601529341,0.416601529341,0.215946512535,0.0492082438285,0.402002089622,0.478693654849
 01/28  16:00:00,1.67961635555,15.324015719,0.0,14.4305618157,0.0,0.407743587507,0.407743587507,0.407743587507,0.269933141293,0.0615103124214,0.411726405573,0.505302908753
 01/28  17:00:00,2.07354103722,16.0416063451,0.0,15.0423012014,0.0,0.425056190036,0.425056190036,0.425056190036,0.453487652263,0.103337308986,0.470575105936,0.59768478
 01/28  18:00:00,2.79425085858,16.5101555409,0.0,15.3056099923,0.0,0.432590014911,0.432590014911,0.432590014911,0.842191296402,0.191912153986,0.578065905983,0.726091487301
 01/28  19:00:00,3.2968296527,15.356234866,0.0,13.9543029726,0.0,0.394454666874,0.394454666874,0.394454666874,1.25248956773,0.285407820314,0.522761393651,0.788316204123
 01/28  20:00:00,3.33196592861,16.9620895035,0.0,15.5192142089,0.0,0.438790617151,0.438790617151,0.438790617151,1.32807082119,0.302630710236,0.425376441419,0.813697338616
 01/28  21:00:00,3.09481335251,17.0727442845,0.0,15.7333544489,0.0,0.444911714134,0.444911714134,0.444911714134,1.14451631022,0.260803683128,0.37951047539,0.841671169644
 01/28  22:00:00,2.85994559738,17.9903948164,0.0,16.7937633539,0.0,0.474971117931,0.474971117931,0.474971117931,0.960961801745,0.218976686564,0.359614732068,0.822021259068
 01/28  23:00:00,2.38889905538,17.8246833889,0.0,16.8542396989,0.0,0.476722084295,0.476722084295,0.476722084295,0.723420662017,0.164847621407,0.289154633287,0.71135405437
 01/28  24:00:00,1.91992234101,17.581151327,0.0,16.8605537835,0.0,0.476894728783,0.476894728783,0.476894728783,0.496676901655,0.113178951643,0.191618322082,0.618153436849
 01/29  01:00:00,1.47343489639,18.053883846,0.0,17.5959793435,0.0,0.497705049521,0.497705049521,0.497705049521,0.259135764424,0.0590498864857,0.122837147866,0.511307048096
 01/29  02:00:00,1.27361295384,17.6996064731,0.0,17.3548430101,0.0,0.490849873675,0.490849873675,0.490849873675,0.151162506908,0.0344457798429,0.102975685881,0.470779107534
 01/29  03:00:00,1.20822811416,18.0073469906,0.0,17.6936116847,0.0,0.500433359276,0.500433359276,0.500433359276,0.107973243613,0.0246041219143,0.0864965903205,0.465320799041
 01/29  04:00:00,1.19717480594,18.2162047194,0.0,17.8941762124,0.0,0.506081004374,0.506081004374,0.506081004374,0.107973243613,0.0246041219143,0.0763456071944,0.458770828849
 01/29  05:00:00,1.19043598184,18.1981966056,0.0,17.7871629144,0.0,0.503055811877,0.503055811877,0.503055811877,0.107973243613,0.0246041219143,0.0899621050554,0.441440699384
 01/29  06:00:00,1.27254444209,19.0936123049,0.0,18.2929207437,0.0,0.517359342807,0.517359342807,0.517359342807,0.107973243613,0.0246041219143,0.106595392246,0.492612341507
 01/29  07:00:00,1.61837294086,20.7441237676,0.0,19.2132852913,0.0,0.543405670987,0.543405670987,0.543405670987,0.248338385058,0.0565894910929,0.177474275597,0.569165118123
 01/29  08:00:00,2.05768470086,18.9879684256,0.0,17.2444956218,0.0,0.48780413348,0.48780413348,0.48780413348,0.507474149482,0.115639377579,0.281086459277,0.604780581041
 01/29  09:00:00,1.95884929301,18.0141512391,0.0,16.3153994299,0.0,0.461493682515,0.461493682515,0.461493682515,0.485879522289,0.11071855625,0.36605048386,0.511307048096
 01/29  10:00:00,1.68778029325,18.2198060936,0.0,16.6804740586,0.0,0.471771227117,0.471771227117,0.471771227117,0.248338385058,0.0565894910929,0.45251754537,0.435163644616
 01/29  11:00:00,1.64762148119,17.2887955876,0.0,15.9388320121,0.0,0.450743611301,0.450743611301,0.450743611301,0.205149135666,0.0467478178928,0.476182943291,0.445397973041
 01/29  12:00:00,1.60078560278,14.722944226,0.0,13.5460547847,0.0,0.382982190332,0.382982190332,0.382982190332,0.205149135666,0.0467478178928,0.496972028135,0.445534430753
 01/29  13:00:00,1.57716719077,14.5715205945,0.0,13.5282959388,0.0,0.382425035529,0.382425035529,0.382425035529,0.205149135666,0.0467478178928,0.481415945109,0.438029256575
 01/29  14:00:00,1.55626145813,14.7919653617,0.0,13.8312245204,0.0,0.390969538447,0.390969538447,0.390969538447,0.205149135666,0.0467478178928,0.43681890348,0.453176062644
 01/29  15:00:00,1.55494479286,14.5286212244,0.0,13.6444598377,0.0,0.38569429202,0.38569429202,0.38569429202,0.215946512535,0.0492082438285,0.402002089622,0.478693654849
 01/29  16:00:00,1.66015901733,14.6306251571,0.0,13.7364919422,0.0,0.388286249286,0.388286249286,0.388286249286,0.269933141293,0.0615103124214,0.411726405573,0.505302908753
 01/29  17:00:00,2.04018280722,14.8576013513,0.0,13.8573861195,0.0,0.391697960034,0.391697960034,0.391697960034,0.453487652263,0.103337308986,0.470575105936,0.59768478
 01/29  18:00:00,2.79804834167,16.6408537692,0.0,15.4355074359,0.0,0.436387497994,0.436387497994,0.436387497994,0.842191296402,0.191912153986,0.578065905983,0.726091487301
 01/29  19:00:00,3.3107568751,15.8447105395,0.0,14.4420831185,0.0,0.408381889276,0.408381889276,0.408381889276,1.25248956773,0.285407820314,0.522761393651,0.788316204123
 01/29  20:00:00,3.30733068329,16.0884125993,0.0,14.6446302182,0.0,0.414155371831,0.414155371831,0.414155371831,1.32807082119,0.302630710236,0.425376441419,0.813697338616
 01/29  21:00:00,3.09766810149,17.1706626157,0.0,15.8305400863,0.0,0.447766463106,0.447766463106,0.447766463106,1.14451631022,0.260803683128,0.37951047539,0.841671169644
 01/29  22:00:00,2.86001578435,17.9887977124,0.0,16.7917043028,0.0,0.475041304906,0.475041304906,0.475041304906,0.960961801745,0.218976686564,0.359614732068,0.822021259068
 01/29  23:00:00,2.40016593353,18.2185653116,0.0,17.2478131088,0.0,0.487988962451,0.487988962451,0.487988962451,0.723420662017,0.164847621407,0.289154633287,0.71135405437
 01/29  24:00:00,1.92695340682,17.8244714567,0.0,17.1037278792,0.0,0.483925794595,0.483925794595,0.483925794595,0.496676901655,0.113178951643,0.191618322082,0.618153436849
 01/30  01:00:00,1.47822259379,18.4697036128,0.0,18.0316984414,0.0,0.510162043816,0.510162043816,0.510162043816,0.259135764424,0.0590498864857,0.115167850971,0.511307048096
 01/30  02:00:00,1.29553388668,18.6210288062,0.0,18.2872326597,0.0,0.517375667915,0.517375667915,0.517375667915,0.151162506908,0.0344457798429,0.0983708244822,0.470779107534
 01/30  03:00:00,1.22423404722,18.6669286636,0.0,18.3614936403,0.0,0.51948573715,0.51948573715,0.51948573715,0.107973243613,0.0246041219143,0.0834501454999,0.465320799041
 01/30  04:00:00,1.20994788833,18.7091608057,0.0,18.3959734508,0.0,0.520447058284,0.520447058284,0.520447058284,0.107973243613,0.0246041219143,0.0747526356716,0.458770828849
 01/30  05:00:00,1.20580767254,18.8288490907,0.0,18.4351700921,0.0,0.521543850765,0.521543850765,0.521543850765,0.107973243613,0.0246041219143,0.0868457568597,0.441440699384
 01/30  06:00:00,1.27697303926,19.3649852923,0.0,18.6128444703,0.0,0.526567414644,0.526567414644,0.526567414644,0.107973243613,0.0246041219143,0.101815917579,0.492612341507
 01/30  07:00:00,1.58536022909,19.900027969,0.0,18.4794104082,0.0,0.522789390072,0.522789390072,0.522789390072,0.248338385058,0.0565894910929,0.165077844744,0.569165118123
 01/30  08:00:00,2.09626002503,21.0871068053,0.0,19.4783670426,0.0,0.551067713076,0.551067713076,0.551067713076,0.507474149482,0.115639377579,0.25639820385,0.604780581041
 01/30  09:00:00,1.97097505927,19.6316095478,0.0,18.075443668,0.0,0.511462966267,0.511462966267,0.511462966267,0.485879522289,0.11071855625,0.32820696637,0.511307048096
 01/30  10:00:00,1.6524093212,18.6882969503,0.0,17.2807878806,0.0,0.488936489678,0.488936489678,0.488936489678,0.248338385058,0.0565894910929,0.39998131075,0.435163644616
 01/30  11:00:00,1.61877239244,18.2482466446,0.0,17.0121372022,0.0,0.481296789802,0.481296789802,0.481296789802,0.205149135666,0.0467478178928,0.416780676038,0.445397973041
 01/30  12:00:00,1.55940510576,15.3231512005,0.0,14.2412229872,0.0,0.402838579195,0.402838579195,0.402838579195,0.205149135666,0.0467478178928,0.435735142253,0.445534430753
 01/30  13:00:00,1.51076107762,14.1068766563,0.0,13.1458762837,0.0,0.371797845945,0.371797845945,0.371797845945,0.205149135666,0.0467478178928,0.425637021538,0.438029256575
 01/30  14:00:00,1.48840334119,14.1120606314,0.0,13.222853593,0.0,0.373964125926,0.373964125926,0.373964125926,0.205149135666,0.0467478178928,0.385966199058,0.453176062644
 01/30  15:00:00,1.50449381341,14.2864919271,0.0,13.4671681284,0.0,0.380889813291,0.380889813291,0.380889813291,0.215946512535,0.0492082438285,0.356355588907,0.478693654849
 01/30  16:00:00,1.61099486912,14.3477637064,0.0,13.5181622034,0.0,0.382357569267,0.382357569267,0.382357569267,0.269933141293,0.0615103124214,0.368490937387,0.505302908753
 01/30  17:00:00,2.00199888072,14.8994702159,0.0,13.9780758137,0.0,0.395418272509,0.395418272509,0.395418272509,0.453487652263,0.103337308986,0.428670866964,0.59768478
 01/30  18:00:00,2.77628631128,17.2202681196,0.0,16.1092558411,0.0,0.455869386046,0.455869386046,0.455869386046,0.842191296402,0.191912153986,0.536821987543,0.726091487301
 01/30  19:00:00,3.33309134866,17.9092304623,0.0,16.6284938273,0.0,0.470745064158,0.470745064158,0.470745064158,1.25248956773,0.285407820314,0.482732692333,0.788316204123
 01/30  20:00:00,3.3313966981,18.1954176549,0.0,16.8872356477,0.0,0.478173599718,0.478173599718,0.478173599718,1.32807082119,0.302630710236,0.385424228339,0.813697338616
 01/30  21:00:00,3.10095399015,18.5742785009,0.0,17.363413952,0.0,0.49171695034,0.49171695034,0.49171695034,1.14451631022,0.260803683128,0.338845876819,0.841671169644
 01/30  22:00:00,2.84766657202,18.8929446233,0.0,17.8044097316,0.0,0.50423342615,0.50423342615,0.50423342615,0.960961801745,0.218976686564,0.318073398495,0.822021259068
 01/30  23:00:00,2.38421178507,18.7175223052,0.0,17.832365122,0.0,0.505043561137,0.505043561137,0.505043561137,0.723420662017,0.164847621407,0.256145886137,0.71135405437
 01/30  24:00:00,1.93799104236,18.7829365186,0.0,18.1158503155,0.0,0.513087416302,0.513087416302,0.513087416302,0.496676901655,0.113178951643,0.173494335907,0.618153436849
 01/31  01:00:00,1.50772013075,19.4931901222,0.0,19.0564084704,0.0,0.539659580772,0.539659580772,0.539659580772,0.259135764424,0.0590498864857,0.115167850971,0.511307048096
 01/31  02:00:00,1.36158259568,20.9345482142,0.0,20.6021390332,0.0,0.583424376915,0.583424376915,0.583424376915,0.151162506908,0.0344457798429,0.0983708244822,0.470779107534
 01/31  03:00:00,1.26975247819,20.2537766836,0.0,19.9500161241,0.0,0.565004168124,0.565004168124,0.565004168124,0.107973243613,0.0246041219143,0.0834501454999,0.465320799041
 01/31  04:00:00,1.24992053794,20.0996511785,0.0,19.7879535503,0.0,0.56041970789,0.56041970789,0.56041970789,0.107973243613,0.0246041219143,0.0747526356716,0.458770828849
 01/31  05:00:00,1.24441187361,20.1726579221,0.0,19.7802519175,0.0,0.56014805184,0.56014805184,0.56014805184,0.107973243613,0.0246041219143,0.0868457568597,0.441440699384
 01/31  06:00:00,1.30924962355,20.486667731,0.0,19.7355093571,0.0,0.558843998935,0.558843998935,0.558843998935,0.107973243613,0.0246041219143,0.101815917579,0.492612341507
 01/31  07:00:00,1.64528805006,21.9990757575,0.0,20.5790610065,0.0,0.582717211038,0.582717211038,0.582717211038,0.248338385058,0.0565894910929,0.165077844744,0.569165118123
 01/31  08:00:00,2.12188513285,21.9720395221,0.0,20.3639912715,0.0,0.576692820898,0.576692820898,0.576692820898,0.507474149482,0.115639377579,0.25639820385,0.604780581041
 01/31  09:00:00,2.00710433854,20.8908592613,0.0,19.3351907014,0.0,0.547592245538,0.547592245538,0.547592245538,0.485879522289,0.11071855625,0.32820696637,0.511307048096
 01/31  10:00:00,1.70819987788,20.6408697292,0.0,19.2340868872,0.0,0.544727046364,0.544727046364,0.544727046364,0.248338385058,0.0565894910929,0.39998131075,0.435163644616
 01/31  11:00:00,1.66802759376,19.9712347226,0.0,18.7358625981,0.0,0.530551991123,0.530551991123,0.530551991123,0.205149135666,0.0467478178928,0.416780676038,0.445397973041
 01/31  12:00:00,1.63863684694,18.1067674513,0.0,17.0259476783,0.0,0.482070320376,0.482070320376,0.482070320376,0.205149135666,0.0467478178928,0.435735142253,0.445534430753
 01/31  13:00:00,1.62800341972,18.233024059,0.0,17.2735894332,0.0,0.48904018805,0.48904018805,0.48904018805,0.205149135666,0.0467478178928,0.425637021538,0.438029256575
 01/31  14:00:00,1.59314363328,17.796265607,0.0,16.9085372335,0.0,0.478704418022,0.478704418022,0.478704418022,0.205149135666,0.0467478178928,0.385966199058,0.453176062644
 01/31  15:00:00,1.6011958903,17.6874355147,0.0,16.8694509521,0.0,0.477591890181,0.477591890181,0.477591890181,0.215946512535,0.0492082438285,0.356355588907,0.478693654849
 01/31  16:00:00,1.72267577386,18.2782291494,0.0,17.4499465404,0.0,0.494038474008,0.494038474008,0.494038474008,0.269933141293,0.0615103124214,0.368490937387,0.505302908753
 01/31  17:00:00,2.10145145319,18.3967562499,0.0,17.4767188216,0.0,0.494870844974,0.494870844974,0.494870844974,0.453487652263,0.103337308986,0.428670866964,0.59768478
 01/31  18:00:00,2.8553776068,19.997270875,0.0,18.8872379816,0.0,0.534960681567,0.534960681567,0.534960681567,0.842191296402,0.191912153986,0.536821987543,0.726091487301
 01/31  19:00:00,3.3622318404,18.9266139927,0.0,17.6459441269,0.0,0.499885555897,0.499885555897,0.499885555897,1.25248956773,0.285407820314,0.482732692333,0.788316204123
 01/31  20:00:00,3.37847074177,19.8456984186,0.0,18.5378436244,0.0,0.525247643395,0.525247643395,0.525247643395,1.32807082119,0.302630710236,0.385424228339,0.813697338616
 01/31  21:00:00,3.14068346847,19.964986953,0.0,18.7544842113,0.0,0.531446428657,0.531446428657,0.531446428657,1.14451631022,0.260803683128,0.338845876819,0.841671169644
 01/31  22:00:00,2.8316212273,18.3154767916,0.0,17.2270690112,0.0,0.48818808143,0.48818808143,0.48818808143,0.960961801745,0.218976686564,0.318073398495,0.822021259068
 01/31  23:00:00,2.32954573073,16.7829860858,0.0,15.897103944,0.0,0.450377506801,0.450377506801,0.450377506801,0.723420662017,0.164847621407,0.256145886137,0.71135405437
 01/31  24:00:00,1.83638187598,15.1979498561,0.0,14.5295359277,0.0,0.411478249922,0.411478249922,0.411478249922,0.496676901655,0.113178951643,0.173494335907,0.618153436849
 02/01  01:00:00,1.3393077619,13.6015068137,0.0,13.1624401869,0.0,0.37259204438,0.37259204438,0.37259204438,0.255984317186,0.058331758294,0.11503645343,0.513963188605
 02/01  02:00:00,1.11391046082,12.0985868672,0.0,11.7626792143,0.0,0.332782143283,0.332782143283,0.332782143283,0.151694360542,0.0345669746653,0.0982422690411,0.473224713288
 02/01  03:00:00,0.993216224517,10.590437665,0.0,10.2818430149,0.0,0.29069906368,0.29069906368,0.29069906368,0.104289915935,0.023764795846,0.0833243991109,0.467738049945
 02/01  04:00:00,0.937491106449,9.17457437708,0.0,8.85727011044,0.0,0.250251717065,0.250251717065,0.250251717065,0.104289915935,0.023764795846,0.0746306236694,0.461154053934
 02/01  05:00:00,0.919448489635,8.80918965709,0.0,8.41085466513,0.0,0.237534251458,0.237534251458,0.237534251458,0.104289915935,0.023764795846,0.0867256285748,0.443733897822
 02/01  06:00:00,0.989107272479,8.87389217399,0.0,8.11620264823,0.0,0.229144062257,0.229144062257,0.229144062257,0.113770823272,0.025925230999,0.101695789294,0.495171366658
 02/01  07:00:00,1.27642862785,10.2200821328,0.0,8.79287797161,0.0,0.248202962656,0.248202962656,0.248202962656,0.218060791572,0.0496900298993,0.16495302369,0.572121820036
 02/01  08:00:00,1.71054157323,10.4711525047,0.0,8.85553837215,0.0,0.249950957169,0.249950957169,0.249950957169,0.436121451606,0.0993800597985,0.256266806309,0.607922298345
 02/01  09:00:00,1.56191426894,9.33005747227,0.0,7.76682224652,0.0,0.219183535624,0.219183535624,0.219183535624,0.388716916169,0.088577868762,0.328072759777,0.513963188605
 02/01  10:00:00,1.3142710037,9.23850190362,0.0,7.82418112423,0.0,0.220774827531,0.220774827531,0.220774827531,0.189618017695,0.0432087030601,0.39984522044,0.437424234978
 02/01  11:00:00,1.32067790205,9.9900599042,0.0,8.74709407748,0.0,0.246655559602,0.246655559602,0.246655559602,0.151694360542,0.0345669746653,0.416649278498,0.447711728745
 02/01  12:00:00,1.34636666748,10.0701641178,0.0,8.98257002931,0.0,0.253252692235,0.253252692235,0.253252692235,0.151694360542,0.0345669746653,0.435603744712,0.447848895329
 02/01  13:00:00,1.30770527725,9.20442205334,0.0,8.23829831343,0.0,0.232240128251,0.232240128251,0.232240128251,0.151694360542,0.0345669746653,0.425499080558,0.440304733233
 02/01  14:00:00,1.27804923717,8.94965864749,0.0,8.05479715407,0.0,0.22702941988,0.22702941988,0.22702941988,0.151694360542,0.0345669746653,0.385828258079,0.455530224008
 02/01  15:00:00,1.2825148512,8.7677391053,0.0,7.94264893375,0.0,0.223812197841,0.223812197841,0.223812197841,0.16117537286,0.036727406764,0.356219498597,0.481180375134
 02/01  16:00:00,1.36626603189,9.13281910391,0.0,8.29733110154,0.0,0.233758455801,0.233758455801,0.233758455801,0.189618017695,0.0432087030601,0.368352996408,0.507927858929
 02/01  17:00:00,1.64760713273,9.23502636531,0.0,8.30737038831,0.0,0.234010616541,0.234010616541,0.234010616541,0.293907971843,0.0669735172319,0.428525391116,0.600789636
 02/01  18:00:00,2.26101950519,10.7946183027,0.0,9.67667117895,0.0,0.272613490356,0.272613490356,0.272613490356,0.568854050589,0.129626139723,0.536662433387,0.729863391132
 02/01  19:00:00,2.78847441004,10.5532512608,0.0,9.26461114337,0.0,0.261036848318,0.261036848318,0.261036848318,0.976532859856,0.222524903226,0.482568445407,0.792411353236
 02/01  20:00:00,3.01923226262,10.400970403,0.0,9.08488077489,0.0,0.25598678634,0.25598678634,0.25598678634,1.2514789386,0.285177525717,0.385264674182,0.817924337778
 02/01  21:00:00,2.89807810091,10.3765248525,0.0,9.15783493746,0.0,0.258059114237,0.258059114237,0.258059114237,1.16615087755,0.265733606286,0.338691015432,0.846043487408
 02/01  22:00:00,2.6245643359,10.6607982357,0.0,9.56473423325,0.0,0.269535007116,0.269535007116,0.269535007116,0.967051979077,0.220364471127,0.317921379207,0.826291499375
 02/01  23:00:00,2.15720575559,10.7582017754,0.0,9.86577683821,0.0,0.278014389133,0.278014389133,0.278014389133,0.72054841113,0.164193144932,0.256000410288,0.715049400107
 02/01  24:00:00,1.73014201689,11.144553301,0.0,10.470586086,0.0,0.295028281626,0.295028281626,0.295028281626,0.502487751097,0.114503115032,0.173358245597,0.621364623534
 02/02  01:00:00,1.27070335845,11.2327418326,0.0,10.7896237541,0.0,0.303987640938,0.303987640938,0.303987640938,0.255984317186,0.058331758294,0.11503645343,0.513963188605
 02/02  02:00:00,1.08627397763,11.1705078369,0.0,10.8314690077,0.0,0.305145660096,0.305145660096,0.305145660096,0.151694360542,0.0345669746653,0.0982422690411,0.473224713288
 02/02  03:00:00,1.01610621593,11.4432307733,0.0,11.1323842961,0.0,0.313589055095,0.313589055095,0.313589055095,0.104289915935,0.023764795846,0.0833243991109,0.467738049945
 02/02  04:00:00,1.00091481957,11.4559982675,0.0,11.1373595374,0.0,0.313675430185,0.313675430185,0.313675430185,0.104289915935,0.023764795846,0.0746306236694,0.461154053934
 02/02  05:00:00,1.00339804526,11.8152970146,0.0,11.4159164664,0.0,0.321483807086,0.321483807086,0.321483807086,0.104289915935,0.023764795846,0.0867256285748,0.443733897822
 02/02  06:00:00,1.09209303983,12.5538779591,0.0,11.7952794306,0.0,0.33212982961,0.33212982961,0.33212982961,0.113770823272,0.025925230999,0.101695789294,0.495171366658
 02/02  07:00:00,1.35048899771,12.8741348799,0.0,11.4456955651,0.0,0.32226333251,0.32226333251,0.32226333251,0.218060791572,0.0496900298993,0.16495302369,0.572121820036
 02/02  08:00:00,1.81823383074,14.3195412878,0.0,12.7023735386,0.0,0.357643214682,0.357643214682,0.357643214682,0.436121451606,0.0993800597985,0.256266806309,0.607922298345
 02/02  09:00:00,1.67664703484,13.4245535718,0.0,11.8602597275,0.0,0.333916301529,0.333916301529,0.333916301529,0.388716916169,0.088577868762,0.328072759777,0.513963188605
 02/02  10:00:00,1.43181622686,13.4299505407,0.0,12.0149135203,0.0,0.338320050691,0.338320050691,0.338320050691,0.189618017695,0.0432087030601,0.39984522044,0.437424234978
 02/02  11:00:00,1.4326575406,13.9806924294,0.0,12.7374748927,0.0,0.35863519815,0.35863519815,0.35863519815,0.151694360542,0.0345669746653,0.416649278498,0.447711728745
 02/02  12:00:00,1.41714985542,12.597111622,0.0,11.5089203885,0.0,0.324035880174,0.324035880174,0.324035880174,0.151694360542,0.0345669746653,0.435603744712,0.447848895329
 02/02  13:00:00,1.40291517146,12.5975584097,0.0,11.6308916218,0.0,0.327450022464,0.327450022464,0.327450022464,0.151694360542,0.0345669746653,0.425499080558,0.440304733233
 02/02  14:00:00,1.37670913263,12.4633495309,0.0,11.5685224242,0.0,0.32568931534,0.32568931534,0.32568931534,0.151694360542,0.0345669746653,0.385828258079,0.455530224008
 02/02  15:00:00,1.38384771911,12.3739319249,0.0,11.548979471,0.0,0.32514506575,0.32514506575,0.32514506575,0.16117537286,0.036727406764,0.356219498597,0.481180375134
 02/02  16:00:00,1.46169772375,12.5271148034,0.0,11.6916965945,0.0,0.329190147656,0.329190147656,0.329190147656,0.189618017695,0.0432087030601,0.368352996408,0.507927858929
 02/02  17:00:00,1.74107565831,12.5579054469,0.0,11.6302470269,0.0,0.327479142115,0.327479142115,0.327479142115,0.293907971843,0.0669735172319,0.428525391116,0.600789636
 02/02  18:00:00,2.35369656149,14.0872000559,0.0,12.9691999846,0.0,0.36529054666,0.36529054666,0.36529054666,0.568854050589,0.129626139723,0.536662433387,0.729863391132
 02/02  19:00:00,2.87047759248,13.4654188077,0.0,12.176593498,0.0,0.343040030754,0.343040030754,0.343040030754,0.976532859856,0.222524903226,0.482568445407,0.792411353236
 02/02  20:00:00,3.10767408017,13.5407375012,0.0,12.2244760219,0.0,0.344428603893,0.344428603893,0.344428603893,1.2514789386,0.285177525717,0.385264674182,0.817924337778
 02/02  21:00:00,2.99821694069,13.9291160924,0.0,12.7106490572,0.0,0.358197954018,0.358197954018,0.358197954018,1.16615087755,0.265733606286,0.338691015432,0.846043487408
 02/02  22:00:00,2.71386453095,13.8273708609,0.0,12.7313539504,0.0,0.358835202165,0.358835202165,0.358835202165,0.967051979077,0.220364471127,0.317921379207,0.826291499375
 02/02  23:00:00,2.24837550776,13.9903650538,0.0,13.0980628548,0.0,0.369184141301,0.369184141301,0.369184141301,0.72054841113,0.164193144932,0.256000410288,0.715049400107
 02/02  24:00:00,1.81498088357,14.150028754,0.0,13.476376498,0.0,0.37986714831,0.37986714831,0.37986714831,0.502487751097,0.114503115032,0.173358245597,0.621364623534
 02/03  01:00:00,1.36257785155,14.4869169932,0.0,14.0441908087,0.0,0.395862134035,0.395862134035,0.395862134035,0.255984317186,0.058331758294,0.11503645343,0.513963188605
 02/03  02:00:00,1.18604898843,14.7041759751,0.0,14.3656564558,0.0,0.404920670892,0.404920670892,0.404920670892,0.151694360542,0.0345669746653,0.0982422690411,0.473224713288
 02/03  03:00:00,1.14125472006,15.8750630803,0.0,15.5651029377,0.0,0.438737559227,0.438737559227,0.438737559227,0.104289915935,0.023764795846,0.0833243991109,0.467738049945
 02/03  04:00:00,1.13603966606,16.2376273644,0.0,15.9202183966,0.0,0.448800276678,0.448800276678,0.448800276678,0.104289915935,0.023764795846,0.0746306236694,0.461154053934
 02/03  05:00:00,1.13121029764,16.3338849993,0.0,15.9358650294,0.0,0.44929605946,0.44929605946,0.44929605946,0.104289915935,0.023764795846,0.0867256285748,0.443733897822
 02/03  06:00:00,1.21669501355,16.9564495887,0.0,16.1990167457,0.0,0.456731803328,0.456731803328,0.456731803328,0.113770823272,0.025925230999,0.101695789294,0.495171366658
 02/03  07:00:00,1.4827511223,17.547645124,0.0,16.1199771642,0.0,0.454525457099,0.454525457099,0.454525457099,0.218060791572,0.0496900298993,0.16495302369,0.572121820036
 02/03  08:00:00,1.95851776932,19.2736364977,0.0,17.6572995613,0.0,0.49792715326,0.49792715326,0.49792715326,0.436121451606,0.0993800597985,0.256266806309,0.607922298345
 02/03  09:00:00,1.80805363806,18.0624636063,0.0,16.499191299,0.0,0.465322904742,0.465322904742,0.465322904742,0.388716916169,0.088577868762,0.328072759777,0.513963188605
 02/03  10:00:00,1.53252632965,16.9771691101,0.0,15.5628256528,0.0,0.439030153476,0.439030153476,0.439030153476,0.189618017695,0.0432087030601,0.39984522044,0.437424234978
 02/03  11:00:00,1.49694541265,16.2367226211,0.0,14.9939460802,0.0,0.422923070197,0.422923070197,0.422923070197,0.151694360542,0.0345669746653,0.416649278498,0.447711728745
 02/03  12:00:00,1.47543569597,14.6439258701,0.0,13.5559570701,0.0,0.382321720722,0.382321720722,0.382321720722,0.151694360542,0.0345669746653,0.435603744712,0.447848895329
 02/03  13:00:00,1.40260484249,12.5690328859,0.0,11.6018647215,0.0,0.327139693492,0.327139693492,0.327139693492,0.151694360542,0.0345669746653,0.425499080558,0.440304733233
 02/03  14:00:00,1.36917214777,12.1805925488,0.0,11.285006772,0.0,0.318152330479,0.318152330479,0.318152330479,0.151694360542,0.0345669746653,0.385828258079,0.455530224008
 02/03  15:00:00,1.36729009416,11.7718818848,0.0,10.9461586413,0.0,0.308587440809,0.308587440809,0.308587440809,0.16117537286,0.036727406764,0.356219498597,0.481180375134
 02/03  16:00:00,1.4454921486,11.9393033756,0.0,11.1028560245,0.0,0.312984572508,0.312984572508,0.312984572508,0.189618017695,0.0432087030601,0.368352996408,0.507927858929
 02/03  17:00:00,1.73434417735,12.3075285651,0.0,11.3788220712,0.0,0.320747661156,0.320747661156,0.320747661156,0.293907971843,0.0669735172319,0.428525391116,0.600789636
 02/03  18:00:00,2.33199895337,13.3069117601,0.0,12.1874766055,0.0,0.343592938537,0.343592938537,0.343592938537,0.568854050589,0.129626139723,0.536662433387,0.729863391132
 02/03  19:00:00,2.85251008392,12.818763359,0.0,11.5285880224,0.0,0.325072522194,0.325072522194,0.325072522194,0.976532859856,0.222524903226,0.482568445407,0.792411353236
 02/03  20:00:00,3.09892379029,13.2207046802,0.0,11.9032063398,0.0,0.335678314014,0.335678314014,0.335678314014,1.2514789386,0.285177525717,0.385264674182,0.817924337778
 02/03  21:00:00,2.97408919049,13.0653748883,0.0,11.8452156417,0.0,0.334070203813,0.334070203813,0.334070203813,1.16615087755,0.265733606286,0.338691015432,0.846043487408
 02/03  22:00:00,2.71307239575,13.791802176,0.0,12.6944455587,0.0,0.358043066961,0.358043066961,0.358043066961,0.967051979077,0.220364471127,0.317921379207,0.826291499375
 02/03  23:00:00,2.25396424089,14.1804083335,0.0,13.2869826475,0.0,0.37477287443,0.37477287443,0.37477287443,0.72054841113,0.164193144932,0.256000410288,0.715049400107
 02/03  24:00:00,1.81978673838,14.312420208,0.0,13.6379445603,0.0,0.384673003118,0.384673003118,0.384673003118,0.502487751097,0.114503115032,0.173358245597,0.621364623534
 02/04  01:00:00,1.36227541285,14.2153547986,0.0,13.7520710752,0.0,0.387890398436,0.387890398436,0.387890398436,0.255984317186,0.058331758294,0.122705750325,0.513963188605
 02/04  02:00:00,1.18854163419,14.6317460487,0.0,14.2818436551,0.0,0.402808455258,0.402808455258,0.402808455258,0.151694360542,0.0345669746653,0.10284713044,0.473224713288
 02/04  03:00:00,1.1356049022,15.5685500628,0.0,15.2500766486,0.0,0.430041296545,0.430041296545,0.430041296545,0.104289915935,0.023764795846,0.0863708439315,0.467738049945
 02/04  04:00:00,1.12321924549,15.7303782583,0.0,15.4038555423,0.0,0.43438688458,0.43438688458,0.43438688458,0.104289915935,0.023764795846,0.0762235951923,0.461154053934
 02/04  05:00:00,1.11686529405,15.7288686879,0.0,15.3129307847,0.0,0.431834707681,0.431834707681,0.431834707681,0.104289915935,0.023764795846,0.0898419767705,0.443733897822
 02/04  06:00:00,1.20790678559,16.5219006204,0.0,15.7146873677,0.0,0.443164100704,0.443164100704,0.443164100704,0.113770823272,0.025925230999,0.106475263961,0.495171366658
 02/04  07:00:00,1.51784923151,18.4631309654,0.0,16.9228438002,0.0,0.477227135462,0.477227135462,0.477227135462,0.218060791572,0.0496900298993,0.177349454543,0.572121820036
 02/04  08:00:00,1.9588035103,18.541998524,0.0,16.7884765088,0.0,0.473524638811,0.473524638811,0.473524638811,0.436121451606,0.0993800597985,0.280955061736,0.607922298345
 02/04  09:00:00,1.81791497064,17.2118119651,0.0,15.5039619349,0.0,0.437340719834,0.437340719834,0.437340719834,0.388716916169,0.088577868762,0.365916277267,0.513963188605
 02/04  10:00:00,1.57390892425,16.7163302426,0.0,15.1681631445,0.0,0.427876513454,0.427876513454,0.427876513454,0.189618017695,0.0432087030601,0.45238145506,0.437424234978
 02/04  11:00:00,1.54682771643,16.016781445,0.0,14.6584916083,0.0,0.413403106731,0.413403106731,0.413403106731,0.151694360542,0.0345669746653,0.47605154575,0.447711728745
 02/04  12:00:00,1.52098290464,14.1862648835,0.0,13.0019982212,0.0,0.366632043515,0.366632043515,0.366632043515,0.151694360542,0.0345669746653,0.496840630594,0.447848895329
 02/04  13:00:00,1.49810245607,14.0609030325,0.0,13.010868931,0.0,0.366858383504,0.366858383504,0.366858383504,0.151694360542,0.0345669746653,0.48127800413,0.440304733233
 02/04  14:00:00,1.45983592571,13.6632873535,0.0,12.6960369519,0.0,0.357963403991,0.357963403991,0.357963403991,0.151694360542,0.0345669746653,0.4366809625,0.455530224008
 02/04  15:00:00,1.46347214083,13.6276683118,0.0,12.7371030462,0.0,0.359122986756,0.359122986756,0.359122986756,0.16117537286,0.036727406764,0.401865999312,0.481180375134
 02/04  16:00:00,1.52905745038,13.4320327758,0.0,12.531432637,0.0,0.353314406106,0.353314406106,0.353314406106,0.189618017695,0.0432087030601,0.411588464593,0.507927858929
 02/04  17:00:00,1.85461170893,15.1579221439,0.0,14.1514577412,0.0,0.399110953768,0.399110953768,0.399110953768,0.293907971843,0.0669735172319,0.470429630087,0.600789636
 02/04  18:00:00,2.46295890574,16.570070556,0.0,15.357894209,0.0,0.433308972474,0.433308972474,0.433308972474,0.568854050589,0.129626139723,0.577906351826,0.729863391132
 02/04  19:00:00,3.0101182284,17.0929995953,0.0,15.683136534,0.0,0.442651965357,0.442651965357,0.442651965357,0.976532859856,0.222524903226,0.522597146725,0.792411353236
 02/04  20:00:00,3.25758055735,17.5456113584,0.0,16.0943781384,0.0,0.454382867988,0.454382867988,0.454382867988,1.2514789386,0.285177525717,0.425216887263,0.817924337778
 02/04  21:00:00,3.16577036882,18.52377273,0.0,17.176867513,0.0,0.485086783574,0.485086783574,0.485086783574,1.16615087755,0.265733606286,0.379355614002,0.846043487408
 02/04  22:00:00,2.90701031818,19.2744841979,0.0,18.0710497892,0.0,0.510439655817,0.510439655817,0.510439655817,0.967051979077,0.220364471127,0.35946271278,0.826291499375
 02/04  23:00:00,2.43083719677,19.3359214791,0.0,18.3598008135,0.0,0.518637083164,0.518637083164,0.518637083164,0.72054841113,0.164193144932,0.289009157438,0.715049400107
 02/04  24:00:00,1.99290097069,19.8284906095,0.0,19.1035389827,0.0,0.539663249255,0.539663249255,0.539663249255,0.502487751097,0.114503115032,0.191482231772,0.621364623534
 02/05  01:00:00,1.53648123583,20.3567930347,0.0,19.8961203512,0.0,0.562096221422,0.562096221422,0.562096221422,0.255984317186,0.058331758294,0.122705750325,0.513963188605
 02/05  02:00:00,1.34915621543,20.2885767645,0.0,19.9417200866,0.0,0.5634230365,0.5634230365,0.5634230365,0.151694360542,0.0345669746653,0.10284713044,0.473224713288
 02/05  03:00:00,1.27187140903,20.3584767155,0.0,20.0429419184,0.0,0.566307803369,0.566307803369,0.566307803369,0.104289915935,0.023764795846,0.0863708439315,0.467738049945
 02/05  04:00:00,1.26598562909,20.7507870783,0.0,20.4269012703,0.0,0.577153268187,0.577153268187,0.577153268187,0.104289915935,0.023764795846,0.0762235951923,0.461154053934
 02/05  05:00:00,1.27856527485,21.418821907,0.0,21.0056481321,0.0,0.593534688472,0.593534688472,0.593534688472,0.104289915935,0.023764795846,0.0898419767705,0.443733897822
 02/05  06:00:00,1.36945072949,22.2035425377,0.0,21.3992749715,0.0,0.604708044605,0.604708044605,0.604708044605,0.113770823272,0.025925230999,0.106475263961,0.495171366658
 02/05  07:00:00,1.64013305795,22.7506909442,0.0,21.2126934372,0.0,0.599510961903,0.599510961903,0.599510961903,0.218060791572,0.0496900298993,0.177349454543,0.572121820036
 02/05  08:00:00,2.10526097511,23.6874476526,0.0,21.9356807944,0.0,0.619982103623,0.619982103623,0.619982103623,0.436121451606,0.0993800597985,0.280955061736,0.607922298345
 02/05  09:00:00,1.92067957536,20.8140736043,0.0,19.1075326467,0.0,0.540105324559,0.540105324559,0.540105324559,0.388716916169,0.088577868762,0.365916277267,0.513963188605
 02/05  10:00:00,1.65833876584,19.6739691282,0.0,18.1271812182,0.0,0.512306355049,0.512306355049,0.512306355049,0.189618017695,0.0432087030601,0.45238145506,0.437424234978
 02/05  11:00:00,1.61865477345,18.5280116543,0.0,17.1711467617,0.0,0.485230163752,0.485230163752,0.485230163752,0.151694360542,0.0345669746653,0.47605154575,0.447711728745
 02/05  12:00:00,1.59166618491,16.6604545139,0.0,15.4777995856,0.0,0.437315323776,0.437315323776,0.437315323776,0.151694360542,0.0345669746653,0.496840630594,0.447848895329
 02/05  13:00:00,1.53494929329,15.3396242312,0.0,14.2907238444,0.0,0.40370522072,0.40370522072,0.40370522072,0.151694360542,0.0345669746653,0.48127800413,0.440304733233
 02/05  14:00:00,1.49143337748,14.7580524297,0.0,13.7917175967,0.0,0.389560855766,0.389560855766,0.389560855766,0.151694360542,0.0345669746653,0.4366809625,0.455530224008
 02/05  15:00:00,1.50882882675,15.2095837928,0.0,14.3202072789,0.0,0.404479672676,0.404479672676,0.404479672676,0.16117537286,0.036727406764,0.401865999312,0.481180375134
 02/05  16:00:00,1.5944470921,15.7221040261,0.0,14.8229140952,0.0,0.418704047825,0.418704047825,0.418704047825,0.189618017695,0.0432087030601,0.411588464593,0.507927858929
 02/05  17:00:00,1.9114991797,17.1454474282,0.0,16.140211193,0.0,0.455998424537,0.455998424537,0.455998424537,0.293907971843,0.0669735172319,0.470429630087,0.600789636
 02/05  18:00:00,2.52712727478,18.8141168881,0.0,17.603031334,0.0,0.497477341513,0.497477341513,0.497477341513,0.568854050589,0.129626139723,0.577906351826,0.729863391132
 02/05  19:00:00,3.05936856167,18.8108991259,0.0,17.4016681388,0.0,0.491902298625,0.491902298625,0.491902298625,0.976532859856,0.222524903226,0.522597146725,0.792411353236
 02/05  20:00:00,3.32085446413,19.7590840595,0.0,18.3087176167,0.0,0.51765677477,0.51765677477,0.51765677477,1.2514789386,0.285177525717,0.425216887263,0.817924337778
 02/05  21:00:00,3.22909821422,20.7365908977,0.0,19.3908074258,0.0,0.548414628977,0.548414628977,0.548414628977,1.16615087755,0.265733606286,0.379355614002,0.846043487408
 02/05  22:00:00,2.97740594833,21.7339790717,0.0,20.5318252145,0.0,0.580835285967,0.580835285967,0.580835285967,0.967051979077,0.220364471127,0.35946271278,0.826291499375
 02/05  23:00:00,2.52214906967,22.5330440232,0.0,21.5583730904,0.0,0.609948956059,0.609948956059,0.609948956059,0.72054841113,0.164193144932,0.289009157438,0.715049400107
 02/05  24:00:00,2.069508983,22.5029505845,0.0,21.7797430518,0.0,0.616271261562,0.616271261562,0.616271261562,0.502487751097,0.114503115032,0.191482231772,0.621364623534
 02/06  01:00:00,1.59630775548,22.6879460142,0.0,22.2489998312,0.0,0.629592037964,0.629592037964,0.629592037964,0.255984317186,0.058331758294,0.11503645343,0.513963188605
 02/06  02:00:00,1.42336879431,23.0300274744,0.0,22.6955311284,0.0,0.642240476777,0.642240476777,0.642240476777,0.151694360542,0.0345669746653,0.0982422690411,0.473224713288
 02/06  03:00:00,1.36711348956,23.7912165754,0.0,23.4853623078,0.0,0.664596328718,0.664596328718,0.664596328718,0.104289915935,0.023764795846,0.0833243991109,0.467738049945
 02/06  04:00:00,1.34980389709,23.7247270275,0.0,23.411314477,0.0,0.662564507701,0.662564507701,0.662564507701,0.104289915935,0.023764795846,0.0746306236694,0.461154053934
 02/06  05:00:00,1.3546019269,24.1622953253,0.0,23.7681666327,0.0,0.672687688724,0.672687688724,0.672687688724,0.104289915935,0.023764795846,0.0867256285748,0.443733897822
 02/06  06:00:00,1.41183282688,23.7857098042,0.0,23.0316269054,0.0,0.651869616654,0.651869616654,0.651869616654,0.113770823272,0.025925230999,0.101695789294,0.495171366658
 02/06  07:00:00,1.67379222986,24.2342342994,0.0,22.8087410467,0.0,0.645566564667,0.645566564667,0.645566564667,0.218060791572,0.0496900298993,0.16495302369,0.572121820036
 02/06  08:00:00,2.12201483362,24.9828454149,0.0,23.3685123709,0.0,0.661424217567,0.661424217567,0.661424217567,0.436121451606,0.0993800597985,0.256266806309,0.607922298345
 02/06  09:00:00,2.00663957476,25.0146788756,0.0,23.4530329853,0.0,0.663908841443,0.663908841443,0.663908841443,0.388716916169,0.088577868762,0.328072759777,0.513963188605
 02/06  10:00:00,1.7736935619,25.4384372066,0.0,24.0266909696,0.0,0.680197385731,0.680197385731,0.680197385731,0.189618017695,0.0432087030601,0.39984522044,0.437424234978
 02/06  11:00:00,1.79132687289,26.5761447988,0.0,25.3368523856,0.0,0.71730453044,0.71730453044,0.71730453044,0.151694360542,0.0345669746653,0.416649278498,0.447711728745
 02/06  12:00:00,1.76235076416,24.7205800203,0.0,23.6368715072,0.0,0.669236788908,0.669236788908,0.669236788908,0.151694360542,0.0345669746653,0.435603744712,0.447848895329
 02/06  13:00:00,1.73288679228,24.1829362482,0.0,23.2208936203,0.0,0.657421643286,0.657421643286,0.657421643286,0.151694360542,0.0345669746653,0.425499080558,0.440304733233
 02/06  14:00:00,1.70918727275,24.13769872,0.0,23.247749433,0.0,0.65816745546,0.65816745546,0.65816745546,0.151694360542,0.0345669746653,0.385828258079,0.455530224008
 02/06  15:00:00,1.6628938441,22.1608714996,0.0,21.3408068279,0.0,0.604191190743,0.604191190743,0.604191190743,0.16117537286,0.036727406764,0.356219498597,0.481180375134
 02/06  16:00:00,1.72916227161,21.9082081241,0.0,21.0772079507,0.0,0.596654695515,0.596654695515,0.596654695515,0.189618017695,0.0432087030601,0.368352996408,0.507927858929
 02/06  17:00:00,2.03367793659,22.827700701,0.0,21.9046475601,0.0,0.620081420398,0.620081420398,0.620081420398,0.293907971843,0.0669735172319,0.428525391116,0.600789636
 02/06  18:00:00,2.62057371196,23.4399571374,0.0,22.3260200429,0.0,0.632167697127,0.632167697127,0.632167697127,0.568854050589,0.129626139723,0.536662433387,0.729863391132
 02/06  19:00:00,3.17383960283,24.1073173122,0.0,22.8227281905,0.0,0.646402041106,0.646402041106,0.646402041106,0.976532859856,0.222524903226,0.482568445407,0.792411353236
 02/06  20:00:00,3.38824287843,23.3754857788,0.0,22.0632334097,0.0,0.624997402146,0.624997402146,0.624997402146,1.2514789386,0.285177525717,0.385264674182,0.817924337778
 02/06  21:00:00,3.26898832368,23.4161705588,0.0,22.2015039853,0.0,0.628969336999,0.628969336999,0.628969336999,1.16615087755,0.265733606286,0.338691015432,0.846043487408
 02/06  22:00:00,3.00924097769,24.1823360593,0.0,23.0907191328,0.0,0.654211648903,0.654211648903,0.654211648903,0.967051979077,0.220364471127,0.317921379207,0.826291499375
 02/06  23:00:00,2.54442378023,24.3639044128,0.0,23.4765688671,0.0,0.665232413777,0.665232413777,0.665232413777,0.72054841113,0.164193144932,0.256000410288,0.715049400107
 02/06  24:00:00,2.1023818828,24.2154145518,0.0,23.5472689483,0.0,0.667268147543,0.667268147543,0.667268147543,0.502487751097,0.114503115032,0.173358245597,0.621364623534
 02/07  01:00:00,1.63143552894,23.8940077198,0.0,23.4572160337,0.0,0.66471981142,0.66471981142,0.66471981142,0.255984317186,0.058331758294,0.11503645343,0.513963188605
 02/07  02:00:00,1.41647817629,22.7558233927,0.0,22.4230073305,0.0,0.635349858754,0.635349858754,0.635349858754,0.151694360542,0.0345669746653,0.0982422690411,0.473224713288
 02/07  03:00:00,1.39357831261,24.6984913259,0.0,24.3940458171,0.0,0.691061151774,0.691061151774,0.691061151774,0.104289915935,0.023764795846,0.0833243991109,0.467738049945
 02/07  04:00:00,1.37887681824,24.7254767485,0.0,24.413745125,0.0,0.691637428854,0.691637428854,0.691637428854,0.104289915935,0.023764795846,0.0746306236694,0.461154053934
 02/07  05:00:00,1.36945180339,24.6598185984,0.0,24.2672033753,0.0,0.687537565212,0.687537565212,0.687537565212,0.104289915935,0.023764795846,0.0867256285748,0.443733897822
 02/07  06:00:00,1.46135507079,25.5090050567,0.0,24.7562832474,0.0,0.701391860572,0.701391860572,0.701391860572,0.113770823272,0.025925230999,0.101695789294,0.495171366658
 02/07  07:00:00,1.75954331741,27.2359277658,0.0,25.8120079423,0.0,0.731317652215,0.731317652215,0.731317652215,0.218060791572,0.0496900298993,0.16495302369,0.572121820036
 02/07  08:00:00,2.16883982753,26.6059849133,0.0,24.9933468407,0.0,0.708249211475,0.708249211475,0.708249211475,0.436121451606,0.0993800597985,0.256266806309,0.607922298345
 02/07  09:00:00,2.02698167038,25.7044221828,0.0,24.1439901871,0.0,0.684250937067,0.684250937067,0.684250937067,0.388716916169,0.088577868762,0.328072759777,0.513963188605
 02/07  10:00:00,1.75074528,24.6058763403,0.0,23.1948331853,0.0,0.657249103826,0.657249103826,0.657249103826,0.189618017695,0.0432087030601,0.39984522044,0.437424234978
 02/07  11:00:00,1.76060427405,25.4682864699,0.0,24.2297623204,0.0,0.6865819316,0.6865819316,0.6865819316,0.151694360542,0.0345669746653,0.416649278498,0.447711728745
 02/07  12:00:00,1.66835089523,21.3883942286,0.0,20.3046021782,0.0,0.575236919981,0.575236919981,0.575236919981,0.151694360542,0.0345669746653,0.435603744712,0.447848895329
 02/07  13:00:00,1.57335326336,18.5442194616,0.0,17.581047576,0.0,0.497888114365,0.497888114365,0.497888114365,0.151694360542,0.0345669746653,0.425499080558,0.440304733233
 02/07  14:00:00,1.48453372056,16.2054089874,0.0,15.3133360076,0.0,0.433513903271,0.433513903271,0.433513903271,0.151694360542,0.0345669746653,0.385828258079,0.455530224008
 02/07  15:00:00,1.44552468624,14.4907228385,0.0,13.6679994243,0.0,0.386822032885,0.386822032885,0.386822032885,0.16117537286,0.036727406764,0.356219498597,0.481180375134
 02/07  16:00:00,1.5266337867,14.7606133427,0.0,13.927348827,0.0,0.394126210605,0.394126210605,0.394126210605,0.189618017695,0.0432087030601,0.368352996408,0.507927858929
 02/07  17:00:00,1.82008816051,15.2905578966,0.0,14.3647947918,0.0,0.406491644318,0.406491644318,0.406491644318,0.293907971843,0.0669735172319,0.428525391116,0.600789636
 02/07  18:00:00,2.42784423587,16.6460405101,0.0,15.5289131221,0.0,0.439438221037,0.439438221037,0.439438221037,0.568854050589,0.129626139723,0.536662433387,0.729863391132
 02/07  19:00:00,2.96177955656,16.6338867876,0.0,15.3458146362,0.0,0.43434199484,0.43434199484,0.43434199484,0.976532859856,0.222524903226,0.482568445407,0.792411353236
 02/07  20:00:00,3.21679062833,17.3390355532,0.0,16.0234691836,0.0,0.453545152056,0.453545152056,0.453545152056,1.2514789386,0.285177525717,0.385264674182,0.817924337778
 02/07  21:00:00,3.10016005807,17.4718689442,0.0,16.25433038,0.0,0.460141071394,0.460141071394,0.460141071394,1.16615087755,0.265733606286,0.338691015432,0.846043487408
 02/07  22:00:00,2.83975960389,18.2169794334,0.0,17.1223555639,0.0,0.4847302751,0.4847302751,0.4847302751,0.967051979077,0.220364471127,0.317921379207,0.826291499375
 02/07  23:00:00,2.33251287483,16.9034918385,0.0,16.0133125123,0.0,0.453321508377,0.453321508377,0.453321508377,0.72054841113,0.164193144932,0.256000410288,0.715049400107
 02/07  24:00:00,1.89080811842,16.7695747583,0.0,16.0981442066,0.0,0.45569438316,0.45569438316,0.45569438316,0.502487751097,0.114503115032,0.173358245597,0.621364623534
 02/08  01:00:00,1.45890596654,17.8331608256,0.0,17.3929503169,0.0,0.49219024902,0.49219024902,0.49219024902,0.255984317186,0.058331758294,0.11503645343,0.513963188605
 02/08  02:00:00,1.28828125795,18.2623855101,0.0,17.9268415187,0.0,0.507152940417,0.507152940417,0.507152940417,0.151694360542,0.0345669746653,0.0982422690411,0.473224713288
 02/08  03:00:00,1.21281246037,18.3471882336,0.0,18.0402608374,0.0,0.510295299529,0.510295299529,0.510295299529,0.104289915935,0.023764795846,0.0833243991109,0.467738049945
 02/08  04:00:00,1.17441251327,17.5421630731,0.0,17.2271649824,0.0,0.487173123885,0.487173123885,0.487173123885,0.104289915935,0.023764795846,0.0746306236694,0.461154053934
 02/08  05:00:00,1.16771815507,17.5771646036,0.0,17.1811229288,0.0,0.485803916897,0.485803916897,0.485803916897,0.104289915935,0.023764795846,0.0867256285748,0.443733897822
 02/08  06:00:00,1.27900438307,19.1134152268,0.0,18.3573581465,0.0,0.519041172851,0.519041172851,0.519041172851,0.113770823272,0.025925230999,0.101695789294,0.495171366658
 02/08  07:00:00,1.58274407054,21.0362625656,0.0,19.6089735281,0.0,0.554518405344,0.554518405344,0.554518405344,0.218060791572,0.0496900298993,0.16495302369,0.572121820036
 02/08  08:00:00,1.96899422859,19.5932776799,0.0,17.9767620684,0.0,0.508403612534,0.508403612534,0.508403612534,0.436121451606,0.0993800597985,0.256266806309,0.607922298345
 02/08  09:00:00,1.8123188379,18.1701246279,0.0,16.6054845931,0.0,0.469588104589,0.469588104589,0.469588104589,0.388716916169,0.088577868762,0.328072759777,0.513963188605
 02/08  10:00:00,1.50818663928,16.0841369797,0.0,14.6685559381,0.0,0.414690463102,0.414690463102,0.414690463102,0.189618017695,0.0432087030601,0.39984522044,0.437424234978
 02/08  11:00:00,1.47350964596,15.3764933299,0.0,14.1328467488,0.0,0.399487303508,0.399487303508,0.399487303508,0.151694360542,0.0345669746653,0.416649278498,0.447711728745
 02/08  12:00:00,1.42855808376,12.9576590486,0.0,11.8691358546,0.0,0.335444108515,0.335444108515,0.335444108515,0.151694360542,0.0345669746653,0.435603744712,0.447848895329
 02/08  13:00:00,1.38887623224,12.0582102019,0.0,11.0912475655,0.0,0.313411083242,0.313411083242,0.313411083242,0.151694360542,0.0345669746653,0.425499080558,0.440304733233
 02/08  14:00:00,1.36688444095,12.073275759,0.0,11.1784536656,0.0,0.31586462366,0.31586462366,0.31586462366,0.151694360542,0.0345669746653,0.385828258079,0.455530224008
 02/08  15:00:00,1.37807099362,12.1268169274,0.0,11.3021677836,0.0,0.319368340263,0.319368340263,0.319368340263,0.16117537286,0.036727406764,0.356219498597,0.481180375134
 02/08  16:00:00,1.45920497619,12.3960156869,0.0,11.5609698549,0.0,0.326697400102,0.326697400102,0.326697400102,0.189618017695,0.0432087030601,0.368352996408,0.507927858929
 02/08  17:00:00,1.74786432059,12.7553786553,0.0,11.827987138,0.0,0.334267804398,0.334267804398,0.334267804398,0.293907971843,0.0669735172319,0.428525391116,0.600789636
 02/08  18:00:00,2.37593232011,14.8273909834,0.0,13.7091198465,0.0,0.387526305281,0.387526305281,0.387526305281,0.568854050589,0.129626139723,0.536662433387,0.729863391132
 02/08  19:00:00,2.90611279113,14.6823176944,0.0,13.3930207222,0.0,0.378675229409,0.378675229409,0.378675229409,0.976532859856,0.222524903226,0.482568445407,0.792411353236
 02/08  20:00:00,3.16732421399,15.6055016419,0.0,14.2888374033,0.0,0.404078737708,0.404078737708,0.404078737708,1.2514789386,0.285177525717,0.385264674182,0.817924337778
 02/08  21:00:00,3.06782248063,16.3433236975,0.0,15.124762223,0.0,0.427803493951,0.427803493951,0.427803493951,1.16615087755,0.265733606286,0.338691015432,0.846043487408
 02/08  22:00:00,2.82080445202,17.559883782,0.0,16.4645346083,0.0,0.465775123236,0.465775123236,0.465775123236,0.967051979077,0.220364471127,0.317921379207,0.826291499375
 02/08  23:00:00,2.4033676295,19.4161045222,0.0,18.5254928129,0.0,0.524176263044,0.524176263044,0.524176263044,0.72054841113,0.164193144932,0.256000410288,0.715049400107
 02/08  24:00:00,1.98282580781,20.0264379629,0.0,19.3554248997,0.0,0.547712072545,0.547712072545,0.547712072545,0.502487751097,0.114503115032,0.173358245597,0.621364623534
 02/09  01:00:00,1.5653121496,21.5902164429,0.0,21.1513047415,0.0,0.598596432088,0.598596432088,0.598596432088,0.255984317186,0.058331758294,0.11503645343,0.513963188605
 02/09  02:00:00,1.38215486691,21.5702500781,0.0,21.2360064456,0.0,0.601026549372,0.601026549372,0.601026549372,0.151694360542,0.0345669746653,0.0982422690411,0.473224713288
 02/09  03:00:00,1.30700671669,21.6640184654,0.0,21.3583695904,0.0,0.604489555856,0.604489555856,0.604489555856,0.104289915935,0.023764795846,0.0833243991109,0.467738049945
 02/09  04:00:00,1.26271658162,20.6467173649,0.0,20.3331610842,0.0,0.575477192233,0.575477192233,0.575477192233,0.104289915935,0.023764795846,0.0746306236694,0.461154053934
 02/09  05:00:00,1.24203013308,20.1879732906,0.0,19.7931136256,0.0,0.560115894903,0.560115894903,0.560115894903,0.104289915935,0.023764795846,0.0867256285748,0.443733897822
 02/09  06:00:00,1.30778938007,20.1166624946,0.0,19.3611643656,0.0,0.547826169845,0.547826169845,0.547826169845,0.113770823272,0.025925230999,0.101695789294,0.495171366658
 02/09  07:00:00,1.56959102306,20.5619168154,0.0,19.1343634519,0.0,0.541365357865,0.541365357865,0.541365357865,0.218060791572,0.0496900298993,0.16495302369,0.572121820036
 02/09  08:00:00,1.94115170859,18.6050857756,0.0,16.9877418886,0.0,0.480561092529,0.480561092529,0.480561092529,0.436121451606,0.0993800597985,0.256266806309,0.607922298345
 02/09  09:00:00,1.7981146463,17.6670747289,0.0,16.1014840137,0.0,0.455383912986,0.455383912986,0.455383912986,0.388716916169,0.088577868762,0.328072759777,0.513963188605
 02/09  10:00:00,1.52986228943,16.8494323602,0.0,15.4331196635,0.0,0.436366113257,0.436366113257,0.436366113257,0.189618017695,0.0432087030601,0.39984522044,0.437424234978
 02/09  11:00:00,1.48887043323,15.9205219683,0.0,14.6760687461,0.0,0.414848090784,0.414848090784,0.414848090784,0.151694360542,0.0345669746653,0.416649278498,0.447711728745
 02/09  12:00:00,1.46729021288,14.3309808267,0.0,13.2417281762,0.0,0.374176237631,0.374176237631,0.374176237631,0.151694360542,0.0345669746653,0.435603744712,0.447848895329
 02/09  13:00:00,1.43629049226,13.7397811384,0.0,12.7722719228,0.0,0.360825343261,0.360825343261,0.360825343261,0.151694360542,0.0345669746653,0.425499080558,0.440304733233
 02/09  14:00:00,1.3790726765,12.5115746641,0.0,11.6155445014,0.0,0.328052859211,0.328052859211,0.328052859211,0.151694360542,0.0345669746653,0.385828258079,0.455530224008
 02/09  15:00:00,1.40135359577,12.960007058,0.0,12.1341260766,0.0,0.34265094241,0.34265094241,0.34265094241,0.16117537286,0.036727406764,0.356219498597,0.481180375134
 02/09  16:00:00,1.46826401424,12.7266475113,0.0,11.8903046023,0.0,0.335756438146,0.335756438146,0.335756438146,0.189618017695,0.0432087030601,0.368352996408,0.507927858929
 02/09  17:00:00,1.73295044461,12.2393895143,0.0,11.3103881577,0.0,0.319353928421,0.319353928421,0.319353928421,0.293907971843,0.0669735172319,0.428525391116,0.600789636
 02/09  18:00:00,2.34499876541,13.7495967178,0.0,12.6294174866,0.0,0.356592750578,0.356592750578,0.356592750578,0.568854050589,0.129626139723,0.536662433387,0.729863391132
 02/09  19:00:00,2.88431191748,13.928897693,0.0,12.6376001522,0.0,0.356874355754,0.356874355754,0.356874355754,0.976532859856,0.222524903226,0.482568445407,0.792411353236
 02/09  20:00:00,3.16513390863,15.54633816,0.0,14.2283638465,0.0,0.401888432353,0.401888432353,0.401888432353,1.2514789386,0.285177525717,0.385264674182,0.817924337778
 02/09  21:00:00,3.03685356501,15.268098646,0.0,14.0477663355,0.0,0.396834578335,0.396834578335,0.396834578335,1.16615087755,0.265733606286,0.338691015432,0.846043487408
 02/09  22:00:00,2.76145758125,15.4836957582,0.0,14.3864288077,0.0,0.406428252464,0.406428252464,0.406428252464,0.967051979077,0.220364471127,0.317921379207,0.826291499375
 02/09  23:00:00,2.28589058047,15.2883745284,0.0,14.3953529416,0.0,0.406699214013,0.406699214013,0.406699214013,0.72054841113,0.164193144932,0.256000410288,0.715049400107
 02/09  24:00:00,1.87541756031,16.2593604716,0.0,15.5856746435,0.0,0.440303825052,0.440303825052,0.440303825052,0.502487751097,0.114503115032,0.173358245597,0.621364623534
 02/10  01:00:00,1.40353393786,15.9044156296,0.0,15.4625237703,0.0,0.436818220346,0.436818220346,0.436818220346,0.255984317186,0.058331758294,0.11503645343,0.513963188605
 02/10  02:00:00,1.24034755749,16.594365177,0.0,16.2568752653,0.0,0.459219239956,0.459219239956,0.459219239956,0.151694360542,0.0345669746653,0.0982422690411,0.473224713288
 02/10  03:00:00,1.17141738459,16.9091318113,0.0,16.6003620078,0.0,0.468900223751,0.468900223751,0.468900223751,0.104289915935,0.023764795846,0.0833243991109,0.467738049945
 02/10  04:00:00,1.17217720991,17.4841721386,0.0,17.1678039946,0.0,0.484937820529,0.484937820529,0.484937820529,0.104289915935,0.023764795846,0.0746306236694,0.461154053934
 02/10  05:00:00,1.17589121051,17.8844429771,0.0,17.4872755838,0.0,0.493976972332,0.493976972332,0.493976972332,0.104289915935,0.023764795846,0.0867256285748,0.443733897822
 02/10  06:00:00,1.27542393465,19.0038299542,0.0,18.2465390957,0.0,0.515460724428,0.515460724428,0.515460724428,0.113770823272,0.025925230999,0.101695789294,0.495171366658
 02/10  07:00:00,1.57559131388,20.8028667019,0.0,19.3738256895,0.0,0.547365648679,0.547365648679,0.547365648679,0.218060791572,0.0496900298993,0.16495302369,0.572121820036
 02/10  08:00:00,1.9996326595,20.6932273904,0.0,19.0751989788,0.0,0.539042043444,0.539042043444,0.539042043444,0.436121451606,0.0993800597985,0.256266806309,0.607922298345
 02/10  09:00:00,1.79637531595,17.6213742304,0.0,16.0549567214,0.0,0.453644582637,0.453644582637,0.453644582637,0.388716916169,0.088577868762,0.328072759777,0.513963188605
 02/10  10:00:00,1.49934326027,15.7847743318,0.0,14.367288958,0.0,0.405847084093,0.405847084093,0.405847084093,0.189618017695,0.0432087030601,0.39984522044,0.437424234978
 02/10  11:00:00,1.47084168059,15.2948942341,0.0,14.0496002815,0.0,0.39681933814,0.39681933814,0.39681933814,0.151694360542,0.0345669746653,0.416649278498,0.447711728745
 02/10  12:00:00,1.42490517524,12.8395241461,0.0,11.7493412481,0.0,0.331791199991,0.331791199991,0.331791199991,0.151694360542,0.0345669746653,0.435603744712,0.447848895329
 02/10  13:00:00,1.36618262561,11.2661334356,0.0,10.2972730872,0.0,0.290717476616,0.290717476616,0.290717476616,0.151694360542,0.0345669746653,0.425499080558,0.440304733233
 02/10  14:00:00,1.34757799283,11.4016849746,0.0,10.504957238,0.0,0.296558175534,0.296558175534,0.296558175534,0.151694360542,0.0345669746653,0.385828258079,0.455530224008
 02/10  15:00:00,1.34602931981,11.0050693076,0.0,10.178314467,0.0,0.28732666645,0.28732666645,0.28732666645,0.16117537286,0.036727406764,0.356219498597,0.481180375134
 02/10  16:00:00,1.43784342312,11.6534871976,0.0,10.8163256112,0.0,0.305335847031,0.305335847031,0.305335847031,0.189618017695,0.0432087030601,0.368352996408,0.507927858929
 02/10  17:00:00,1.75789100624,13.1235292706,0.0,12.1943404587,0.0,0.344294490053,0.344294490053,0.344294490053,0.293907971843,0.0669735172319,0.428525391116,0.600789636
 02/10  18:00:00,2.39187185901,15.405048633,0.0,14.2853243289,0.0,0.403465844175,0.403465844175,0.403465844175,0.568854050589,0.129626139723,0.536662433387,0.729863391132
 02/10  19:00:00,2.93612951054,15.7565131943,0.0,14.4658498102,0.0,0.408691948812,0.408691948812,0.408691948812,0.976532859856,0.222524903226,0.482568445407,0.792411353236
 02/10  20:00:00,3.1933106237,16.5360692878,0.0,15.2182687229,0.0,0.430065147425,0.430065147425,0.430065147425,1.2514789386,0.285177525717,0.385264674182,0.817924337778
 02/10  21:00:00,3.10749929014,17.7573076477,0.0,16.537767711,0.0,0.467480303464,0.467480303464,0.467480303464,1.16615087755,0.265733606286,0.338691015432,0.846043487408
 02/10  22:00:00,2.83925250036,18.2242196586,0.0,17.1277370401,0.0,0.484223171577,0.484223171577,0.484223171577,0.967051979077,0.220364471127,0.317921379207,0.826291499375
 02/10  23:00:00,2.36909337766,18.2196587588,0.0,17.3275772622,0.0,0.489902011205,0.489902011205,0.489902011205,0.72054841113,0.164193144932,0.256000410288,0.715049400107
 02/10  24:00:00,1.93196058537,18.2461731654,0.0,17.5735687134,0.0,0.496846850106,0.496846850106,0.496846850106,0.502487751097,0.114503115032,0.173358245597,0.621364623534
 02/11  01:00:00,1.48062974975,18.3666452911,0.0,17.9058420593,0.0,0.506244735337,0.506244735337,0.506244735337,0.255984317186,0.058331758294,0.122705750325,0.513963188605
 02/11  02:00:00,1.30109629056,18.5761974768,0.0,18.2291689695,0.0,0.515363111621,0.515363111621,0.515363111621,0.151694360542,0.0345669746653,0.10284713044,0.473224713288
 02/11  03:00:00,1.22664233218,18.7480768805,0.0,18.4324313161,0.0,0.521078726518,0.521078726518,0.521078726518,0.104289915935,0.023764795846,0.0863708439315,0.467738049945
 02/11  04:00:00,1.20449702184,18.5655278928,0.0,18.2415360913,0.0,0.515664660931,0.515664660931,0.515664660931,0.104289915935,0.023764795846,0.0762235951923,0.461154053934
 02/11  05:00:00,1.20051648664,18.649280268,0.0,18.2355210328,0.0,0.51548590027,0.51548590027,0.51548590027,0.104289915935,0.023764795846,0.0898419767705,0.443733897822
 02/11  06:00:00,1.27893981722,18.9968392797,0.0,18.1908091825,0.0,0.514197132327,0.514197132327,0.514197132327,0.113770823272,0.025925230999,0.106475263961,0.495171366658
 02/11  07:00:00,1.58229219309,20.7048219739,0.0,19.163665746,0.0,0.541670097042,0.541670097042,0.541670097042,0.218060791572,0.0496900298993,0.177349454543,0.572121820036
 02/11  08:00:00,1.98716308615,19.5095626596,0.0,17.7543917768,0.0,0.501884214662,0.501884214662,0.501884214662,0.436121451606,0.0993800597985,0.280955061736,0.607922298345
 02/11  09:00:00,1.86169008046,18.7310177868,0.0,17.0208647293,0.0,0.481115829656,0.481115829656,0.481115829656,0.388716916169,0.088577868762,0.365916277267,0.513963188605
 02/11  10:00:00,1.60678634507,17.8535811149,0.0,16.3035829791,0.0,0.460753934276,0.460753934276,0.460753934276,0.189618017695,0.0432087030601,0.45238145506,0.437424234978
 02/11  11:00:00,1.52721104573,15.2982370288,0.0,13.9381379772,0.0,0.393786436027,0.393786436027,0.393786436027,0.151694360542,0.0345669746653,0.47605154575,0.447711728745
 02/11  12:00:00,1.49881481172,13.382043878,0.0,12.1961236821,0.0,0.34446395059,0.34446395059,0.34446395059,0.151694360542,0.0345669746653,0.496840630594,0.447848895329
 02/11  13:00:00,1.45891250156,12.6556566412,0.0,11.6039521732,0.0,0.327668428994,0.327668428994,0.327668428994,0.151694360542,0.0345669746653,0.48127800413,0.440304733233
 02/11  14:00:00,1.40939615759,11.8604472377,0.0,10.8915713402,0.0,0.307523635879,0.307523635879,0.307523635879,0.151694360542,0.0345669746653,0.4366809625,0.455530224008
 02/11  15:00:00,1.39358409223,11.1376891781,0.0,10.2453773029,0.0,0.289234938156,0.289234938156,0.289234938156,0.16117537286,0.036727406764,0.401865999312,0.481180375134
 02/11  16:00:00,1.45790094578,10.8985861986,0.0,9.99608436382,0.0,0.282157901501,0.282157901501,0.282157901501,0.189618017695,0.0432087030601,0.411588464593,0.507927858929
 02/11  17:00:00,1.72365643796,10.5099030829,0.0,9.50027512954,0.0,0.268155682795,0.268155682795,0.268155682795,0.293907971843,0.0669735172319,0.470429630087,0.600789636
 02/11  18:00:00,2.30566250774,10.9971271644,0.0,9.780141761,0.0,0.27601257447,0.27601257447,0.27601257447,0.568854050589,0.129626139723,0.577906351826,0.729863391132
 02/11  19:00:00,2.81690516467,10.2538747021,0.0,8.83837895262,0.0,0.249438901626,0.249438901626,0.249438901626,0.976532859856,0.222524903226,0.522597146725,0.792411353236
 02/11  20:00:00,3.05853518784,10.5047063167,0.0,9.04745027946,0.0,0.255337498484,0.255337498484,0.255337498484,1.2514789386,0.285177525717,0.425216887263,0.817924337778
 02/11  21:00:00,2.93672022679,10.4253325211,0.0,9.07210013176,0.0,0.256036641539,0.256036641539,0.256036641539,1.16615087755,0.265733606286,0.379355614002,0.846043487408
 02/11  22:00:00,2.67661325329,11.1323800143,0.0,9.92260344065,0.0,0.280042590929,0.280042590929,0.280042590929,0.967051979077,0.220364471127,0.35946271278,0.826291499375
 02/11  23:00:00,2.19988124852,11.1753043004,0.0,10.1934903465,0.0,0.28768113491,0.28768113491,0.28768113491,0.72054841113,0.164193144932,0.289009157438,0.715049400107
 02/11  24:00:00,1.74409363239,11.0366453193,0.0,10.3065077405,0.0,0.290855910959,0.290855910959,0.290855910959,0.502487751097,0.114503115032,0.191482231772,0.621364623534
 02/12  01:00:00,1.27395170116,11.0810984931,0.0,10.6156697954,0.0,0.299566686751,0.299566686751,0.299566686751,0.255984317186,0.058331758294,0.122705750325,0.513963188605
 02/12  02:00:00,1.08755206386,11.0485051203,0.0,10.6967861443,0.0,0.301818884925,0.301818884925,0.301818884925,0.151694360542,0.0345669746653,0.10284713044,0.473224713288
 02/12  03:00:00,1.03095868808,11.8565063876,0.0,11.5360686347,0.0,0.325395082418,0.325395082418,0.325395082418,0.104289915935,0.023764795846,0.0863708439315,0.467738049945
 02/12  04:00:00,1.01192730442,11.7843820308,0.0,11.4557582298,0.0,0.32309494351,0.32309494351,0.32309494351,0.104289915935,0.023764795846,0.0762235951923,0.461154053934
 02/12  05:00:00,1.00736868498,11.8482175666,0.0,11.4298114809,0.0,0.322338098604,0.322338098604,0.322338098604,0.104289915935,0.023764795846,0.0898419767705,0.443733897822
 02/12  06:00:00,1.07419445705,11.7847995407,0.0,10.9739883713,0.0,0.309451772162,0.309451772162,0.309451772162,0.113770823272,0.025925230999,0.106475263961,0.495171366658
 02/12  07:00:00,1.34822869285,12.4568851058,0.0,10.910419467,0.0,0.307606596801,0.307606596801,0.307606596801,0.218060791572,0.0496900298993,0.177349454543,0.572121820036
 02/12  08:00:00,1.81445980102,13.4387330183,0.0,11.6778799626,0.0,0.329180929531,0.329180929531,0.329180929531,0.436121451606,0.0993800597985,0.280955061736,0.607922298345
 02/12  09:00:00,1.67401868465,12.1264528385,0.0,10.411373768,0.0,0.293444433842,0.293444433842,0.293444433842,0.388716916169,0.088577868762,0.365916277267,0.513963188605
 02/12  10:00:00,1.50771555335,14.3874103722,0.0,12.8333274927,0.0,0.361683142561,0.361683142561,0.361683142561,0.189618017695,0.0432087030601,0.45238145506,0.437424234978
 02/12  11:00:00,1.53447570368,15.5922948321,0.0,14.2294821371,0.0,0.401051093982,0.401051093982,0.401051093982,0.151694360542,0.0345669746653,0.47605154575,0.447711728745
 02/12  12:00:00,1.55969512382,15.5668996711,0.0,14.3797980551,0.0,0.405344262694,0.405344262694,0.405344262694,0.151694360542,0.0345669746653,0.496840630594,0.447848895329
 02/12  13:00:00,1.56480812555,16.4315590477,0.0,15.3794392721,0.0,0.433564052981,0.433564052981,0.433564052981,0.151694360542,0.0345669746653,0.48127800413,0.440304733233
 02/12  14:00:00,1.56183961947,17.2823411208,0.0,16.3139459332,0.0,0.459967097757,0.459967097757,0.459967097757,0.151694360542,0.0345669746653,0.4366809625,0.455530224008
 02/12  15:00:00,1.554492786,16.8534190541,0.0,15.9624102686,0.0,0.45014363193,0.45014363193,0.45014363193,0.16117537286,0.036727406764,0.401865999312,0.481180375134
 02/12  16:00:00,1.64052775519,17.3803475811,0.0,16.4793941762,0.0,0.464784710917,0.464784710917,0.464784710917,0.189618017695,0.0432087030601,0.411588464593,0.507927858929
 02/12  17:00:00,1.91625399006,17.3416451205,0.0,16.3341856813,0.0,0.460753234895,0.460753234895,0.460753234895,0.293907971843,0.0669735172319,0.470429630087,0.600789636
 02/12  18:00:00,2.55308728853,19.7635724031,0.0,18.5497702075,0.0,0.523437355264,0.523437355264,0.523437355264,0.568854050589,0.129626139723,0.577906351826,0.729863391132
 02/12  19:00:00,3.05277918816,18.6055689995,0.0,17.1934660857,0.0,0.48531292512,0.48531292512,0.48531292512,0.976532859856,0.222524903226,0.522597146725,0.792411353236
 02/12  20:00:00,3.31396693694,19.5436484807,0.0,18.0902142945,0.0,0.510769247583,0.510769247583,0.510769247583,1.2514789386,0.285177525717,0.425216887263,0.817924337778
 02/12  21:00:00,3.18332087085,19.1490357174,0.0,17.7995916152,0.0,0.502637285601,0.502637285601,0.502637285601,1.16615087755,0.265733606286,0.379355614002,0.846043487408
 02/12  22:00:00,2.89672941349,18.916007111,0.0,17.710076722,0.0,0.500158751135,0.500158751135,0.500158751135,0.967051979077,0.220364471127,0.35946271278,0.826291499375
 02/12  23:00:00,2.42140291125,19.0066695928,0.0,18.0285956278,0.0,0.509202797641,0.509202797641,0.509202797641,0.72054841113,0.164193144932,0.289009157438,0.715049400107
 02/12  24:00:00,1.96579860362,18.8732709892,0.0,18.1469519147,0.0,0.512560882189,0.512560882189,0.512560882189,0.502487751097,0.114503115032,0.191482231772,0.621364623534
 02/13  01:00:00,1.4981807062,19.257498367,0.0,18.81592871,0.0,0.531464988682,0.531464988682,0.531464988682,0.255984317186,0.058331758294,0.11503645343,0.513963188605
 02/13  02:00:00,1.31260313823,19.1538311421,0.0,18.8168832298,0.0,0.531474820692,0.531474820692,0.531474820692,0.151694360542,0.0345669746653,0.0982422690411,0.473224713288
 02/13  03:00:00,1.25144419225,19.7434930996,0.0,19.4349865277,0.0,0.548927031408,0.548927031408,0.548927031408,0.104289915935,0.023764795846,0.0833243991109,0.467738049945
 02/13  04:00:00,1.24698782226,20.134893978,0.0,19.8187500765,0.0,0.559748432876,0.559748432876,0.559748432876,0.104289915935,0.023764795846,0.0746306236694,0.461154053934
 02/13  05:00:00,1.30881883377,22.5923787129,0.0,22.1954317503,0.0,0.62690459559,0.62690459559,0.62690459559,0.104289915935,0.023764795846,0.0867256285748,0.443733897822
 02/13  06:00:00,1.37299613144,22.4594414176,0.0,21.7027535433,0.0,0.613032921217,0.613032921217,0.613032921217,0.113770823272,0.025925230999,0.101695789294,0.495171366658
 02/13  07:00:00,1.65726902696,23.6920724576,0.0,22.2629618526,0.0,0.629043361764,0.629043361764,0.629043361764,0.218060791572,0.0496900298993,0.16495302369,0.572121820036
 02/13  08:00:00,2.09955920833,24.2304200031,0.0,22.6121689717,0.0,0.638968592271,0.638968592271,0.638968592271,0.436121451606,0.0993800597985,0.256266806309,0.607922298345
 02/13  09:00:00,1.91974502484,21.9804615612,0.0,20.4147846855,0.0,0.577014291528,0.577014291528,0.577014291528,0.388716916169,0.088577868762,0.328072759777,0.513963188605
 02/13  10:00:00,1.62868346547,20.352736431,0.0,18.9362388862,0.0,0.535187289301,0.535187289301,0.535187289301,0.189618017695,0.0432087030601,0.39984522044,0.437424234978
 02/13  11:00:00,1.60859396999,20.1641478218,0.0,18.9198446274,0.0,0.534571627542,0.534571627542,0.534571627542,0.151694360542,0.0345669746653,0.416649278498,0.447711728745
 02/13  12:00:00,1.61460515631,19.5467637733,0.0,18.4582391085,0.0,0.521491181059,0.521491181059,0.521491181059,0.151694360542,0.0345669746653,0.435603744712,0.447848895329
 02/13  13:00:00,1.59914625754,19.5030348792,0.0,18.5365478727,0.0,0.523681108543,0.523681108543,0.523681108543,0.151694360542,0.0345669746653,0.425499080558,0.440304733233
 02/13  14:00:00,1.54273689096,18.2997832162,0.0,17.4052850561,0.0,0.49171707367,0.49171707367,0.49171707367,0.151694360542,0.0345669746653,0.385828258079,0.455530224008
 02/13  15:00:00,1.51984091119,17.1482062837,0.0,16.3236954458,0.0,0.461138257836,0.461138257836,0.461138257836,0.16117537286,0.036727406764,0.356219498597,0.481180375134
 02/13  16:00:00,1.59622464957,17.2518082309,0.0,16.416490425,0.0,0.463717073481,0.463717073481,0.463717073481,0.189618017695,0.0432087030601,0.368352996408,0.507927858929
 02/13  17:00:00,1.8913007853,17.8395426139,0.0,16.9118324577,0.0,0.477704269109,0.477704269109,0.477704269109,0.293907971843,0.0669735172319,0.428525391116,0.600789636
 02/13  18:00:00,2.4635595633,17.9380518279,0.0,16.8188608581,0.0,0.47515354847,0.47515354847,0.47515354847,0.568854050589,0.129626139723,0.536662433387,0.729863391132
 02/13  19:00:00,2.98358705115,17.4360642066,0.0,16.1451978918,0.0,0.456149489422,0.456149489422,0.456149489422,0.976532859856,0.222524903226,0.482568445407,0.792411353236
 02/13  20:00:00,3.223164828,17.5958227336,0.0,16.2776736897,0.0,0.459919351726,0.459919351726,0.459919351726,1.2514789386,0.285177525717,0.385264674182,0.817924337778
 02/13  21:00:00,3.10663672641,17.733049477,0.0,16.5126035523,0.0,0.466617739737,0.466617739737,0.466617739737,1.16615087755,0.265733606286,0.338691015432,0.846043487408
 02/13  22:00:00,2.83583761276,18.1113650918,0.0,17.0140367421,0.0,0.480808283971,0.480808283971,0.480808283971,0.967051979077,0.220364471127,0.317921379207,0.826291499375
 02/13  23:00:00,2.36650111157,18.1358506417,0.0,17.2431332707,0.0,0.487309745118,0.487309745118,0.487309745118,0.72054841113,0.164193144932,0.256000410288,0.715049400107
 02/13  24:00:00,1.93990387581,18.5342137339,0.0,17.860999269,0.0,0.504790140547,0.504790140547,0.504790140547,0.502487751097,0.114503115032,0.173358245597,0.621364623534
 02/14  01:00:00,1.45453614625,17.7025319201,0.0,17.2612682618,0.0,0.487820428739,0.487820428739,0.487820428739,0.255984317186,0.058331758294,0.11503645343,0.513963188605
 02/14  02:00:00,1.28170883289,18.0501781279,0.0,17.7131398679,0.0,0.500580515357,0.500580515357,0.500580515357,0.151694360542,0.0345669746653,0.0982422690411,0.473224713288
 02/14  03:00:00,1.22524530617,18.8090678948,0.0,18.500529046,0.0,0.522728145334,0.522728145334,0.522728145334,0.104289915935,0.023764795846,0.0833243991109,0.467738049945
 02/14  04:00:00,1.23011086723,19.5296864881,0.0,19.2136633936,0.0,0.542871477841,0.542871477841,0.542871477841,0.104289915935,0.023764795846,0.0746306236694,0.461154053934
 02/14  05:00:00,1.21646913381,19.3152093681,0.0,18.9183355449,0.0,0.534554895634,0.534554895634,0.534554895634,0.104289915935,0.023764795846,0.0867256285748,0.443733897822
 02/14  06:00:00,1.29519541678,19.700012738,0.0,18.9424160817,0.0,0.53523220656,0.53523220656,0.53523220656,0.113770823272,0.025925230999,0.101695789294,0.495171366658
 02/14  07:00:00,1.55834717213,20.1919496377,0.0,18.7617835203,0.0,0.530121506938,0.530121506938,0.530121506938,0.218060791572,0.0496900298993,0.16495302369,0.572121820036
 02/14  08:00:00,2.0134686313,21.1863373575,0.0,19.5667717752,0.0,0.552878015241,0.552878015241,0.552878015241,0.436121451606,0.0993800597985,0.256266806309,0.607922298345
 02/14  09:00:00,1.85340786075,19.6376506147,0.0,18.0707584482,0.0,0.510677127433,0.510677127433,0.510677127433,0.388716916169,0.088577868762,0.328072759777,0.513963188605
 02/14  10:00:00,1.55250132184,17.6633575372,0.0,16.2456105797,0.0,0.459005145665,0.459005145665,0.459005145665,0.189618017695,0.0432087030601,0.39984522044,0.437424234978
 02/14  11:00:00,1.49068843044,15.9962057028,0.0,14.750244887,0.0,0.416666087995,0.416666087995,0.416666087995,0.151694360542,0.0345669746653,0.416649278498,0.447711728745
 02/14  12:00:00,1.44505665931,13.5529244237,0.0,12.4620693023,0.0,0.351942684061,0.351942684061,0.351942684061,0.151694360542,0.0345669746653,0.435603744712,0.447848895329
 02/14  13:00:00,1.37214607094,11.4780279334,0.0,10.5083389358,0.0,0.296680921942,0.296680921942,0.296680921942,0.151694360542,0.0345669746653,0.425499080558,0.440304733233
 02/14  14:00:00,1.30560218851,9.91785416759,0.0,9.01955437624,0.0,0.25458237122,0.25458237122,0.25458237122,0.151694360542,0.0345669746653,0.385828258079,0.455530224008
 02/14  15:00:00,1.28157843939,8.72656029157,0.0,7.89780637921,0.0,0.22287578603,0.22287578603,0.22287578603,0.16117537286,0.036727406764,0.356219498597,0.481180375134
 02/14  16:00:00,1.32378959536,7.61933573077,0.0,6.77950444251,0.0,0.191282019267,0.191282019267,0.191282019267,0.189618017695,0.0432087030601,0.368352996408,0.507927858929
 02/14  17:00:00,1.62091543156,8.28097171866,0.0,7.34848928239,0.0,0.207318915368,0.207318915368,0.207318915368,0.293907971843,0.0669735172319,0.428525391116,0.600789636
 02/14  18:00:00,2.22937677851,9.66346206568,0.0,8.53978957997,0.0,0.240970763683,0.240970763683,0.240970763683,0.568854050589,0.129626139723,0.536662433387,0.729863391132
 02/14  19:00:00,2.75565725092,9.38169953397,0.0,8.08667734403,0.0,0.228219689196,0.228219689196,0.228219689196,0.976532859856,0.222524903226,0.482568445407,0.792411353236
 02/14  20:00:00,2.98134410427,9.05063996467,0.0,7.7277693377,0.0,0.218098627988,0.218098627988,0.218098627988,1.2514789386,0.285177525717,0.385264674182,0.817924337778
 02/14  21:00:00,2.87057120509,9.39407206078,0.0,8.16893435109,0.0,0.230552218415,0.230552218415,0.230552218415,1.16615087755,0.265733606286,0.338691015432,0.846043487408
 02/14  22:00:00,2.56451880015,8.52520851884,0.0,7.42282772341,0.0,0.209489471364,0.209489471364,0.209489471364,0.967051979077,0.220364471127,0.317921379207,0.826291499375
 02/14  23:00:00,2.08384508843,8.15150063186,0.0,7.25307717381,0.0,0.204653721972,0.204653721972,0.204653721972,0.72054841113,0.164193144932,0.256000410288,0.715049400107
 02/14  24:00:00,1.63579676461,7.79296823848,0.0,7.11372420404,0.0,0.20068302935,0.20068302935,0.20068302935,0.502487751097,0.114503115032,0.173358245597,0.621364623534
 02/15  01:00:00,1.17575199387,7.85876782235,0.0,7.41119759848,0.0,0.209036276358,0.209036276358,0.209036276358,0.255984317186,0.058331758294,0.11503645343,0.513963188605
 02/15  02:00:00,0.996863239643,7.99335301564,0.0,7.65013439893,0.0,0.215734922108,0.215734922108,0.215734922108,0.151694360542,0.0345669746653,0.0982422690411,0.473224713288
 02/15  03:00:00,0.914975137133,7.84993043556,0.0,7.53512598073,0.0,0.212457976297,0.212457976297,0.212457976297,0.104289915935,0.023764795846,0.0833243991109,0.467738049945
 02/15  04:00:00,0.950304123033,9.65562994379,0.0,9.33310385751,0.0,0.263064733648,0.263064733648,0.263064733648,0.104289915935,0.023764795846,0.0746306236694,0.461154053934
 02/15  05:00:00,0.944105080077,9.70590610163,0.0,9.30263964057,0.0,0.2621908419,0.2621908419,0.2621908419,0.104289915935,0.023764795846,0.0867256285748,0.443733897822
 02/15  06:00:00,1.01685547451,9.87953172011,0.0,9.11559109834,0.0,0.256892264287,0.256892264287,0.256892264287,0.113770823272,0.025925230999,0.101695789294,0.495171366658
 02/15  07:00:00,1.32312894509,11.9025157166,0.0,10.4658517079,0.0,0.294903279891,0.294903279891,0.294903279891,0.218060791572,0.0496900298993,0.16495302369,0.572121820036
 02/15  08:00:00,1.71466289428,10.6444753994,0.0,9.01884176224,0.0,0.254072278227,0.254072278227,0.254072278227,0.436121451606,0.0993800597985,0.256266806309,0.607922298345
 02/15  09:00:00,1.6016294802,10.7650963811,0.0,9.1914874684,0.0,0.258898746884,0.258898746884,0.258898746884,0.388716916169,0.088577868762,0.328072759777,0.513963188605
 02/15  10:00:00,1.32508977753,9.64800723562,0.0,8.22421384225,0.0,0.231593601353,0.231593601353,0.231593601353,0.189618017695,0.0432087030601,0.39984522044,0.437424234978
 02/15  11:00:00,1.31735767733,9.89629788338,0.0,8.64461329823,0.0,0.243335334879,0.243335334879,0.243335334879,0.151694360542,0.0345669746653,0.416649278498,0.447711728745
 02/15  12:00:00,1.4105126229,12.3721218694,0.0,11.2774517636,0.0,0.317398647651,0.317398647651,0.317398647651,0.151694360542,0.0345669746653,0.435603744712,0.447848895329
 02/15  13:00:00,1.3732311254,11.5516320774,0.0,10.5792678075,0.0,0.297765976405,0.297765976405,0.297765976405,0.151694360542,0.0345669746653,0.425499080558,0.440304733233
 02/15  14:00:00,1.39177535467,13.0071400515,0.0,12.1071403001,0.0,0.340755537377,0.340755537377,0.340755537377,0.151694360542,0.0345669746653,0.385828258079,0.455530224008
 02/15  15:00:00,1.42425310938,13.8164880744,0.0,12.987527841,0.0,0.365550456025,0.365550456025,0.365550456025,0.16117537286,0.036727406764,0.356219498597,0.481180375134
 02/15  16:00:00,1.48594749218,13.3950901134,0.0,12.5559712954,0.0,0.353439916084,0.353439916084,0.353439916084,0.189618017695,0.0432087030601,0.368352996408,0.507927858929
 02/15  17:00:00,1.74446962978,12.6867221414,0.0,11.7548593166,0.0,0.330873113589,0.330873113589,0.330873113589,0.293907971843,0.0669735172319,0.428525391116,0.600789636
 02/15  18:00:00,2.3120407242,12.6224882352,0.0,11.4986799476,0.0,0.323634709366,0.323634709366,0.323634709366,0.568854050589,0.129626139723,0.536662433387,0.729863391132
 02/15  19:00:00,2.84238100581,12.4840964055,0.0,11.1888478479,0.0,0.314943444083,0.314943444083,0.314943444083,0.976532859856,0.222524903226,0.482568445407,0.792411353236
 02/15  20:00:00,3.06943390615,12.200044537,0.0,10.8771411851,0.0,0.306188429875,0.306188429875,0.306188429875,1.2514789386,0.285177525717,0.385264674182,0.817924337778
 02/15  21:00:00,2.9513990766,12.2856373666,0.0,11.0606342388,0.0,0.311380089928,0.311380089928,0.311380089928,1.16615087755,0.265733606286,0.338691015432,0.846043487408
 02/15  22:00:00,2.65575329952,11.7835588837,0.0,10.6816372279,0.0,0.300723970735,0.300723970735,0.300723970735,0.967051979077,0.220364471127,0.317921379207,0.826291499375
 02/15  23:00:00,2.20355521717,12.419382796,0.0,11.5217681936,0.0,0.324363850716,0.324363850716,0.324363850716,0.72054841113,0.164193144932,0.256000410288,0.715049400107
 02/15  24:00:00,1.77157072291,12.629754569,0.0,11.9517034563,0.0,0.336456987649,0.336456987649,0.336456987649,0.502487751097,0.114503115032,0.173358245597,0.621364623534
 02/16  01:00:00,1.31715629417,12.89487272,0.0,12.4487471325,0.0,0.350440576657,0.350440576657,0.350440576657,0.255984317186,0.058331758294,0.11503645343,0.513963188605
 02/16  02:00:00,1.15306588352,13.5544446682,0.0,13.2129747837,0.0,0.371937565988,0.371937565988,0.371937565988,0.151694360542,0.0345669746653,0.0982422690411,0.473224713288
 02/16  03:00:00,1.08110746048,13.7620182057,0.0,13.4491960743,0.0,0.378590299643,0.378590299643,0.378590299643,0.104289915935,0.023764795846,0.0833243991109,0.467738049945
 02/16  04:00:00,1.08324144022,14.3881718024,0.0,14.0676458917,0.0,0.396002050834,0.396002050834,0.396002050834,0.104289915935,0.023764795846,0.0746306236694,0.461154053934
 02/16  05:00:00,1.09322148079,15.0114302681,0.0,14.6102044518,0.0,0.411307242613,0.411307242613,0.411307242613,0.104289915935,0.023764795846,0.0867256285748,0.443733897822
 02/16  06:00:00,1.17237493535,15.4091715497,0.0,14.6474697194,0.0,0.412411725124,0.412411725124,0.412411725124,0.113770823272,0.025925230999,0.101695789294,0.495171366658
 02/16  07:00:00,1.4820619866,17.5509704816,0.0,16.1169960896,0.0,0.453836321408,0.453836321408,0.453836321408,0.218060791572,0.0496900298993,0.16495302369,0.572121820036
 02/16  08:00:00,1.88024767812,16.5227597939,0.0,14.8999912308,0.0,0.419657062061,0.419657062061,0.419657062061,0.436121451606,0.0993800597985,0.256266806309,0.607922298345
 02/16  09:00:00,1.76101853563,16.4201303593,0.0,14.8492571496,0.0,0.418287802315,0.418287802315,0.418287802315,0.388716916169,0.088577868762,0.328072759777,0.513963188605
 02/16  10:00:00,1.48357545194,15.268997523,0.0,13.8478997739,0.0,0.390079275769,0.390079275769,0.390079275769,0.189618017695,0.0432087030601,0.39984522044,0.437424234978
 02/16  11:00:00,1.44420875798,14.3917845129,0.0,13.1428959121,0.0,0.370186415529,0.370186415529,0.370186415529,0.151694360542,0.0345669746653,0.416649278498,0.447711728745
 02/16  12:00:00,1.40279556858,12.0896926865,0.0,10.9959662626,0.0,0.309681593334,0.309681593334,0.309681593334,0.151694360542,0.0345669746653,0.435603744712,0.447848895329
 02/16  13:00:00,1.37899611083,11.7501149073,0.0,10.7784134497,0.0,0.303530961832,0.303530961832,0.303530961832,0.151694360542,0.0345669746653,0.425499080558,0.440304733233
 02/16  14:00:00,1.36324479823,11.9867809804,0.0,11.0872564569,0.0,0.312224980938,0.312224980938,0.312224980938,0.151694360542,0.0345669746653,0.385828258079,0.455530224008
 02/16  15:00:00,1.39437066456,12.7483328919,0.0,11.9191708859,0.0,0.3356680112,0.3356680112,0.3356680112,0.16117537286,0.036727406764,0.356219498597,0.481180375134
 02/16  16:00:00,1.49982924325,13.8804119988,0.0,13.0412037656,0.0,0.367321667158,0.367321667158,0.367321667158,0.189618017695,0.0432087030601,0.368352996408,0.507927858929
 02/16  17:00:00,1.77296685884,13.6882540431,0.0,12.7565650429,0.0,0.35937034265,0.35937034265,0.35937034265,0.293907971843,0.0669735172319,0.428525391116,0.600789636
 02/16  18:00:00,2.37133105549,14.7131198873,0.0,13.590115759,0.0,0.382925040661,0.382925040661,0.382925040661,0.568854050589,0.129626139723,0.536662433387,0.729863391132
 02/16  19:00:00,2.8826717345,13.9003516629,0.0,12.6057509613,0.0,0.355234172774,0.355234172774,0.355234172774,0.976532859856,0.222524903226,0.482568445407,0.792411353236
 02/16  20:00:00,3.10962791724,13.6131176399,0.0,12.2908153348,0.0,0.346382440956,0.346382440956,0.346382440956,1.2514789386,0.285177525717,0.385264674182,0.817924337778
 02/16  21:00:00,2.99094726058,13.6754518917,0.0,12.4510228941,0.0,0.3509282739,0.3509282739,0.3509282739,1.16615087755,0.265733606286,0.338691015432,0.846043487408
 02/16  22:00:00,2.70061305264,13.3620046896,0.0,12.2606643284,0.0,0.345583723857,0.345583723857,0.345583723857,0.967051979077,0.220364471127,0.317921379207,0.826291499375
 02/16  23:00:00,2.22674231598,13.2267934129,0.0,12.3298277567,0.0,0.347550949523,0.347550949523,0.347550949523,0.72054841113,0.164193144932,0.256000410288,0.715049400107
 02/16  24:00:00,1.78877269167,13.2246465176,0.0,12.5470288561,0.0,0.353658956409,0.353658956409,0.353658956409,0.502487751097,0.114503115032,0.173358245597,0.621364623534
 02/17  01:00:00,1.31607983547,12.8426936275,0.0,12.3966687631,0.0,0.349364117952,0.349364117952,0.349364117952,0.255984317186,0.058331758294,0.11503645343,0.513963188605
 02/17  02:00:00,1.13180118913,12.7871632872,0.0,12.4452225464,0.0,0.350672871593,0.350672871593,0.350672871593,0.151694360542,0.0345669746653,0.0982422690411,0.473224713288
 02/17  03:00:00,1.05784089816,12.9256495458,0.0,12.6121809857,0.0,0.355323737319,0.355323737319,0.355323737319,0.104289915935,0.023764795846,0.0833243991109,0.467738049945
 02/17  04:00:00,1.03021511711,12.4962688408,0.0,12.1748833109,0.0,0.342975727722,0.342975727722,0.342975727722,0.104289915935,0.023764795846,0.0746306236694,0.461154053934
 02/17  05:00:00,1.01958231574,12.3902923166,0.0,11.98764817,0.0,0.337668077558,0.337668077558,0.337668077558,0.104289915935,0.023764795846,0.0867256285748,0.443733897822
 02/17  06:00:00,1.08561010065,12.3258108293,0.0,11.5624751739,0.0,0.325646890432,0.325646890432,0.325646890432,0.113770823272,0.025925230999,0.101695789294,0.495171366658
 02/17  07:00:00,1.36684932787,13.4600725321,0.0,12.0241975233,0.0,0.338623662672,0.338623662672,0.338623662672,0.218060791572,0.0496900298993,0.16495302369,0.572121820036
 02/17  08:00:00,1.79276880052,13.4201238724,0.0,11.7949612861,0.0,0.332178184461,0.332178184461,0.332178184461,0.436121451606,0.0993800597985,0.256266806309,0.607922298345
 02/17  09:00:00,1.63688531502,12.0182206018,0.0,10.4451321363,0.0,0.294154581705,0.294154581705,0.294154581705,0.388716916169,0.088577868762,0.328072759777,0.513963188605
 02/17  10:00:00,1.37458968876,11.4075390745,0.0,9.98388657376,0.0,0.281093512591,0.281093512591,0.281093512591,0.189618017695,0.0432087030601,0.39984522044,0.437424234978
 02/17  11:00:00,1.33121278795,10.3885028242,0.0,9.13688434279,0.0,0.257190445499,0.257190445499,0.257190445499,0.151694360542,0.0345669746653,0.416649278498,0.447711728745
 02/17  12:00:00,1.31685895328,9.04655419714,0.0,7.95029711338,0.0,0.223744978029,0.223744978029,0.223744978029,0.151694360542,0.0345669746653,0.435603744712,0.447848895329
 02/17  13:00:00,1.30999589972,9.30813117512,0.0,8.3341370939,0.0,0.234530750719,0.234530750719,0.234530750719,0.151694360542,0.0345669746653,0.425499080558,0.440304733233
 02/17  14:00:00,1.28723258617,9.29556035888,0.0,8.39382671298,0.0,0.236212768873,0.236212768873,0.236212768873,0.151694360542,0.0345669746653,0.385828258079,0.455530224008
 02/17  15:00:00,1.26673434754,8.22428867947,0.0,7.39252741731,0.0,0.208031694186,0.208031694186,0.208031694186,0.16117537286,0.036727406764,0.356219498597,0.481180375134
 02/17  16:00:00,1.3646974808,9.09451429448,0.0,8.25214434292,0.0,0.232189904706,0.232189904706,0.232189904706,0.189618017695,0.0432087030601,0.368352996408,0.507927858929
 02/17  17:00:00,1.65700338878,9.58537563244,0.0,8.65064087364,0.0,0.243406872584,0.243406872584,0.243406872584,0.293907971843,0.0669735172319,0.428525391116,0.600789636
 02/17  18:00:00,2.26534980073,10.9668734784,0.0,9.84100913826,0.0,0.276943785898,0.276943785898,0.276943785898,0.568854050589,0.129626139723,0.536662433387,0.729863391132
 02/17  19:00:00,2.78708183381,10.5221278768,0.0,9.22510503722,0.0,0.259644272084,0.259644272084,0.259644272084,0.976532859856,0.222524903226,0.482568445407,0.792411353236
 02/17  20:00:00,3.03272180407,10.8981336217,0.0,9.5735879138,0.0,0.269476327787,0.269476327787,0.269476327787,1.2514789386,0.285177525717,0.385264674182,0.817924337778
 02/17  21:00:00,2.90412767151,10.6089579232,0.0,9.38218918513,0.0,0.264108684832,0.264108684832,0.264108684832,1.16615087755,0.265733606286,0.338691015432,0.846043487408
 02/17  22:00:00,2.62695419181,10.7633417052,0.0,9.65962233899,0.0,0.271924863023,0.271924863023,0.271924863023,0.967051979077,0.220364471127,0.317921379207,0.826291499375
 02/17  23:00:00,2.16226051285,10.9550012587,0.0,10.0556985014,0.0,0.283069146392,0.283069146392,0.283069146392,0.72054841113,0.164193144932,0.256000410288,0.715049400107
 02/17  24:00:00,1.72830688748,11.0955753163,0.0,10.4158342604,0.0,0.293193152215,0.293193152215,0.293193152215,0.502487751097,0.114503115032,0.173358245597,0.621364623534
 02/18  01:00:00,1.2844105227,11.4823929799,0.0,11.0145358879,0.0,0.310025508293,0.310025508293,0.310025508293,0.255984317186,0.058331758294,0.122705750325,0.513963188605
 02/18  02:00:00,1.10903202379,11.8413370707,0.0,11.4873743723,0.0,0.323298844856,0.323298844856,0.323298844856,0.151694360542,0.0345669746653,0.10284713044,0.473224713288
 02/18  03:00:00,1.04476015451,12.3754770273,0.0,12.0530386945,0.0,0.339196548851,0.339196548851,0.339196548851,0.104289915935,0.023764795846,0.0863708439315,0.467738049945
 02/18  04:00:00,1.0318938504,12.5212922938,0.0,12.190657457,0.0,0.343061489491,0.343061489491,0.343061489491,0.104289915935,0.023764795846,0.0762235951923,0.461154053934
 02/18  05:00:00,1.03169912196,12.7391721333,0.0,12.3188817823,0.0,0.346668535585,0.346668535585,0.346668535585,0.104289915935,0.023764795846,0.0898419767705,0.443733897822
 02/18  06:00:00,1.11269351009,13.177598956,0.0,12.3650443372,0.0,0.347950825197,0.347950825197,0.347950825197,0.113770823272,0.025925230999,0.106475263961,0.495171366658
 02/18  07:00:00,1.3858700669,13.8177834217,0.0,12.2698265101,0.0,0.345247970854,0.345247970854,0.345247970854,0.218060791572,0.0496900298993,0.177349454543,0.572121820036
 02/18  08:00:00,1.85170545771,14.7854408855,0.0,13.023194269,0.0,0.366426586229,0.366426586229,0.366426586229,0.436121451606,0.0993800597985,0.280955061736,0.607922298345
 02/18  09:00:00,1.7091222574,13.3929330379,0.0,11.6764944986,0.0,0.328548006598,0.328548006598,0.328548006598,0.388716916169,0.088577868762,0.365916277267,0.513963188605
 02/18  10:00:00,1.47071264198,13.0968283282,0.0,11.5405610161,0.0,0.32468023119,0.32468023119,0.32468023119,0.189618017695,0.0432087030601,0.45238145506,0.437424234978
 02/18  11:00:00,1.46737960193,13.2368914357,0.0,11.8714301259,0.0,0.333954992223,0.333954992223,0.333954992223,0.151694360542,0.0345669746653,0.47605154575,0.447711728745
 02/18  12:00:00,1.4222418155,10.7161446193,0.0,9.52503719258,0.0,0.267890954366,0.267890954366,0.267890954366,0.151694360542,0.0345669746653,0.496840630594,0.447848895329
 02/18  13:00:00,1.36023346389,9.20154607865,0.0,8.14426216878,0.0,0.228989391317,0.228989391317,0.228989391317,0.151694360542,0.0345669746653,0.48127800413,0.440304733233
 02/18  14:00:00,1.30218045946,8.10033439156,0.0,7.12569863693,0.0,0.200307937741,0.200307937741,0.200307937741,0.151694360542,0.0345669746653,0.4366809625,0.455530224008
 02/18  15:00:00,1.28284108044,7.24810194781,0.0,6.35029983229,0.0,0.178491926373,0.178491926373,0.178491926373,0.16117537286,0.036727406764,0.401865999312,0.481180375134
 02/18  16:00:00,1.36348269458,7.58735373553,0.0,6.67960275017,0.0,0.1877396503,0.1877396503,0.1877396503,0.189618017695,0.0432087030601,0.411588464593,0.507927858929
 02/18  17:00:00,1.65601422628,8.14756066526,0.0,7.1333120973,0.0,0.200513471122,0.200513471122,0.200513471122,0.293907971843,0.0669735172319,0.470429630087,0.600789636
 02/18  18:00:00,2.27603377985,9.98306719233,0.0,8.76254645014,0.0,0.246383846582,0.246383846582,0.246383846582,0.568854050589,0.129626139723,0.577906351826,0.729863391132
 02/18  19:00:00,2.80638290922,9.91361414214,0.0,8.4948727016,0.0,0.238916646182,0.238916646182,0.238916646182,0.976532859856,0.222524903226,0.522597146725,0.792411353236
 02/18  20:00:00,3.04830523143,10.1740973212,0.0,8.71372154377,0.0,0.245107542067,0.245107542067,0.245107542067,1.2514789386,0.285177525717,0.425216887263,0.817924337778
 02/18  21:00:00,2.95171530886,10.989549397,0.0,9.63370450442,0.0,0.271031723611,0.271031723611,0.271031723611,1.16615087755,0.265733606286,0.379355614002,0.846043487408
 02/18  22:00:00,2.68711320238,11.5383524248,0.0,10.3260926018,0.0,0.29054254002,0.29054254002,0.29054254002,0.967051979077,0.220364471127,0.35946271278,0.826291499375
 02/18  23:00:00,2.20897412476,11.5314968286,0.0,10.5470733472,0.0,0.296774011156,0.296774011156,0.296774011156,0.72054841113,0.164193144932,0.289009157438,0.715049400107
 02/18  24:00:00,1.78622041158,12.5666034505,0.0,11.834048119,0.0,0.332982690147,0.332982690147,0.332982690147,0.502487751097,0.114503115032,0.191482231772,0.621364623534
 02/19  01:00:00,1.31587759388,12.6036390631,0.0,12.1361238977,0.0,0.341492579466,0.341492579466,0.341492579466,0.255984317186,0.058331758294,0.122705750325,0.513963188605
 02/19  02:00:00,1.15909471277,13.6224641475,0.0,13.2689596599,0.0,0.37336153384,0.37336153384,0.37336153384,0.151694360542,0.0345669746653,0.10284713044,0.473224713288
 02/19  03:00:00,1.08645126284,13.8577816244,0.0,13.5358932285,0.0,0.380887657184,0.380887657184,0.380887657184,0.104289915935,0.023764795846,0.0863708439315,0.467738049945
 02/19  04:00:00,1.06605486682,13.7354924307,0.0,13.4053414348,0.0,0.377222505913,0.377222505913,0.377222505913,0.104289915935,0.023764795846,0.0762235951923,0.461154053934
 02/19  05:00:00,1.06509694813,13.9258295545,0.0,13.505936385,0.0,0.380066361757,0.380066361757,0.380066361757,0.104289915935,0.023764795846,0.0898419767705,0.443733897822
 02/19  06:00:00,1.13346823128,13.9148780495,0.0,13.1026502244,0.0,0.36872554639,0.36872554639,0.36872554639,0.113770823272,0.025925230999,0.106475263961,0.495171366658
 02/19  07:00:00,1.40588927818,14.5274271623,0.0,12.9798159272,0.0,0.365267182128,0.365267182128,0.365267182128,0.218060791572,0.0496900298993,0.177349454543,0.572121820036
 02/19  08:00:00,1.82620159256,13.8762252055,0.0,12.1142660122,0.0,0.34092272107,0.34092272107,0.34092272107,0.436121451606,0.0993800597985,0.280955061736,0.607922298345
 02/19  09:00:00,1.67344797098,12.1256213873,0.0,10.4084451068,0.0,0.292873720175,0.292873720175,0.292873720175,0.388716916169,0.088577868762,0.365916277267,0.513963188605
 02/19  10:00:00,1.40480679854,10.7564073898,0.0,9.19887436319,0.0,0.258774387748,0.258774387748,0.258774387748,0.189618017695,0.0432087030601,0.45238145506,0.437424234978
 02/19  11:00:00,1.38811810778,10.4221527779,0.0,9.05513561454,0.0,0.254693498076,0.254693498076,0.254693498076,0.151694360542,0.0345669746653,0.47605154575,0.447711728745
 02/19  12:00:00,1.37541699321,9.05327725402,0.0,7.86082570394,0.0,0.22106613208,0.22106613208,0.22106613208,0.151694360542,0.0345669746653,0.496840630594,0.447848895329
 02/19  13:00:00,1.35090511978,8.86955386563,0.0,7.81164231912,0.0,0.219661047213,0.219661047213,0.219661047213,0.151694360542,0.0345669746653,0.48127800413,0.440304733233
 02/19  14:00:00,1.32940337212,9.06745168004,0.0,8.09248136625,0.0,0.227530850401,0.227530850401,0.227530850401,0.151694360542,0.0345669746653,0.4366809625,0.455530224008
 02/19  15:00:00,1.32003790851,8.56966072794,0.0,7.67168811288,0.0,0.215688754436,0.215688754436,0.215688754436,0.16117537286,0.036727406764,0.401865999312,0.481180375134
 02/19  16:00:00,1.40007434463,8.88786931164,0.0,7.97977009461,0.0,0.224331300352,0.224331300352,0.224331300352,0.189618017695,0.0432087030601,0.411588464593,0.507927858929
 02/19  17:00:00,1.69631721319,9.58103895741,0.0,8.56641029434,0.0,0.240816458026,0.240816458026,0.240816458026,0.293907971843,0.0669735172319,0.470429630087,0.600789636
 02/19  18:00:00,2.28558257711,10.3245701915,0.0,9.10316894183,0.0,0.255932643841,0.255932643841,0.255932643841,0.568854050589,0.129626139723,0.577906351826,0.729863391132
 02/19  19:00:00,2.79979621007,9.68284966054,0.0,8.26279017926,0.0,0.232329947023,0.232329947023,0.232329947023,0.976532859856,0.222524903226,0.522597146725,0.792411353236
 02/19  20:00:00,3.02914336693,9.49718061777,0.0,8.03540260854,0.0,0.22594567757,0.22594567757,0.22594567757,1.2514789386,0.285177525717,0.425216887263,0.817924337778
 02/19  21:00:00,2.90117557936,9.19845123141,0.0,7.84091421127,0.0,0.220491994114,0.220491994114,0.220491994114,1.16615087755,0.265733606286,0.379355614002,0.846043487408
 02/19  22:00:00,2.61777218878,9.08015307765,0.0,7.8659858904,0.0,0.221201526421,0.221201526421,0.221201526421,0.967051979077,0.220364471127,0.35946271278,0.826291499375
 02/19  23:00:00,2.15204215123,9.51581406357,0.0,8.52940920771,0.0,0.239842037621,0.239842037621,0.239842037621,0.72054841113,0.164193144932,0.289009157438,0.715049400107
 02/19  24:00:00,1.68041474475,8.8155327399,0.0,8.08070718119,0.0,0.227177023319,0.227177023319,0.227177023319,0.502487751097,0.114503115032,0.191482231772,0.621364623534
 02/20  01:00:00,1.20110976561,8.7894411882,0.0,8.33916871455,0.0,0.234394048093,0.234394048093,0.234394048093,0.255984317186,0.058331758294,0.11503645343,0.513963188605
 02/20  02:00:00,1.03020399737,9.20857020563,0.0,8.86276253055,0.0,0.249075679835,0.249075679835,0.249075679835,0.151694360542,0.0345669746653,0.0982422690411,0.473224713288
 02/20  03:00:00,1.01372092076,11.3919347359,0.0,11.0752087253,0.0,0.311203759926,0.311203759926,0.311203759926,0.104289915935,0.023764795846,0.0833243991109,0.467738049945
 02/20  04:00:00,1.05904545887,13.5529827004,0.0,13.2295065668,0.0,0.371806069488,0.371806069488,0.371806069488,0.104289915935,0.023764795846,0.0746306236694,0.461154053934
 02/20  05:00:00,1.0589337817,13.8176871948,0.0,13.413656917,0.0,0.377019543524,0.377019543524,0.377019543524,0.104289915935,0.023764795846,0.0867256285748,0.443733897822
 02/20  06:00:00,1.13257645873,14.0204967768,0.0,13.2562582716,0.0,0.372613248506,0.372613248506,0.372613248506,0.113770823272,0.025925230999,0.101695789294,0.495171366658
 02/20  07:00:00,1.36712145324,13.4934315394,0.0,12.0569850415,0.0,0.338895788046,0.338895788046,0.338895788046,0.218060791572,0.0496900298993,0.16495302369,0.572121820036
 02/20  08:00:00,1.80470319223,13.8689222734,0.0,12.2428473871,0.0,0.344112576176,0.344112576176,0.344112576176,0.436121451606,0.0993800597985,0.256266806309,0.607922298345
 02/20  09:00:00,1.67410627915,13.3647900225,0.0,11.7912254137,0.0,0.33137554584,0.33137554584,0.33137554584,0.388716916169,0.088577868762,0.328072759777,0.513963188605
 02/20  10:00:00,1.39832962299,12.2717691511,0.0,10.8477768747,0.0,0.304833446812,0.304833446812,0.304833446812,0.189618017695,0.0432087030601,0.39984522044,0.437424234978
 02/20  11:00:00,1.37896421295,12.1056112667,0.0,10.8537475661,0.0,0.304941870505,0.304941870505,0.304941870505,0.151694360542,0.0345669746653,0.416649278498,0.447711728745
 02/20  12:00:00,1.37387339074,11.0906550168,0.0,9.99425737532,0.0,0.280759415496,0.280759415496,0.280759415496,0.151694360542,0.0345669746653,0.435603744712,0.447848895329
 02/20  13:00:00,1.34859531588,10.6986462685,0.0,9.72405157027,0.0,0.273130166887,0.273130166887,0.273130166887,0.151694360542,0.0345669746653,0.425499080558,0.440304733233
 02/20  14:00:00,1.2993538131,9.74509653386,0.0,8.84228934941,0.0,0.248333995811,0.248333995811,0.248333995811,0.151694360542,0.0345669746653,0.385828258079,0.455530224008
 02/20  15:00:00,1.31684281853,10.0251608306,0.0,9.19239925487,0.0,0.258140165171,0.258140165171,0.258140165171,0.16117537286,0.036727406764,0.356219498597,0.481180375134
 02/20  16:00:00,1.39405906557,10.1566047682,0.0,9.31362708597,0.0,0.261551489477,0.261551489477,0.261551489477,0.189618017695,0.0432087030601,0.368352996408,0.507927858929
 02/20  17:00:00,1.71339918937,11.6097881502,0.0,10.6747699453,0.0,0.299802673182,0.299802673182,0.299802673182,0.293907971843,0.0669735172319,0.428525391116,0.600789636
 02/20  18:00:00,2.32085148595,12.9590616384,0.0,11.8332244956,0.0,0.33244547112,0.33244547112,0.33244547112,0.568854050589,0.129626139723,0.536662433387,0.729863391132
 02/20  19:00:00,2.871585708,13.5412433012,0.0,12.2446906498,0.0,0.344148146277,0.344148146277,0.344148146277,0.976532859856,0.222524903226,0.482568445407,0.792411353236
 02/20  20:00:00,3.16877130326,15.743311824,0.0,14.4205563458,0.0,0.405525826983,0.405525826983,0.405525826983,1.2514789386,0.285177525717,0.385264674182,0.817924337778
 02/20  21:00:00,3.07886446808,16.8206031071,0.0,15.5962905428,0.0,0.438845481401,0.438845481401,0.438845481401,1.16615087755,0.265733606286,0.338691015432,0.846043487408
 02/20  22:00:00,2.80259718073,17.0027910157,0.0,15.9015420933,0.0,0.447567851945,0.447567851945,0.447567851945,0.967051979077,0.220364471127,0.317921379207,0.826291499375
 02/20  23:00:00,2.3212546297,16.6012088932,0.0,15.7042883999,0.0,0.442063263239,0.442063263239,0.442063263239,0.72054841113,0.164193144932,0.256000410288,0.715049400107
 02/20  24:00:00,1.9179989602,17.8297619959,0.0,17.1525491057,0.0,0.482885224937,0.482885224937,0.482885224937,0.502487751097,0.114503115032,0.173358245597,0.621364623534
 02/21  01:00:00,1.51209658054,19.8114471437,0.0,19.3667492181,0.0,0.545380863023,0.545380863023,0.545380863023,0.255984317186,0.058331758294,0.11503645343,0.513963188605
 02/21  02:00:00,1.34467873403,20.344222028,0.0,20.0046098802,0.0,0.563550416496,0.563550416496,0.563550416496,0.151694360542,0.0345669746653,0.0982422690411,0.473224713288
 02/21  03:00:00,1.29370901182,21.2919582442,0.0,20.9811724323,0.0,0.591191850978,0.591191850978,0.591191850978,0.104289915935,0.023764795846,0.0833243991109,0.467738049945
 02/21  04:00:00,1.28636280436,21.5774505206,0.0,21.2592001328,0.0,0.599123414977,0.599123414977,0.599123414977,0.104289915935,0.023764795846,0.0746306236694,0.461154053934
 02/21  05:00:00,1.26837004608,21.2057470109,0.0,20.8068332971,0.0,0.586455807905,0.586455807905,0.586455807905,0.104289915935,0.023764795846,0.0867256285748,0.443733897822
 02/21  06:00:00,1.40141882575,23.5099216364,0.0,22.7511271352,0.0,0.641455615528,0.641455615528,0.641455615528,0.113770823272,0.025925230999,0.101695789294,0.495171366658
 02/21  07:00:00,1.69691955245,25.1410131423,0.0,23.7108021324,0.0,0.668693887256,0.668693887256,0.668693887256,0.218060791572,0.0496900298993,0.16495302369,0.572121820036
 02/21  08:00:00,2.12169389983,25.0529230393,0.0,23.4338103396,0.0,0.661103283774,0.661103283774,0.661103283774,0.436121451606,0.0993800597985,0.256266806309,0.607922298345
 02/21  09:00:00,1.93543283919,22.5722616633,0.0,21.0054142996,0.0,0.592702105871,0.592702105871,0.592702105871,0.388716916169,0.088577868762,0.328072759777,0.513963188605
 02/21  10:00:00,1.65863188008,21.4491729542,0.0,20.0314866537,0.0,0.565135703902,0.565135703902,0.565135703902,0.189618017695,0.0432087030601,0.39984522044,0.437424234978
 02/21  11:00:00,1.61488052459,20.4163956902,0.0,19.1707288495,0.0,0.540858182137,0.540858182137,0.540858182137,0.151694360542,0.0345669746653,0.416649278498,0.447711728745
 02/21  12:00:00,1.58100425354,18.3837478985,0.0,17.2933662453,0.0,0.487890278296,0.487890278296,0.487890278296,0.151694360542,0.0345669746653,0.435603744712,0.447848895329
 02/21  13:00:00,1.57133888424,18.5448646528,0.0,17.5764728319,0.0,0.495873735242,0.495873735242,0.495873735242,0.151694360542,0.0345669746653,0.425499080558,0.440304733233
 02/21  14:00:00,1.54542143795,18.4195922153,0.0,17.5232530416,0.0,0.494401620655,0.494401620655,0.494401620655,0.151694360542,0.0345669746653,0.385828258079,0.455530224008
 02/21  15:00:00,1.5796686677,19.289270074,0.0,18.4632733732,0.0,0.520966014342,0.520966014342,0.520966014342,0.16117537286,0.036727406764,0.356219498597,0.481180375134
 02/21  16:00:00,1.67945024388,20.2159841794,0.0,19.3799875409,0.0,0.54694266779,0.54694266779,0.54694266779,0.189618017695,0.0432087030601,0.368352996408,0.507927858929
 02/21  17:00:00,1.94417179397,19.7243471013,0.0,18.7960918293,0.0,0.530575277784,0.530575277784,0.530575277784,0.293907971843,0.0669735172319,0.428525391116,0.600789636
 02/21  18:00:00,2.55445678081,21.1679750718,0.0,20.0486102515,0.0,0.566050765982,0.566050765982,0.566050765982,0.568854050589,0.129626139723,0.536662433387,0.729863391132
 02/21  19:00:00,3.04908862433,19.7624544222,0.0,18.4715359994,0.0,0.521651062604,0.521651062604,0.521651062604,0.976532859856,0.222524903226,0.482568445407,0.792411353236
 02/21  20:00:00,3.26769443187,19.1790648861,0.0,17.8607028766,0.0,0.50444895559,0.50444895559,0.50444895559,1.2514789386,0.285177525717,0.385264674182,0.817924337778
 02/21  21:00:00,3.13242817028,18.6534093432,0.0,17.4325479588,0.0,0.492409183604,0.492409183604,0.492409183604,1.16615087755,0.265733606286,0.338691015432,0.846043487408
 02/21  22:00:00,2.8487685905,18.5766246778,0.0,17.4784556726,0.0,0.493739261715,0.493739261715,0.493739261715,0.967051979077,0.220364471127,0.317921379207,0.826291499375
 02/21  23:00:00,2.40848794017,19.6303480295,0.0,18.7365351039,0.0,0.529296573712,0.529296573712,0.529296573712,0.72054841113,0.164193144932,0.256000410288,0.715049400107
 02/21  24:00:00,1.93580395557,18.3973899067,0.0,17.7228341095,0.0,0.500690220304,0.500690220304,0.500690220304,0.502487751097,0.114503115032,0.173358245597,0.621364623534
 02/22  01:00:00,1.47783854265,18.5372761057,0.0,18.0941988331,0.0,0.51112282513,0.51112282513,0.51112282513,0.255984317186,0.058331758294,0.11503645343,0.513963188605
 02/22  02:00:00,1.31021039946,19.0700808352,0.0,18.7315675994,0.0,0.529082081922,0.529082081922,0.529082081922,0.151694360542,0.0345669746653,0.0982422690411,0.473224713288
 02/22  03:00:00,1.18305428545,17.3235816176,0.0,17.0131946705,0.0,0.480537124608,0.480537124608,0.480537124608,0.104289915935,0.023764795846,0.0833243991109,0.467738049945
 02/22  04:00:00,1.1708826743,17.4446478053,0.0,17.1259213031,0.0,0.483643284918,0.483643284918,0.483643284918,0.104289915935,0.023764795846,0.0746306236694,0.461154053934
 02/22  05:00:00,1.13818927959,16.5594142373,0.0,16.1596107563,0.0,0.456275041411,0.456275041411,0.456275041411,0.104289915935,0.023764795846,0.0867256285748,0.443733897822
 02/22  06:00:00,1.23307105852,17.5170570387,0.0,16.7570509561,0.0,0.473107848296,0.473107848296,0.473107848296,0.113770823272,0.025925230999,0.101695789294,0.495171366658
 02/22  07:00:00,1.51633982024,18.7194320033,0.0,17.2878329299,0.0,0.488114155043,0.488114155043,0.488114155043,0.218060791572,0.0496900298993,0.16495302369,0.572121820036
 02/22  08:00:00,1.91720362782,17.793159073,0.0,16.1723072535,0.0,0.456613011763,0.456613011763,0.456613011763,0.436121451606,0.0993800597985,0.256266806309,0.607922298345
 02/22  09:00:00,1.74095118603,15.6766546535,0.0,14.1073785233,0.0,0.398220452714,0.398220452714,0.398220452714,0.388716916169,0.088577868762,0.328072759777,0.513963188605
 02/22  10:00:00,1.42863194139,13.2981681709,0.0,11.8774945401,0.0,0.335135765212,0.335135765212,0.335135765212,0.189618017695,0.0432087030601,0.39984522044,0.437424234978
 02/22  11:00:00,1.39706167147,12.7012309779,0.0,11.4524170247,0.0,0.323039329021,0.323039329021,0.323039329021,0.151694360542,0.0345669746653,0.416649278498,0.447711728745
 02/22  12:00:00,1.40616273683,12.1937830756,0.0,11.1005434859,0.0,0.313048761584,0.313048761584,0.313048761584,0.151694360542,0.0345669746653,0.435603744712,0.447848895329
 02/22  13:00:00,1.29785758369,8.86180825237,0.0,7.88944202451,0.0,0.222392434691,0.222392434691,0.222392434691,0.151694360542,0.0345669746653,0.425499080558,0.440304733233
 02/22  14:00:00,1.24348245287,7.73213916872,0.0,6.83095818512,0.0,0.192462635575,0.192462635575,0.192462635575,0.151694360542,0.0345669746653,0.385828258079,0.455530224008
 02/22  15:00:00,1.22549705144,6.75307409481,0.0,5.92161831472,0.0,0.166794398087,0.166794398087,0.166794398087,0.16117537286,0.036727406764,0.356219498597,0.481180375134
 02/22  16:00:00,1.26642203844,5.59717003599,0.0,4.75488096068,0.0,0.133914462348,0.133914462348,0.133914462348,0.189618017695,0.0432087030601,0.368352996408,0.507927858929
 02/22  17:00:00,1.52901328852,5.03442567343,0.0,4.09889294508,0.0,0.115416772332,0.115416772332,0.115416772332,0.293907971843,0.0669735172319,0.428525391116,0.600789636
 02/22  18:00:00,2.09561740442,4.93592840599,0.0,3.80852987798,0.0,0.107211389586,0.107211389586,0.107211389586,0.568854050589,0.129626139723,0.536662433387,0.729863391132
 02/22  19:00:00,2.66468691336,6.17517029898,0.0,4.87613964457,0.0,0.137249351634,0.137249351634,0.137249351634,0.976532859856,0.222524903226,0.482568445407,0.792411353236
 02/22  20:00:00,2.8999726691,6.18377326225,0.0,4.85790601614,0.0,0.136727192822,0.136727192822,0.136727192822,1.2514789386,0.285177525717,0.385264674182,0.817924337778
 02/22  21:00:00,2.79195107316,6.62513726574,0.0,5.39731083525,0.0,0.151932086487,0.151932086487,0.151932086487,1.16615087755,0.265733606286,0.338691015432,0.846043487408
 02/22  22:00:00,2.55597466676,8.24216585036,0.0,7.13777332863,0.0,0.200945337978,0.200945337978,0.200945337978,0.967051979077,0.220364471127,0.317921379207,0.826291499375
 02/22  23:00:00,2.06317532022,7.43561538401,0.0,6.53533147689,0.0,0.18398395376,0.18398395376,0.18398395376,0.72054841113,0.164193144932,0.256000410288,0.715049400107
 02/22  24:00:00,1.64927161798,8.29016844858,0.0,7.60923463473,0.0,0.21415788272,0.21415788272,0.21415788272,0.502487751097,0.114503115032,0.173358245597,0.621364623534
 02/23  01:00:00,1.21687217424,9.33921893795,0.0,8.89024916111,0.0,0.250156456727,0.250156456727,0.250156456727,0.255984317186,0.058331758294,0.11503645343,0.513963188605
 02/23  02:00:00,1.05017335705,9.90705381227,0.0,9.56274136975,0.0,0.269045039519,0.269045039519,0.269045039519,0.151694360542,0.0345669746653,0.0982422690411,0.473224713288
 02/23  03:00:00,0.983958167595,10.3197409455,0.0,10.004057475,0.0,0.281441006758,0.281441006758,0.281441006758,0.104289915935,0.023764795846,0.0833243991109,0.467738049945
 02/23  04:00:00,0.98549572108,10.9254467004,0.0,10.6021928536,0.0,0.298256331695,0.298256331695,0.298256331695,0.104289915935,0.023764795846,0.0746306236694,0.461154053934
 02/23  05:00:00,0.981262210305,11.0452228988,0.0,10.6412791928,0.0,0.299347972128,0.299347972128,0.299347972128,0.104289915935,0.023764795846,0.0867256285748,0.443733897822
 02/23  06:00:00,1.04696452734,10.9668401786,0.0,10.2027783107,0.0,0.287001317118,0.287001317118,0.287001317118,0.113770823272,0.025925230999,0.101695789294,0.495171366658
 02/23  07:00:00,1.33536885004,12.3564938281,0.0,10.9207671098,0.0,0.307143184839,0.307143184839,0.307143184839,0.218060791572,0.0496900298993,0.16495302369,0.572121820036
 02/23  08:00:00,1.76432524279,12.424447543,0.0,10.7998380569,0.0,0.303734626732,0.303734626732,0.303734626732,0.436121451606,0.0993800597985,0.256266806309,0.607922298345
 02/23  09:00:00,1.64765077019,12.4144958711,0.0,10.8423493896,0.0,0.304920036871,0.304920036871,0.304920036871,0.388716916169,0.088577868762,0.328072759777,0.513963188605
 02/23  10:00:00,1.38484704674,11.7821176084,0.0,10.3598798503,0.0,0.29135087057,0.29135087057,0.29135087057,0.189618017695,0.0432087030601,0.39984522044,0.437424234978
 02/23  11:00:00,1.39730701424,12.7480089697,0.0,11.4977847316,0.0,0.323284671792,0.323284671792,0.323284671792,0.151694360542,0.0345669746653,0.416649278498,0.447711728745
 02/23  12:00:00,1.38191084815,11.3663544748,0.0,10.2717513347,0.0,0.288796872904,0.288796872904,0.288796872904,0.151694360542,0.0345669746653,0.435603744712,0.447848895329
 02/23  13:00:00,1.3474102476,10.6465047657,0.0,9.67352007082,0.0,0.271945098603,0.271945098603,0.271945098603,0.151694360542,0.0345669746653,0.425499080558,0.440304733233
 02/23  14:00:00,1.3242856773,10.6222871754,0.0,9.72124724925,0.0,0.273265860011,0.273265860011,0.273265860011,0.151694360542,0.0345669746653,0.385828258079,0.455530224008
 02/23  15:00:00,1.32630806424,10.3508272145,0.0,9.5198529884,0.0,0.267605410884,0.267605410884,0.267605410884,0.16117537286,0.036727406764,0.356219498597,0.481180375134
 02/23  16:00:00,1.43023688996,11.4321292004,0.0,10.5908523632,0.0,0.297729313868,0.297729313868,0.297729313868,0.189618017695,0.0432087030601,0.368352996408,0.507927858929
 02/23  17:00:00,1.69966099012,11.1079038714,0.0,10.1744803647,0.0,0.286064473931,0.286064473931,0.286064473931,0.293907971843,0.0669735172319,0.428525391116,0.600789636
 02/23  18:00:00,2.31813198153,12.8484121497,0.0,11.7240766952,0.0,0.329725966695,0.329725966695,0.329725966695,0.568854050589,0.129626139723,0.536662433387,0.729863391132
 02/23  19:00:00,2.83566598686,12.2532507727,0.0,10.9577120913,0.0,0.308228425133,0.308228425133,0.308228425133,0.976532859856,0.222524903226,0.482568445407,0.792411353236
 02/23  20:00:00,3.10682819396,13.5343091909,0.0,12.21194154,0.0,0.343582717681,0.343582717681,0.343582717681,1.2514789386,0.285177525717,0.385264674182,0.817924337778
 02/23  21:00:00,2.96577800563,12.8010174023,0.0,11.5762275313,0.0,0.325759018953,0.325759018953,0.325759018953,1.16615087755,0.265733606286,0.338691015432,0.846043487408
 02/23  22:00:00,2.70131331558,13.4064032521,0.0,12.304596085,0.0,0.346283986795,0.346283986795,0.346283986795,0.967051979077,0.220364471127,0.317921379207,0.826291499375
 02/23  23:00:00,2.25245269213,14.1590258172,0.0,13.2616473495,0.0,0.37326132567,0.37326132567,0.37326132567,0.72054841113,0.164193144932,0.256000410288,0.715049400107
 02/23  24:00:00,1.81913726828,14.3205775509,0.0,13.642514951,0.0,0.384023533018,0.384023533018,0.384023533018,0.502487751097,0.114503115032,0.173358245597,0.621364623534
 02/24  01:00:00,1.39517302105,15.6657866018,0.0,15.2196857006,0.0,0.428457303534,0.428457303534,0.428457303534,0.255984317186,0.058331758294,0.11503645343,0.513963188605
 02/24  02:00:00,1.22792725385,16.2110701156,0.0,15.8697304916,0.0,0.446798936314,0.446798936314,0.446798936314,0.151694360542,0.0345669746653,0.0982422690411,0.473224713288
 02/24  03:00:00,1.16554951097,16.7568409109,0.0,16.444256636,0.0,0.463032350132,0.463032350132,0.463032350132,0.104289915935,0.023764795846,0.0833243991109,0.467738049945
 02/24  04:00:00,1.15246137996,16.8409368449,0.0,16.5207461074,0.0,0.465221990576,0.465221990576,0.465221990576,0.104289915935,0.023764795846,0.0746306236694,0.461154053934
 02/24  05:00:00,1.1495605115,17.00674366,0.0,16.6058212225,0.0,0.467646273325,0.467646273325,0.467646273325,0.104289915935,0.023764795846,0.0867256285748,0.443733897822
 02/24  06:00:00,1.22213816678,17.1704483651,0.0,16.4096186829,0.0,0.462174956556,0.462174956556,0.462174956556,0.113770823272,0.025925230999,0.101695789294,0.495171366658
 02/24  07:00:00,1.48551538739,17.6666225625,0.0,16.2344206249,0.0,0.45728972219,0.45728972219,0.45728972219,0.218060791572,0.0496900298993,0.16495302369,0.572121820036
 02/24  08:00:00,1.90494878688,17.3948893202,0.0,15.7737049476,0.0,0.444358170823,0.444358170823,0.444358170823,0.436121451606,0.0993800597985,0.256266806309,0.607922298345
 02/24  09:00:00,1.77315943522,16.8471214854,0.0,15.2781506047,0.0,0.430428701904,0.430428701904,0.430428701904,0.388716916169,0.088577868762,0.328072759777,0.513963188605
 02/24  10:00:00,1.49149333557,15.5481257233,0.0,14.1284675356,0.0,0.397997159401,0.397997159401,0.397997159401,0.189618017695,0.0432087030601,0.39984522044,0.437424234978
 02/24  11:00:00,1.48935534241,15.9909920804,0.0,14.7436027957,0.0,0.415332999956,0.415332999956,0.415332999956,0.151694360542,0.0345669746653,0.416649278498,0.447711728745
 02/24  12:00:00,1.48193522193,14.894443355,0.0,13.8025238465,0.0,0.388821246681,0.388821246681,0.388821246681,0.151694360542,0.0345669746653,0.435603744712,0.447848895329
 02/24  13:00:00,1.42241962546,13.2889453248,0.0,12.3183525488,0.0,0.346954476464,0.346954476464,0.346954476464,0.151694360542,0.0345669746653,0.425499080558,0.440304733233
 02/24  14:00:00,1.41901879547,13.965503294,0.0,13.0667494219,0.0,0.36799897818,0.36799897818,0.36799897818,0.151694360542,0.0345669746653,0.385828258079,0.455530224008
 02/24  15:00:00,1.40631860909,13.170913799,0.0,12.3424220499,0.0,0.347615955732,0.347615955732,0.347615955732,0.16117537286,0.036727406764,0.356219498597,0.481180375134
 02/24  16:00:00,1.47764161566,13.0930937382,0.0,12.2539306959,0.0,0.345134039565,0.345134039565,0.345134039565,0.189618017695,0.0432087030601,0.368352996408,0.507927858929
 02/24  17:00:00,1.77031916099,13.5957035373,0.0,12.6643884227,0.0,0.356722644799,0.356722644799,0.356722644799,0.293907971843,0.0669735172319,0.428525391116,0.600789636
 02/24  18:00:00,2.35685499977,14.199732678,0.0,13.0775041157,0.0,0.368448984943,0.368448984943,0.368448984943,0.568854050589,0.129626139723,0.536662433387,0.729863391132
 02/24  19:00:00,2.88907833434,14.126375018,0.0,12.8332536658,0.0,0.361640772619,0.361640772619,0.361640772619,0.976532859856,0.222524903226,0.482568445407,0.792411353236
 02/24  20:00:00,3.1251438422,14.1623908866,0.0,12.8415183864,0.0,0.361898365924,0.361898365924,0.361898365924,1.2514789386,0.285177525717,0.385264674182,0.817924337778
 02/24  21:00:00,3.0212287068,14.7475419198,0.0,13.5246165913,0.0,0.38120972012,0.38120972012,0.38120972012,1.16615087755,0.265733606286,0.338691015432,0.846043487408
 02/24  22:00:00,2.74333463558,14.8747989669,0.0,13.774775338,0.0,0.388305306798,0.388305306798,0.388305306798,0.967051979077,0.220364471127,0.317921379207,0.826291499375
 02/24  23:00:00,2.28775369244,15.3885138667,0.0,14.4926872917,0.0,0.408562325987,0.408562325987,0.408562325987,0.72054841113,0.164193144932,0.256000410288,0.715049400107
 02/24  24:00:00,1.86381593982,15.883431055,0.0,15.2068799331,0.0,0.428702204557,0.428702204557,0.428702204557,0.502487751097,0.114503115032,0.173358245597,0.621364623534
 02/25  01:00:00,1.42938123625,16.6042262707,0.0,16.1394272602,0.0,0.454996221839,0.454996221839,0.454996221839,0.255984317186,0.058331758294,0.122705750325,0.513963188605
 02/25  02:00:00,1.25245110421,16.905648898,0.0,16.5547284383,0.0,0.466717925277,0.466717925277,0.466717925277,0.151694360542,0.0345669746653,0.10284713044,0.473224713288
 02/25  03:00:00,1.18386267763,17.2842310902,0.0,16.9648067609,0.0,0.478299071971,0.478299071971,0.478299071971,0.104289915935,0.023764795846,0.0863708439315,0.467738049945
 02/25  04:00:00,1.18004017929,17.7490737811,0.0,17.4215094793,0.0,0.491207818382,0.491207818382,0.491207818382,0.104289915935,0.023764795846,0.0762235951923,0.461154053934
 02/25  05:00:00,1.17524653371,17.8014723986,0.0,17.3845632769,0.0,0.490215947339,0.490215947339,0.490215947339,0.104289915935,0.023764795846,0.0898419767705,0.443733897822
 02/25  06:00:00,1.27159530854,18.7817953487,0.0,17.9734608738,0.0,0.506852623649,0.506852623649,0.506852623649,0.113770823272,0.025925230999,0.106475263961,0.495171366658
 02/25  07:00:00,1.57260231971,20.4044531249,0.0,18.8627193718,0.0,0.53198022366,0.53198022366,0.53198022366,0.218060791572,0.0496900298993,0.177349454543,0.572121820036
 02/25  08:00:00,2.00427533,20.1537876826,0.0,18.3986310533,0.0,0.518996458511,0.518996458511,0.518996458511,0.436121451606,0.0993800597985,0.280955061736,0.607922298345
 02/25  09:00:00,1.84624249522,18.2164228583,0.0,16.5063858407,0.0,0.465668244414,0.465668244414,0.465668244414,0.388716916169,0.088577868762,0.365916277267,0.513963188605
 02/25  10:00:00,1.57480919922,16.753232736,0.0,15.202718603,0.0,0.428776788428,0.428776788428,0.428776788428,0.189618017695,0.0432087030601,0.45238145506,0.437424234978
 02/25  11:00:00,1.57765026232,17.110975633,0.0,15.7508744787,0.0,0.444225652618,0.444225652618,0.444225652618,0.151694360542,0.0345669746653,0.47605154575,0.447711728745
 02/25  12:00:00,1.53875464431,14.8165663211,0.0,13.63061944,0.0,0.384403783182,0.384403783182,0.384403783182,0.151694360542,0.0345669746653,0.496840630594,0.447848895329
 02/25  13:00:00,1.5153998638,14.6742375625,0.0,13.6225815822,0.0,0.384155791228,0.384155791228,0.384155791228,0.151694360542,0.0345669746653,0.48127800413,0.440304733233
 02/25  14:00:00,1.50558470542,15.2851031776,0.0,14.3164128443,0.0,0.403712183703,0.403712183703,0.403712183703,0.151694360542,0.0345669746653,0.4366809625,0.455530224008
 02/25  15:00:00,1.5217041905,15.6910375425,0.0,14.7994278926,0.0,0.417355036428,0.417355036428,0.417355036428,0.16117537286,0.036727406764,0.401865999312,0.481180375134
 02/25  16:00:00,1.57620171896,15.1005167122,0.0,14.1989230918,0.0,0.400458674678,0.400458674678,0.400458674678,0.189618017695,0.0432087030601,0.411588464593,0.507927858929
 02/25  17:00:00,1.85322590506,15.110122775,0.0,14.1017984216,0.0,0.397725149895,0.397725149895,0.397725149895,0.293907971843,0.0669735172319,0.470429630087,0.600789636
 02/25  18:00:00,2.45317340329,16.2289455898,0.0,15.0142501236,0.0,0.42352347002,0.42352347002,0.42352347002,0.568854050589,0.129626139723,0.577906351826,0.729863391132
 02/25  19:00:00,2.97423855387,15.8299681904,0.0,14.4171526569,0.0,0.406772290827,0.406772290827,0.406772290827,0.976532859856,0.222524903226,0.522597146725,0.792411353236
 02/25  20:00:00,3.21164552018,15.9293587239,0.0,14.475041907,0.0,0.408447830817,0.408447830817,0.408447830817,1.2514789386,0.285177525717,0.425216887263,0.817924337778
 02/25  21:00:00,3.10489092404,16.3811121193,0.0,15.0310948861,0.0,0.424207338794,0.424207338794,0.424207338794,1.16615087755,0.265733606286,0.379355614002,0.846043487408
 02/25  22:00:00,2.83300390422,16.6693767952,0.0,15.462549959,0.0,0.436433241864,0.436433241864,0.436433241864,0.967051979077,0.220364471127,0.35946271278,0.826291499375
 02/25  23:00:00,2.35978405913,16.8358317772,0.0,15.8565447901,0.0,0.447583945525,0.447583945525,0.447583945525,0.72054841113,0.164193144932,0.289009157438,0.715049400107
 02/25  24:00:00,1.91144971485,16.9602370256,0.0,16.2321603206,0.0,0.458211993412,0.458211993412,0.458211993412,0.502487751097,0.114503115032,0.191482231772,0.621364623534
 02/26  01:00:00,1.43679402945,16.844707445,0.0,16.3810796398,0.0,0.462409015041,0.462409015041,0.462409015041,0.255984317186,0.058331758294,0.122705750325,0.513963188605
 02/26  02:00:00,1.24835562314,16.7390011254,0.0,16.3888725888,0.0,0.462622444205,0.462622444205,0.462622444205,0.151694360542,0.0345669746653,0.10284713044,0.473224713288
 02/26  03:00:00,1.17919157034,17.0988596636,0.0,16.7799187924,0.0,0.473627964686,0.473627964686,0.473627964686,0.104289915935,0.023764795846,0.0863708439315,0.467738049945
 02/26  04:00:00,1.15564786638,16.8669963841,0.0,16.5397850689,0.0,0.466815505474,0.466815505474,0.466815505474,0.104289915935,0.023764795846,0.0762235951923,0.461154053934
 02/26  05:00:00,1.15283818755,16.9917106071,0.0,16.5749797175,0.0,0.467807601181,0.467807601181,0.467807601181,0.104289915935,0.023764795846,0.0898419767705,0.443733897822
 02/26  06:00:00,1.25117441453,18.0438592573,0.0,17.235931683,0.0,0.486431729643,0.486431729643,0.486431729643,0.113770823272,0.025925230999,0.106475263961,0.495171366658
 02/26  07:00:00,1.55169660602,19.6495091746,0.0,18.108533193,0.0,0.511074509971,0.511074509971,0.511074509971,0.218060791572,0.0496900298993,0.177349454543,0.572121820036
 02/26  08:00:00,1.92830633821,17.4499507879,0.0,15.6952542578,0.0,0.443027466729,0.443027466729,0.443027466729,0.436121451606,0.0993800597985,0.280955061736,0.607922298345
 02/26  09:00:00,1.81793059104,17.2058688391,0.0,15.4961275153,0.0,0.437356340236,0.437356340236,0.437356340236,0.388716916169,0.088577868762,0.365916277267,0.513963188605
 02/26  10:00:00,1.56981222686,16.5667718528,0.0,15.0170095661,0.0,0.423779816063,0.423779816063,0.423779816063,0.189618017695,0.0432087030601,0.45238145506,0.437424234978
 02/26  11:00:00,1.56280042231,16.5758822941,0.0,15.2163882245,0.0,0.429375812607,0.429375812607,0.429375812607,0.151694360542,0.0345669746653,0.47605154575,0.447711728745
 02/26  12:00:00,1.53398061966,14.6411357985,0.0,13.4556806604,0.0,0.379629758527,0.379629758527,0.379629758527,0.151694360542,0.0345669746653,0.496840630594,0.447848895329
 02/26  13:00:00,1.49928549925,14.0984910057,0.0,13.0470610943,0.0,0.368041426679,0.368041426679,0.368041426679,0.151694360542,0.0345669746653,0.48127800413,0.440304733233
 02/26  14:00:00,1.46352814535,13.7904796682,0.0,12.8217464918,0.0,0.361655623632,0.361655623632,0.361655623632,0.151694360542,0.0345669746653,0.4366809625,0.455530224008
 02/26  15:00:00,1.44625347929,13.0151360335,0.0,12.1228267343,0.0,0.341904325216,0.341904325216,0.341904325216,0.16117537286,0.036727406764,0.401865999312,0.481180375134
 02/26  16:00:00,1.50814875965,12.689603204,0.0,11.7871989251,0.0,0.332405715374,0.332405715374,0.332405715374,0.189618017695,0.0432087030601,0.411588464593,0.507927858929
 02/26  17:00:00,1.77537471926,12.3527613818,0.0,11.3435643447,0.0,0.319873964095,0.319873964095,0.319873964095,0.293907971843,0.0669735172319,0.470429630087,0.600789636
 02/26  18:00:00,2.37028734635,13.2954670951,0.0,12.0798041017,0.0,0.340637413081,0.340637413081,0.340637413081,0.568854050589,0.129626139723,0.577906351826,0.729863391132
 02/26  19:00:00,2.90618872124,13.4234008964,0.0,12.0097949885,0.0,0.338722458202,0.338722458202,0.338722458202,0.976532859856,0.222524903226,0.522597146725,0.792411353236
 02/26  20:00:00,3.13827762034,13.3347102267,0.0,11.8796119918,0.0,0.335079930982,0.335079930982,0.335079930982,1.2514789386,0.285177525717,0.425216887263,0.817924337778
 02/26  21:00:00,3.01775699546,13.3006017012,0.0,11.9493912344,0.0,0.337073410213,0.337073410213,0.337073410213,1.16615087755,0.265733606286,0.379355614002,0.846043487408
 02/26  22:00:00,2.73352140669,13.152405809,0.0,11.9444547861,0.0,0.336950744327,0.336950744327,0.336950744327,0.967051979077,0.220364471127,0.35946271278,0.826291499375
 02/26  23:00:00,2.24729647621,12.8593492236,0.0,11.8785686189,0.0,0.335096362605,0.335096362605,0.335096362605,0.72054841113,0.164193144932,0.289009157438,0.715049400107
 02/26  24:00:00,1.79160616278,12.7252079066,0.0,11.9952948985,0.0,0.338368441342,0.338368441342,0.338368441342,0.502487751097,0.114503115032,0.191482231772,0.621364623534
 02/27  01:00:00,1.30432074118,12.4160900316,0.0,11.9701702162,0.0,0.337605023664,0.337605023664,0.337605023664,0.255984317186,0.058331758294,0.11503645343,0.513963188605
 02/27  02:00:00,1.11999906146,12.3591273376,0.0,12.0172248336,0.0,0.338870743927,0.338870743927,0.338870743927,0.151694360542,0.0345669746653,0.0982422690411,0.473224713288
 02/27  03:00:00,1.03730346118,12.1886450985,0.0,11.8749534045,0.0,0.334786300346,0.334786300346,0.334786300346,0.104289915935,0.023764795846,0.0833243991109,0.467738049945
 02/27  04:00:00,1.02408101553,12.2717087221,0.0,11.9500724562,0.0,0.336841626141,0.336841626141,0.336841626141,0.104289915935,0.023764795846,0.0746306236694,0.461154053934
 02/27  05:00:00,1.0406170289,13.1309415351,0.0,12.7285912732,0.0,0.35870279072,0.35870279072,0.35870279072,0.104289915935,0.023764795846,0.0867256285748,0.443733897822
 02/27  06:00:00,1.11715220947,13.4367344227,0.0,12.6751619262,0.0,0.357188999249,0.357188999249,0.357188999249,0.113770823272,0.025925230999,0.101695789294,0.495171366658
 02/27  07:00:00,1.42437248301,15.4897938584,0.0,14.0581125733,0.0,0.396146817809,0.396146817809,0.396146817809,0.218060791572,0.0496900298993,0.16495302369,0.572121820036
 02/27  08:00:00,1.85251382671,15.5263709988,0.0,13.9064285292,0.0,0.391923210657,0.391923210657,0.391923210657,0.436121451606,0.0993800597985,0.256266806309,0.607922298345
 02/27  09:00:00,1.70723071564,14.500068076,0.0,12.9323914365,0.0,0.364499982322,0.364499982322,0.364499982322,0.388716916169,0.088577868762,0.328072759777,0.513963188605
 02/27  10:00:00,1.47717958598,15.0328949249,0.0,13.6146535989,0.0,0.383683409804,0.383683409804,0.383683409804,0.189618017695,0.0432087030601,0.39984522044,0.437424234978
 02/27  11:00:00,1.46296349497,15.0482872979,0.0,13.8020600765,0.0,0.388941152524,0.388941152524,0.388941152524,0.151694360542,0.0345669746653,0.416649278498,0.447711728745
 02/27  12:00:00,1.45348495649,13.8799330677,0.0,12.7889145794,0.0,0.360370981245,0.360370981245,0.360370981245,0.151694360542,0.0345669746653,0.435603744712,0.447848895329
 02/27  13:00:00,1.43702567537,13.801676231,0.0,12.8323094659,0.0,0.361560526375,0.361560526375,0.361560526375,0.151694360542,0.0345669746653,0.425499080558,0.440304733233
 02/27  14:00:00,1.39556516554,13.1264413145,0.0,12.2288229502,0.0,0.344545348246,0.344545348246,0.344545348246,0.151694360542,0.0345669746653,0.385828258079,0.455530224008
 02/27  15:00:00,1.39421722409,12.7368964048,0.0,11.9090254804,0.0,0.335514570733,0.335514570733,0.335514570733,0.16117537286,0.036727406764,0.356219498597,0.481180375134
 02/27  16:00:00,1.46296567544,12.5687360046,0.0,11.7303402224,0.0,0.330458099344,0.330458099344,0.330458099344,0.189618017695,0.0432087030601,0.368352996408,0.507927858929
 02/27  17:00:00,1.74245856835,12.6046894958,0.0,11.6739350014,0.0,0.328862052163,0.328862052163,0.328862052163,0.293907971843,0.0669735172319,0.428525391116,0.600789636
 02/27  18:00:00,2.32670429977,13.129299443,0.0,12.0076753041,0.0,0.338298284939,0.338298284939,0.338298284939,0.568854050589,0.129626139723,0.536662433387,0.729863391132
 02/27  19:00:00,2.85809996811,13.0266468039,0.0,11.7342158001,0.0,0.330662406388,0.330662406388,0.330662406388,0.976532859856,0.222524903226,0.482568445407,0.792411353236
 02/27  20:00:00,3.11118323954,13.6638516875,0.0,12.3444238085,0.0,0.347937763265,0.347937763265,0.347937763265,1.2514789386,0.285177525717,0.385264674182,0.817924337778
 02/27  21:00:00,3.01324650529,14.4600290112,0.0,13.2384625679,0.0,0.373227518617,0.373227518617,0.373227518617,1.16615087755,0.265733606286,0.338691015432,0.846043487408
 02/27  22:00:00,2.76531005729,15.6479971842,0.0,14.5495043964,0.0,0.410280728505,0.410280728505,0.410280728505,0.967051979077,0.220364471127,0.317921379207,0.826291499375
 02/27  23:00:00,2.28665129216,15.3433892223,0.0,14.4486065804,0.0,0.407459925707,0.407459925707,0.407459925707,0.72054841113,0.164193144932,0.256000410288,0.715049400107
 02/27  24:00:00,1.87348077968,16.2200762337,0.0,15.5442940608,0.0,0.438367044418,0.438367044418,0.438367044418,0.502487751097,0.114503115032,0.173358245597,0.621364623534
 02/28  01:00:00,1.42683421616,16.7590218196,0.0,16.3146565754,0.0,0.460118498648,0.460118498648,0.460118498648,0.255984317186,0.058331758294,0.11503645343,0.513963188605
 02/28  02:00:00,1.25300152808,17.0710128035,0.0,16.7310754489,0.0,0.471873210545,0.471873210545,0.471873210545,0.151694360542,0.0345669746653,0.0982422690411,0.473224713288
 02/28  03:00:00,1.18902208699,17.5611402362,0.0,17.2497766401,0.0,0.486504926152,0.486504926152,0.486504926152,0.104289915935,0.023764795846,0.0833243991109,0.467738049945
 02/28  04:00:00,1.22089215774,19.238347473,0.0,18.9198599878,0.0,0.533652768351,0.533652768351,0.533652768351,0.104289915935,0.023764795846,0.0746306236694,0.461154053934
 02/28  05:00:00,1.22116386695,19.5141703307,0.0,19.1152661297,0.0,0.539249628777,0.539249628777,0.539249628777,0.104289915935,0.023764795846,0.0867256285748,0.443733897822
 02/28  06:00:00,1.30966383962,20.2415998449,0.0,19.4838280727,0.0,0.549700629396,0.549700629396,0.549700629396,0.113770823272,0.025925230999,0.101695789294,0.495171366658
 02/28  07:00:00,1.6177455507,22.3181265243,0.0,20.8909112443,0.0,0.589519885502,0.589519885502,0.589519885502,0.218060791572,0.0496900298993,0.16495302369,0.572121820036
 02/28  08:00:00,1.97049152794,19.6826655594,0.0,18.0666207561,0.0,0.509900911879,0.509900911879,0.509900911879,0.436121451606,0.0993800597985,0.256266806309,0.607922298345
 02/28  09:00:00,1.77622328016,16.9279273701,0.0,15.3631144582,0.0,0.433492546844,0.433492546844,0.433492546844,0.388716916169,0.088577868762,0.328072759777,0.513963188605
 02/28  10:00:00,1.43574339106,13.5510066409,0.0,12.1341519003,0.0,0.342247214888,0.342247214888,0.342247214888,0.189618017695,0.0432087030601,0.39984522044,0.437424234978
 02/28  11:00:00,1.38640530205,12.3243647011,0.0,11.0786911276,0.0,0.312382959604,0.312382959604,0.312382959604,0.151694360542,0.0345669746653,0.416649278498,0.447711728745
 02/28  12:00:00,1.3462170727,10.0698717364,0.0,8.97870609965,0.0,0.253103097449,0.253103097449,0.253103097449,0.151694360542,0.0345669746653,0.435603744712,0.447848895329
 02/28  13:00:00,1.29179135167,8.64626955906,0.0,7.67603930811,0.0,0.21632620267,0.21632620267,0.21632620267,0.151694360542,0.0345669746653,0.425499080558,0.440304733233
 02/28  14:00:00,1.25566014946,8.16093688498,0.0,7.26238932306,0.0,0.204640332165,0.204640332165,0.204640332165,0.151694360542,0.0345669746653,0.385828258079,0.455530224008
 02/28  15:00:00,1.24226740807,7.34353231807,0.0,6.51471831521,0.0,0.183564754715,0.183564754715,0.183564754715,0.16117537286,0.036727406764,0.356219498597,0.481180375134
 02/28  16:00:00,1.30758922783,7.05385225072,0.0,6.21427640653,0.0,0.175081651743,0.175081651743,0.175081651743,0.189618017695,0.0432087030601,0.368352996408,0.507927858929
 02/28  17:00:00,1.61119375694,7.94490100577,0.0,7.01334708583,0.0,0.19759724075,0.19759724075,0.19759724075,0.293907971843,0.0669735172319,0.428525391116,0.600789636
 02/28  18:00:00,2.22166132353,9.3988503538,0.0,8.27696606734,0.0,0.233255308696,0.233255308696,0.233255308696,0.568854050589,0.129626139723,0.536662433387,0.729863391132
 02/28  19:00:00,2.76449068003,9.70228404674,0.0,8.40995636342,0.0,0.237053118306,0.237053118306,0.237053118306,0.976532859856,0.222524903226,0.482568445407,0.792411353236
 02/28  20:00:00,3.01948307752,10.4086920008,0.0,9.08914836069,0.0,0.256237601239,0.256237601239,0.256237601239,1.2514789386,0.285177525717,0.385264674182,0.817924337778
 02/28  21:00:00,2.92422308933,11.3017210676,0.0,10.0797729173,0.0,0.284204102648,0.284204102648,0.284204102648,1.16615087755,0.265733606286,0.338691015432,0.846043487408
 02/28  22:00:00,2.66530027668,12.1023942322,0.0,11.0032157642,0.0,0.310270947892,0.310270947892,0.310270947892,0.967051979077,0.220364471127,0.317921379207,0.826291499375
 02/28  23:00:00,2.21782852809,12.9038531482,0.0,12.0085310307,0.0,0.338637161636,0.338637161636,0.338637161636,0.72054841113,0.164193144932,0.256000410288,0.715049400107
 02/28  24:00:00,1.8006480709,13.6382948441,0.0,12.9618661321,0.0,0.365534335644,0.365534335644,0.365534335644,0.502487751097,0.114503115032,0.173358245597,0.621364623534
 03/01  01:00:00,1.31987753291,14.6305009327,0.0,14.189893018,0.0,0.400182392465,0.400182392465,0.400182392465,0.256157220735,0.0583711588285,0.133321704843,0.448445056036
 03/01  02:00:00,1.16317025852,15.3706307733,0.0,15.0341212354,0.0,0.42401319023,0.42401319023,0.42401319023,0.152093382306,0.0346578707821,0.116106043831,0.41289977137
 03/01  03:00:00,1.10617371292,16.1033889731,0.0,15.7955240267,0.0,0.445511242711,0.445511242711,0.445511242711,0.104063864737,0.0237132849921,0.101372792835,0.408112527644
 03/01  04:00:00,1.11296715417,16.8820674692,0.0,16.5667516441,0.0,0.467296952552,0.467296952552,0.467296952552,0.104063864737,0.0237132849921,0.0921252167148,0.402367835173
 03/01  05:00:00,1.12386527962,17.488458241,0.0,17.0926691765,0.0,0.482180117381,0.482180117381,0.482180117381,0.104063864737,0.0237132849921,0.103339676171,0.387168336342
 03/01  06:00:00,1.1962144556,17.9615677187,0.0,17.2073591075,0.0,0.485449214412,0.485449214412,0.485449214412,0.112068771261,0.0255373831329,0.117710340515,0.432048746274
 03/01  07:00:00,1.38937544729,18.1277094242,0.0,16.7047422865,0.0,0.471286985328,0.471286985328,0.471286985328,0.176108023954,0.0401301774214,0.179260421057,0.499189839532
 03/01  08:00:00,1.69826714933,17.7409502297,0.0,16.1296125244,0.0,0.455062129287,0.455062129287,0.455062129287,0.312191646826,0.0711398641394,0.268546904233,0.530426604844
 03/01  09:00:00,1.52752069041,16.1234016587,0.0,14.5629293396,0.0,0.410806289499,0.410806289499,0.410806289499,0.248152341018,0.0565470667965,0.340169937058,0.448445056036
 03/01  10:00:00,1.33881212343,14.3409910481,0.0,12.9285223403,0.0,0.364624927512,0.364624927512,0.364624927512,0.128078597713,0.0291855794143,0.411860012733,0.381663006058
 03/01  11:00:00,1.32487651181,13.7986646282,0.0,12.5578686159,0.0,0.354130897611,0.354130897611,0.354130897611,0.104063864737,0.0237132849921,0.428929376422,0.390639088044
 03/01  12:00:00,1.30303346075,12.2366923432,0.0,11.1507530532,0.0,0.314414390286,0.314414390286,0.314414390286,0.104063864737,0.0237132849921,0.446683151596,0.390758769137
 03/01  13:00:00,1.26591212815,11.4002505523,0.0,10.4355077458,0.0,0.2942104966,0.2942104966,0.2942104966,0.104063864737,0.0237132849921,0.436348172812,0.384176309014
 03/01  14:00:00,1.21319136623,10.3313962459,0.0,9.43840071037,0.0,0.266074070106,0.266074070106,0.266074070106,0.104063864737,0.0237132849921,0.398479236038,0.397460910353
 03/01  15:00:00,1.23044453,11.1273691922,0.0,10.3045299075,0.0,0.290470041358,0.290470041358,0.290470041358,0.104063864737,0.0237132849921,0.368956064146,0.419841274773
 03/01  16:00:00,1.23059493177,9.25353228799,0.0,8.42049579411,0.0,0.237378582955,0.237378582955,0.237378582955,0.120073690939,0.0273614812736,0.379202088662,0.443179087937
 03/01  17:00:00,1.43711436005,9.04789603079,0.0,8.12291941234,0.0,0.228957134369,0.228957134369,0.228957134369,0.18411303521,0.0419542694535,0.43448673302,0.524203188
 03/01  18:00:00,1.92846558393,11.0915946679,0.0,9.97732269706,0.0,0.281244838434,0.281244838434,0.281244838434,0.368225938881,0.0839085389071,0.534863171049,0.636823096655
 03/01  19:00:00,2.37055963141,10.6445206174,0.0,9.35989916623,0.0,0.263871386155,0.263871386155,0.263871386155,0.712437241108,0.162344801718,0.487108527302,0.691397675132
 03/01  20:00:00,2.71485658274,10.9535469684,0.0,9.64162474752,0.0,0.271821923255,0.271821923255,0.271821923255,1.06465342055,0.242605126018,0.398717754459,0.713658358458
 03/01  21:00:00,2.82202812648,11.8267888581,0.0,10.6129635613,0.0,0.29923511373,0.29923511373,0.29923511373,1.1447024858,0.260846107425,0.355651436977,0.738192982553
 03/01  22:00:00,2.59108843846,12.8291435442,0.0,11.7379167227,0.0,0.330986034924,0.330986034924,0.330986034924,0.960589450587,0.218891837971,0.336262209834,0.72095890514
 03/01  23:00:00,2.11105137826,11.6776147973,0.0,10.7885529403,0.0,0.304209533772,0.304209533772,0.304209533772,0.720442120825,0.16416889375,0.274933291318,0.623897538595
 03/01  24:00:00,1.71263027233,12.5934342616,0.0,11.9219231727,0.0,0.336107334867,0.336107334867,0.336107334867,0.504309432711,0.114918225625,0.191739927151,0.542155351973
 03/02  01:00:00,1.29453035652,13.7371742026,0.0,13.2960978712,0.0,0.374835216075,0.374835216075,0.374835216075,0.256157220735,0.0583711588285,0.133321704843,0.448445056036
 03/02  02:00:00,1.12673972168,14.084666353,0.0,13.7476534857,0.0,0.387582653393,0.387582653393,0.387582653393,0.152093382306,0.0346578707821,0.116106043831,0.41289977137
 03/02  03:00:00,1.02370720451,13.1855747794,0.0,12.8769674543,0.0,0.363044734306,0.363044734306,0.363044734306,0.104063864737,0.0237132849921,0.101372792835,0.408112527644
 03/02  04:00:00,1.01140793251,13.289509808,0.0,12.9727074277,0.0,0.365737730896,0.365737730896,0.365737730896,0.104063864737,0.0237132849921,0.0921252167148,0.402367835173
 03/02  05:00:00,1.01566390704,13.664778884,0.0,13.2671369428,0.0,0.373978744802,0.373978744802,0.373978744802,0.104063864737,0.0237132849921,0.103339676171,0.387168336342
 03/02  06:00:00,1.09144347958,14.2617735085,0.0,13.5059065353,0.0,0.380678238392,0.380678238392,0.380678238392,0.112068771261,0.0255373831329,0.117710340515,0.432048746274
 03/02  07:00:00,1.27835908846,14.2062130936,0.0,12.7820313292,0.0,0.360270626498,0.360270626498,0.360270626498,0.176108023954,0.0401301774214,0.179260421057,0.499189839532
 03/02  08:00:00,1.61196379577,14.6954889428,0.0,13.0829918262,0.0,0.368758775727,0.368758775727,0.368758775727,0.312191646826,0.0711398641394,0.268546904233,0.530426604844
 03/02  09:00:00,1.43106669568,12.7162519006,0.0,11.1546071761,0.0,0.314352294773,0.314352294773,0.314352294773,0.248152341018,0.0565470667965,0.340169937058,0.448445056036
 03/02  10:00:00,1.26777293536,11.8331881599,0.0,10.4195749309,0.0,0.293585739442,0.293585739442,0.293585739442,0.128078597713,0.0291855794143,0.411860012733,0.381663006058
 03/02  11:00:00,1.25133835516,11.2018197882,0.0,9.95973424312,0.0,0.280592740961,0.280592740961,0.280592740961,0.104063864737,0.0237132849921,0.428929376422,0.390639088044
 03/02  12:00:00,1.25511786231,10.5474435685,0.0,9.46035158204,0.0,0.266498791848,0.266498791848,0.266498791848,0.104063864737,0.0237132849921,0.446683151596,0.390758769137
 03/02  13:00:00,1.21629397209,9.64949207614,0.0,8.68359909006,0.0,0.244592340535,0.244592340535,0.244592340535,0.104063864737,0.0237132849921,0.436348172812,0.384176309014
 03/02  14:00:00,1.18888747348,9.47813079959,0.0,8.58407498474,0.0,0.241770177358,0.241770177358,0.241770177358,0.104063864737,0.0237132849921,0.398479236038,0.397460910353
 03/02  15:00:00,1.17920299304,9.31826287863,0.0,8.49426093858,0.0,0.239228504394,0.239228504394,0.239228504394,0.104063864737,0.0237132849921,0.368956064146,0.419841274773
 03/02  16:00:00,1.21370038798,8.66377212206,0.0,7.82942227206,0.0,0.220484039168,0.220484039168,0.220484039168,0.120073690939,0.0273614812736,0.379202088662,0.443179087937
 03/02  17:00:00,1.42097325258,8.48378502784,0.0,7.55794281655,0.0,0.212816026899,0.212816026899,0.212816026899,0.18411303521,0.0419542694535,0.43448673302,0.524203188
 03/02  18:00:00,1.87547249968,9.2215132394,0.0,8.10613404217,0.0,0.228251754192,0.228251754192,0.228251754192,0.368225938881,0.0839085389071,0.534863171049,0.636823096655
 03/02  19:00:00,2.3237130004,8.99314315187,0.0,7.70756960069,0.0,0.217024755136,0.217024755136,0.217024755136,0.712437241108,0.162344801718,0.487108527302,0.691397675132
 03/02  20:00:00,2.67401203784,9.51545109378,0.0,8.20267887696,0.0,0.230977378353,0.230977378353,0.230977378353,1.06465342055,0.242605126018,0.398717754459,0.713658358458
 03/02  21:00:00,2.77204770926,10.0658765858,0.0,8.85090315694,0.0,0.249254696507,0.249254696507,0.249254696507,1.1447024858,0.260846107425,0.355651436977,0.738192982553
 03/02  22:00:00,2.51933667185,10.2974449119,0.0,9.2047826076,0.0,0.259234268314,0.259234268314,0.259234268314,0.960589450587,0.218891837971,0.336262209834,0.72095890514
 03/02  23:00:00,2.08699403261,10.8377724606,0.0,9.94760984564,0.0,0.280152188127,0.280152188127,0.280152188127,0.720442120825,0.16416889375,0.274933291318,0.623897538595
 03/02  24:00:00,1.66268960516,10.8341242772,0.0,10.1614924992,0.0,0.286166667701,0.286166667701,0.286166667701,0.504309432711,0.114918225625,0.191739927151,0.542155351973
 03/03  01:00:00,1.21298229858,10.8583320592,0.0,10.4156403082,0.0,0.293287158136,0.293287158136,0.293287158136,0.256157220735,0.0583711588285,0.133321704843,0.448445056036
 03/03  02:00:00,1.04487686713,11.1971767456,0.0,10.8580474906,0.0,0.305719798838,0.305719798838,0.305719798838,0.152093382306,0.0346578707821,0.116106043831,0.41289977137
 03/03  03:00:00,0.982726354691,11.7507866677,0.0,11.4399221943,0.0,0.322063884484,0.322063884484,0.322063884484,0.104063864737,0.0237132849921,0.101372792835,0.408112527644
 03/03  04:00:00,0.99919512155,12.875576917,0.0,12.5573203717,0.0,0.353524919934,0.353524919934,0.353524919934,0.104063864737,0.0237132849921,0.0921252167148,0.402367835173
 03/03  05:00:00,1.01368189898,13.6101812228,0.0,13.2116465149,0.0,0.371996736738,0.371996736738,0.371996736738,0.104063864737,0.0237132849921,0.103339676171,0.387168336342
 03/03  06:00:00,1.08875350141,14.1799604616,0.0,13.4235798054,0.0,0.377988260225,0.377988260225,0.377988260225,0.112068771261,0.0255373831329,0.117710340515,0.432048746274
 03/03  07:00:00,1.33502634705,16.2288170656,0.0,14.8050613521,0.0,0.416937885091,0.416937885091,0.416937885091,0.176108023954,0.0401301774214,0.179260421057,0.499189839532
 03/03  08:00:00,1.65303383417,16.1603067357,0.0,14.5489575559,0.0,0.409828814126,0.409828814126,0.409828814126,0.312191646826,0.0711398641394,0.268546904233,0.530426604844
 03/03  09:00:00,1.4852834484,14.6444594792,0.0,13.0840425659,0.0,0.368569047492,0.368569047492,0.368569047492,0.248152341018,0.0565470667965,0.340169937058,0.448445056036
 03/03  10:00:00,1.31335680464,13.4551744094,0.0,12.0427148262,0.0,0.33916960872,0.33916960872,0.33916960872,0.128078597713,0.0291855794143,0.411860012733,0.381663006058
 03/03  11:00:00,1.3075205786,13.1995348608,0.0,11.9584601258,0.0,0.336774964409,0.336774964409,0.336774964409,0.104063864737,0.0237132849921,0.428929376422,0.390639088044
 03/03  12:00:00,1.28921665323,11.7607626092,0.0,10.6743451071,0.0,0.300597582772,0.300597582772,0.300597582772,0.104063864737,0.0237132849921,0.446683151596,0.390758769137
 03/03  13:00:00,1.27176989703,11.6208705326,0.0,10.6557983896,0.0,0.300068265479,0.300068265479,0.300068265479,0.104063864737,0.0237132849921,0.436348172812,0.384176309014
 03/03  14:00:00,1.24452355847,11.4543273855,0.0,10.5611012413,0.0,0.297406262348,0.297406262348,0.297406262348,0.104063864737,0.0237132849921,0.398479236038,0.397460910353
 03/03  15:00:00,1.25791048731,12.1114569137,0.0,11.2885588648,0.0,0.317935998659,0.317935998659,0.317935998659,0.104063864737,0.0237132849921,0.368956064146,0.419841274773
 03/03  16:00:00,1.31281914235,12.1789344875,0.0,11.3460324096,0.0,0.319602793541,0.319602793541,0.319602793541,0.120073690939,0.0273614812736,0.379202088662,0.443179087937
 03/03  17:00:00,1.54659587762,12.9364617526,0.0,12.0125919761,0.0,0.338438651933,0.338438651933,0.338438651933,0.18411303521,0.0419542694535,0.43448673302,0.524203188
 03/03  18:00:00,2.03800202676,14.9785504727,0.0,13.8658431715,0.0,0.390781281266,0.390781281266,0.390781281266,0.368225938881,0.0839085389071,0.534863171049,0.636823096655
 03/03  19:00:00,2.49657900648,15.1121911359,0.0,13.8298963921,0.0,0.389890761223,0.389890761223,0.389890761223,0.712437241108,0.162344801718,0.487108527302,0.691397675132
 03/03  20:00:00,2.8480714607,15.6728770896,0.0,14.3635560861,0.0,0.405036801206,0.405036801206,0.405036801206,1.06465342055,0.242605126018,0.398717754459,0.713658358458
 03/03  21:00:00,2.92930894684,15.6248232875,0.0,14.4131935483,0.0,0.406515934086,0.406515934086,0.406515934086,1.1447024858,0.260846107425,0.355651436977,0.738192982553
 03/03  22:00:00,2.69795061858,16.6099009849,0.0,15.5208643294,0.0,0.437848215046,0.437848215046,0.437848215046,0.960589450587,0.218891837971,0.336262209834,0.72095890514
 03/03  23:00:00,2.2633285173,17.06504809,0.0,16.1784928862,0.0,0.456486672817,0.456486672817,0.456486672817,0.720442120825,0.16416889375,0.274933291318,0.623897538595
 03/03  24:00:00,1.85591804242,17.6578866332,0.0,16.9889184878,0.0,0.479395104962,0.479395104962,0.479395104962,0.504309432711,0.114918225625,0.191739927151,0.542155351973
 03/04  01:00:00,1.41888988127,17.8768144537,0.0,17.4179157603,0.0,0.491525443933,0.491525443933,0.491525443933,0.256157220735,0.0583711588285,0.140991001738,0.448445056036
 03/04  02:00:00,1.25140607616,18.335025758,0.0,17.9890934521,0.0,0.507644146476,0.507644146476,0.507644146476,0.152093382306,0.0346578707821,0.12071090523,0.41289977137
 03/04  03:00:00,1.1719571771,18.3246076398,0.0,18.0099861212,0.0,0.508248262076,0.508248262076,0.508248262076,0.104063864737,0.0237132849921,0.104419237655,0.408112527644
 03/04  04:00:00,1.16841299466,18.7895665492,0.0,18.4666443905,0.0,0.521149821522,0.521149821522,0.521149821522,0.104063864737,0.0237132849921,0.0937181882377,0.402367835173
 03/04  05:00:00,1.16933282703,18.9979155589,0.0,18.5859156502,0.0,0.524531316593,0.524531316593,0.524531316593,0.104063864737,0.0237132849921,0.106456024366,0.387168336342
 03/04  06:00:00,1.24883568789,19.6964079476,0.0,18.8952665242,0.0,0.53329097204,0.53329097204,0.53329097204,0.112068771261,0.0255373831329,0.122489815182,0.432048746274
 03/04  07:00:00,1.45927812129,20.2659466255,0.0,18.735010586,0.0,0.528793228473,0.528793228473,0.528793228473,0.176108023954,0.0401301774214,0.191656851911,0.499189839532
 03/04  08:00:00,1.77327974143,19.6481582535,0.0,17.9046368784,0.0,0.505386465965,0.505386465965,0.505386465965,0.312191646826,0.0711398641394,0.29323515966,0.530426604844
 03/04  09:00:00,1.61543591014,18.0295577018,0.0,16.3299364118,0.0,0.460877991738,0.460877991738,0.460877991738,0.248152341018,0.0565470667965,0.378013454548,0.448445056036
 03/04  10:00:00,1.45895217353,16.8586011139,0.0,15.3173599188,0.0,0.432228742991,0.432228742991,0.432228742991,0.128078597713,0.0291855794143,0.464396247352,0.381663006058
 03/04  11:00:00,1.4775634124,17.2069959113,0.0,15.8555721305,0.0,0.447415530949,0.447415530949,0.447415530949,0.104063864737,0.0237132849921,0.488331643674,0.390639088044
 03/04  12:00:00,1.43522907634,14.8363787151,0.0,13.658264792,0.0,0.385373119995,0.385373119995,0.385373119995,0.104063864737,0.0237132849921,0.507920037478,0.390758769137
 03/04  13:00:00,1.39495912143,14.0707814059,0.0,13.025934949,0.0,0.367478566303,0.367478566303,0.367478566303,0.104063864737,0.0237132849921,0.492127096384,0.384176309014
 03/04  14:00:00,1.33892647452,13.0496596733,0.0,12.0871517941,0.0,0.340956473978,0.340956473978,0.340956473978,0.104063864737,0.0237132849921,0.449331940459,0.397460910353
 03/04  15:00:00,1.32097550389,12.775524267,0.0,11.889580926,0.0,0.33535451453,0.33535451453,0.33535451453,0.104063864737,0.0237132849921,0.41460256486,0.419841274773
 03/04  16:00:00,1.37095779151,12.7554306466,0.0,11.8596636844,0.0,0.334505974514,0.334505974514,0.334505974514,0.120073690939,0.0273614812736,0.422437556848,0.443179087937
 03/04  17:00:00,1.59877122306,13.363757759,0.0,12.3627974035,0.0,0.348709758407,0.348709758407,0.348709758407,0.18411303521,0.0419542694535,0.476390971991,0.524203188
 03/04  18:00:00,2.06283904044,14.4756917413,0.0,13.2703506387,0.0,0.374374376513,0.374374376513,0.374374376513,0.368225938881,0.0839085389071,0.576107089488,0.636823096655
 03/04  19:00:00,2.50716210445,14.177425122,0.0,12.7751193157,0.0,0.360445157872,0.360445157872,0.360445157872,0.712437241108,0.162344801718,0.52713722862,0.691397675132
 03/04  20:00:00,2.85777092078,14.7244447221,0.0,13.2813413587,0.0,0.374784048208,0.374784048208,0.374784048208,1.06465342055,0.242605126018,0.438669967539,0.713658358458
 03/04  21:00:00,2.94194310083,14.7505083098,0.0,13.4111210035,0.0,0.378485489512,0.378485489512,0.378485489512,1.1447024858,0.260846107425,0.396316035547,0.738192982553
 03/04  22:00:00,2.68856513702,14.9056336286,0.0,13.7088590302,0.0,0.38692139992,0.38692139992,0.38692139992,0.960589450587,0.218891837971,0.377803543407,0.72095890514
 03/04  23:00:00,2.24279871912,15.2477839046,0.0,14.2763993904,0.0,0.402948127484,0.402948127484,0.402948127484,0.720442120825,0.16416889375,0.307942038467,0.623897538595
 03/04  24:00:00,1.81401040481,15.5800808996,0.0,14.8580181476,0.0,0.419363481175,0.419363481175,0.419363481175,0.504309432711,0.114918225625,0.209863913326,0.542155351973
 03/05  01:00:00,1.4026395973,17.2981379087,0.0,16.8388820915,0.0,0.475275159963,0.475275159963,0.475275159963,0.256157220735,0.0583711588285,0.140991001738,0.448445056036
 03/05  02:00:00,1.22732165218,17.4772674691,0.0,17.1311799326,0.0,0.483559722493,0.483559722493,0.483559722493,0.152093382306,0.0346578707821,0.12071090523,0.41289977137
 03/05  03:00:00,1.15138382799,17.5918324552,0.0,17.2769327851,0.0,0.487674912957,0.487674912957,0.487674912957,0.104063864737,0.0237132849921,0.104419237655,0.408112527644
 03/05  04:00:00,1.16142348471,18.5376164569,0.0,18.2146680076,0.0,0.514160311573,0.514160311573,0.514160311573,0.104063864737,0.0237132849921,0.0937181882377,0.402367835173
 03/05  05:00:00,1.16799293323,18.9449274276,0.0,18.5331242378,0.0,0.52319142279,0.52319142279,0.52319142279,0.104063864737,0.0237132849921,0.106456024366,0.387168336342
 03/05  06:00:00,1.25133923403,19.7783812954,0.0,18.9779060712,0.0,0.535794518183,0.535794518183,0.535794518183,0.112068771261,0.0255373831329,0.122489815182,0.432048746274
 03/05  07:00:00,1.51034881875,22.0657779604,0.0,20.5364806566,0.0,0.579863925937,0.579863925937,0.579863925937,0.176108023954,0.0401301774214,0.191656851911,0.499189839532
 03/05  08:00:00,1.76927952353,19.4971763949,0.0,17.7552968741,0.0,0.501386248061,0.501386248061,0.501386248061,0.312191646826,0.0711398641394,0.29323515966,0.530426604844
 03/05  09:00:00,1.60819025665,17.7657919215,0.0,16.0676325452,0.0,0.453632338247,0.453632338247,0.453632338247,0.248152341018,0.0565470667965,0.378013454548,0.448445056036
 03/05  10:00:00,1.43553496329,16.0231075265,0.0,14.4830383991,0.0,0.408811532756,0.408811532756,0.408811532756,0.128078597713,0.0291855794143,0.464396247352,0.381663006058
 03/05  11:00:00,1.4223846941,15.2480707998,0.0,13.8972460266,0.0,0.392236812654,0.392236812654,0.392236812654,0.104063864737,0.0237132849921,0.488331643674,0.390639088044
 03/05  12:00:00,1.38227163906,12.957149938,0.0,11.7794804327,0.0,0.332415682718,0.332415682718,0.332415682718,0.104063864737,0.0237132849921,0.507920037478,0.390758769137
 03/05  13:00:00,1.33097176993,11.8009782672,0.0,10.7563244398,0.0,0.303491214799,0.303491214799,0.303491214799,0.104063864737,0.0237132849921,0.492127096384,0.384176309014
 03/05  14:00:00,1.2857424444,11.162566034,0.0,10.2002760075,0.0,0.287772443863,0.287772443863,0.287772443863,0.104063864737,0.0237132849921,0.449331940459,0.397460910353
 03/05  15:00:00,1.2584378777,10.5565518603,0.0,9.67070721641,0.0,0.27281688834,0.27281688834,0.27281688834,0.104063864737,0.0237132849921,0.41460256486,0.419841274773
 03/05  16:00:00,1.32915975947,11.2714478231,0.0,10.3759767877,0.0,0.292707942471,0.292707942471,0.292707942471,0.120073690939,0.0273614812736,0.422437556848,0.443179087937
 03/05  17:00:00,1.55450377356,11.7916322995,0.0,10.7910808904,0.0,0.304442308908,0.304442308908,0.304442308908,0.18411303521,0.0419542694535,0.476390971991,0.524203188
 03/05  18:00:00,2.04612312842,13.8787412874,0.0,12.6743821616,0.0,0.357658464485,0.357658464485,0.357658464485,0.368225938881,0.0839085389071,0.576107089488,0.636823096655
 03/05  19:00:00,2.51019383756,14.2783127841,0.0,12.8775399846,0.0,0.363476890985,0.363476890985,0.363476890985,0.712437241108,0.162344801718,0.52713722862,0.691397675132
 03/05  20:00:00,2.88334951876,15.6219458151,0.0,14.1805941704,0.0,0.400362646189,0.400362646189,0.400362646189,1.06465342055,0.242605126018,0.438669967539,0.713658358458
 03/05  21:00:00,2.98576999992,16.2913876004,0.0,14.9541839659,0.0,0.422312388594,0.422312388594,0.422312388594,1.1447024858,0.260846107425,0.396316035547,0.738192982553
 03/05  22:00:00,2.74406308329,16.8590086388,0.0,15.6642328835,0.0,0.442419346184,0.442419346184,0.442419346184,0.960589450587,0.218891837971,0.377803543407,0.72095890514
 03/05  23:00:00,2.30804499021,17.544578612,0.0,16.5752847839,0.0,0.46819439857,0.46819439857,0.46819439857,0.720442120825,0.16416889375,0.307942038467,0.623897538595
 03/05  24:00:00,1.88663335976,18.1368187283,0.0,17.4167685359,0.0,0.491986436127,0.491986436127,0.491986436127,0.504309432711,0.114918225625,0.209863913326,0.542155351973
 03/06  01:00:00,1.43551882325,18.6978244687,0.0,18.2599363272,0.0,0.51582368281,0.51582368281,0.51582368281,0.256157220735,0.0583711588285,0.133321704843,0.448445056036
 03/06  02:00:00,1.26578843373,18.9764338677,0.0,18.6421849284,0.0,0.526631365437,0.526631365437,0.526631365437,0.152093382306,0.0346578707821,0.116106043831,0.41289977137
 03/06  03:00:00,1.1919324417,19.1123454003,0.0,18.8063996132,0.0,0.53126997149,0.53126997149,0.53126997149,0.104063864737,0.0237132849921,0.101372792835,0.408112527644
 03/06  04:00:00,1.19450851974,19.7417558077,0.0,19.4282416662,0.0,0.548838318127,0.548838318127,0.548838318127,0.104063864737,0.0237132849921,0.0921252167148,0.402367835173
 03/06  05:00:00,1.19541379649,19.9939893712,0.0,19.6002334644,0.0,0.553728634251,0.553728634251,0.553728634251,0.104063864737,0.0237132849921,0.103339676171,0.387168336342
 03/06  06:00:00,1.26530062855,20.3787723745,0.0,19.6279399564,0.0,0.554535387366,0.554535387366,0.554535387366,0.112068771261,0.0255373831329,0.117710340515,0.432048746274
 03/06  07:00:00,1.46766211349,20.8688521369,0.0,19.4517833531,0.0,0.549573651526,0.549573651526,0.549573651526,0.176108023954,0.0401301774214,0.179260421057,0.499189839532
 03/06  08:00:00,1.75141358958,19.5925467713,0.0,17.9877615805,0.0,0.508208569536,0.508208569536,0.508208569536,0.312191646826,0.0711398641394,0.268546904233,0.530426604844
 03/06  09:00:00,1.59504349946,18.4861205901,0.0,16.9321482553,0.0,0.478329098553,0.478329098553,0.478329098553,0.248152341018,0.0565470667965,0.340169937058,0.448445056036
 03/06  10:00:00,1.4121040179,16.9102769705,0.0,15.5039112272,0.0,0.437916821978,0.437916821978,0.437916821978,0.128078597713,0.0291855794143,0.411860012733,0.381663006058
 03/06  11:00:00,1.39099137992,16.1149690762,0.0,14.8795526302,0.0,0.420245765723,0.420245765723,0.420245765723,0.104063864737,0.0237132849921,0.428929376422,0.390639088044
 03/06  12:00:00,1.37318032868,14.6982897333,0.0,13.6171137147,0.0,0.384561258222,0.384561258222,0.384561258222,0.104063864737,0.0237132849921,0.446683151596,0.390758769137
 03/06  13:00:00,1.33267271917,13.7432797544,0.0,12.7828266827,0.0,0.360971087611,0.360971087611,0.360971087611,0.104063864737,0.0237132849921,0.436348172812,0.384176309014
 03/06  14:00:00,1.28800071677,12.9613355146,0.0,12.0723134971,0.0,0.340883420655,0.340883420655,0.340883420655,0.104063864737,0.0237132849921,0.398479236038,0.397460910353
 03/06  15:00:00,1.27978019112,12.8537475198,0.0,12.0344760819,0.0,0.339805702471,0.339805702471,0.339805702471,0.104063864737,0.0237132849921,0.368956064146,0.419841274773
 03/06  16:00:00,1.33721103524,13.011573142,0.0,12.182219435,0.0,0.343994686432,0.343994686432,0.343994686432,0.120073690939,0.0273614812736,0.379202088662,0.443179087937
 03/06  17:00:00,1.55886552522,13.3388009457,0.0,12.4186478821,0.0,0.35070829954,0.35070829954,0.35070829954,0.18411303521,0.0419542694535,0.43448673302,0.524203188
 03/06  18:00:00,2.04846173849,15.3128249155,0.0,14.2042643355,0.0,0.401240992995,0.401240992995,0.401240992995,0.368225938881,0.0839085389071,0.534863171049,0.636823096655
 03/06  19:00:00,2.50980017217,15.5448979055,0.0,14.2669572509,0.0,0.403111926915,0.403111926915,0.403111926915,0.712437241108,0.162344801718,0.487108527302,0.691397675132
 03/06  20:00:00,2.87066372835,16.4357821957,0.0,15.1310407094,0.0,0.427629068858,0.427629068858,0.427629068858,1.06465342055,0.242605126018,0.398717754459,0.713658358458
 03/06  21:00:00,2.97949020262,17.3624248738,0.0,16.1554216312,0.0,0.456697189869,0.456697189869,0.456697189869,1.1447024858,0.260846107425,0.355651436977,0.738192982553
 03/06  22:00:00,2.74363122451,18.1867798985,0.0,17.1018438237,0.0,0.483528820975,0.483528820975,0.483528820975,0.960589450587,0.218891837971,0.336262209834,0.72095890514
 03/06  23:00:00,2.30737273086,18.5849367023,0.0,17.7019593402,0.0,0.500530886378,0.500530886378,0.500530886378,0.720442120825,0.16416889375,0.274933291318,0.623897538595
 03/06  24:00:00,1.90556891034,19.3755312687,0.0,18.7096957779,0.0,0.529045972881,0.529045972881,0.529045972881,0.504309432711,0.114918225625,0.191739927151,0.542155351973
 03/07  01:00:00,1.47438901402,20.0526149742,0.0,19.6161847041,0.0,0.554693873583,0.554693873583,0.554693873583,0.256157220735,0.0583711588285,0.133321704843,0.448445056036
 03/07  02:00:00,1.31545228631,20.7124637529,0.0,20.3796676159,0.0,0.576295218016,0.576295218016,0.576295218016,0.152093382306,0.0346578707821,0.116106043831,0.41289977137
 03/07  03:00:00,1.24398357484,20.9320034789,0.0,20.6275871159,0.0,0.583321104634,0.583321104634,0.583321104634,0.104063864737,0.0237132849921,0.101372792835,0.408112527644
 03/07  04:00:00,1.23622236504,21.1951357722,0.0,20.8831027642,0.0,0.590552163428,0.590552163428,0.590552163428,0.104063864737,0.0237132849921,0.0921252167148,0.402367835173
 03/07  05:00:00,1.24590018158,21.7579815629,0.0,21.3657998933,0.0,0.604215019333,0.604215019333,0.604215019333,0.104063864737,0.0237132849921,0.103339676171,0.387168336342
 03/07  06:00:00,1.31517807773,22.1205314534,0.0,21.3716411433,0.0,0.604412836543,0.604412836543,0.604412836543,0.112068771261,0.0255373831329,0.117710340515,0.432048746274
 03/07  07:00:00,1.51697973745,22.5903128133,0.0,21.1758065901,0.0,0.598891275484,0.598891275484,0.598891275484,0.176108023954,0.0401301774214,0.179260421057,0.499189839532
 03/07  08:00:00,1.78901157368,20.9019758178,0.0,19.2998128766,0.0,0.545806553636,0.545806553636,0.545806553636,0.312191646826,0.0711398641394,0.268546904233,0.530426604844
 03/07  09:00:00,1.61016198817,19.0033055851,0.0,17.4515399367,0.0,0.493447587264,0.493447587264,0.493447587264,0.248152341018,0.0565470667965,0.340169937058,0.448445056036
 03/07  10:00:00,1.40469510319,16.6341338234,0.0,15.2295672139,0.0,0.430507907268,0.430507907268,0.430507907268,0.128078597713,0.0291855794143,0.411860012733,0.381663006058
 03/07  11:00:00,1.37934167999,15.6911558732,0.0,14.457189245,0.0,0.408596065795,0.408596065795,0.408596065795,0.104063864737,0.0237132849921,0.428929376422,0.390639088044
 03/07  12:00:00,1.31274221739,12.5521185003,0.0,11.471570104,0.0,0.324123146928,0.324123146928,0.324123146928,0.104063864737,0.0237132849921,0.446683151596,0.390758769137
 03/07  13:00:00,1.25930121024,11.1424413469,0.0,10.1819980783,0.0,0.287599578684,0.287599578684,0.287599578684,0.104063864737,0.0237132849921,0.436348172812,0.384176309014
 03/07  14:00:00,1.21453085439,10.358492929,0.0,9.46921039815,0.0,0.26741355827,0.26741355827,0.26741355827,0.104063864737,0.0237132849921,0.398479236038,0.397460910353
 03/07  15:00:00,1.17431484906,9.11938759278,0.0,8.2993953485,0.0,0.234340360418,0.234340360418,0.234340360418,0.104063864737,0.0237132849921,0.368956064146,0.419841274773
 03/07  16:00:00,1.2228153234,8.96312149877,0.0,8.13261067187,0.0,0.229598974592,0.229598974592,0.229598974592,0.120073690939,0.0273614812736,0.379202088662,0.443179087937
 03/07  17:00:00,1.44631561472,9.35736200225,0.0,8.43603747239,0.0,0.238158389034,0.238158389034,0.238158389034,0.18411303521,0.0419542694535,0.43448673302,0.524203188
 03/07  18:00:00,1.93766358625,11.3956743677,0.0,10.2860294583,0.0,0.290442840759,0.290442840759,0.290442840759,0.368225938881,0.0839085389071,0.534863171049,0.636823096655
 03/07  19:00:00,2.42284173682,12.4721831253,0.0,11.1937209187,0.0,0.316153491562,0.316153491562,0.316153491562,0.712437241108,0.162344801718,0.487108527302,0.691397675132
 03/07  20:00:00,2.79336357375,13.7057405379,0.0,12.4007188502,0.0,0.350328914258,0.350328914258,0.350328914258,1.06465342055,0.242605126018,0.398717754459,0.713658358458
 03/07  21:00:00,2.89195355499,14.2723136505,0.0,13.0648512866,0.0,0.36916054224,0.36916054224,0.36916054224,1.1447024858,0.260846107425,0.355651436977,0.738192982553
 03/07  22:00:00,2.66503682545,15.414455191,0.0,14.3291197708,0.0,0.404934421916,0.404934421916,0.404934421916,0.960589450587,0.218891837971,0.336262209834,0.72095890514
 03/07  23:00:00,2.23325497141,15.9720576892,0.0,15.088460079,0.0,0.426413126923,0.426413126923,0.426413126923,0.720442120825,0.16416889375,0.274933291318,0.623897538595
 03/07  24:00:00,1.82866538298,16.6653681437,0.0,15.9986680614,0.0,0.452142445516,0.452142445516,0.452142445516,0.504309432711,0.114918225625,0.191739927151,0.542155351973
 03/08  01:00:00,1.39591631063,17.2881620676,0.0,16.8506454437,0.0,0.476221170183,0.476221170183,0.476221170183,0.256157220735,0.0583711588285,0.133321704843,0.448445056036
 03/08  02:00:00,1.22488712587,17.5218432028,0.0,17.1877077014,0.0,0.485730057583,0.485730057583,0.485730057583,0.152093382306,0.0346578707821,0.116106043831,0.41289977137
 03/08  03:00:00,1.16032161243,17.9871446214,0.0,17.6813411861,0.0,0.499659142221,0.499659142221,0.499659142221,0.104063864737,0.0237132849921,0.101372792835,0.408112527644
 03/08  04:00:00,1.17422592035,19.01692729,0.0,18.7037585598,0.0,0.528555718736,0.528555718736,0.528555718736,0.104063864737,0.0237132849921,0.0921252167148,0.402367835173
 03/08  05:00:00,1.17428995672,19.2393558829,0.0,18.8460711001,0.0,0.532604794479,0.532604794479,0.532604794479,0.104063864737,0.0237132849921,0.103339676171,0.387168336342
 03/08  06:00:00,1.26401221796,20.3250939849,0.0,19.5755884878,0.0,0.553246976778,0.553246976778,0.553246976778,0.112068771261,0.0255373831329,0.117710340515,0.432048746274
 03/08  07:00:00,1.46624358798,20.8086333536,0.0,19.3942613457,0.0,0.548155126017,0.548155126017,0.548155126017,0.176108023954,0.0401301774214,0.179260421057,0.499189839532
 03/08  08:00:00,1.69813295275,17.7007635038,0.0,16.0984943274,0.0,0.454927932704,0.454927932704,0.454927932704,0.312191646826,0.0711398641394,0.268546904233,0.530426604844
 03/08  09:00:00,1.48946710192,14.748329876,0.0,13.195770072,0.0,0.37275270101,0.37275270101,0.37275270101,0.248152341018,0.0565470667965,0.340169937058,0.448445056036
 03/08  10:00:00,1.26171143322,11.5896984803,0.0,10.1836023152,0.0,0.287524237301,0.287524237301,0.287524237301,0.128078597713,0.0291855794143,0.411860012733,0.381663006058
 03/08  11:00:00,1.21813611604,10.0018312928,0.0,8.76561469462,0.0,0.247390501843,0.247390501843,0.247390501843,0.104063864737,0.0237132849921,0.428929376422,0.390639088044
 03/08  12:00:00,1.16247431641,7.24564188486,0.0,6.16248159712,0.0,0.173855245952,0.173855245952,0.173855245952,0.104063864737,0.0237132849921,0.446683151596,0.390758769137
 03/08  13:00:00,1.11050266913,5.8851565173,0.0,4.92180597443,0.0,0.138801037574,0.138801037574,0.138801037574,0.104063864737,0.0237132849921,0.436348172812,0.384176309014
 03/08  14:00:00,1.059459779,4.87734404288,0.0,3.98478090764,0.0,0.112342482881,0.112342482881,0.112342482881,0.104063864737,0.0237132849921,0.398479236038,0.397460910353
 03/08  15:00:00,1.03280954175,4.1167289667,0.0,3.2934402314,0.0,0.092835053102,0.092835053102,0.092835053102,0.104063864737,0.0237132849921,0.368956064146,0.419841274773
 03/08  16:00:00,1.083916553,4.05221291961,0.0,3.21829799004,0.0,0.0907002041876,0.0907002041876,0.0907002041876,0.120073690939,0.0273614812736,0.379202088662,0.443179087937
 03/08  17:00:00,1.30757979918,4.45265105068,0.0,3.52800364181,0.0,0.0994225734958,0.0994225734958,0.0994225734958,0.18411303521,0.0419542694535,0.43448673302,0.524203188
 03/08  18:00:00,1.7885000411,6.12500642477,0.0,5.01245035958,0.0,0.141279295603,0.141279295603,0.141279295603,0.368225938881,0.0839085389071,0.534863171049,0.636823096655
 03/08  19:00:00,2.28272569264,7.52499826619,0.0,6.24393419549,0.0,0.176037447377,0.176037447377,0.176037447377,0.712437241108,0.162344801718,0.487108527302,0.691397675132
 03/08  20:00:00,2.64137082622,8.34104174092,0.0,7.03338386483,0.0,0.198336166731,0.198336166731,0.198336166731,1.06465342055,0.242605126018,0.398717754459,0.713658358458
 03/08  21:00:00,2.74207341263,8.98517254736,0.0,7.7750054713,0.0,0.219280399877,0.219280399877,0.219280399877,1.1447024858,0.260846107425,0.355651436977,0.738192982553
 03/08  22:00:00,2.49890203729,9.55498126194,0.0,8.46653738692,0.0,0.238799633762,0.238799633762,0.238799633762,0.960589450587,0.218891837971,0.336262209834,0.72095890514
 03/08  23:00:00,2.06262245074,9.95529747966,0.0,9.06837656757,0.0,0.255780606249,0.255780606249,0.255780606249,0.720442120825,0.16416889375,0.274933291318,0.623897538595
 03/08  24:00:00,1.64561717725,10.2109241187,0.0,9.54054610011,0.0,0.269094239788,0.269094239788,0.269094239788,0.504309432711,0.114918225625,0.191739927151,0.542155351973
 03/09  01:00:00,1.20036281661,10.3931808702,0.0,9.9514248947,0.0,0.280667676168,0.280667676168,0.280667676168,0.256157220735,0.0583711588285,0.133321704843,0.448445056036
 03/09  02:00:00,1.00652910966,9.82002915018,0.0,9.48113890264,0.0,0.267372041373,0.267372041373,0.267372041373,0.152093382306,0.0346578707821,0.116106043831,0.41289977137
 03/09  03:00:00,0.941502623224,10.2715991213,0.0,9.96079990538,0.0,0.280840153016,0.280840153016,0.280840153016,0.104063864737,0.0237132849921,0.101372792835,0.408112527644
 03/09  04:00:00,0.929089320225,10.371725059,0.0,10.0532476283,0.0,0.283419118609,0.283419118609,0.283419118609,0.104063864737,0.0237132849921,0.0921252167148,0.402367835173
 03/09  05:00:00,0.926844471256,10.514540688,0.0,10.1158052061,0.0,0.285159309014,0.285159309014,0.285159309014,0.104063864737,0.0237132849921,0.103339676171,0.387168336342
 03/09  06:00:00,0.99359695254,10.788928821,0.0,10.0339846958,0.0,0.282831711357,0.282831711357,0.282831711357,0.112068771261,0.0255373831329,0.117710340515,0.432048746274
 03/09  07:00:00,1.20484734351,11.5935576567,0.0,10.1742013288,0.0,0.286758881543,0.286758881543,0.286758881543,0.176108023954,0.0401301774214,0.179260421057,0.499189839532
 03/09  08:00:00,1.53493102878,11.9569156007,0.0,10.3507155343,0.0,0.291726008738,0.291726008738,0.291726008738,0.312191646826,0.0711398641394,0.268546904233,0.530426604844
 03/09  09:00:00,1.38911092425,11.2203112654,0.0,9.66526488488,0.0,0.272396523339,0.272396523339,0.272396523339,0.248152341018,0.0565470667965,0.340169937058,0.448445056036
 03/09  10:00:00,1.23291352792,10.5904834699,0.0,9.18276682986,0.0,0.258726331999,0.258726331999,0.258726331999,0.128078597713,0.0291855794143,0.411860012733,0.381663006058
 03/09  11:00:00,1.22172572845,10.1473401625,0.0,8.9100025068,0.0,0.250980114256,0.250980114256,0.250980114256,0.104063864737,0.0237132849921,0.428929376422,0.390639088044
 03/09  12:00:00,1.18947058328,8.21714519778,0.0,7.13306231984,0.0,0.200851512818,0.200851512818,0.200851512818,0.104063864737,0.0237132849921,0.446683151596,0.390758769137
 03/09  13:00:00,1.15969104165,7.64291995858,0.0,6.67900357823,0.0,0.187989410099,0.187989410099,0.187989410099,0.104063864737,0.0237132849921,0.436348172812,0.384176309014
 03/09  14:00:00,1.12245872929,7.12373124516,0.0,6.2310034812,0.0,0.175341433174,0.175341433174,0.175341433174,0.104063864737,0.0237132849921,0.398479236038,0.397460910353
 03/09  15:00:00,1.11306727505,6.97584118513,0.0,6.15249900908,0.0,0.173092786402,0.173092786402,0.173092786402,0.104063864737,0.0237132849921,0.368956064146,0.419841274773
 03/09  16:00:00,1.16192992983,6.83094679849,0.0,5.99729190309,0.0,0.168713581015,0.168713581015,0.168713581015,0.120073690939,0.0273614812736,0.379202088662,0.443179087937
 03/09  17:00:00,1.36557317278,6.52100592403,0.0,5.59632200809,0.0,0.1574159471,0.1574159471,0.1574159471,0.18411303521,0.0419542694535,0.43448673302,0.524203188
 03/09  18:00:00,1.82187700142,7.32511108762,0.0,6.21181026498,0.0,0.174656255931,0.174656255931,0.174656255931,0.368225938881,0.0839085389071,0.534863171049,0.636823096655
 03/09  19:00:00,2.26558583993,6.93432501584,0.0,5.65179900877,0.0,0.158897594666,0.158897594666,0.158897594666,0.712437241108,0.162344801718,0.487108527302,0.691397675132
 03/09  20:00:00,2.60287303778,6.9947772154,0.0,5.68530831933,0.0,0.159838378292,0.159838378292,0.159838378292,1.06465342055,0.242605126018,0.398717754459,0.713658358458
 03/09  21:00:00,2.68866118339,7.11206839839,0.0,5.89968670613,0.0,0.165868170634,0.165868170634,0.165868170634,1.1447024858,0.260846107425,0.355651436977,0.738192982553
 03/09  22:00:00,2.4561089683,8.06170588073,0.0,6.97133934147,0.0,0.196006564767,0.196006564767,0.196006564767,0.960589450587,0.218891837971,0.336262209834,0.72095890514
 03/09  23:00:00,2.01535561011,8.30519350919,0.0,7.41618614226,0.0,0.208513765619,0.208513765619,0.208513765619,0.720442120825,0.16416889375,0.274933291318,0.623897538595
 03/09  24:00:00,1.60344089572,8.74417302352,0.0,8.07153794281,0.0,0.226917958256,0.226917958256,0.226917958256,0.504309432711,0.114918225625,0.191739927151,0.542155351973
 03/10  01:00:00,1.16632864871,9.21827878267,0.0,8.77431408637,0.0,0.246633508269,0.246633508269,0.246633508269,0.256157220735,0.0583711588285,0.133321704843,0.448445056036
 03/10  02:00:00,0.999823433139,9.61593091647,0.0,9.27518984171,0.0,0.26066636485,0.26066636485,0.26066636485,0.152093382306,0.0346578707821,0.116106043831,0.41289977137
 03/10  03:00:00,0.932696838608,9.99320771419,0.0,9.68074691942,0.0,0.272034368401,0.272034368401,0.272034368401,0.104063864737,0.0237132849921,0.101372792835,0.408112527644
 03/10  04:00:00,0.924367656976,10.2383942079,0.0,9.91830152629,0.0,0.27869745536,0.27869745536,0.27869745536,0.104063864737,0.0237132849921,0.0921252167148,0.402367835173
 03/10  05:00:00,0.920232672724,10.3139230642,0.0,9.91382747533,0.0,0.278547510482,0.278547510482,0.278547510482,0.104063864737,0.0237132849921,0.103339676171,0.387168336342
 03/10  06:00:00,0.987143223654,10.5930469552,0.0,9.83714127235,0.0,0.27637798247,0.27637798247,0.27637798247,0.112068771261,0.0255373831329,0.117710340515,0.432048746274
 03/10  07:00:00,1.19161506048,11.1565236737,0.0,9.73686858507,0.0,0.27352659852,0.27352659852,0.27352659852,0.176108023954,0.0401301774214,0.179260421057,0.499189839532
 03/10  08:00:00,1.54488518464,12.3468837383,0.0,10.7405381556,0.0,0.301680164595,0.301680164595,0.301680164595,0.312191646826,0.0711398641394,0.268546904233,0.530426604844
 03/10  09:00:00,1.39186194012,11.3516848945,0.0,9.79669290563,0.0,0.275147539212,0.275147539212,0.275147539212,0.248152341018,0.0565470667965,0.340169937058,0.448445056036
 03/10  10:00:00,1.23865764396,10.8257052937,0.0,9.41803743033,0.0,0.264470448047,0.264470448047,0.264470448047,0.128078597713,0.0291855794143,0.411860012733,0.381663006058
 03/10  11:00:00,1.22528043178,10.3036110765,0.0,9.06616085797,0.0,0.254534817584,0.254534817584,0.254534817584,0.104063864737,0.0237132849921,0.428929376422,0.390639088044
 03/10  12:00:00,1.2103434197,8.9836873847,0.0,7.89963196123,0.0,0.22172434924,0.22172434924,0.22172434924,0.104063864737,0.0237132849921,0.446683151596,0.390758769137
 03/10  13:00:00,1.17278140631,8.13023580477,0.0,7.16621550037,0.0,0.201079774751,0.201079774751,0.201079774751,0.104063864737,0.0237132849921,0.436348172812,0.384176309014
 03/10  14:00:00,1.12001581199,7.05698658906,0.0,6.16374661748,0.0,0.172898515868,0.172898515868,0.172898515868,0.104063864737,0.0237132849921,0.398479236038,0.397460910353
 03/10  15:00:00,1.09822660083,6.46679006014,0.0,5.64277947008,0.0,0.158252112184,0.158252112184,0.158252112184,0.104063864737,0.0237132849921,0.368956064146,0.419841274773
 03/10  16:00:00,1.14783409029,6.34838124689,0.0,5.51402712846,0.0,0.154617741483,0.154617741483,0.154617741483,0.120073690939,0.0273614812736,0.379202088662,0.443179087937
 03/10  17:00:00,1.36022604606,6.34868746759,0.0,5.42345172673,0.0,0.152068820379,0.152068820379,0.152068820379,0.18411303521,0.0419542694535,0.43448673302,0.524203188
 03/10  18:00:00,1.8097678517,6.91098699031,0.0,5.79738662665,0.0,0.162547106212,0.162547106212,0.162547106212,0.368225938881,0.0839085389071,0.534863171049,0.636823096655
 03/10  19:00:00,2.25579477922,6.60051089466,0.0,5.31783436267,0.0,0.149106533963,0.149106533963,0.149106533963,0.712437241108,0.162344801718,0.487108527302,0.691397675132
 03/10  20:00:00,2.59490735892,6.7258463314,0.0,5.41638018329,0.0,0.151872699432,0.151872699432,0.151872699432,1.06465342055,0.242605126018,0.398717754459,0.713658358458
 03/10  21:00:00,2.67868956172,6.77227811231,0.0,5.55966408942,0.0,0.155896548967,0.155896548967,0.155896548967,1.1447024858,0.260846107425,0.355651436977,0.738192982553
 03/10  22:00:00,2.4275404324,7.06206841064,0.0,5.97109142739,0.0,0.167438028867,0.167438028867,0.167438028867,0.960589450587,0.218891837971,0.336262209834,0.72095890514
 03/10  23:00:00,1.97920481731,7.03685077728,0.0,6.14687871743,0.0,0.172362972828,0.172362972828,0.172362972828,0.720442120825,0.16416889375,0.274933291318,0.623897538595
 03/10  24:00:00,1.54957784005,6.84600600078,0.0,6.17206155771,0.0,0.173054902592,0.173054902592,0.173054902592,0.504309432711,0.114918225625,0.191739927151,0.542155351973
 03/11  01:00:00,1.09080370447,6.29618307178,0.0,5.83042595242,0.0,0.163439267135,0.163439267135,0.163439267135,0.256157220735,0.0583711588285,0.140991001738,0.448445056036
 03/11  02:00:00,0.910017357826,6.28599162654,0.0,5.9322062778,0.0,0.166255428138,0.166255428138,0.166255428138,0.152093382306,0.0346578707821,0.12071090523,0.41289977137
 03/11  03:00:00,0.872331404532,7.76797923722,0.0,7.44535450007,0.0,0.208622489504,0.208622489504,0.208622489504,0.104063864737,0.0237132849921,0.104419237655,0.408112527644
 03/11  04:00:00,0.872929180844,8.38423923343,0.0,8.05368761243,0.0,0.225666007705,0.225666007705,0.225666007705,0.104063864737,0.0237132849921,0.0937181882377,0.402367835173
 03/11  05:00:00,0.870575856373,8.47675707842,0.0,8.05765788726,0.0,0.225774345935,0.225774345935,0.225774345935,0.104063864737,0.0237132849921,0.106456024366,0.387168336342
 03/11  06:00:00,0.950571826531,9.19386828245,0.0,8.3881975194,0.0,0.235027110681,0.235027110681,0.235027110681,0.112068771261,0.0255373831329,0.122489815182,0.432048746274
 03/11  07:00:00,1.18854018025,10.7405863381,0.0,9.21013048685,0.0,0.258055287432,0.258055287432,0.258055287432,0.176108023954,0.0401301774214,0.191656851911,0.499189839532
 03/11  08:00:00,1.52444247674,10.8965909754,0.0,9.15550106505,0.0,0.256549201268,0.256549201268,0.256549201268,0.312191646826,0.0711398641394,0.29323515966,0.530426604844
 03/11  09:00:00,1.37658561849,9.62058255544,0.0,7.9235375522,0.0,0.222027700097,0.222027700097,0.222027700097,0.248152341018,0.0565470667965,0.378013454548,0.448445056036
 03/11  10:00:00,1.24275864176,9.25080170446,0.0,7.71135503008,0.0,0.216035211219,0.216035211219,0.216035211219,0.128078597713,0.0291855794143,0.464396247352,0.381663006058
 03/11  11:00:00,1.23626097236,8.71001174135,0.0,7.35866967668,0.0,0.206113090912,0.206113090912,0.206113090912,0.104063864737,0.0237132849921,0.488331643674,0.390639088044
 03/11  12:00:00,1.2300126579,7.61247090145,0.0,6.43337861998,0.0,0.180156701556,0.180156701556,0.180156701556,0.104063864737,0.0237132849921,0.507920037478,0.390758769137
 03/11  13:00:00,1.18674329764,6.73543482323,0.0,5.68863699989,0.0,0.159262742518,0.159262742518,0.159262742518,0.104063864737,0.0237132849921,0.492127096384,0.384176309014
 03/11  14:00:00,1.15087330396,6.42694505491,0.0,5.46207945924,0.0,0.152903303418,0.152903303418,0.152903303418,0.104063864737,0.0237132849921,0.449331940459,0.397460910353
 03/11  15:00:00,1.13867921971,6.35708543287,0.0,5.46823967542,0.0,0.153058230348,0.153058230348,0.153058230348,0.104063864737,0.0237132849921,0.41460256486,0.419841274773
 03/11  16:00:00,1.18727204906,6.28726359516,0.0,5.38865149787,0.0,0.150820232062,0.150820232062,0.150820232062,0.120073690939,0.0273614812736,0.422437556848,0.443179087937
 03/11  17:00:00,1.40638979868,6.58897041731,0.0,5.58573842796,0.0,0.156328334026,0.156328334026,0.156328334026,0.18411303521,0.0419542694535,0.476390971991,0.524203188
 03/11  18:00:00,1.86282140689,7.43617229516,0.0,6.2296781844,0.0,0.174356742956,0.174356742956,0.174356742956,0.368225938881,0.0839085389071,0.576107089488,0.636823096655
 03/11  19:00:00,2.3025771706,6.97048246662,0.0,5.56844233322,0.0,0.155860224025,0.155860224025,0.155860224025,0.712437241108,0.162344801718,0.52713722862,0.691397675132
 03/11  20:00:00,2.64188757576,7.12003318469,0.0,5.67694195519,0.0,0.158900703188,0.158900703188,0.158900703188,1.06465342055,0.242605126018,0.438669967539,0.713658358458
 03/11  21:00:00,2.73216515481,7.36625352645,0.0,6.02668046061,0.0,0.168707543493,0.168707543493,0.168707543493,1.1447024858,0.260846107425,0.396316035547,0.738192982553
 03/11  22:00:00,2.47775845991,7.48899797887,0.0,6.29092489534,0.0,0.176114722805,0.176114722805,0.176114722805,0.960589450587,0.218891837971,0.377803543407,0.72095890514
 03/11  23:00:00,2.02011807355,7.41321208983,0.0,6.43917726733,0.0,0.180267481916,0.180267481916,0.180267481916,0.720442120825,0.16416889375,0.307942038467,0.623897538595
 03/11  24:00:00,1.55804162863,6.56404942233,0.0,5.83714044799,0.0,0.163394704999,0.163394704999,0.163394704999,0.504309432711,0.114918225625,0.209863913326,0.542155351973
 03/12  01:00:00,1.08992642516,6.27588669089,0.0,5.80920383238,0.0,0.162561987824,0.162561987824,0.162561987824,0.256157220735,0.0583711588285,0.140991001738,0.448445056036
 03/12  02:00:00,0.937358341268,7.27457193893,0.0,6.9200060506,0.0,0.19359641158,0.19359641158,0.19359641158,0.152093382306,0.0346578707821,0.12071090523,0.41289977137
 03/12  03:00:00,0.874336422899,7.85277373729,0.0,7.52940222378,0.0,0.210627507871,0.210627507871,0.210627507871,0.104063864737,0.0237132849921,0.104419237655,0.408112527644
 03/12  04:00:00,0.861160403406,7.97801278402,0.0,7.64645623101,0.0,0.213897230267,0.213897230267,0.213897230267,0.104063864737,0.0237132849921,0.0937181882377,0.402367835173
 03/12  05:00:00,0.857990527734,8.04133067827,0.0,7.62129761327,0.0,0.213189017297,0.213189017297,0.213189017297,0.104063864737,0.0237132849921,0.106456024366,0.387168336342
 03/12  06:00:00,0.929078999592,8.44030343667,0.0,7.6339973834,0.0,0.213534283742,0.213534283742,0.213534283742,0.112068771261,0.0255373831329,0.122489815182,0.432048746274
 03/12  07:00:00,1.13504466792,8.84399275507,0.0,7.31346917759,0.0,0.204559775102,0.204559775102,0.204559775102,0.176108023954,0.0401301774214,0.191656851911,0.499189839532
 03/12  08:00:00,1.45944649304,8.59064432683,0.0,6.84919901587,0.0,0.191553217569,0.191553217569,0.191553217569,0.312191646826,0.0711398641394,0.29323515966,0.530426604844
 03/12  09:00:00,1.32998000467,7.97106972067,0.0,6.27352784944,0.0,0.175422086273,0.175422086273,0.175422086273,0.248152341018,0.0565470667965,0.378013454548,0.448445056036
 03/12  10:00:00,1.1674254615,6.57378911288,0.0,5.03336985426,0.0,0.140702030968,0.140702030968,0.140702030968,0.128078597713,0.0291855794143,0.464396247352,0.381663006058
 03/12  11:00:00,1.15977343118,5.99158934967,0.0,4.63874733546,0.0,0.129625549734,0.129625549734,0.129625549734,0.104063864737,0.0237132849921,0.488331643674,0.390639088044
 03/12  12:00:00,1.1650336636,5.30360933267,0.0,4.12303238396,0.0,0.115177707254,0.115177707254,0.115177707254,0.104063864737,0.0237132849921,0.507920037478,0.390758769137
 03/12  13:00:00,1.07679843407,2.81553901102,0.0,1.76620879839,0.0,0.0493178789465,0.0493178789465,0.0493178789465,0.104063864737,0.0237132849921,0.492127096384,0.384176309014
 03/12  14:00:00,1.07661778515,3.78451198438,0.0,2.81732894104,0.0,0.0786477846113,0.0786477846113,0.0786477846113,0.104063864737,0.0237132849921,0.449331940459,0.397460910353
 03/12  15:00:00,1.03405329632,2.62624597338,0.0,1.7350620586,0.0,0.0484323069542,0.0484323069542,0.0484323069542,0.104063864737,0.0237132849921,0.41460256486,0.419841274773
 03/12  16:00:00,1.08667167061,2.70084569843,0.0,1.79936441854,0.0,0.0502198536164,0.0502198536164,0.0502198536164,0.120073690939,0.0273614812736,0.422437556848,0.443179087937
 03/12  17:00:00,1.28305260828,2.18844892657,0.0,1.18232543655,0.0,0.0329911436218,0.0329911436218,0.0329911436218,0.18411303521,0.0419542694535,0.476390971991,0.524203188
 03/12  18:00:00,1.74155288544,3.11182761738,0.0,1.902732248,0.0,0.0530882215043,0.0530882215043,0.0530882215043,0.368225938881,0.0839085389071,0.576107089488,0.636823096655
 03/12  19:00:00,2.21754761891,3.94216034792,0.0,2.53837958524,0.0,0.0708306723368,0.0708306723368,0.0708306723368,0.712437241108,0.162344801718,0.52713722862,0.691397675132
 03/12  20:00:00,2.55210553121,3.92111751068,0.0,2.47675837331,0.0,0.0691186586361,0.0691186586361,0.0691186586361,1.06465342055,0.242605126018,0.438669967539,0.713658358458
 03/12  21:00:00,2.6584990993,4.74612838144,0.0,3.40525543746,0.0,0.0950414879802,0.0950414879802,0.0950414879802,1.1447024858,0.260846107425,0.396316035547,0.738192982553
 03/12  22:00:00,2.40410760514,4.87043872254,0.0,3.67092971279,0.0,0.102463868033,0.102463868033,0.102463868033,0.960589450587,0.218891837971,0.377803543407,0.72095890514
 03/12  23:00:00,1.94773173678,4.84070720178,0.0,3.86495385877,0.0,0.107881145143,0.107881145143,0.107881145143,0.720442120825,0.16416889375,0.307942038467,0.623897538595
 03/12  24:00:00,1.51426125103,5.01429833383,0.0,4.2856552475,0.0,0.119614327393,0.119614327393,0.119614327393,0.504309432711,0.114918225625,0.209863913326,0.542155351973
 03/13  01:00:00,1.04138381291,4.80986481328,0.0,4.36101594875,0.0,0.121688672472,0.121688672472,0.121688672472,0.256157220735,0.0583711588285,0.133321704843,0.448445056036
 03/13  02:00:00,0.8788418227,5.3529753551,0.0,5.00690716492,0.0,0.139684754411,0.139684754411,0.139684754411,0.152093382306,0.0346578707821,0.116106043831,0.41289977137
 03/13  03:00:00,0.806339052433,5.53989879209,0.0,5.22199508964,0.0,0.145676582225,0.145676582225,0.145676582225,0.104063864737,0.0237132849921,0.101372792835,0.408112527644
 03/13  04:00:00,0.796261272667,5.72468262787,0.0,5.3990719318,0.0,0.150591071051,0.150591071051,0.150591071051,0.104063864737,0.0237132849921,0.0921252167148,0.402367835173
 03/13  05:00:00,0.806622649931,6.3196049251,0.0,5.91429915014,0.0,0.164937487689,0.164937487689,0.164937487689,0.104063864737,0.0237132849921,0.103339676171,0.387168336342
 03/13  06:00:00,0.886048625557,7.04500272378,0.0,6.2853085214,0.0,0.175283384374,0.175283384374,0.175283384374,0.112068771261,0.0255373831329,0.117710340515,0.432048746274
 03/13  07:00:00,1.13242646483,9.10501323038,0.0,7.68459820542,0.0,0.21433800287,0.21433800287,0.21433800287,0.176108023954,0.0401301774214,0.179260421057,0.499189839532
 03/13  08:00:00,1.43791313331,8.58640971028,0.0,6.98009304883,0.0,0.194708113266,0.194708113266,0.194708113266,0.312191646826,0.0711398641394,0.268546904233,0.530426604844
 03/13  09:00:00,1.32003351967,8.84415098388,0.0,7.28876322197,0.0,0.203319118766,0.203319118766,0.203319118766,0.248152341018,0.0565470667965,0.340169937058,0.448445056036
 03/13  10:00:00,1.16404392932,8.21433951952,0.0,6.80608402036,0.0,0.189856733399,0.189856733399,0.189856733399,0.128078597713,0.0291855794143,0.411860012733,0.381663006058
 03/13  11:00:00,1.16098639876,8.05889501535,0.0,6.82042600987,0.0,0.19024078457,0.19024078457,0.19024078457,0.104063864737,0.0237132849921,0.428929376422,0.390639088044
 03/13  12:00:00,1.16231339106,7.31304503167,0.0,6.22773628225,0.0,0.173694320598,0.173694320598,0.173694320598,0.104063864737,0.0237132849921,0.446683151596,0.390758769137
 03/13  13:00:00,1.12443343153,6.44251228028,0.0,5.47698403714,0.0,0.152731799976,0.152731799976,0.152731799976,0.104063864737,0.0237132849921,0.436348172812,0.384176309014
 03/13  14:00:00,1.08228480669,5.74305141777,0.0,4.84809554318,0.0,0.135167510573,0.135167510573,0.135167510573,0.104063864737,0.0237132849921,0.398479236038,0.397460910353
 03/13  15:00:00,1.06604449914,5.34817844652,0.0,4.52234532692,0.0,0.126070010488,0.126070010488,0.126070010488,0.104063864737,0.0237132849921,0.368956064146,0.419841274773
 03/13  16:00:00,1.10620774933,4.8897582495,0.0,4.05356486023,0.0,0.112991400517,0.112991400517,0.112991400517,0.120073690939,0.0273614812736,0.379202088662,0.443179087937
 03/13  17:00:00,1.32298091579,5.04670460161,0.0,4.11974270155,0.0,0.114823690108,0.114823690108,0.114823690108,0.18411303521,0.0419542694535,0.43448673302,0.524203188
 03/13  18:00:00,1.77075486251,5.54722834082,0.0,4.43267247858,0.0,0.123534117021,0.123534117021,0.123534117021,0.368225938881,0.0839085389071,0.534863171049,0.636823096655
 03/13  19:00:00,2.20411877035,4.7790331366,0.0,3.49580163391,0.0,0.0974305250938,0.0974305250938,0.0974305250938,0.712437241108,0.162344801718,0.487108527302,0.691397675132
 03/13  20:00:00,2.53646633765,4.66261232579,0.0,3.35239264151,0.0,0.0934316781572,0.0934316781572,0.0934316781572,1.06465342055,0.242605126018,0.398717754459,0.713658358458
 03/13  21:00:00,2.61512216116,4.5266510898,0.0,3.31294492857,0.0,0.0923291484088,0.0923291484088,0.0923291484088,1.1447024858,0.260846107425,0.355651436977,0.738192982553
 03/13  22:00:00,2.3512855281,4.36445971238,0.0,3.27189268626,0.0,0.0911831245701,0.0911831245701,0.0911831245701,0.960589450587,0.218891837971,0.336262209834,0.72095890514
 03/13  23:00:00,1.89885973889,4.19430582237,0.0,3.30207866857,0.0,0.0920178943985,0.0920178943985,0.0920178943985,0.720442120825,0.16416889375,0.274933291318,0.623897538595
 03/13  24:00:00,1.47320302876,4.14713968808,0.0,3.47001795703,0.0,0.0966800912985,0.0966800912985,0.0966800912985,0.504309432711,0.114918225625,0.191739927151,0.542155351973
 03/14  01:00:00,1.02673181748,4.29241695615,0.0,3.84274136713,0.0,0.10703667704,0.10703667704,0.10703667704,0.256157220735,0.0583711588285,0.133321704843,0.448445056036
 03/14  02:00:00,0.853610141726,4.4572945317,0.0,4.11013348439,0.0,0.114453073436,0.114453073436,0.114453073436,0.152093382306,0.0346578707821,0.116106043831,0.41289977137
 03/14  03:00:00,0.782002487274,4.6782773045,0.0,4.35899913854,0.0,0.121340017067,0.121340017067,0.121340017067,0.104063864737,0.0237132849921,0.101372792835,0.408112527644
 03/14  04:00:00,0.776850097128,5.04022282601,0.0,4.713288392,0.0,0.131179895511,0.131179895511,0.131179895511,0.104063864737,0.0237132849921,0.0921252167148,0.402367835173
 03/14  05:00:00,0.772014782721,5.08960940512,0.0,4.68303291504,0.0,0.130329620479,0.130329620479,0.130329620479,0.104063864737,0.0237132849921,0.103339676171,0.387168336342
 03/14  06:00:00,0.839858185015,5.39947783528,0.0,4.63872050902,0.0,0.129092943832,0.129092943832,0.129092943832,0.112068771261,0.0255373831329,0.117710340515,0.432048746274
 03/14  07:00:00,1.04116479794,5.84433116003,0.0,4.42288134254,0.0,0.123076335974,0.123076335974,0.123076335974,0.176108023954,0.0401301774214,0.179260421057,0.499189839532
 03/14  08:00:00,1.33685608649,4.97410104809,0.0,3.36646694823,0.0,0.0936510664472,0.0936510664472,0.0936510664472,0.312191646826,0.0711398641394,0.268546904233,0.530426604844
 03/14  09:00:00,1.18948024206,4.17370965195,0.0,2.61638661728,0.0,0.072765841153,0.072765841153,0.072765841153,0.248152341018,0.0565470667965,0.340169937058,0.448445056036
 03/14  10:00:00,1.00547234717,2.53694403752,0.0,1.12532234758,0.0,0.0312851512493,0.0312851512493,0.0312851512493,0.128078597713,0.0291855794143,0.411860012733,0.381663006058
 03/14  11:00:00,0.970745614194,1.24295436514,0.0,0.0,0.0,0.0,0.0,0.0,0.104063864737,0.0237132849921,0.428929376422,0.390639088044
 03/14  12:00:00,0.988619070462,1.08987414966,0.0,0.0,0.0,0.0,0.0,0.0,0.104063864737,0.0237132849921,0.446683151596,0.390758769137
 03/14  13:00:00,0.971701631555,0.969737006474,0.0,0.0,0.0,0.0,0.0,0.0,0.104063864737,0.0237132849921,0.436348172812,0.384176309014
 03/14  14:00:00,0.94711729612,0.898591036606,0.0,0.0,0.0,0.0,0.0,0.0,0.104063864737,0.0237132849921,0.398479236038,0.397460910353
 03/14  15:00:00,0.939974488647,0.829267078847,0.0,0.0,0.0,0.0,0.0,0.0,0.104063864737,0.0237132849921,0.368956064146,0.419841274773
 03/14  16:00:00,0.993216348812,0.839118375976,0.0,0.0,0.0,0.0,0.0,0.0,0.120073690939,0.0273614812736,0.379202088662,0.443179087937
 03/14  17:00:00,1.20815722568,0.929109640691,0.0,0.0,0.0,0.0,0.0,0.0,0.18411303521,0.0419542694535,0.43448673302,0.524203188
 03/14  18:00:00,1.64722074549,1.11627606919,0.0,0.0,0.0,0.0,0.0,0.0,0.368225938881,0.0839085389071,0.534863171049,0.636823096655
 03/14  19:00:00,2.10668824526,1.28421762311,0.0,0.0,0.0,0.0,0.0,0.0,0.712437241108,0.162344801718,0.487108527302,0.691397675132
 03/14  20:00:00,2.44303465949,1.31081654651,0.0,0.0,0.0,0.0,0.0,0.0,1.06465342055,0.242605126018,0.398717754459,0.713658358458
 03/14  21:00:00,2.52279301275,1.21415680478,0.0,0.0,0.0,0.0,0.0,0.0,1.1447024858,0.260846107425,0.355651436977,0.738192982553
 03/14  22:00:00,2.26010240353,1.09342868404,0.0,0.0,0.0,0.0,0.0,0.0,0.960589450587,0.218891837971,0.336262209834,0.72095890514
 03/14  23:00:00,1.80918791496,0.978092070536,0.0,0.0844137459743,0.0,0.00234607047607,0.00234607047607,0.00234607047607,0.720442120825,0.16416889375,0.274933291318,0.623897538595
 03/14  24:00:00,1.392398832,1.24989123018,0.0,0.571213762437,0.0,0.0158758945359,0.0158758945359,0.0158758945359,0.504309432711,0.114918225625,0.191739927151,0.542155351973
 03/15  01:00:00,0.955729571728,1.74848089698,0.0,1.29714393389,0.0,0.0360344312861,0.0360344312861,0.0360344312861,0.256157220735,0.0583711588285,0.133321704843,0.448445056036
 03/15  02:00:00,0.794066294864,2.3256220511,0.0,1.97688435051,0.0,0.0549092265746,0.0549092265746,0.0549092265746,0.152093382306,0.0346578707821,0.116106043831,0.41289977137
 03/15  03:00:00,0.725121180563,2.64150456503,0.0,2.32079837516,0.0,0.0644587103557,0.0644587103557,0.0644587103557,0.104063864737,0.0237132849921,0.101372792835,0.408112527644
 03/15  04:00:00,0.712656848474,2.74016009701,0.0,2.41180451375,0.0,0.0669866468576,0.0669866468576,0.0669866468576,0.104063864737,0.0237132849921,0.0921252167148,0.402367835173
 03/15  05:00:00,0.713991508832,3.01143047957,0.0,2.60339058526,0.0,0.0723063465902,0.0723063465902,0.0723063465902,0.104063864737,0.0237132849921,0.103339676171,0.387168336342
 03/15  06:00:00,0.787413619833,3.52163318589,0.0,2.75983149985,0.0,0.0766483786497,0.0766483786497,0.0766483786497,0.112068771261,0.0255373831329,0.117710340515,0.432048746274
 03/15  07:00:00,1.00041008254,4.38576695625,0.0,2.96424079767,0.0,0.0823216205737,0.0823216205737,0.0823216205737,0.176108023954,0.0401301774214,0.179260421057,0.499189839532
 03/15  08:00:00,1.30459465665,3.81771391695,0.0,2.21052341328,0.0,0.0613896366044,0.0613896366044,0.0613896366044,0.312191646826,0.0711398641394,0.268546904233,0.530426604844
 03/15  09:00:00,1.14949528698,2.73775014065,0.0,1.18058102628,0.0,0.0327808860721,0.0327808860721,0.0327808860721,0.248152341018,0.0565470667965,0.340169937058,0.448445056036
 03/15  10:00:00,0.978584666697,1.56989713775,0.0,0.158400784203,0.0,0.00439747077934,0.00439747077934,0.00439747077934,0.128078597713,0.0291855794143,0.411860012733,0.381663006058
 03/15  11:00:00,0.970745614194,1.24238465423,0.0,0.0,0.0,0.0,0.0,0.0,0.104063864737,0.0237132849921,0.428929376422,0.390639088044
 03/15  12:00:00,0.988619070462,1.08939217593,0.0,0.0,0.0,0.0,0.0,0.0,0.104063864737,0.0237132849921,0.446683151596,0.390758769137
 03/15  13:00:00,0.971701631555,0.969487839766,0.0,0.0,0.0,0.0,0.0,0.0,0.104063864737,0.0237132849921,0.436348172812,0.384176309014
 03/15  14:00:00,0.94711729612,0.898376680599,0.0,0.0,0.0,0.0,0.0,0.0,0.104063864737,0.0237132849921,0.398479236038,0.397460910353
 03/15  15:00:00,0.939974488647,0.829052522985,0.0,0.0,0.0,0.0,0.0,0.0,0.104063864737,0.0237132849921,0.368956064146,0.419841274773
 03/15  16:00:00,0.993216348812,0.839015914631,0.0,0.0,0.0,0.0,0.0,0.0,0.120073690939,0.0273614812736,0.379202088662,0.443179087937
 03/15  17:00:00,1.20815722568,0.92888596006,0.0,0.0,0.0,0.0,0.0,0.0,0.18411303521,0.0419542694535,0.43448673302,0.524203188
 03/15  18:00:00,1.64722074549,1.11580075501,0.0,0.0,0.0,0.0,0.0,0.0,0.368225938881,0.0839085389071,0.534863171049,0.636823096655
 03/15  19:00:00,2.10668824526,1.28335444892,0.0,0.0,0.0,0.0,0.0,0.0,0.712437241108,0.162344801718,0.487108527302,0.691397675132
 03/15  20:00:00,2.44303465949,1.30985241366,0.0,0.0,0.0,0.0,0.0,0.0,1.06465342055,0.242605126018,0.398717754459,0.713658358458
 03/15  21:00:00,2.52279301275,1.21309163647,0.0,0.0,0.0,0.0,0.0,0.0,1.1447024858,0.260846107425,0.355651436977,0.738192982553
 03/15  22:00:00,2.26010240353,1.09237457562,0.0,0.0,0.0,0.0,0.0,0.0,0.960589450587,0.218891837971,0.336262209834,0.72095890514
 03/15  23:00:00,1.80684184449,0.89273591507,0.0,0.0,0.0,0.0,0.0,0.0,0.720442120825,0.16416889375,0.274933291318,0.623897538595
 03/15  24:00:00,1.37652293746,0.678145625626,0.0,0.0,0.0,0.0,0.0,0.0,0.504309432711,0.114918225625,0.191739927151,0.542155351973
 03/16  01:00:00,0.919695140442,0.451760244072,0.0,0.0,0.0,0.0,0.0,0.0,0.256157220735,0.0583711588285,0.133321704843,0.448445056036
 03/16  02:00:00,0.73915706829,0.349375078612,0.0,0.0,0.0,0.0,0.0,0.0,0.152093382306,0.0346578707821,0.116106043831,0.41289977137
 03/16  03:00:00,0.660662470207,0.321775051222,0.0,0.0,0.0,0.0,0.0,0.0,0.104063864737,0.0237132849921,0.101372792835,0.408112527644
 03/16  04:00:00,0.64722533767,0.385813148031,0.0,0.0560209706717,0.0,0.00155513605377,0.00155513605377,0.00155513605377,0.104063864737,0.0237132849921,0.0921252167148,0.402367835173
 03/16  05:00:00,0.681650675583,1.84860308667,0.0,1.43955766779,0.0,0.0399655133412,0.0399655133412,0.0399655133412,0.104063864737,0.0237132849921,0.103339676171,0.387168336342
 03/16  06:00:00,0.773207260776,3.01096789073,0.0,2.24929719755,0.0,0.0624420195931,0.0624420195931,0.0624420195931,0.112068771261,0.0255373831329,0.117710340515,0.432048746274
 03/16  07:00:00,1.01452092464,4.8928364052,0.0,3.4730510964,0.0,0.0964324626757,0.0964324626757,0.0964324626757,0.176108023954,0.0401301774214,0.179260421057,0.499189839532
 03/16  08:00:00,1.32371038633,4.50414184211,0.0,2.89910790986,0.0,0.0805053662889,0.0805053662889,0.0805053662889,0.312191646826,0.0711398641394,0.268546904233,0.530426604844
 03/16  09:00:00,1.19032435551,4.20535839664,0.0,2.65085858842,0.0,0.0736099546016,0.0736099546016,0.0736099546016,0.248152341018,0.0565470667965,0.340169937058,0.448445056036
 03/16  10:00:00,1.04284306511,3.88094921136,0.0,2.47280152249,0.0,0.0686558691906,0.0686558691906,0.0686558691906,0.128078597713,0.0291855794143,0.411860012733,0.381663006058
 03/16  11:00:00,1.0536872009,4.22632524002,0.0,2.98752872455,0.0,0.0829415867074,0.0829415867074,0.0829415867074,0.104063864737,0.0237132849921,0.428929376422,0.390639088044
 03/16  12:00:00,1.05025960665,3.30664039115,0.0,2.2203835925,0.0,0.0616405361908,0.0616405361908,0.0616405361908,0.104063864737,0.0237132849921,0.446683151596,0.390758769137
 03/16  13:00:00,1.01751361656,2.61765472138,0.0,1.65051669054,0.0,0.0458119850045,0.0458119850045,0.0458119850045,0.104063864737,0.0237132849921,0.436348172812,0.384176309014
 03/16  14:00:00,0.966250250276,1.58666817493,0.0,0.689451779021,0.0,0.0191329541558,0.0191329541558,0.0191329541558,0.104063864737,0.0237132849921,0.398479236038,0.397460910353
 03/16  15:00:00,0.961648035285,1.60935283371,0.0,0.781084998913,0.0,0.0216735466383,0.0216735466383,0.0216735466383,0.104063864737,0.0237132849921,0.368956064146,0.419841274773
 03/16  16:00:00,1.040678825,2.54869762964,0.0,1.71067148245,0.0,0.0474624761848,0.0474624761848,0.0474624761848,0.120073690939,0.0273614812736,0.379202088662,0.443179087937
 03/16  17:00:00,1.28359664478,3.64588411428,0.0,2.71867512764,0.0,0.0754394190988,0.0754394190988,0.0754394190988,0.18411303521,0.0419542694535,0.43448673302,0.524203188
 03/16  18:00:00,1.7306900545,4.12149550048,0.0,3.00738687101,0.0,0.0834693090109,0.0834693090109,0.0834693090109,0.368225938881,0.0839085389071,0.534863171049,0.636823096655
 03/16  19:00:00,2.1869324321,4.17216162384,0.0,2.8904700914,0.0,0.0802441868416,0.0802441868416,0.0802441868416,0.712437241108,0.162344801718,0.487108527302,0.691397675132
 03/16  20:00:00,2.5176167167,3.99471621229,0.0,2.68617987545,0.0,0.0745820572064,0.0745820572064,0.0745820572064,1.06465342055,0.242605126018,0.398717754459,0.713658358458
 03/16  21:00:00,2.59750777715,3.90263792067,0.0,2.69053884134,0.0,0.0747147644006,0.0747147644006,0.0747147644006,1.1447024858,0.260846107425,0.355651436977,0.738192982553
 03/16  22:00:00,2.3467796334,4.21230968438,0.0,3.12099280038,0.0,0.086677229865,0.086677229865,0.086677229865,0.960589450587,0.218891837971,0.336262209834,0.72095890514
 03/16  23:00:00,1.89962201155,4.2320468748,0.0,3.34051459382,0.0,0.0927801670611,0.0927801670611,0.0927801670611,0.720442120825,0.16416889375,0.274933291318,0.623897538595
 03/16  24:00:00,1.48896013742,4.72535746193,0.0,4.0482267326,0.0,0.112437199962,0.112437199962,0.112437199962,0.504309432711,0.114918225625,0.191739927151,0.542155351973
 03/17  01:00:00,1.04240008118,4.86818720097,0.0,4.41800305215,0.0,0.122704940738,0.122704940738,0.122704940738,0.256157220735,0.0583711588285,0.133321704843,0.448445056036
 03/17  02:00:00,0.866419681986,4.93009203114,0.0,4.58213371819,0.0,0.127262613696,0.127262613696,0.127262613696,0.152093382306,0.0346578707821,0.116106043831,0.41289977137
 03/17  03:00:00,0.79075446256,5.00446763334,0.0,4.68426386801,0.0,0.130091992353,0.130091992353,0.130091992353,0.104063864737,0.0237132849921,0.101372792835,0.408112527644
 03/17  04:00:00,0.780584148665,5.18615368787,0.0,4.85823566849,0.0,0.134913947049,0.134913947049,0.134913947049,0.104063864737,0.0237132849921,0.0921252167148,0.402367835173
 03/17  05:00:00,0.779699800824,5.37741007215,0.0,4.97013784643,0.0,0.138014638582,0.138014638582,0.138014638582,0.104063864737,0.0237132849921,0.103339676171,0.387168336342
 03/17  06:00:00,0.853619859743,5.90447305506,0.0,5.14445900868,0.0,0.142854618559,0.142854618559,0.142854618559,0.112068771261,0.0255373831329,0.117710340515,0.432048746274
 03/17  07:00:00,1.08609543667,7.46785910692,0.0,6.05011890747,0.0,0.168006974705,0.168006974705,0.168006974705,0.176108023954,0.0401301774214,0.179260421057,0.499189839532
 03/17  08:00:00,1.408549379,7.55555597145,0.0,5.95330739123,0.0,0.165344358958,0.165344358958,0.165344358958,0.312191646826,0.0711398641394,0.268546904233,0.530426604844
 03/17  09:00:00,1.26503228347,6.8909870439,0.0,5.33960485233,0.0,0.148317882563,0.148317882563,0.148317882563,0.248152341018,0.0565470667965,0.340169937058,0.448445056036
 03/17  10:00:00,1.12840990459,6.95725945204,0.0,5.55203432756,0.0,0.154222708675,0.154222708675,0.154222708675,0.128078597713,0.0291855794143,0.411860012733,0.381663006058
 03/17  11:00:00,1.10205496204,5.96423226187,0.0,4.72765948489,0.0,0.131309347847,0.131309347847,0.131309347847,0.104063864737,0.0237132849921,0.428929376422,0.390639088044
 03/17  12:00:00,1.09889506364,5.05505660386,0.0,3.9706341877,0.0,0.11027599318,0.11027599318,0.11027599318,0.104063864737,0.0237132849921,0.446683151596,0.390758769137
 03/17  13:00:00,1.07944911992,4.84461227153,0.0,3.8796631293,0.0,0.10774748836,0.10774748836,0.10774748836,0.104063864737,0.0237132849921,0.436348172812,0.384176309014
 03/17  14:00:00,1.04564816131,4.44232870859,0.0,3.54780090383,0.0,0.0985308651863,0.0985308651863,0.0985308651863,0.104063864737,0.0237132849921,0.398479236038,0.397460910353
 03/17  15:00:00,1.10445485833,6.74500636804,0.0,5.92040136788,0.0,0.164480369685,0.164480369685,0.164480369685,0.104063864737,0.0237132849921,0.368956064146,0.419841274773
 03/17  16:00:00,1.1629684003,6.94127017152,0.0,6.10709072059,0.0,0.169752051486,0.169752051486,0.169752051486,0.120073690939,0.0273614812736,0.379202088662,0.443179087937
 03/17  17:00:00,1.38457228959,7.26967903704,0.0,6.34558845619,0.0,0.176415063909,0.176415063909,0.176415063909,0.18411303521,0.0419542694535,0.43448673302,0.524203188
 03/17  18:00:00,1.84757756643,8.31414949187,0.0,7.20377801779,0.0,0.200356820936,0.200356820936,0.200356820936,0.368225938881,0.0839085389071,0.534863171049,0.636823096655
 03/17  19:00:00,2.30437333876,8.38229308317,0.0,7.10454493973,0.0,0.197685093502,0.197685093502,0.197685093502,0.712437241108,0.162344801718,0.487108527302,0.691397675132
 03/17  20:00:00,2.633150889,8.13572854776,0.0,6.83112543448,0.0,0.190116229515,0.190116229515,0.190116229515,1.06465342055,0.242605126018,0.398717754459,0.713658358458
 03/17  21:00:00,2.72015004599,8.29819585866,0.0,7.08983615504,0.0,0.197357033236,0.197357033236,0.197357033236,1.1447024858,0.260846107425,0.355651436977,0.738192982553
 03/17  22:00:00,2.46531826443,8.45803895299,0.0,7.37045913222,0.0,0.205215860902,0.205215860902,0.205215860902,0.960589450587,0.218891837971,0.336262209834,0.72095890514
 03/17  23:00:00,2.02033092273,8.55342823428,0.0,7.66524533824,0.0,0.213489078246,0.213489078246,0.213489078246,0.720442120825,0.16416889375,0.274933291318,0.623897538595
 03/17  24:00:00,1.61088503823,9.08739562459,0.0,8.41351344199,0.0,0.234362100766,0.234362100766,0.234362100766,0.504309432711,0.114918225625,0.191739927151,0.542155351973
 03/18  01:00:00,1.18544246855,9.73060963432,0.0,9.26393981996,0.0,0.258078031213,0.258078031213,0.258078031213,0.256157220735,0.0583711588285,0.140991001738,0.448445056036
 03/18  02:00:00,1.0361606724,10.8497845177,0.0,10.4945937674,0.0,0.292398742707,0.292398742707,0.292398742707,0.152093382306,0.0346578707821,0.12071090523,0.41289977137
 03/18  03:00:00,0.967698484855,11.2308391277,0.0,10.9068118878,0.0,0.303989569827,0.303989569827,0.303989569827,0.104063864737,0.0237132849921,0.104419237655,0.408112527644
 03/18  04:00:00,0.939855791697,10.827353816,0.0,10.495324064,0.0,0.292592618558,0.292592618558,0.292592618558,0.104063864737,0.0237132849921,0.0937181882377,0.402367835173
 03/18  05:00:00,0.932422653107,10.7338180317,0.0,10.3138869204,0.0,0.287621142669,0.287621142669,0.287621142669,0.104063864737,0.0237132849921,0.106456024366,0.387168336342
 03/18  06:00:00,1.01222339173,11.4395968926,0.0,10.6362757479,0.0,0.296678675878,0.296678675878,0.296678675878,0.112068771261,0.0255373831329,0.122489815182,0.432048746274
 03/18  07:00:00,1.25233028367,13.0569235726,0.0,11.5353668839,0.0,0.321845390855,0.321845390855,0.321845390855,0.176108023954,0.0401301774214,0.191656851911,0.499189839532
 03/18  08:00:00,1.55183610874,11.9041825468,0.0,10.173929512,0.0,0.283942833275,0.283942833275,0.283942833275,0.312191646826,0.0711398641394,0.29323515966,0.530426604844
 03/18  09:00:00,1.44849978743,12.2164381868,0.0,10.529893243,0.0,0.29394186903,0.29394186903,0.29394186903,0.248152341018,0.0565470667965,0.378013454548,0.448445056036
 03/18  10:00:00,1.33755927901,12.6637063702,0.0,11.1340988333,0.0,0.310835848473,0.310835848473,0.310835848473,0.128078597713,0.0291855794143,0.464396247352,0.381663006058
 03/18  11:00:00,1.32981515789,12.0724926917,0.0,10.7297440742,0.0,0.299667276447,0.299667276447,0.299667276447,0.104063864737,0.0237132849921,0.488331643674,0.390639088044
 03/18  12:00:00,1.34142132047,11.6102339004,0.0,10.4386228596,0.0,0.291565364128,0.291565364128,0.291565364128,0.104063864737,0.0237132849921,0.507920037478,0.390758769137
 03/18  13:00:00,1.34663979867,12.4657910108,0.0,11.4259621968,0.0,0.319159243548,0.319159243548,0.319159243548,0.104063864737,0.0237132849921,0.492127096384,0.384176309014
 03/18  14:00:00,1.26661455086,10.5742942464,0.0,9.61551547274,0.0,0.268644550323,0.268644550323,0.268644550323,0.104063864737,0.0237132849921,0.449331940459,0.397460910353
 03/18  15:00:00,1.22858698557,9.57989511507,0.0,8.69624391925,0.0,0.24296599621,0.24296599621,0.24296599621,0.104063864737,0.0237132849921,0.41460256486,0.419841274773
 03/18  16:00:00,1.30727431095,10.5863095535,0.0,9.69312739728,0.0,0.270822493953,0.270822493953,0.270822493953,0.120073690939,0.0273614812736,0.422437556848,0.443179087937
 03/18  17:00:00,1.4948495644,9.75628553267,0.0,8.75961532077,0.0,0.244788099741,0.244788099741,0.244788099741,0.18411303521,0.0419542694535,0.476390971991,0.524203188
 03/18  18:00:00,1.95651929092,10.7870982903,0.0,9.58871309726,0.0,0.268054626991,0.268054626991,0.268054626991,0.368225938881,0.0839085389071,0.576107089488,0.636823096655
 03/18  19:00:00,2.40114616647,10.4904322178,0.0,9.09816474601,0.0,0.254429219895,0.254429219895,0.254429219895,0.712437241108,0.162344801718,0.52713722862,0.691397675132
 03/18  20:00:00,2.72465525138,10.0739113469,0.0,8.64065639352,0.0,0.241668378809,0.241668378809,0.241668378809,1.06465342055,0.242605126018,0.438669967539,0.713658358458
 03/18  21:00:00,2.80674203196,10.028411067,0.0,8.69736520347,0.0,0.24328442064,0.24328442064,0.24328442064,1.1447024858,0.260846107425,0.396316035547,0.738192982553
 03/18  22:00:00,2.550742591,10.094331755,0.0,8.90376436973,0.0,0.249098853898,0.249098853898,0.249098853898,0.960589450587,0.218891837971,0.377803543407,0.72095890514
 03/18  23:00:00,2.10306978301,10.3749429896,0.0,9.40636598685,0.0,0.263219191376,0.263219191376,0.263219191376,0.720442120825,0.16416889375,0.307942038467,0.623897538595
 03/18  24:00:00,1.66280433837,10.3053630907,0.0,9.58224204399,0.0,0.268157414738,0.268157414738,0.268157414738,0.504309432711,0.114918225625,0.209863913326,0.542155351973
 03/19  01:00:00,1.19631427752,10.0748831087,0.0,9.61022190154,0.0,0.268949840179,0.268949840179,0.268949840179,0.256157220735,0.0583711588285,0.140991001738,0.448445056036
 03/19  02:00:00,1.02344769517,10.3480790685,0.0,9.99425035634,0.0,0.279685765486,0.279685765486,0.279685765486,0.152093382306,0.0346578707821,0.12071090523,0.41289977137
 03/19  03:00:00,0.957805574636,10.8329603425,0.0,10.5097492243,0.0,0.294096659608,0.294096659608,0.294096659608,0.104063864737,0.0237132849921,0.104419237655,0.408112527644
 03/19  04:00:00,0.954307721165,11.3031593599,0.0,10.9719793046,0.0,0.307044548026,0.307044548026,0.307044548026,0.104063864737,0.0237132849921,0.0937181882377,0.402367835173
 03/19  05:00:00,0.955780992956,11.5305737894,0.0,11.111883389,0.0,0.310979482518,0.310979482518,0.310979482518,0.104063864737,0.0237132849921,0.106456024366,0.387168336342
 03/19  06:00:00,1.02683024938,11.9234649268,0.0,11.1221230172,0.0,0.311285533527,0.311285533527,0.311285533527,0.112068771261,0.0255373831329,0.122489815182,0.432048746274
 03/19  07:00:00,1.23217716067,12.2979907083,0.0,10.7791172642,0.0,0.301692267854,0.301692267854,0.301692267854,0.176108023954,0.0401301774214,0.191656851911,0.499189839532
 03/19  08:00:00,1.55858126138,12.1125707958,0.0,10.3849404901,0.0,0.290687985909,0.290687985909,0.290687985909,0.312191646826,0.0711398641394,0.29323515966,0.530426604844
 03/19  09:00:00,1.42762197493,11.4393993199,0.0,9.75549775161,0.0,0.273064056532,0.273064056532,0.273064056532,0.248152341018,0.0565470667965,0.378013454548,0.448445056036
 03/19  10:00:00,1.2899358922,10.9317927695,0.0,9.40420363801,0.0,0.263212461664,0.263212461664,0.263212461664,0.128078597713,0.0291855794143,0.464396247352,0.381663006058
 03/19  11:00:00,1.3146574534,11.5065740705,0.0,10.1655678653,0.0,0.284509571951,0.284509571951,0.284509571951,0.104063864737,0.0237132849921,0.488331643674,0.390639088044
 03/19  12:00:00,1.30080169658,10.137108645,0.0,8.96672052347,0.0,0.250945740232,0.250945740232,0.250945740232,0.104063864737,0.0237132849921,0.507920037478,0.390758769137
 03/19  13:00:00,1.27693124973,9.95299507522,0.0,8.91389571001,0.0,0.249450694605,0.249450694605,0.249450694605,0.104063864737,0.0237132849921,0.492127096384,0.384176309014
 03/19  14:00:00,1.23464456607,9.41607822315,0.0,8.45788439107,0.0,0.236674565533,0.236674565533,0.236674565533,0.104063864737,0.0237132849921,0.449331940459,0.397460910353
 03/19  15:00:00,1.21678242094,9.1441843707,0.0,8.26122520215,0.0,0.231161431581,0.231161431581,0.231161431581,0.104063864737,0.0237132849921,0.41460256486,0.419841274773
 03/19  16:00:00,1.26440876266,9.03971605913,0.0,8.14698364461,0.0,0.227956945662,0.227956945662,0.227956945662,0.120073690939,0.0273614812736,0.422437556848,0.443179087937
 03/19  17:00:00,1.50911108382,10.253235735,0.0,9.25728562612,0.0,0.259049619166,0.259049619166,0.259049619166,0.18411303521,0.0419542694535,0.476390971991,0.524203188
 03/19  18:00:00,1.97361518471,11.3839915508,0.0,10.1872063448,0.0,0.285150520782,0.285150520782,0.285150520782,0.368225938881,0.0839085389071,0.576107089488,0.636823096655
 03/19  19:00:00,2.43444716807,11.6666462722,0.0,10.2764361981,0.0,0.287730221491,0.287730221491,0.287730221491,0.712437241108,0.162344801718,0.52713722862,0.691397675132
 03/19  20:00:00,2.77429570464,11.832424596,0.0,10.4017876857,0.0,0.291308832072,0.291308832072,0.291308832072,1.06465342055,0.242605126018,0.438669967539,0.713658358458
 03/19  21:00:00,2.87243475934,12.3589809156,0.0,11.0307124741,0.0,0.308977148016,0.308977148016,0.308977148016,1.1447024858,0.260846107425,0.396316035547,0.738192982553
 03/19  22:00:00,2.61987743649,12.5457537292,0.0,11.3581189138,0.0,0.318233699381,0.318233699381,0.318233699381,0.960589450587,0.218891837971,0.377803543407,0.72095890514
 03/19  23:00:00,2.16599742176,12.6046297565,0.0,11.6385633684,0.0,0.326146830125,0.326146830125,0.326146830125,0.720442120825,0.16416889375,0.307942038467,0.623897538595
 03/19  24:00:00,1.75043438181,13.4161423764,0.0,12.6953093499,0.0,0.355787458176,0.355787458176,0.355787458176,0.504309432711,0.114918225625,0.209863913326,0.542155351973
 03/20  01:00:00,1.28690318795,13.543128093,0.0,13.1002128618,0.0,0.36720804751,0.36720804751,0.36720804751,0.256157220735,0.0583711588285,0.133321704843,0.448445056036
 03/20  02:00:00,1.10627617559,13.4364410088,0.0,13.0954256193,0.0,0.367119107299,0.367119107299,0.367119107299,0.152093382306,0.0346578707821,0.116106043831,0.41289977137
 03/20  03:00:00,1.03267056381,13.5817580703,0.0,13.2684096501,0.0,0.372008093603,0.372008093603,0.372008093603,0.104063864737,0.0237132849921,0.101372792835,0.408112527644
 03/20  04:00:00,1.0294347804,14.0066145869,0.0,13.685739905,0.0,0.383764578779,0.383764578779,0.383764578779,0.104063864737,0.0237132849921,0.0921252167148,0.402367835173
 03/20  05:00:00,1.02867640629,14.1991522355,0.0,13.7994375378,0.0,0.386991244046,0.386991244046,0.386991244046,0.104063864737,0.0237132849921,0.103339676171,0.387168336342
 03/20  06:00:00,1.10474624327,14.7984006154,0.0,14.0475270023,0.0,0.393981002085,0.393981002085,0.393981002085,0.112068771261,0.0255373831329,0.117710340515,0.432048746274
 03/20  07:00:00,1.29871935299,14.9767669587,0.0,13.5708747597,0.0,0.380630891031,0.380630891031,0.380630891031,0.176108023954,0.0401301774214,0.179260421057,0.499189839532
 03/20  08:00:00,1.61363734798,14.7945409846,0.0,13.2044792108,0.0,0.370432327935,0.370432327935,0.370432327935,0.312191646826,0.0711398641394,0.268546904233,0.530426604844
 03/20  09:00:00,1.47629886205,14.3565788063,0.0,12.8170059862,0.0,0.35958446114,0.35958446114,0.35958446114,0.248152341018,0.0565470667965,0.340169937058,0.448445056036
 03/20  10:00:00,1.31477283173,13.5346723257,0.0,12.1406821627,0.0,0.340585635817,0.340585635817,0.340585635817,0.128078597713,0.0291855794143,0.411860012733,0.381663006058
 03/20  11:00:00,1.32184196202,13.740973485,0.0,12.5152629261,0.0,0.351096347829,0.351096347829,0.351096347829,0.104063864737,0.0237132849921,0.428929376422,0.390639088044
 03/20  12:00:00,1.30204834659,12.2466402282,0.0,11.1725286699,0.0,0.313429276129,0.313429276129,0.313429276129,0.104063864737,0.0237132849921,0.446683151596,0.390758769137
 03/20  13:00:00,1.28051135375,11.9634233291,0.0,11.0081794839,0.0,0.308809722193,0.308809722193,0.308809722193,0.104063864737,0.0237132849921,0.436348172812,0.384176309014
 03/20  14:00:00,1.23693422454,11.2164362548,0.0,10.3312438471,0.0,0.289816928423,0.289816928423,0.289816928423,0.104063864737,0.0237132849921,0.398479236038,0.397460910353
 03/20  15:00:00,1.22468538114,10.9659889121,0.0,10.149273904,0.0,0.284710892493,0.284710892493,0.284710892493,0.104063864737,0.0237132849921,0.368956064146,0.419841274773
 03/20  16:00:00,1.25526116923,10.1683627865,0.0,9.34130105893,0.0,0.262044820414,0.262044820414,0.262044820414,0.120073690939,0.0273614812736,0.379202088662,0.443179087937
 03/20  17:00:00,1.46426185323,10.0467448289,0.0,9.12975982877,0.0,0.256104627549,0.256104627549,0.256104627549,0.18411303521,0.0419542694535,0.43448673302,0.524203188
 03/20  18:00:00,1.90492782503,10.2898433605,0.0,9.18665219798,0.0,0.257707079534,0.257707079534,0.257707079534,0.368225938881,0.0839085389071,0.534863171049,0.636823096655
 03/20  19:00:00,2.34997123688,9.94141619132,0.0,8.67121065518,0.0,0.24328299162,0.24328299162,0.24328299162,0.712437241108,0.162344801718,0.487108527302,0.691397675132
 03/20  20:00:00,2.69587837395,10.3079980051,0.0,9.01109201882,0.0,0.252843714461,0.252843714461,0.252843714461,1.06465342055,0.242605126018,0.398717754459,0.713658358458
 03/20  21:00:00,2.78785544442,10.6452878933,0.0,9.44449088053,0.0,0.265062431666,0.265062431666,0.265062431666,1.1447024858,0.260846107425,0.355651436977,0.738192982553
 03/20  22:00:00,2.5392518198,11.025404852,0.0,9.9448581431,0.0,0.279149416269,0.279149416269,0.279149416269,0.960589450587,0.218891837971,0.336262209834,0.72095890514
 03/20  23:00:00,2.11571430154,11.884410492,0.0,11.0026255295,0.0,0.308872457055,0.308872457055,0.308872457055,0.720442120825,0.16416889375,0.274933291318,0.623897538595
 03/20  24:00:00,1.69821645913,12.1270518541,0.0,11.4586788557,0.0,0.32169352167,0.32169352167,0.32169352167,0.504309432711,0.114918225625,0.191739927151,0.542155351973
 03/21  01:00:00,1.25918710182,12.5351278513,0.0,12.0924048084,0.0,0.339491961378,0.339491961378,0.339491961378,0.256157220735,0.0583711588285,0.133321704843,0.448445056036
 03/21  02:00:00,1.09765300745,13.1096979283,0.0,12.7688848771,0.0,0.358495939158,0.358495939158,0.358495939158,0.152093382306,0.0346578707821,0.116106043831,0.41289977137
 03/21  03:00:00,1.0292972702,13.4422286936,0.0,13.1293138196,0.0,0.368634799989,0.368634799989,0.368634799989,0.104063864737,0.0237132849921,0.101372792835,0.408112527644
 03/21  04:00:00,1.01920578057,13.6236260893,0.0,13.3032662469,0.0,0.373535578952,0.373535578952,0.373535578952,0.104063864737,0.0237132849921,0.0921252167148,0.402367835173
 03/21  05:00:00,1.01605385283,13.7313713663,0.0,13.3322107295,0.0,0.374368690584,0.374368690584,0.374368690584,0.104063864737,0.0237132849921,0.103339676171,0.387168336342
 03/21  06:00:00,1.08486984009,14.0721517454,0.0,13.3223253292,0.0,0.37410459891,0.37410459891,0.37410459891,0.112068771261,0.0255373831329,0.117710340515,0.432048746274
 03/21  07:00:00,1.29232986934,14.730045861,0.0,13.3261427742,0.0,0.374241407372,0.374241407372,0.374241407372,0.176108023954,0.0401301774214,0.179260421057,0.499189839532
 03/21  08:00:00,1.5422080663,12.2365090173,0.0,10.6480763193,0.0,0.299003046263,0.299003046263,0.299003046263,0.312191646826,0.0711398641394,0.268546904233,0.530426604844
 03/21  09:00:00,1.37149708914,10.614409328,0.0,9.07557972995,0.0,0.254782688228,0.254782688228,0.254782688228,0.248152341018,0.0565470667965,0.340169937058,0.448445056036
 03/21  10:00:00,1.19323796297,9.19852183518,0.0,7.80473786073,0.0,0.219050767055,0.219050767055,0.219050767055,0.128078597713,0.0291855794143,0.411860012733,0.381663006058
 03/21  11:00:00,1.18408398119,8.82815448854,0.0,7.60227441496,0.0,0.213338366993,0.213338366993,0.213338366993,0.104063864737,0.0237132849921,0.428929376422,0.390639088044
 03/21  12:00:00,1.1700479942,7.54050768692,0.0,6.46597506804,0.0,0.181428923735,0.181428923735,0.181428923735,0.104063864737,0.0237132849921,0.446683151596,0.390758769137
 03/21  13:00:00,1.13208177481,6.67253166661,0.0,5.71650412766,0.0,0.160380143254,0.160380143254,0.160380143254,0.104063864737,0.0237132849921,0.436348172812,0.384176309014
 03/21  14:00:00,1.08377968819,5.75800312489,0.0,4.87171479519,0.0,0.136662392069,0.136662392069,0.136662392069,0.104063864737,0.0237132849921,0.398479236038,0.397460910353
 03/21  15:00:00,1.06839148842,5.39598031962,0.0,4.57806056039,0.0,0.12841699977,0.12841699977,0.12841699977,0.104063864737,0.0237132849921,0.368956064146,0.419841274773
 03/21  16:00:00,1.12087297966,5.37931907832,0.0,4.55120676725,0.0,0.127656630844,0.127656630844,0.127656630844,0.120073690939,0.0273614812736,0.379202088662,0.443179087937
 03/21  17:00:00,1.35003532523,5.97525745006,0.0,5.05793909142,0.0,0.141878099544,0.141878099544,0.141878099544,0.18411303521,0.0419542694535,0.43448673302,0.524203188
 03/21  18:00:00,1.81753774479,7.17293432703,0.0,6.0703704191,0.0,0.170316999297,0.170316999297,0.170316999297,0.368225938881,0.0839085389071,0.534863171049,0.636823096655
 03/21  19:00:00,2.28040044724,7.45887221446,0.0,6.1899429743,0.0,0.173712201976,0.173712201976,0.173712201976,0.712437241108,0.162344801718,0.487108527302,0.691397675132
 03/21  20:00:00,2.6279298779,7.8827202387,0.0,6.58725572707,0.0,0.184895218408,0.184895218408,0.184895218408,1.06465342055,0.242605126018,0.398717754459,0.713658358458
 03/21  21:00:00,2.72311729534,8.33563236659,0.0,7.1358729499,0.0,0.200324282586,0.200324282586,0.200324282586,1.1447024858,0.260846107425,0.355651436977,0.738192982553
 03/21  22:00:00,2.4778675535,8.83637529134,0.0,7.75650952576,0.0,0.217765149967,0.217765149967,0.217765149967,0.960589450587,0.218891837971,0.336262209834,0.72095890514
 03/21  23:00:00,2.04717464702,9.44143159405,0.0,8.55989712218,0.0,0.240332802535,0.240332802535,0.240332802535,0.720442120825,0.16416889375,0.274933291318,0.623897538595
 03/21  24:00:00,1.62166140945,9.39922609237,0.0,8.73084010218,0.0,0.245138471991,0.245138471991,0.245138471991,0.504309432711,0.114918225625,0.191739927151,0.542155351973
 03/22  01:00:00,1.17195034626,9.42739368842,0.0,8.98414689768,0.0,0.252255205822,0.252255205822,0.252255205822,0.256157220735,0.0583711588285,0.133321704843,0.448445056036
 03/22  02:00:00,0.986222374476,9.14260047296,0.0,8.80055442798,0.0,0.247065306186,0.247065306186,0.247065306186,0.152093382306,0.0346578707821,0.116106043831,0.41289977137
 03/22  03:00:00,0.910231913097,9.20565845567,0.0,8.89104373306,0.0,0.249569442889,0.249569442889,0.249569442889,0.104063864737,0.0237132849921,0.101372792835,0.408112527644
 03/22  04:00:00,0.896051774131,9.24295156951,0.0,8.92070992978,0.0,0.250381572514,0.250381572514,0.250381572514,0.104063864737,0.0237132849921,0.0921252167148,0.402367835173
 03/22  05:00:00,0.883114195907,9.00427408023,0.0,8.60301138833,0.0,0.241429033665,0.241429033665,0.241429033665,0.104063864737,0.0237132849921,0.103339676171,0.387168336342
 03/22  06:00:00,0.92962259815,8.55198205732,0.0,7.80015070794,0.0,0.218857356967,0.218857356967,0.218857356967,0.112068771261,0.0255373831329,0.117710340515,0.432048746274
 03/22  07:00:00,1.1454033631,9.50707796721,0.0,8.10212237087,0.0,0.227314901133,0.227314901133,0.227314901133,0.176108023954,0.0401301774214,0.179260421057,0.499189839532
 03/22  08:00:00,1.42346384357,8.01463750812,0.0,6.42563372935,0.0,0.180258823527,0.180258823527,0.180258823527,0.312191646826,0.0711398641394,0.268546904233,0.530426604844
 03/22  09:00:00,1.26885288786,6.96378054768,0.0,5.42443099457,0.0,0.152138486953,0.152138486953,0.152138486953,0.248152341018,0.0565470667965,0.340169937058,0.448445056036
 03/22  10:00:00,1.1113184669,6.28464873746,0.0,4.89033150817,0.0,0.137131270982,0.137131270982,0.137131270982,0.128078597713,0.0291855794143,0.411860012733,0.381663006058
 03/22  11:00:00,1.0829024433,5.22752485558,0.0,4.0004034672,0.0,0.112156829101,0.112156829101,0.112156829101,0.104063864737,0.0237132849921,0.428929376422,0.390639088044
 03/22  12:00:00,1.05636092894,3.49332846901,0.0,2.41675631078,0.0,0.0677418584762,0.0677418584762,0.0677418584762,0.104063864737,0.0237132849921,0.446683151596,0.390758769137
 03/22  13:00:00,1.01636661621,2.55268369215,0.0,1.5938726835,0.0,0.0446649846543,0.0446649846543,0.0446649846543,0.104063864737,0.0237132849921,0.436348172812,0.384176309014
 03/22  14:00:00,0.985281556725,2.2508346103,0.0,1.36204213539,0.0,0.0381642606052,0.0381642606052,0.0381642606052,0.104063864737,0.0237132849921,0.398479236038,0.397460910353
 03/22  15:00:00,0.992558266918,2.69740084488,0.0,1.87686562389,0.0,0.0525837782709,0.0525837782709,0.0525837782709,0.104063864737,0.0237132849921,0.368956064146,0.419841274773
 03/22  16:00:00,1.04631580244,2.72590748478,0.0,1.89528526691,0.0,0.0530994536316,0.0530994536316,0.0530994536316,0.120073690939,0.0273614812736,0.379202088662,0.443179087937
 03/22  17:00:00,1.2811642288,3.52530009714,0.0,2.60570580544,0.0,0.0730070031123,0.0730070031123,0.0730070031123,0.18411303521,0.0419542694535,0.43448673302,0.524203188
 03/22  18:00:00,1.73415651411,4.20716708986,0.0,3.10238224915,0.0,0.0869357686145,0.0869357686145,0.0869357686145,0.368225938881,0.0839085389071,0.534863171049,0.636823096655
 03/22  19:00:00,2.19423096004,4.39440869118,0.0,3.12343418675,0.0,0.0875427147791,0.0875427147791,0.0875427147791,0.712437241108,0.162344801718,0.487108527302,0.691397675132
 03/22  20:00:00,2.56295004143,5.57465096657,0.0,4.27758736976,0.0,0.119915381939,0.119915381939,0.119915381939,1.06465342055,0.242605126018,0.398717754459,0.713658358458
 03/22  21:00:00,2.65123254744,5.78145961048,0.0,4.58038642242,0.0,0.128439534683,0.128439534683,0.128439534683,1.1447024858,0.260846107425,0.355651436977,0.738192982553
 03/22  22:00:00,2.44104088484,7.5323718542,0.0,6.45161319954,0.0,0.18093848131,0.18093848131,0.18093848131,0.960589450587,0.218891837971,0.336262209834,0.72095890514
 03/22  23:00:00,1.96982901057,6.69402062287,0.0,5.81120632699,0.0,0.162987166088,0.162987166088,0.162987166088,0.720442120825,0.16416889375,0.274933291318,0.623897538595
 03/22  24:00:00,1.5742411671,7.72046980666,0.0,7.05032362376,0.0,0.197718229639,0.197718229639,0.197718229639,0.504309432711,0.114918225625,0.191739927151,0.542155351973
 03/23  01:00:00,1.10759629672,7.14646875455,0.0,6.70122663505,0.0,0.187901156279,0.187901156279,0.187901156279,0.256157220735,0.0583711588285,0.133321704843,0.448445056036
 03/23  02:00:00,0.949885042914,7.8611618356,0.0,7.51724481718,0.0,0.210727974624,0.210727974624,0.210727974624,0.152093382306,0.0346578707821,0.116106043831,0.41289977137
 03/23  03:00:00,0.8585004538,7.37479676792,0.0,7.05858494696,0.0,0.197837983593,0.197837983593,0.197837983593,0.104063864737,0.0237132849921,0.101372792835,0.408112527644
 03/23  04:00:00,0.873816940728,8.46475343322,0.0,8.14106641748,0.0,0.228146739112,0.228146739112,0.228146739112,0.104063864737,0.0237132849921,0.0921252167148,0.402367835173
 03/23  05:00:00,0.881570190319,8.96194264839,0.0,8.55997227711,0.0,0.239885028077,0.239885028077,0.239885028077,0.104063864737,0.0237132849921,0.103339676171,0.387168336342
 03/23  06:00:00,0.9771876225,10.2579238892,0.0,9.50675164468,0.0,0.266422381317,0.266422381317,0.266422381317,0.112068771261,0.0255373831329,0.117710340515,0.432048746274
 03/23  07:00:00,1.22933505986,12.5084774763,0.0,11.1057306173,0.0,0.311246597891,0.311246597891,0.311246597891,0.176108023954,0.0401301774214,0.179260421057,0.499189839532
 03/23  08:00:00,1.56528553781,13.0733475888,0.0,11.4883515108,0.0,0.32208051777,0.32208051777,0.32208051777,0.312191646826,0.0711398641394,0.268546904233,0.530426604844
 03/23  09:00:00,1.44541111309,13.257507744,0.0,11.7231298424,0.0,0.32869671218,0.32869671218,0.32869671218,0.248152341018,0.0565470667965,0.340169937058,0.448445056036
 03/23  10:00:00,1.30664523583,13.2455290992,0.0,11.8566061951,0.0,0.33245803991,0.33245803991,0.33245803991,0.128078597713,0.0291855794143,0.411860012733,0.381663006058
 03/23  11:00:00,1.2907141221,12.6318726575,0.0,11.4104818869,0.0,0.319968507905,0.319968507905,0.319968507905,0.104063864737,0.0237132849921,0.428929376422,0.390639088044
 03/23  12:00:00,1.28293643659,11.5658167481,0.0,10.4953599535,0.0,0.294317366126,0.294317366126,0.294317366126,0.104063864737,0.0237132849921,0.446683151596,0.390758769137
 03/23  13:00:00,1.25598462177,11.0892329127,0.0,10.1371008476,0.0,0.284282990218,0.284282990218,0.284282990218,0.104063864737,0.0237132849921,0.436348172812,0.384176309014
 03/23  14:00:00,1.23926966754,11.2989260729,0.0,10.4167606551,0.0,0.29215237142,0.29215237142,0.29215237142,0.104063864737,0.0237132849921,0.398479236038,0.397460910353
 03/23  15:00:00,1.21625376581,10.6635602,0.0,9.84968050877,0.0,0.276279277159,0.276279277159,0.276279277159,0.104063864737,0.0237132849921,0.368956064146,0.419841274773
 03/23  16:00:00,1.26695115029,10.5820189039,0.0,9.75799092009,0.0,0.273734801481,0.273734801481,0.273734801481,0.120073690939,0.0273614812736,0.379202088662,0.443179087937
 03/23  17:00:00,1.5122300895,11.7491837788,0.0,10.8363948831,0.0,0.30407286382,0.30407286382,0.30407286382,0.18411303521,0.0419542694535,0.43448673302,0.524203188
 03/23  18:00:00,1.96151190872,12.2939561594,0.0,11.1963930577,0.0,0.314291163227,0.314291163227,0.314291163227,0.368225938881,0.0839085389071,0.534863171049,0.636823096655
 03/23  19:00:00,2.40634756175,11.9354251452,0.0,10.6716164459,0.0,0.299659316493,0.299659316493,0.299659316493,0.712437241108,0.162344801718,0.487108527302,0.691397675132
 03/23  20:00:00,2.75900492565,12.5389902927,0.0,11.2487874051,0.0,0.315970266158,0.315970266158,0.315970266158,1.06465342055,0.242605126018,0.398717754459,0.713658358458
 03/23  21:00:00,2.84306799233,12.5940850245,0.0,11.399240681,0.0,0.320274979576,0.320274979576,0.320274979576,1.1447024858,0.260846107425,0.355651436977,0.738192982553
 03/23  22:00:00,2.59983981112,13.1642836605,0.0,12.0891816696,0.0,0.33973740759,0.33973740759,0.33973740759,0.960589450587,0.218891837971,0.336262209834,0.72095890514
 03/23  23:00:00,2.15244368776,13.1739083879,0.0,12.2963750549,0.0,0.34560184327,0.34560184327,0.34560184327,0.720442120825,0.16416889375,0.274933291318,0.623897538595
 03/23  24:00:00,1.7477164889,13.871405313,0.0,13.2062850757,0.0,0.371193551437,0.371193551437,0.371193551437,0.504309432711,0.114918225625,0.191739927151,0.542155351973
 03/24  01:00:00,1.30687254608,14.2146301126,0.0,13.7742255186,0.0,0.387177405641,0.387177405641,0.387177405641,0.256157220735,0.0583711588285,0.133321704843,0.448445056036
 03/24  02:00:00,1.13333132559,14.3619411554,0.0,14.022817943,0.0,0.394174257305,0.394174257305,0.394174257305,0.152093382306,0.0346578707821,0.116106043831,0.41289977137
 03/24  03:00:00,1.07345610613,14.9961826832,0.0,14.6847890025,0.0,0.412793635923,0.412793635923,0.412793635923,0.104063864737,0.0237132849921,0.101372792835,0.408112527644
 03/24  04:00:00,1.07539080572,15.6040844379,0.0,15.2854378643,0.0,0.429720604104,0.429720604104,0.429720604104,0.104063864737,0.0237132849921,0.0921252167148,0.402367835173
 03/24  05:00:00,1.06645247103,15.5050855403,0.0,15.1080735889,0.0,0.424767308789,0.424767308789,0.424767308789,0.104063864737,0.0237132849921,0.103339676171,0.387168336342
 03/24  06:00:00,1.12992180987,15.6542771146,0.0,14.9082730787,0.0,0.41915656869,0.41915656869,0.41915656869,0.112068771261,0.0255373831329,0.117710340515,0.432048746274
 03/24  07:00:00,1.33408775401,16.1925126981,0.0,14.7954900535,0.0,0.415999292042,0.415999292042,0.415999292042,0.176108023954,0.0401301774214,0.179260421057,0.499189839532
 03/24  08:00:00,1.63342033355,15.4576796819,0.0,13.8776995368,0.0,0.390215313506,0.390215313506,0.390215313506,0.312191646826,0.0711398641394,0.268546904233,0.530426604844
 03/24  09:00:00,1.49695610611,15.0531599578,0.0,13.5233297801,0.0,0.380241705197,0.380241705197,0.380241705197,0.248152341018,0.0565470667965,0.340169937058,0.448445056036
 03/24  10:00:00,1.33869951922,14.3496183433,0.0,12.9645180499,0.0,0.364512323303,0.364512323303,0.364512323303,0.128078597713,0.0291855794143,0.411860012733,0.381663006058
 03/24  11:00:00,1.3212335651,13.6843103186,0.0,12.4661749455,0.0,0.350487950904,0.350487950904,0.350487950904,0.104063864737,0.0237132849921,0.428929376422,0.390639088044
 03/24  12:00:00,1.27459164178,11.2410656334,0.0,10.1730344838,0.0,0.285972571315,0.285972571315,0.285972571315,0.104063864737,0.0237132849921,0.446683151596,0.390758769137
 03/24  13:00:00,1.24036448517,10.5088044736,0.0,9.55851887541,0.0,0.268662853618,0.268662853618,0.268662853618,0.104063864737,0.0237132849921,0.436348172812,0.384176309014
 03/24  14:00:00,1.21225760018,10.3137879213,0.0,9.43334928907,0.0,0.265140304063,0.265140304063,0.265140304063,0.104063864737,0.0237132849921,0.398479236038,0.397460910353
 03/24  15:00:00,1.18664264777,9.58875440854,0.0,8.77615875972,0.0,0.246668159118,0.246668159118,0.246668159118,0.104063864737,0.0237132849921,0.368956064146,0.419841274773
 03/24  16:00:00,1.23316196565,9.36033369794,0.0,8.53740445269,0.0,0.239945616834,0.239945616834,0.239945616834,0.120073690939,0.0273614812736,0.379202088662,0.443179087937
 03/24  17:00:00,1.46742749668,10.1356665207,0.0,9.22400686261,0.0,0.259270270996,0.259270270996,0.259270270996,0.18411303521,0.0419542694535,0.43448673302,0.524203188
 03/24  18:00:00,1.94150829449,11.5627714584,0.0,10.4667535184,0.0,0.294287548999,0.294287548999,0.294287548999,0.368225938881,0.0839085389071,0.534863171049,0.636823096655
 03/24  19:00:00,2.39098074973,11.3704282609,0.0,10.1086828543,0.0,0.284292504466,0.284292504466,0.284292504466,0.712437241108,0.162344801718,0.487108527302,0.691397675132
 03/24  20:00:00,2.7369316173,11.7360839394,0.0,10.4479036749,0.0,0.293896957809,0.293896957809,0.293896957809,1.06465342055,0.242605126018,0.398717754459,0.713658358458
 03/24  21:00:00,2.83262824184,12.2047265789,0.0,11.0120260363,0.0,0.309835229088,0.309835229088,0.309835229088,1.1447024858,0.260846107425,0.355651436977,0.738192982553
 03/24  22:00:00,2.59017976532,12.8031687887,0.0,11.7298238516,0.0,0.330077361793,0.330077361793,0.330077361793,0.960589450587,0.218891837971,0.336262209834,0.72095890514
 03/24  23:00:00,2.16093867241,13.4582693578,0.0,12.5823966341,0.0,0.354096827921,0.354096827921,0.354096827921,0.720442120825,0.16416889375,0.274933291318,0.623897538595
 03/24  24:00:00,1.75071259042,13.9594974445,0.0,13.2957471265,0.0,0.37418965296,0.37418965296,0.37418965296,0.504309432711,0.114918225625,0.191739927151,0.542155351973
 03/25  01:00:00,1.31678798875,14.2953309529,0.0,13.836645424,0.0,0.389423551409,0.389423551409,0.389423551409,0.256157220735,0.0583711588285,0.140991001738,0.448445056036
 03/25  02:00:00,1.14856187116,14.7316652796,0.0,14.3831584653,0.0,0.404799941467,0.404799941467,0.404799941467,0.152093382306,0.0346578707821,0.12071090523,0.41289977137
 03/25  03:00:00,1.07662732679,14.9896705073,0.0,14.6716117589,0.0,0.412918411758,0.412918411758,0.412918411758,0.104063864737,0.0237132849921,0.104419237655,0.408112527644
 03/25  04:00:00,1.06506910699,15.1712663828,0.0,14.8452140964,0.0,0.417805933855,0.417805933855,0.417805933855,0.104063864737,0.0237132849921,0.0937181882377,0.402367835173
 03/25  05:00:00,1.06638302673,15.3920133843,0.0,14.9792772876,0.0,0.421581516295,0.421581516295,0.421581516295,0.104063864737,0.0237132849921,0.106456024366,0.387168336342
 03/25  06:00:00,1.1438002387,16.0080383625,0.0,15.2162887907,0.0,0.42825552285,0.42825552285,0.42825552285,0.112068771261,0.0255373831329,0.122489815182,0.432048746274
 03/25  07:00:00,1.37499858162,17.2957291286,0.0,15.7935441059,0.0,0.444513688807,0.444513688807,0.444513688807,0.176108023954,0.0401301774214,0.191656851911,0.499189839532
 03/25  08:00:00,1.64767213143,15.2028101264,0.0,13.4936997183,0.0,0.379778855962,0.379778855962,0.379778855962,0.312191646826,0.0711398641394,0.29323515966,0.530426604844
 03/25  09:00:00,1.48936973611,13.564797405,0.0,11.8986185464,0.0,0.334811817711,0.334811817711,0.334811817711,0.248152341018,0.0565470667965,0.378013454548,0.448445056036
 03/25  10:00:00,1.34497291094,12.8236239654,0.0,11.3122451686,0.0,0.318249480405,0.318249480405,0.318249480405,0.128078597713,0.0291855794143,0.464396247352,0.381663006058
 03/25  11:00:00,1.38211148007,13.8365836915,0.0,12.5103623101,0.0,0.35196359862,0.35196359862,0.35196359862,0.104063864737,0.0237132849921,0.488331643674,0.390639088044
 03/25  12:00:00,1.33322172692,11.230284202,0.0,10.0728082528,0.0,0.283365770574,0.283365770574,0.283365770574,0.104063864737,0.0237132849921,0.507920037478,0.390758769137
 03/25  13:00:00,1.29440832283,10.5173469118,0.0,9.48950568504,0.0,0.266927767705,0.266927767705,0.266927767705,0.104063864737,0.0237132849921,0.492127096384,0.384176309014
 03/25  14:00:00,1.24274924277,9.65037488329,0.0,8.70261114463,0.0,0.24477924223,0.24477924223,0.24477924223,0.104063864737,0.0237132849921,0.449331940459,0.397460910353
 03/25  15:00:00,1.24467308317,10.0834414569,0.0,9.21032815171,0.0,0.259052093807,0.259052093807,0.259052093807,0.104063864737,0.0237132849921,0.41460256486,0.419841274773
 03/25  16:00:00,1.27173444542,9.24781700663,0.0,8.36500473,0.0,0.235282628418,0.235282628418,0.235282628418,0.120073690939,0.0273614812736,0.422437556848,0.443179087937
 03/25  17:00:00,1.4875775795,9.42998629629,0.0,8.44449230555,0.0,0.237516114842,0.237516114842,0.237516114842,0.18411303521,0.0419542694535,0.476390971991,0.524203188
 03/25  18:00:00,1.94020425292,10.1342231174,0.0,8.94919564813,0.0,0.251739588984,0.251739588984,0.251739588984,0.368225938881,0.0839085389071,0.576107089488,0.636823096655
 03/25  19:00:00,2.40655038641,10.6123932121,0.0,9.23547418514,0.0,0.259833439837,0.259833439837,0.259833439837,0.712437241108,0.162344801718,0.52713722862,0.691397675132
 03/25  20:00:00,2.74890082428,10.8673408367,0.0,9.45032579759,0.0,0.26591395171,0.26591395171,0.26591395171,1.06465342055,0.242605126018,0.438669967539,0.713658358458
 03/25  21:00:00,2.82269769559,10.5285646449,0.0,9.21257957732,0.0,0.259240084263,0.259240084263,0.259240084263,1.1447024858,0.260846107425,0.396316035547,0.738192982553
 03/25  22:00:00,2.56758176423,10.627350555,0.0,9.45029269558,0.0,0.265938027126,0.265938027126,0.265938027126,0.960589450587,0.218891837971,0.377803543407,0.72095890514
 03/25  23:00:00,2.12310754255,11.0231893358,0.0,10.0656052451,0.0,0.283256950918,0.283256950918,0.283256950918,0.720442120825,0.16416889375,0.307942038467,0.623897538595
 03/25  24:00:00,1.68555836019,11.0528190314,0.0,10.3379736929,0.0,0.290911436556,0.290911436556,0.290911436556,0.504309432711,0.114918225625,0.209863913326,0.542155351973
 03/26  01:00:00,1.24259598944,11.661988649,0.0,11.2028559001,0.0,0.315231552105,0.315231552105,0.315231552105,0.256157220735,0.0583711588285,0.140991001738,0.448445056036
 03/26  02:00:00,1.05947347415,11.5709630351,0.0,11.2216822771,0.0,0.315711544457,0.315711544457,0.315711544457,0.152093382306,0.0346578707821,0.12071090523,0.41289977137
 03/26  03:00:00,0.984208451042,11.7123822498,0.0,11.3932769512,0.0,0.320499536014,0.320499536014,0.320499536014,0.104063864737,0.0237132849921,0.104419237655,0.408112527644
 03/26  04:00:00,0.97074443638,11.8275244554,0.0,11.500339381,0.0,0.323481263241,0.323481263241,0.323481263241,0.104063864737,0.0237132849921,0.0937181882377,0.402367835173
 03/26  05:00:00,0.966945737602,11.8675005908,0.0,11.453694747,0.0,0.322144227165,0.322144227165,0.322144227165,0.104063864737,0.0237132849921,0.106456024366,0.387168336342
 03/26  06:00:00,1.05368582124,12.8161205114,0.0,12.0238269537,0.0,0.33814110539,0.33814110539,0.33814110539,0.112068771261,0.0255373831329,0.122489815182,0.432048746274
 03/26  07:00:00,1.2659347815,13.4313888007,0.0,11.9298544088,0.0,0.335449888685,0.335449888685,0.335449888685,0.176108023954,0.0401301774214,0.191656851911,0.499189839532
 03/26  08:00:00,1.57873114198,12.762310327,0.0,11.0546233363,0.0,0.310837866507,0.310837866507,0.310837866507,0.312191646826,0.0711398641394,0.29323515966,0.530426604844
 03/26  09:00:00,1.49288916589,13.6973179743,0.0,12.0333637781,0.0,0.338331247488,0.338331247488,0.338331247488,0.248152341018,0.0565470667965,0.378013454548,0.448445056036
 03/26  10:00:00,1.38189051841,14.1409034442,0.0,12.632128584,0.0,0.355167087869,0.355167087869,0.355167087869,0.128078597713,0.0291855794143,0.464396247352,0.381663006058
 03/26  11:00:00,1.35098740664,12.7352882378,0.0,11.4107644607,0.0,0.320839525198,0.320839525198,0.320839525198,0.104063864737,0.0237132849921,0.488331643674,0.390639088044
 03/26  12:00:00,1.34099524485,11.5110740247,0.0,10.3550857739,0.0,0.291139288501,0.291139288501,0.291139288501,0.104063864737,0.0237132849921,0.507920037478,0.390758769137
 03/26  13:00:00,1.31247797754,11.1624566448,0.0,10.1362470885,0.0,0.284997422411,0.284997422411,0.284997422411,0.104063864737,0.0237132849921,0.492127096384,0.384176309014
 03/26  14:00:00,1.25589829545,10.1197246686,0.0,9.17343731476,0.0,0.257928294904,0.257928294904,0.257928294904,0.104063864737,0.0237132849921,0.449331940459,0.397460910353
 03/26  15:00:00,1.23277247372,9.6621879572,0.0,8.7902457901,0.0,0.247151484354,0.247151484354,0.247151484354,0.104063864737,0.0237132849921,0.41460256486,0.419841274773
 03/26  16:00:00,1.2759663049,9.40021831455,0.0,8.5185823516,0.0,0.239514487902,0.239514487902,0.239514487902,0.120073690939,0.0273614812736,0.422437556848,0.443179087937
 03/26  17:00:00,1.50433354601,10.0262813456,0.0,9.04236532928,0.0,0.254272081352,0.254272081352,0.254272081352,0.18411303521,0.0419542694535,0.476390971991,0.524203188
 03/26  18:00:00,1.98411669298,11.6929861606,0.0,10.5105050505,0.0,0.29565202905,0.29565202905,0.29565202905,0.368225938881,0.0839085389071,0.576107089488,0.636823096655
 03/26  19:00:00,2.43727460085,11.7003009483,0.0,10.326285363,0.0,0.290557654276,0.290557654276,0.290557654276,0.712437241108,0.162344801718,0.52713722862,0.691397675132
 03/26  20:00:00,2.80416384414,12.8246104178,0.0,11.4108775465,0.0,0.321176971567,0.321176971567,0.321176971567,1.06465342055,0.242605126018,0.438669967539,0.713658358458
 03/26  21:00:00,2.90748846398,13.5312222075,0.0,12.218919995,0.0,0.344030852655,0.344030852655,0.344030852655,1.1447024858,0.260846107425,0.396316035547,0.738192982553
 03/26  22:00:00,2.65791963422,13.8256530755,0.0,12.6520179848,0.0,0.356275897113,0.356275897113,0.356275897113,0.960589450587,0.218891837971,0.377803543407,0.72095890514
 03/26  23:00:00,2.22525293556,14.6389868282,0.0,13.6847678737,0.0,0.385402343919,0.385402343919,0.385402343919,0.720442120825,0.16416889375,0.307942038467,0.623897538595
 03/26  24:00:00,1.79986284934,15.0990470784,0.0,14.3872190022,0.0,0.405215925709,0.405215925709,0.405215925709,0.504309432711,0.114918225625,0.209863913326,0.542155351973
 03/27  01:00:00,1.34699310794,15.6075842838,0.0,15.1704530853,0.0,0.4272979675,0.4272979675,0.4272979675,0.256157220735,0.0583711588285,0.133321704843,0.448445056036
 03/27  02:00:00,1.17633201667,15.8570592309,0.0,15.5207808073,0.0,0.437174948381,0.437174948381,0.437174948381,0.152093382306,0.0346578707821,0.116106043831,0.41289977137
 03/27  03:00:00,1.09952442275,15.8892842818,0.0,15.5805201847,0.0,0.438861952544,0.438861952544,0.438861952544,0.104063864737,0.0237132849921,0.101372792835,0.408112527644
 03/27  04:00:00,1.08073432174,15.7616499752,0.0,15.4453877511,0.0,0.435064120119,0.435064120119,0.435064120119,0.104063864737,0.0237132849921,0.0921252167148,0.402367835173
 03/27  05:00:00,1.08255069175,16.0458595021,0.0,15.6514655594,0.0,0.440865529512,0.440865529512,0.440865529512,0.104063864737,0.0237132849921,0.103339676171,0.387168336342
 03/27  06:00:00,1.15456599929,16.4972421256,0.0,15.7556925938,0.0,0.443800758104,0.443800758104,0.443800758104,0.112068771261,0.0255373831329,0.117710340515,0.432048746274
 03/27  07:00:00,1.38097761617,17.8212732503,0.0,16.4323660914,0.0,0.462889154206,0.462889154206,0.462889154206,0.176108023954,0.0401301774214,0.179260421057,0.499189839532
 03/27  08:00:00,1.63908787807,15.6246793125,0.0,14.0535178035,0.0,0.395882858028,0.395882858028,0.395882858028,0.312191646826,0.0711398641394,0.268546904233,0.530426604844
 03/27  09:00:00,1.49258527851,14.8663883772,0.0,13.3448966755,0.0,0.375870877606,0.375870877606,0.375870877606,0.248152341018,0.0565470667965,0.340169937058,0.448445056036
 03/27  10:00:00,1.34586292884,14.5741559755,0.0,13.1969629563,0.0,0.37167573292,0.37167573292,0.37167573292,0.128078597713,0.0291855794143,0.411860012733,0.381663006058
 03/27  11:00:00,1.31245528466,13.3457316321,0.0,12.1344626353,0.0,0.341709670465,0.341709670465,0.341709670465,0.104063864737,0.0237132849921,0.428929376422,0.390639088044
 03/27  12:00:00,1.2876978864,11.684495309,0.0,10.6227387107,0.0,0.299078815936,0.299078815936,0.299078815936,0.104063864737,0.0237132849921,0.446683151596,0.390758769137
 03/27  13:00:00,1.26201579353,11.2570826881,0.0,10.3126750773,0.0,0.290314161971,0.290314161971,0.290314161971,0.104063864737,0.0237132849921,0.436348172812,0.384176309014
 03/27  14:00:00,1.25500810608,11.8124113658,0.0,10.9375180975,0.0,0.307890809959,0.307890809959,0.307890809959,0.104063864737,0.0237132849921,0.398479236038,0.397460910353
 03/27  15:00:00,1.25069905516,11.8449243232,0.0,11.0378232264,0.0,0.310724566515,0.310724566515,0.310724566515,0.104063864737,0.0237132849921,0.368956064146,0.419841274773
 03/27  16:00:00,1.28144104256,11.0558131976,0.0,10.2385667398,0.0,0.288224693745,0.288224693745,0.288224693745,0.120073690939,0.0273614812736,0.379202088662,0.443179087937
 03/27  17:00:00,1.49736753987,11.1803555984,0.0,10.2743514759,0.0,0.289210314189,0.289210314189,0.289210314189,0.18411303521,0.0419542694535,0.43448673302,0.524203188
 03/27  18:00:00,1.95475441095,12.0148850558,0.0,10.9249070992,0.0,0.307533665456,0.307533665456,0.307533665456,0.368225938881,0.0839085389071,0.534863171049,0.636823096655
 03/27  19:00:00,2.39290445099,11.4212199341,0.0,10.166021013,0.0,0.286216205731,0.286216205731,0.286216205731,0.712437241108,0.162344801718,0.487108527302,0.691397675132
 03/27  20:00:00,2.74145132129,11.8793216003,0.0,10.5977754261,0.0,0.298416661801,0.298416661801,0.298416661801,1.06465342055,0.242605126018,0.398717754459,0.713658358458
 03/27  21:00:00,2.82931604433,12.0710851651,0.0,10.8843668233,0.0,0.306523031576,0.306523031576,0.306523031576,1.1447024858,0.260846107425,0.355651436977,0.738192982553
 03/27  22:00:00,2.57980084833,12.419142754,0.0,11.351275705,0.0,0.319698444799,0.319698444799,0.319698444799,0.960589450587,0.218891837971,0.336262209834,0.72095890514
 03/27  23:00:00,2.15011838672,13.0596704922,0.0,12.1881336333,0.0,0.343276542232,0.343276542232,0.343276542232,0.720442120825,0.16416889375,0.274933291318,0.623897538595
 03/27  24:00:00,1.73432545862,13.3641806048,0.0,12.7035935659,0.0,0.357802521165,0.357802521165,0.357802521165,0.504309432711,0.114918225625,0.191739927151,0.542155351973
 03/28  01:00:00,1.28745501798,13.494694439,0.0,13.0571199838,0.0,0.367759877534,0.367759877534,0.367759877534,0.256157220735,0.0583711588285,0.133321704843,0.448445056036
 03/28  02:00:00,1.11462359761,13.6683606165,0.0,13.3314256125,0.0,0.375466529318,0.375466529318,0.375466529318,0.152093382306,0.0346578707821,0.116106043831,0.41289977137
 03/28  03:00:00,1.04854763185,14.0824470954,0.0,13.7729096423,0.0,0.387885161645,0.387885161645,0.387885161645,0.104063864737,0.0237132849921,0.101372792835,0.408112527644
 03/28  04:00:00,1.03738949148,14.2259580595,0.0,13.9090406475,0.0,0.391719289866,0.391719289866,0.391719289866,0.104063864737,0.0237132849921,0.0921252167148,0.402367835173
 03/28  05:00:00,1.03088492634,14.2142463004,0.0,13.8194706187,0.0,0.389199764094,0.389199764094,0.389199764094,0.104063864737,0.0237132849921,0.103339676171,0.387168336342
 03/28  06:00:00,1.08876290808,14.163061546,0.0,13.4216542101,0.0,0.377997666894,0.377997666894,0.377997666894,0.112068771261,0.0255373831329,0.117710340515,0.432048746274
 03/28  07:00:00,1.30865895013,15.2563376522,0.0,13.8685108168,0.0,0.390570488168,0.390570488168,0.390570488168,0.176108023954,0.0401301774214,0.179260421057,0.499189839532
 03/28  08:00:00,1.55815337828,12.7547798971,0.0,11.1847697836,0.0,0.314948358242,0.314948358242,0.314948358242,0.312191646826,0.0711398641394,0.268546904233,0.530426604844
 03/28  09:00:00,1.40040945901,11.5982119357,0.0,10.0774627602,0.0,0.283695058103,0.283695058103,0.283695058103,0.248152341018,0.0565470667965,0.340169937058,0.448445056036
 03/28  10:00:00,1.21231464475,9.83894364931,0.0,8.46152195296,0.0,0.238127448836,0.238127448836,0.238127448836,0.128078597713,0.0291855794143,0.411860012733,0.381663006058
 03/28  11:00:00,1.1804929572,8.66741282807,0.0,7.45539332023,0.0,0.209747343002,0.209747343002,0.209747343002,0.104063864737,0.0237132849921,0.428929376422,0.390639088044
 03/28  12:00:00,1.16048196197,7.17337310251,0.0,6.11057111054,0.0,0.171862891503,0.171862891503,0.171862891503,0.104063864737,0.0237132849921,0.446683151596,0.390758769137
 03/28  13:00:00,1.11581570849,6.07150739431,0.0,5.12538388361,0.0,0.144114076932,0.144114076932,0.144114076932,0.104063864737,0.0237132849921,0.436348172812,0.384176309014
 03/28  14:00:00,1.07445243251,5.4067941907,0.0,4.52956422102,0.0,0.127335136391,0.127335136391,0.127335136391,0.104063864737,0.0237132849921,0.398479236038,0.397460910353
 03/28  15:00:00,1.05167819268,4.78350084375,0.0,3.9737615417,0.0,0.111703704029,0.111703704029,0.111703704029,0.104063864737,0.0237132849921,0.368956064146,0.419841274773
 03/28  16:00:00,1.1111539469,5.0156733667,0.0,4.1957853265,0.0,0.117937598086,0.117937598086,0.117937598086,0.120073690939,0.0273614812736,0.379202088662,0.443179087937
 03/28  17:00:00,1.32200859752,4.95869281838,0.0,4.05030750661,0.0,0.113851371834,0.113851371834,0.113851371834,0.18411303521,0.0419542694535,0.43448673302,0.524203188
 03/28  18:00:00,1.79210660541,6.24511225883,0.0,5.15346113227,0.0,0.144885859919,0.144885859919,0.144885859919,0.368225938881,0.0839085389071,0.534863171049,0.636823096655
 03/28  19:00:00,2.250679115,6.37662146286,0.0,5.12039185299,0.0,0.14399086974,0.14399086974,0.14399086974,0.712437241108,0.162344801718,0.487108527302,0.691397675132
 03/28  20:00:00,2.61222480938,7.2972505849,0.0,6.01495088718,0.0,0.169190149887,0.169190149887,0.169190149887,1.06465342055,0.242605126018,0.398717754459,0.713658358458
 03/28  21:00:00,2.70698515216,7.7341638025,0.0,6.54669988735,0.0,0.184192139408,0.184192139408,0.184192139408,1.1447024858,0.260846107425,0.355651436977,0.738192982553
 03/28  22:00:00,2.49892137178,9.55459835883,0.0,8.48624129937,0.0,0.238818968248,0.238818968248,0.238818968248,0.960589450587,0.218891837971,0.336262209834,0.72095890514
 03/28  23:00:00,2.08868084157,10.8847963685,0.0,10.012888008,0.0,0.281838997084,0.281838997084,0.281838997084,0.720442120825,0.16416889375,0.274933291318,0.623897538595
 03/28  24:00:00,1.67827692796,11.3809287978,0.0,10.7196347256,0.0,0.301753990502,0.301753990502,0.301753990502,0.504309432711,0.114918225625,0.191739927151,0.542155351973
 03/29  01:00:00,1.24031392801,11.8282327902,0.0,11.3897360311,0.0,0.320618787571,0.320618787571,0.320618787571,0.256157220735,0.0583711588285,0.133321704843,0.448445056036
 03/29  02:00:00,1.06663989057,11.9716761274,0.0,11.6336511762,0.0,0.327482822275,0.327482822275,0.327482822275,0.152093382306,0.0346578707821,0.116106043831,0.41289977137
 03/29  03:00:00,1.00350709349,12.4904132797,0.0,12.179771464,0.0,0.342844623278,0.342844623278,0.342844623278,0.104063864737,0.0237132849921,0.101372792835,0.408112527644
 03/29  04:00:00,0.994622270482,12.7147787519,0.0,12.3968161616,0.0,0.348952068865,0.348952068865,0.348952068865,0.104063864737,0.0237132849921,0.0921252167148,0.402367835173
 03/29  05:00:00,0.990657663136,12.793048147,0.0,12.3973964572,0.0,0.348972500893,0.348972500893,0.348972500893,0.104063864737,0.0237132849921,0.103339676171,0.387168336342
 03/29  06:00:00,1.06450187157,13.3082607217,0.0,12.5666579242,0.0,0.353736630391,0.353736630391,0.353736630391,0.112068771261,0.0255373831329,0.117710340515,0.432048746274
 03/29  07:00:00,1.28638270982,14.4709117187,0.0,13.084293408,0.0,0.368294247861,0.368294247861,0.368294247861,0.176108023954,0.0401301774214,0.179260421057,0.499189839532
 03/29  08:00:00,1.53999567761,12.1131814135,0.0,10.5449096212,0.0,0.296790657567,0.296790657567,0.296790657567,0.312191646826,0.0711398641394,0.268546904233,0.530426604844
 03/29  09:00:00,1.36576817603,10.3707275207,0.0,8.851470183,0.0,0.249053775122,0.249053775122,0.249053775122,0.248152341018,0.0565470667965,0.340169937058,0.448445056036
 03/29  10:00:00,1.18025584335,8.70249382029,0.0,7.32620893678,0.0,0.206068647431,0.206068647431,0.206068647431,0.128078597713,0.0291855794143,0.411860012733,0.381663006058
 03/29  11:00:00,1.14421083118,7.38019404929,0.0,6.16891822034,0.0,0.173465216983,0.173465216983,0.173465216983,0.104063864737,0.0237132849921,0.428929376422,0.390639088044
 03/29  12:00:00,1.11013100385,5.38528958389,0.0,4.32264093894,0.0,0.121511933384,0.121511933384,0.121511933384,0.104063864737,0.0237132849921,0.446683151596,0.390758769137
 03/29  13:00:00,1.06853765449,4.39214925002,0.0,3.44585806871,0.0,0.0968360229323,0.0968360229323,0.0968360229323,0.104063864737,0.0237132849921,0.436348172812,0.384176309014
 03/29  14:00:00,1.04529222619,4.37098106337,0.0,3.49386373002,0.0,0.0981749300712,0.0981749300712,0.0981749300712,0.104063864737,0.0237132849921,0.398479236038,0.397460910353
 03/29  15:00:00,1.02870001949,3.96781513235,0.0,3.15786273246,0.0,0.0887255308441,0.0887255308441,0.0887255308441,0.104063864737,0.0237132849921,0.368956064146,0.419841274773
 03/29  16:00:00,1.10996159494,4.97496246993,0.0,4.15529987244,0.0,0.116745246127,0.116745246127,0.116745246127,0.120073690939,0.0273614812736,0.379202088662,0.443179087937
 03/29  17:00:00,1.3448783245,5.77340798747,0.0,4.86591409673,0.0,0.136721098818,0.136721098818,0.136721098818,0.18411303521,0.0419542694535,0.43448673302,0.524203188
 03/29  18:00:00,1.81023675082,6.89136261109,0.0,5.80096411252,0.0,0.163016005329,0.163016005329,0.163016005329,0.368225938881,0.0839085389071,0.534863171049,0.636823096655
 03/29  19:00:00,2.2681233085,6.99880222958,0.0,5.74402984421,0.0,0.161435063243,0.161435063243,0.161435063243,0.712437241108,0.162344801718,0.487108527302,0.691397675132
 03/29  20:00:00,2.62151114715,7.63060760806,0.0,6.34972126213,0.0,0.178476487664,0.178476487664,0.178476487664,1.06465342055,0.242605126018,0.398717754459,0.713658358458
 03/29  21:00:00,2.70623139291,7.71234517753,0.0,6.52577932183,0.0,0.18343838016,0.18343838016,0.18343838016,1.1447024858,0.260846107425,0.355651436977,0.738192982553
 03/29  22:00:00,2.4547925453,7.9937180299,0.0,6.92560966022,0.0,0.194690141766,0.194690141766,0.194690141766,0.960589450587,0.218891837971,0.336262209834,0.72095890514
 03/29  23:00:00,2.00456453965,7.9063002744,0.0,7.03376398496,0.0,0.197722695159,0.197722695159,0.197722695159,0.720442120825,0.16416889375,0.274933291318,0.623897538595
 03/29  24:00:00,1.58987810636,8.25269916634,0.0,7.59008620853,0.0,0.213355168902,0.213355168902,0.213355168902,0.504309432711,0.114918225625,0.191739927151,0.542155351973
 03/30  01:00:00,1.14404356234,8.42351333998,0.0,7.98308519696,0.0,0.224348421893,0.224348421893,0.224348421893,0.256157220735,0.0583711588285,0.133321704843,0.448445056036
 03/30  02:00:00,0.976082743736,8.77232751116,0.0,8.43196140548,0.0,0.236925675446,0.236925675446,0.236925675446,0.152093382306,0.0346578707821,0.116106043831,0.41289977137
 03/30  03:00:00,0.899397614028,8.81078666323,0.0,8.49781820466,0.0,0.23873514382,0.23873514382,0.23873514382,0.104063864737,0.0237132849921,0.101372792835,0.408112527644
 03/30  04:00:00,0.884996738124,8.84008677207,0.0,8.51960148072,0.0,0.239326536508,0.239326536508,0.239326536508,0.104063864737,0.0237132849921,0.0921252167148,0.402367835173
 03/30  05:00:00,0.887779795577,9.16014001396,0.0,8.76196729556,0.0,0.246094633335,0.246094633335,0.246094633335,0.104063864737,0.0237132849921,0.103339676171,0.387168336342
 03/30  06:00:00,0.952381038294,9.34742156471,0.0,8.60400272667,0.0,0.241615797111,0.241615797111,0.241615797111,0.112068771261,0.0255373831329,0.117710340515,0.432048746274
 03/30  07:00:00,1.15422644403,9.79743445973,0.0,8.40997602891,0.0,0.236137982062,0.236137982062,0.236137982062,0.176108023954,0.0401301774214,0.179260421057,0.499189839532
 03/30  08:00:00,1.504211574,10.8652327343,0.0,9.29691598221,0.0,0.261006553954,0.261006553954,0.261006553954,0.312191646826,0.0711398641394,0.268546904233,0.530426604844
 03/30  09:00:00,1.34004000063,9.47423883517,0.0,7.9560255241,0.0,0.223325599719,0.223325599719,0.223325599719,0.248152341018,0.0565470667965,0.340169937058,0.448445056036
 03/30  10:00:00,1.18521121172,8.89488988214,0.0,7.51977523837,0.0,0.211024015806,0.211024015806,0.211024015806,0.128078597713,0.0291855794143,0.411860012733,0.381663006058
 03/30  11:00:00,1.19521811834,9.20972846433,0.0,8.0000713924,0.0,0.224472504142,0.224472504142,0.224472504142,0.104063864737,0.0237132849921,0.428929376422,0.390639088044
 03/30  12:00:00,1.18249703261,7.97172307515,0.0,6.91094748038,0.0,0.193877962143,0.193877962143,0.193877962143,0.104063864737,0.0237132849921,0.446683151596,0.390758769137
 03/30  13:00:00,1.15769071169,7.57578568527,0.0,6.63155445155,0.0,0.185989080139,0.185989080139,0.185989080139,0.104063864737,0.0237132849921,0.436348172812,0.384176309014
 03/30  14:00:00,1.11854751238,6.98944095433,0.0,6.11396708778,0.0,0.171430216263,0.171430216263,0.171430216263,0.104063864737,0.0237132849921,0.398479236038,0.397460910353
 03/30  15:00:00,1.09267783725,6.25592242173,0.0,5.44741940284,0.0,0.152703348604,0.152703348604,0.152703348604,0.104063864737,0.0237132849921,0.368956064146,0.419841274773
 03/30  16:00:00,1.13706750546,5.95118115353,0.0,5.13243991108,0.0,0.143851156646,0.143851156646,0.143851156646,0.120073690939,0.0273614812736,0.379202088662,0.443179087937
 03/30  17:00:00,1.35197170457,6.0389942976,0.0,5.13188875214,0.0,0.143814478886,0.143814478886,0.143814478886,0.18411303521,0.0419542694535,0.43448673302,0.524203188
 03/30  18:00:00,1.8041633268,6.69072648365,0.0,5.60066560831,0.0,0.15694258131,0.15694258131,0.15694258131,0.368225938881,0.0839085389071,0.534863171049,0.636823096655
 03/30  19:00:00,2.25231170072,6.45080569318,0.0,5.19649309902,0.0,0.145623455458,0.145623455458,0.145623455458,0.712437241108,0.162344801718,0.487108527302,0.691397675132
 03/30  20:00:00,2.59314760342,6.63693840899,0.0,5.35635338009,0.0,0.150112943935,0.150112943935,0.150112943935,1.06465342055,0.242605126018,0.398717754459,0.713658358458
 03/30  21:00:00,2.67369862299,6.57069403793,0.0,5.38433704403,0.0,0.15090561024,0.15090561024,0.15090561024,1.1447024858,0.260846107425,0.355651436977,0.738192982553
 03/30  22:00:00,2.42139643657,6.82302762646,0.0,5.75486804533,0.0,0.161294033038,0.161294033038,0.161294033038,0.960589450587,0.218891837971,0.336262209834,0.72095890514
 03/30  23:00:00,1.97561563162,6.89505177307,0.0,6.02201406062,0.0,0.168773787137,0.168773787137,0.168773787137,0.720442120825,0.16416889375,0.274933291318,0.623897538595
 03/30  24:00:00,1.55543148591,7.04767737436,0.0,6.3841340628,0.0,0.178908548447,0.178908548447,0.178908548447,0.504309432711,0.114918225625,0.191739927151,0.542155351973
 03/31  01:00:00,1.11436314862,7.38931272002,0.0,6.94759758311,0.0,0.194668008174,0.194668008174,0.194668008174,0.256157220735,0.0583711588285,0.133321704843,0.448445056036
 03/31  02:00:00,0.938631569116,7.46212909989,0.0,7.12039133916,0.0,0.199474500827,0.199474500827,0.199474500827,0.152093382306,0.0346578707821,0.116106043831,0.41289977137
 03/31  03:00:00,0.865895925884,7.64178032869,0.0,7.32731463311,0.0,0.205233455677,0.205233455677,0.205233455677,0.104063864737,0.0237132849921,0.101372792835,0.408112527644
 03/31  04:00:00,0.855936190855,7.82959481013,0.0,7.50769601685,0.0,0.210265989239,0.210265989239,0.210265989239,0.104063864737,0.0237132849921,0.0921252167148,0.402367835173
 03/31  05:00:00,0.852324289707,7.92110701145,0.0,7.52178015122,0.0,0.210639127465,0.210639127465,0.210639127465,0.104063864737,0.0237132849921,0.103339676171,0.387168336342
 03/31  06:00:00,0.919863997076,8.21151404146,0.0,7.46753962634,0.0,0.209098755893,0.209098755893,0.209098755893,0.112068771261,0.0255373831329,0.117710340515,0.432048746274
 03/31  07:00:00,1.12095851523,8.63266181031,0.0,7.24591073691,0.0,0.202870053269,0.202870053269,0.202870053269,0.176108023954,0.0401301774214,0.179260421057,0.499189839532
 03/31  08:00:00,1.44277328178,8.69631258314,0.0,7.12911601269,0.0,0.199568261734,0.199568261734,0.199568261734,0.312191646826,0.0711398641394,0.268546904233,0.530426604844
 03/31  09:00:00,1.30343619238,8.18872335379,0.0,6.67122716676,0.0,0.18672179147,0.18672179147,0.18672179147,0.248152341018,0.0565470667965,0.340169937058,0.448445056036
 03/31  10:00:00,1.14859783995,7.60709920983,0.0,6.23261390904,0.0,0.174410644032,0.174410644032,0.174410644032,0.128078597713,0.0291855794143,0.411860012733,0.381663006058
 03/31  11:00:00,1.15516295816,7.80027227349,0.0,6.59093240869,0.0,0.184417343961,0.184417343961,0.184417343961,0.104063864737,0.0237132849921,0.428929376422,0.390639088044
 03/31  12:00:00,1.14327039013,6.58848511825,0.0,5.5277759951,0.0,0.154651319667,0.154651319667,0.154651319667,0.104063864737,0.0237132849921,0.446683151596,0.390758769137
 03/31  13:00:00,1.10604342775,5.74765215772,0.0,4.80309166185,0.0,0.134341796197,0.134341796197,0.134341796197,0.104063864737,0.0237132849921,0.436348172812,0.384176309014
 03/31  14:00:00,1.06864556778,5.22175172038,0.0,4.3457369028,0.0,0.121528271664,0.121528271664,0.121528271664,0.104063864737,0.0237132849921,0.398479236038,0.397460910353
 03/31  15:00:00,1.05091475628,4.7766261152,0.0,3.96755576982,0.0,0.110940267635,0.110940267635,0.110940267635,0.104063864737,0.0237132849921,0.368956064146,0.419841274773
 03/31  16:00:00,1.10068137689,4.66304458374,0.0,3.84378962585,0.0,0.107465028074,0.107465028074,0.107465028074,0.120073690939,0.0273614812736,0.379202088662,0.443179087937
 03/31  17:00:00,1.31999102749,4.90770112322,0.0,4.00044639992,0.0,0.111833801802,0.111833801802,0.111833801802,0.18411303521,0.0419542694535,0.43448673302,0.524203188
 03/31  18:00:00,1.77962693704,5.82568013272,0.0,4.73602185246,0.0,0.132406191544,0.132406191544,0.132406191544,0.368225938881,0.0839085389071,0.534863171049,0.636823096655
 03/31  19:00:00,2.23064314371,5.6867332165,0.0,4.43314877996,0.0,0.123954898446,0.123954898446,0.123954898446,0.712437241108,0.162344801718,0.487108527302,0.691397675132
 03/31  20:00:00,2.57622732558,6.04246130726,0.0,4.76292314613,0.0,0.13319266609,0.13319266609,0.13319266609,1.06465342055,0.242605126018,0.398717754459,0.713658358458
 03/31  21:00:00,2.67409316063,6.59482718287,0.0,5.40952998489,0.0,0.151300147876,0.151300147876,0.151300147876,1.1447024858,0.260846107425,0.355651436977,0.738192982553
 03/31  22:00:00,2.42670898706,7.02331697951,0.0,5.95603926082,0.0,0.166606583532,0.166606583532,0.166606583532,0.960589450587,0.218891837971,0.336262209834,0.72095890514
 03/31  23:00:00,1.99253211166,7.51012969079,0.0,6.63785600662,0.0,0.185690267176,0.185690267176,0.185690267176,0.720442120825,0.16416889375,0.274933291318,0.623897538595
 03/31  24:00:00,1.58093866284,7.97007299871,0.0,7.30715790944,0.0,0.204415725385,0.204415725385,0.204415725385,0.504309432711,0.114918225625,0.191739927151,0.542155351973
 04/01  01:00:00,1.14916482464,8.47048736461,0.0,8.01018399546,0.0,0.224082159994,0.224082159994,0.224082159994,0.255077431681,0.0581251040177,0.140920453078,0.447559675866
 04/01  02:00:00,0.98839888965,8.9139197516,0.0,8.56247127955,0.0,0.239533194851,0.239533194851,0.239533194851,0.156970807175,0.0357693018285,0.120641016344,0.412084569452
 04/01  03:00:00,0.918979922294,9.45089965652,0.0,9.12957590577,0.0,0.25540971627,0.25540971627,0.25540971627,0.104647174424,0.0238462022371,0.10437005202,0.407306777342
 04/01  04:00:00,0.916370593889,9.95194905857,0.0,9.62287817744,0.0,0.269233920903,0.269233920903,0.269233920903,0.104647174424,0.0238462022371,0.093669869514,0.401573426811
 04/01  05:00:00,0.935633371055,10.8120329956,0.0,10.3977272114,0.0,0.290947965747,0.290947965747,0.290947965747,0.104647174424,0.0238462022371,0.106388091784,0.386403936863
 04/01  06:00:00,1.01810967447,11.6724113318,0.0,10.8842277669,0.0,0.304587838059,0.304587838059,0.304587838059,0.111187620359,0.0253365900678,0.122401888091,0.43119573789
 04/01  07:00:00,1.23219155147,12.002424894,0.0,10.5129959237,0.0,0.294236178125,0.294236178125,0.294236178125,0.183132566605,0.0417308470428,0.191487687466,0.498204272227
 04/01  08:00:00,1.54781662213,10.5181235863,0.0,8.82454194676,0.0,0.246969539208,0.246969539208,0.246969539208,0.340103242241,0.0775001488714,0.292964326062,0.529379365742
 04/01  09:00:00,1.39462781573,9.10774279817,0.0,7.45678592539,0.0,0.20865111207,0.20865111207,0.20865111207,0.27469878289,0.0625962705642,0.377721974339,0.447559675866
 04/01  10:00:00,1.18197432374,6.96670240498,0.0,5.46796773085,0.0,0.152955873711,0.152955873711,0.152955873711,0.130808958414,0.0298077505057,0.464092265177,0.380909475937
 04/01  11:00:00,1.15822531739,5.90860238939,0.0,4.5914906068,0.0,0.128403294506,0.128403294506,0.128403294506,0.104647174424,0.0238462022371,0.488060810076,0.389867836142
 04/01  12:00:00,1.13229078997,4.11252965804,0.0,2.96158771232,0.0,0.0828009741421,0.0828009741421,0.0828009741421,0.104647174424,0.0238462022371,0.507609158221,0.389987280945
 04/01  13:00:00,1.0821958565,2.99518943919,0.0,1.97171243621,0.0,0.0551100105855,0.0551100105855,0.0551100105855,0.104647174424,0.0238462022371,0.491774652455,0.383417816795
 04/01  14:00:00,1.05813522736,3.11024205218,0.0,2.16583817676,0.0,0.0605260674653,0.0605260674653,0.0605260674653,0.104647174424,0.0238462022371,0.44903959334,0.396676189899
 04/01  15:00:00,1.07083700778,3.93379693048,0.0,3.06329220706,0.0,0.0856086077108,0.0856086077108,0.0856086077108,0.104647174424,0.0238462022371,0.414322655394,0.419012368011
 04/01  16:00:00,1.13302877449,5.05591478763,0.0,4.17666432234,0.0,0.116746180369,0.116746180369,0.116746180369,0.104647174424,0.0238462022371,0.422085112918,0.442304104545
 04/01  17:00:00,1.28138751759,5.36091569768,0.0,4.38039254844,0.0,0.122458577203,0.122458577203,0.122458577203,0.111187620359,0.0253365900678,0.475836493957,0.523168236
 04/01  18:00:00,1.56983148371,6.57533703571,0.0,5.39802910977,0.0,0.150935617021,0.150935617021,0.150935617021,0.150430269912,0.0342789231607,0.575220878243,0.635565795378
 04/01  19:00:00,1.75019170319,6.48156553586,0.0,5.11451953436,0.0,0.143025876069,0.143025876069,0.143025876069,0.27469878289,0.0625962705642,0.526438148244,0.690032625427
 04/01  20:00:00,1.98446886762,6.55515975451,0.0,5.14805232937,0.0,0.143967733754,0.143967733754,0.143967733754,0.542857157559,0.123702162461,0.438292455115,0.712249358737
 04/01  21:00:00,2.39914100885,6.69621976396,0.0,5.38944358136,0.0,0.1507320073,0.1507320073,0.1507320073,0.889500937064,0.202692720543,0.396079800644,0.736735543299
 04/01  22:00:00,2.45783861032,6.77295001425,0.0,5.60360785534,0.0,0.15674227138,0.15674227138,0.15674227138,0.961445804636,0.219086977518,0.377628065087,0.719535491704
 04/01  23:00:00,2.01110815948,7.16669676058,0.0,6.21410910565,0.0,0.173830398061,0.173830398061,0.173830398061,0.719449184404,0.163942630836,0.307820189494,0.622665756682
 04/01  24:00:00,1.56728629032,7.24368975262,0.0,6.53064420449,0.0,0.18268555303,0.18268555303,0.18268555303,0.497074049416,0.1132694507,0.209772280765,0.541084956411
 04/02  01:00:00,0.951598437231,7.59962859514,0.0,7.24755793117,0.0,0.202732742431,0.202732742431,0.202732742431,0.156970807175,0.0357693018285,0.120641016344,0.412084569452
 04/02  02:00:00,0.872654185004,7.7973298546,0.0,7.4752576378,0.0,0.20908397898,0.20908397898,0.20908397898,0.104647174424,0.0238462022371,0.10437005202,0.407306777342
 04/02  03:00:00,0.865209582832,8.12715832172,0.0,7.79719131573,0.0,0.218072909846,0.218072909846,0.218072909846,0.104647174424,0.0238462022371,0.093669869514,0.401573426811
 04/02  04:00:00,0.862245619701,8.19427272363,0.0,7.77900260831,0.0,0.217560214394,0.217560214394,0.217560214394,0.104647174424,0.0238462022371,0.106388091784,0.386403936863
 04/02  05:00:00,0.934696343315,8.69705281746,0.0,7.90834227251,0.0,0.221174506907,0.221174506907,0.221174506907,0.111187620359,0.0253365900678,0.122401888091,0.43119573789
 04/02  06:00:00,1.15564550856,9.27264356159,0.0,7.78393118566,0.0,0.217690135219,0.217690135219,0.217690135219,0.183132566605,0.0417308470428,0.191487687466,0.498204272227
 04/02  07:00:00,1.54078495386,10.2715161985,0.0,8.57960950401,0.0,0.239937870948,0.239937870948,0.239937870948,0.340103242241,0.0775001488714,0.292964326062,0.529379365742
 04/02  08:00:00,1.40306051065,9.41021229077,0.0,7.76205610229,0.0,0.21708380699,0.21708380699,0.21708380699,0.27469878289,0.0625962705642,0.377721974339,0.447559675866
 04/02  09:00:00,1.24654401934,9.27353098283,0.0,7.77816785864,0.0,0.217525569307,0.217525569307,0.217525569307,0.130808958414,0.0298077505057,0.464092265177,0.380909475937
 04/02  10:00:00,1.23857459093,8.77901794447,0.0,7.4653754256,0.0,0.208752568048,0.208752568048,0.208752568048,0.104647174424,0.0238462022371,0.488060810076,0.389867836142
 04/02  11:00:00,1.22378002924,7.38157523132,0.0,6.23399954417,0.0,0.174290213409,0.174290213409,0.174290213409,0.104647174424,0.0238462022371,0.507609158221,0.389987280945
 04/02  12:00:00,1.19471217137,7.01631309268,0.0,5.99658056238,0.0,0.167626325462,0.167626325462,0.167626325462,0.104647174424,0.0238462022371,0.491774652455,0.383417816795
 04/02  13:00:00,1.15919026207,6.72148113017,0.0,5.78064873512,0.0,0.161581102167,0.161581102167,0.161581102167,0.104647174424,0.0238462022371,0.44903959334,0.396676189899
 04/02  14:00:00,1.1172667397,5.59214912287,0.0,4.72426489431,0.0,0.132038339639,0.132038339639,0.132038339639,0.104647174424,0.0238462022371,0.414322655394,0.419012368011
 04/02  15:00:00,1.12568690502,4.79283931767,0.0,3.9149343069,0.0,0.109404310894,0.109404310894,0.109404310894,0.104647174424,0.0238462022371,0.422085112918,0.442304104545
 04/02  16:00:00,1.26364845865,4.72661333807,0.0,3.74746579541,0.0,0.104719518268,0.104719518268,0.104719518268,0.111187620359,0.0253365900678,0.475836493957,0.523168236
 04/02  17:00:00,1.54413833159,5.65725705003,0.0,4.48152389915,0.0,0.125242464895,0.125242464895,0.125242464895,0.150430269912,0.0342789231607,0.575220878243,0.635565795378
 04/02  18:00:00,1.73635337662,5.98691779044,0.0,4.62192206927,0.0,0.129187549493,0.129187549493,0.129187549493,0.27469878289,0.0625962705642,0.526438148244,0.690032625427
 04/02  19:00:00,2.01172628372,7.52814819266,0.0,6.12424332528,0.0,0.171225149847,0.171225149847,0.171225149847,0.542857157559,0.123702162461,0.438292455115,0.712249358737
 04/02  20:00:00,2.43101329275,7.8327663298,0.0,6.52915169302,0.0,0.1826042912,0.1826042912,0.1826042912,0.889500937064,0.202692720543,0.396079800644,0.736735543299
 04/02  21:00:00,2.50210912758,8.35249244325,0.0,7.18601141389,0.0,0.201012788632,0.201012788632,0.201012788632,0.961445804636,0.219086977518,0.377628065087,0.719535491704
 04/02  22:00:00,2.05327929009,8.67091136782,0.0,7.72087738122,0.0,0.216001528673,0.216001528673,0.216001528673,0.719449184404,0.163942630836,0.307820189494,0.622665756682
 04/02  23:00:00,1.60781306197,8.68916736672,0.0,7.9782186214,0.0,0.223212324677,0.223212324677,0.223212324677,0.497074049416,0.1132694507,0.209772280765,0.541084956411
 04/02  24:00:00,1.177248957,9.47199950461,0.0,9.01293542195,0.0,0.252166292357,0.252166292357,0.252166292357,0.255077431681,0.0581251040177,0.140920453078,0.447559675866
 04/03  01:00:00,1.01917277597,10.1657599267,0.0,9.82553529946,0.0,0.274911942566,0.274911942566,0.274911942566,0.156970807175,0.0357693018285,0.116036154945,0.412084569452
 04/03  02:00:00,0.95140980119,10.7082634703,0.0,10.3954479899,0.0,0.290886039987,0.290886039987,0.290886039987,0.104647174424,0.0238462022371,0.1013236072,0.407306777342
 04/03  03:00:00,0.965500041617,11.7517318447,0.0,11.4319747644,0.0,0.319956340153,0.319956340153,0.319956340153,0.104647174424,0.0238462022371,0.0920768979912,0.401573426811
 04/03  04:00:00,0.974821655633,12.3016134435,0.0,11.9052195907,0.0,0.333252598521,0.333252598521,0.333252598521,0.104647174424,0.0238462022371,0.103271743588,0.386403936863
 04/03  05:00:00,1.05566256386,13.1295095692,0.0,12.3910099054,0.0,0.346920202117,0.346920202117,0.346920202117,0.111187620359,0.0253365900678,0.117622413424,0.43119573789
 04/03  06:00:00,1.30077921168,14.7770732104,0.0,13.4000529329,0.0,0.375220269197,0.375220269197,0.375220269197,0.183132566605,0.0417308470428,0.179091256613,0.498204272227
 04/03  07:00:00,1.64711707505,14.8007054524,0.0,13.2449602442,0.0,0.370958247561,0.370958247561,0.370958247561,0.340103242241,0.0775001488714,0.268276070635,0.529379365742
 04/03  08:00:00,1.44128239723,11.9724718704,0.0,10.465671759,0.0,0.293149211058,0.293149211058,0.293149211058,0.27469878289,0.0625962705642,0.33987845685,0.447559675866
 04/03  09:00:00,1.21693412814,9.95194051796,0.0,8.58652191524,0.0,0.240451912721,0.240451912721,0.240451912721,0.130808958414,0.0298077505057,0.411556030557,0.380909475937
 04/03  10:00:00,1.17050205812,8.34842147731,0.0,7.14637489659,0.0,0.200082302497,0.200082302497,0.200082302497,0.104647174424,0.0238462022371,0.428658542824,0.389867836142
 04/03  11:00:00,1.13077252928,6.14636072125,0.0,5.09138506998,0.0,0.142519599335,0.142519599335,0.142519599335,0.104647174424,0.0238462022371,0.446372272339,0.389987280945
 04/03  12:00:00,1.09098649702,5.21592525592,0.0,4.27618308784,0.0,0.119679574682,0.119679574682,0.119679574682,0.104647174424,0.0238462022371,0.435995728883,0.383417816795
 04/03  13:00:00,1.02787849178,3.7712194845,0.0,2.89900415351,0.0,0.0811220363036,0.0811220363036,0.0811220363036,0.104647174424,0.0238462022371,0.398186888918,0.396676189899
 04/03  14:00:00,1.00516622015,3.15031078197,0.0,2.3441498371,0.0,0.0655843207961,0.0655843207961,0.0655843207961,0.104647174424,0.0238462022371,0.368676154679,0.419012368011
 04/03  15:00:00,1.02418062628,2.64409065893,0.0,1.82779819698,0.0,0.0511335003438,0.0511335003438,0.0511335003438,0.104647174424,0.0238462022371,0.378849644733,0.442304104545
 04/03  16:00:00,1.16824612334,2.73510305134,0.0,1.83110862401,0.0,0.0512214219264,0.0512214219264,0.0512214219264,0.111187620359,0.0253365900678,0.433932254986,0.523168236
 04/03  17:00:00,1.45899350361,3.99279729314,0.0,2.90750877246,0.0,0.081341555358,0.081341555358,0.081341555358,0.150430269912,0.0342789231607,0.533976959804,0.635565795378
 04/03  18:00:00,1.67940934308,5.25942840667,0.0,4.01181826659,0.0,0.112272217268,0.112272217268,0.112272217268,0.27469878289,0.0625962705642,0.486409446927,0.690032625427
 04/03  19:00:00,1.92440456067,5.697730068,0.0,4.42419289112,0.0,0.123855639882,0.123855639882,0.123855639882,0.542857157559,0.123702162461,0.398340242034,0.712249358737
 04/03  20:00:00,2.35425911523,6.4111198409,0.0,5.23168125849,0.0,0.146514712247,0.146514712247,0.146514712247,0.889500937064,0.202692720543,0.355415202073,0.736735543299
 04/03  21:00:00,2.42480800393,6.96117633434,0.0,5.89918818626,0.0,0.165252998558,0.165252998558,0.165252998558,0.961445804636,0.219086977518,0.336086731514,0.719535491704
 04/03  22:00:00,1.99118423186,7.53972825222,0.0,6.67161049665,0.0,0.18691521759,0.18691521759,0.18691521759,0.719449184404,0.163942630836,0.274811442345,0.622665756682
 04/03  23:00:00,1.56486938915,7.74040401341,0.0,7.08049091689,0.0,0.198392638036,0.198392638036,0.198392638036,0.497074049416,0.1132694507,0.19164829459,0.541084956411
 04/03  24:00:00,1.11844850753,7.6147434615,0.0,7.17459458484,0.0,0.201035139787,0.201035139787,0.201035139787,0.255077431681,0.0581251040177,0.133251156183,0.447559675866
 04/04  01:00:00,0.950169353374,7.69018905835,0.0,7.34931165695,0.0,0.205908519974,0.205908519974,0.205908519974,0.156970807175,0.0357693018285,0.116036154945,0.412084569452
 04/04  02:00:00,0.868500012937,7.73813173264,0.0,7.42419760805,0.0,0.207976251734,0.207976251734,0.207976251734,0.104647174424,0.0238462022371,0.1013236072,0.407306777342
 04/04  03:00:00,0.843028274831,7.37221994343,0.0,7.05068434264,0.0,0.197484573368,0.197484573368,0.197484573368,0.104647174424,0.0238462022371,0.0920768979912,0.401573426811
 04/04  04:00:00,0.835095435885,7.30946893499,0.0,6.91104257569,0.0,0.193526378773,0.193526378773,0.193526378773,0.104647174424,0.0238462022371,0.103271743588,0.386403936863
 04/04  05:00:00,0.895100108093,7.39709144932,0.0,6.65666788431,0.0,0.186357746352,0.186357746352,0.186357746352,0.111187620359,0.0253365900678,0.117622413424,0.43119573789
 04/04  06:00:00,1.10551270176,7.8070035183,0.0,6.42896887633,0.0,0.17995375927,0.17995375927,0.17995375927,0.183132566605,0.0417308470428,0.179091256613,0.498204272227
 04/04  07:00:00,1.48713441072,9.09518537519,0.0,7.53852627466,0.0,0.210975583235,0.210975583235,0.210975583235,0.340103242241,0.0775001488714,0.268276070635,0.529379365742
 04/04  08:00:00,1.36398416903,9.21849311077,0.0,7.712034786,0.0,0.215850982856,0.215850982856,0.215850982856,0.27469878289,0.0625962705642,0.33987845685,0.447559675866
 04/04  09:00:00,1.18969785208,8.98183658128,0.0,7.6177456472,0.0,0.213215636662,0.213215636662,0.213215636662,0.130808958414,0.0298077505057,0.411556030557,0.380909475937
 04/04  10:00:00,1.18140418224,8.73875823904,0.0,7.53825153217,0.0,0.210984426617,0.210984426617,0.210984426617,0.104647174424,0.0238462022371,0.428658542824,0.389867836142
 04/04  11:00:00,1.19885786263,8.57925335045,0.0,7.52640224218,0.0,0.210604932689,0.210604932689,0.210604932689,0.104647174424,0.0238462022371,0.446372272339,0.389987280945
 04/04  12:00:00,1.19194685764,8.82248903212,0.0,7.88537844573,0.0,0.220639935304,0.220639935304,0.220639935304,0.104647174424,0.0238462022371,0.435995728883,0.383417816795
 04/04  13:00:00,1.17036677877,8.86031017031,0.0,7.99166230139,0.0,0.223610323294,0.223610323294,0.223610323294,0.104647174424,0.0238462022371,0.398186888918,0.396676189899
 04/04  14:00:00,1.18858395915,9.70026031073,0.0,8.8985064134,0.0,0.249002059802,0.249002059802,0.249002059802,0.104647174424,0.0238462022371,0.368676154679,0.419012368011
 04/04  15:00:00,1.24456800304,10.5129350969,0.0,9.70182234288,0.0,0.271520877103,0.271520877103,0.271520877103,0.104647174424,0.0238462022371,0.378849644733,0.442304104545
 04/04  16:00:00,1.36494680502,9.75602091102,0.0,8.85763531023,0.0,0.247922103603,0.247922103603,0.247922103603,0.111187620359,0.0253365900678,0.433932254986,0.523168236
 04/04  17:00:00,1.69040443805,12.2507635146,0.0,11.1717001207,0.0,0.312752489794,0.312752489794,0.312752489794,0.150430269912,0.0342789231607,0.533976959804,0.635565795378
 04/04  18:00:00,1.82383742263,10.4102073692,0.0,9.16804015186,0.0,0.256700296825,0.256700296825,0.256700296825,0.27469878289,0.0625962705642,0.486409446927,0.690032625427
 04/04  19:00:00,2.08636425807,11.4759520647,0.0,10.2074844496,0.0,0.285815337276,0.285815337276,0.285815337276,0.542857157559,0.123702162461,0.398340242034,0.712249358737
 04/04  20:00:00,2.49039181203,11.2682917229,0.0,10.0932224397,0.0,0.282647409054,0.282647409054,0.282647409054,0.889500937064,0.202692720543,0.355415202073,0.736735543299
 04/04  21:00:00,2.54666514821,11.3084572548,0.0,10.2508381722,0.0,0.287110142841,0.287110142841,0.287110142841,0.961445804636,0.219086977518,0.336086731514,0.719535491704
 04/04  22:00:00,2.1066821258,11.6593914526,0.0,10.7951215957,0.0,0.302413111537,0.302413111537,0.302413111537,0.719449184404,0.163942630836,0.274811442345,0.622665756682
 04/04  23:00:00,1.67850699467,11.7935813378,0.0,11.1369378725,0.0,0.312030243557,0.312030243557,0.312030243557,0.497074049416,0.1132694507,0.19164829459,0.541084956411
 04/04  24:00:00,1.22159011391,11.2933221866,0.0,10.856010044,0.0,0.304176746164,0.304176746164,0.304176746164,0.255077431681,0.0581251040177,0.133251156183,0.447559675866
 04/05  01:00:00,1.05489740179,11.4259287881,0.0,11.0876245527,0.0,0.310636568391,0.310636568391,0.310636568391,0.156970807175,0.0357693018285,0.116036154945,0.412084569452
 04/05  02:00:00,0.975911757423,11.5690900635,0.0,11.2577882453,0.0,0.31538799622,0.31538799622,0.31538799622,0.104647174424,0.0238462022371,0.1013236072,0.407306777342
 04/05  03:00:00,0.950392849639,11.2006515879,0.0,10.8819522342,0.0,0.304849148176,0.304849148176,0.304849148176,0.104647174424,0.0238462022371,0.0920768979912,0.401573426811
 04/05  04:00:00,0.947301810551,11.3094064011,0.0,10.9139576217,0.0,0.305732753439,0.305732753439,0.305732753439,0.104647174424,0.0238462022371,0.103271743588,0.386403936863
 04/05  05:00:00,1.01369518345,11.6227622391,0.0,10.8862343996,0.0,0.304952821704,0.304952821704,0.304952821704,0.111187620359,0.0253365900678,0.117622413424,0.43119573789
 04/05  06:00:00,1.2547846595,13.1248318395,0.0,11.7524035426,0.0,0.329225717016,0.329225717016,0.329225717016,0.183132566605,0.0417308470428,0.179091256613,0.498204272227
 04/05  07:00:00,1.56445020206,11.8403434403,0.0,10.2896931646,0.0,0.28829137457,0.28829137457,0.28829137457,0.340103242241,0.0775001488714,0.268276070635,0.529379365742
 04/05  08:00:00,1.403872378,10.6303797477,0.0,9.12850027067,0.0,0.255739191832,0.255739191832,0.255739191832,0.27469878289,0.0625962705642,0.33987845685,0.447559675866
 04/05  09:00:00,1.19374093292,9.11701202978,0.0,7.75630660445,0.0,0.217258717509,0.217258717509,0.217258717509,0.130808958414,0.0298077505057,0.411556030557,0.380909475937
 04/05  10:00:00,1.15643912357,7.83993124261,0.0,6.6420625185,0.0,0.186019367945,0.186019367945,0.186019367945,0.104647174424,0.0238462022371,0.428658542824,0.389867836142
 04/05  11:00:00,1.13584682493,6.32193997202,0.0,5.27084757795,0.0,0.147593894989,0.147593894989,0.147593894989,0.104647174424,0.0238462022371,0.446372272339,0.389987280945
 04/05  12:00:00,1.12186961406,6.31293180559,0.0,5.37719702415,0.0,0.150562691726,0.150562691726,0.150562691726,0.104647174424,0.0238462022371,0.435995728883,0.383417816795
 04/05  13:00:00,1.10009092452,6.34358570879,0.0,5.47604569805,0.0,0.153334469044,0.153334469044,0.153334469044,0.104647174424,0.0238462022371,0.398186888918,0.396676189899
 04/05  14:00:00,1.06814314152,5.39244488832,0.0,4.59124316217,0.0,0.128561242166,0.128561242166,0.128561242166,0.104647174424,0.0238462022371,0.368676154679,0.419012368011
 04/05  15:00:00,1.09829488428,5.28456436599,0.0,4.47323004799,0.0,0.125247758342,0.125247758342,0.125247758342,0.104647174424,0.0238462022371,0.378849644733,0.442304104545
 04/05  16:00:00,1.24947098447,5.62852789138,0.0,4.73025790063,0.0,0.132446283055,0.132446283055,0.132446283055,0.111187620359,0.0253365900678,0.433932254986,0.523168236
 04/05  17:00:00,1.52100723215,6.19840112189,0.0,5.11935053744,0.0,0.143355283899,0.143355283899,0.143355283899,0.150430269912,0.0342789231607,0.533976959804,0.635565795378
 04/05  18:00:00,1.71825265624,6.63742455431,0.0,5.39583600025,0.0,0.151115530434,0.151115530434,0.151115530434,0.27469878289,0.0625962705642,0.486409446927,0.690032625427
 04/05  19:00:00,1.96455576231,7.12289528464,0.0,5.85537068125,0.0,0.164006841521,0.164006841521,0.164006841521,0.542857157559,0.123702162461,0.398340242034,0.712249358737
 04/05  20:00:00,2.39920347808,8.00774830402,0.0,6.83387669856,0.0,0.1914590751,0.1914590751,0.1914590751,0.889500937064,0.202692720543,0.355415202073,0.736735543299
 04/05  21:00:00,2.46883292504,8.52528693778,0.0,7.46835829659,0.0,0.209277919667,0.209277919667,0.209277919667,0.961445804636,0.219086977518,0.336086731514,0.719535491704
 04/05  22:00:00,2.03326463753,9.03499483339,0.0,8.17108887483,0.0,0.228995623267,0.228995623267,0.228995623267,0.719449184404,0.163942630836,0.274811442345,0.622665756682
 04/05  23:00:00,1.61254770296,9.43669516867,0.0,8.77999645476,0.0,0.246070951845,0.246070951845,0.246070951845,0.497074049416,0.1132694507,0.19164829459,0.541084956411
 04/05  24:00:00,1.17917148391,9.77722745174,0.0,9.33958967067,0.0,0.261758116159,0.261758116159,0.261758116159,0.255077431681,0.0581251040177,0.133251156183,0.447559675866
 04/06  01:00:00,1.01147380434,9.87301744693,0.0,9.53444110042,0.0,0.267212970939,0.267212970939,0.267212970939,0.156970807175,0.0357693018285,0.116036154945,0.412084569452
 04/06  02:00:00,0.932397072152,10.0124693071,0.0,9.70079106447,0.0,0.271873310949,0.271873310949,0.271873310949,0.104647174424,0.0238462022371,0.1013236072,0.407306777342
 04/06  03:00:00,0.923057613901,10.2215189997,0.0,9.9024884056,0.0,0.277513912438,0.277513912438,0.277513912438,0.104647174424,0.0238462022371,0.0920768979912,0.401573426811
 04/06  04:00:00,0.928457097057,10.6325458948,0.0,10.2371525646,0.0,0.286888039945,0.286888039945,0.286888039945,0.104647174424,0.0238462022371,0.103271743588,0.386403936863
 04/06  05:00:00,1.00388581363,11.2671410059,0.0,10.5315993388,0.0,0.29514345189,0.29514345189,0.29514345189,0.111187620359,0.0253365900678,0.117622413424,0.43119573789
 04/06  06:00:00,1.216956017,11.7676201017,0.0,10.3974481119,0.0,0.291397074509,0.291397074509,0.291397074509,0.183132566605,0.0417308470428,0.179091256613,0.498204272227
 04/06  07:00:00,1.55651267447,11.5512604888,0.0,10.003105143,0.0,0.280353846978,0.280353846978,0.280353846978,0.340103242241,0.0775001488714,0.268276070635,0.529379365742
 04/06  08:00:00,1.37610655819,9.63487347493,0.0,8.13546271528,0.0,0.227973372019,0.227973372019,0.227973372019,0.27469878289,0.0625962705642,0.33987845685,0.447559675866
 04/06  09:00:00,1.17254075671,8.35699440596,0.0,6.99841989749,0.0,0.196058541292,0.196058541292,0.196058541292,0.130808958414,0.0298077505057,0.411556030557,0.380909475937
 04/06  10:00:00,1.13207188151,6.96762922355,0.0,5.77146344509,0.0,0.161652125883,0.161652125883,0.161652125883,0.104647174424,0.0238462022371,0.428658542824,0.389867836142
 04/06  11:00:00,1.09743976927,4.94919151091,0.0,3.89920621536,0.0,0.109186839326,0.109186839326,0.109186839326,0.104647174424,0.0238462022371,0.446372272339,0.389987280945
 04/06  12:00:00,1.03028295418,3.04274070769,0.0,2.10672449387,0.0,0.0589760318422,0.0589760318422,0.0589760318422,0.104647174424,0.0238462022371,0.435995728883,0.383417816795
 04/06  13:00:00,0.982254875811,2.13736160293,0.0,1.2684214242,0.0,0.0354984203331,0.0354984203331,0.0354984203331,0.104647174424,0.0238462022371,0.398186888918,0.396676189899
 04/06  14:00:00,0.955439491573,1.36997360049,0.0,0.566723906039,0.0,0.015857592222,0.015857592222,0.015857592222,0.104647174424,0.0238462022371,0.368676154679,0.419012368011
 04/06  15:00:00,0.973047125939,0.813489545091,0.0,0.0,0.0,0.0,0.0,0.0,0.104647174424,0.0238462022371,0.378849644733,0.442304104545
 04/06  16:00:00,1.11702470141,0.900596409331,0.0,0.0,0.0,0.0,0.0,0.0,0.111187620359,0.0253365900678,0.433932254986,0.523168236
 04/06  17:00:00,1.37765194825,1.08130643971,0.0,0.0,0.0,0.0,0.0,0.0,0.150430269912,0.0342789231607,0.533976959804,0.635565795378
 04/06  18:00:00,1.59359232324,2.18798690024,0.0,0.945010704832,0.0,0.0264551974334,0.0264551974334,0.0264551974334,0.27469878289,0.0625962705642,0.486409446927,0.690032625427
 04/06  19:00:00,1.84340467137,2.7999301426,0.0,1.53140623483,0.0,0.0428557505792,0.0428557505792,0.0428557505792,0.542857157559,0.123702162461,0.398340242034,0.712249358737
 04/06  20:00:00,2.28906935297,4.0798404053,0.0,2.90523491668,0.0,0.0813249499963,0.0813249499963,0.0813249499963,0.889500937064,0.202692720543,0.355415202073,0.736735543299
 04/06  21:00:00,2.3625048674,4.73366819883,0.0,3.67628780414,0.0,0.10294986203,0.10294986203,0.10294986203,0.961445804636,0.219086977518,0.336086731514,0.719535491704
 04/06  22:00:00,1.92774629964,5.27328433257,0.0,4.40848239005,0.0,0.123477285374,0.123477285374,0.123477285374,0.719449184404,0.163942630836,0.274811442345,0.622665756682
 04/06  23:00:00,1.5188033452,6.09606315932,0.0,5.43809925941,0.0,0.152326594085,0.152326594085,0.152326594085,0.497074049416,0.1132694507,0.19164829459,0.541084956411
 04/06  24:00:00,1.08899341654,6.56460577542,0.0,6.12528248039,0.0,0.171580048793,0.171580048793,0.171580048793,0.255077431681,0.0581251040177,0.133251156183,0.447559675866
 04/07  01:00:00,0.923138001686,6.72623951698,0.0,6.3858346176,0.0,0.178877168285,0.178877168285,0.178877168285,0.156970807175,0.0357693018285,0.116036154945,0.412084569452
 04/07  02:00:00,0.851291033388,7.1240110312,0.0,6.81043583624,0.0,0.190767272185,0.190767272185,0.190767272185,0.104647174424,0.0238462022371,0.1013236072,0.407306777342
 04/07  03:00:00,0.854391762537,7.77668834054,0.0,7.45598895973,0.0,0.208848061074,0.208848061074,0.208848061074,0.104647174424,0.0238462022371,0.0920768979912,0.401573426811
 04/07  04:00:00,0.852307464266,7.91990870356,0.0,7.52312648922,0.0,0.210738407154,0.210738407154,0.210738407154,0.104647174424,0.0238462022371,0.103271743588,0.386403936863
 04/07  05:00:00,0.889285188503,7.18269439838,0.0,6.44584448552,0.0,0.180542826762,0.180542826762,0.180542826762,0.111187620359,0.0253365900678,0.117622413424,0.43119573789
 04/07  06:00:00,1.10709455619,7.85193258026,0.0,6.48171072843,0.0,0.1815356137,0.1815356137,0.1815356137,0.183132566605,0.0417308470428,0.179091256613,0.498204272227
 04/07  07:00:00,1.42442354507,6.84227663734,0.0,5.29411680772,0.0,0.148264717582,0.148264717582,0.148264717582,0.340103242241,0.0775001488714,0.268276070635,0.529379365742
 04/07  08:00:00,1.26773746474,5.77108915811,0.0,4.27159878787,0.0,0.119604278569,0.119604278569,0.119604278569,0.27469878289,0.0625962705642,0.33987845685,0.447559675866
 04/07  09:00:00,1.06801307468,4.62878411729,0.0,3.26977320442,0.0,0.0915308592644,0.0915308592644,0.0915308592644,0.130808958414,0.0298077505057,0.411556030557,0.380909475937
 04/07  10:00:00,1.05383806338,4.17719396734,0.0,2.98050061413,0.0,0.0834183077496,0.0834183077496,0.0834183077496,0.104647174424,0.0238462022371,0.428658542824,0.389867836142
 04/07  11:00:00,1.03444677372,2.70148933193,0.0,1.65076931095,0.0,0.0461938437701,0.0461938437701,0.0461938437701,0.104647174424,0.0238462022371,0.446372272339,0.389987280945
 04/07  12:00:00,0.986515399586,1.48038150413,0.0,0.543619344286,0.0,0.0152084772471,0.0152084772471,0.0152084772471,0.104647174424,0.0238462022371,0.435995728883,0.383417816795
 04/07  13:00:00,0.946756455478,0.869602163627,0.0,0.0,0.0,0.0,0.0,0.0,0.104647174424,0.0238462022371,0.398186888918,0.396676189899
 04/07  14:00:00,0.939581899351,0.803478533399,0.0,0.0,0.0,0.0,0.0,0.0,0.104647174424,0.0238462022371,0.368676154679,0.419012368011
 04/07  15:00:00,0.973047125939,0.813359359912,0.0,0.0,0.0,0.0,0.0,0.0,0.104647174424,0.0238462022371,0.378849644733,0.442304104545
 04/07  16:00:00,1.11702470141,0.900079553195,0.0,0.0,0.0,0.0,0.0,0.0,0.111187620359,0.0253365900678,0.433932254986,0.523168236
 04/07  17:00:00,1.37765194825,1.08039300027,0.0,0.0,0.0,0.0,0.0,0.0,0.150430269912,0.0342789231607,0.533976959804,0.635565795378
 04/07  18:00:00,1.56713712581,1.24227008183,0.0,0.0,0.0,0.0,0.0,0.0,0.27469878289,0.0625962705642,0.486409446927,0.690032625427
 04/07  19:00:00,1.80419061715,1.3985045842,0.0,0.130187374916,0.0,0.0036416963611,0.0036416963611,0.0036416963611,0.542857157559,0.123702162461,0.398340242034,0.712249358737
 04/07  20:00:00,2.21329799826,1.37399605574,0.0,0.198544472937,0.0,0.00555359528338,0.00555359528338,0.00555359528338,0.889500937064,0.202692720543,0.355415202073,0.736735543299
 04/07  21:00:00,2.28089666162,1.82165081865,0.0,0.762973817539,0.0,0.0213416562476,0.0213416562476,0.0213416562476,0.961445804636,0.219086977518,0.336086731514,0.719535491704
 04/07  22:00:00,1.84437853042,2.30040945629,0.0,1.43383321511,0.0,0.0401095161498,0.0401095161498,0.0401095161498,0.719449184404,0.163942630836,0.274811442345,0.622665756682
 04/07  23:00:00,1.42587122877,2.7834055437,0.0,2.12317453595,0.0,0.0593944776503,0.0593944776503,0.0593944776503,0.497074049416,0.1132694507,0.19164829459,0.541084956411
 04/07  24:00:00,0.994954452958,3.21404212633,0.0,2.77198621494,0.0,0.0775410852108,0.0775410852108,0.0775410852108,0.255077431681,0.0581251040177,0.133251156183,0.447559675866
 04/08  01:00:00,0.838937981364,3.57350814691,0.0,3.22023373613,0.0,0.0900722865649,0.0900722865649,0.0900722865649,0.156970807175,0.0357693018285,0.120641016344,0.412084569452
 04/08  02:00:00,0.767217996451,4.02944731011,0.0,3.70583234324,0.0,0.103647790427,0.103647790427,0.103647790427,0.104647174424,0.0238462022371,0.10437005202,0.407306777342
 04/08  03:00:00,0.757567129883,4.2798066474,0.0,3.94849605953,0.0,0.110430456897,0.110430456897,0.110430456897,0.104647174424,0.0238462022371,0.093669869514,0.401573426811
 04/08  04:00:00,0.762042795756,4.6118768444,0.0,4.19642669002,0.0,0.117357390448,0.117357390448,0.117357390448,0.104647174424,0.0238462022371,0.106388091784,0.386403936863
 04/08  05:00:00,0.842347209498,5.39105322791,0.0,4.6071432159,0.0,0.12882537309,0.12882537309,0.12882537309,0.111187620359,0.0253365900678,0.122401888091,0.43119573789
 04/08  06:00:00,1.07782957014,6.47714098702,0.0,5.00246160457,0.0,0.139874196803,0.139874196803,0.139874196803,0.183132566605,0.0417308470428,0.191487687466,0.498204272227
 04/08  07:00:00,1.41311895914,5.69012992668,0.0,4.01518812302,0.0,0.112271876228,0.112271876228,0.112271876228,0.340103242241,0.0775001488714,0.292964326062,0.529379365742
 04/08  08:00:00,1.26650883912,4.51370259125,0.0,2.88095607907,0.0,0.0805321354579,0.0805321354579,0.0805321354579,0.27469878289,0.0625962705642,0.377721974339,0.447559675866
 04/08  09:00:00,1.08910027284,3.63253383396,0.0,2.15013398777,0.0,0.060081822809,0.060081822809,0.060081822809,0.130808958414,0.0298077505057,0.464092265177,0.380909475937
 04/08  10:00:00,1.0746383531,2.90765419971,0.0,1.60437602829,0.0,0.0448163302204,0.0448163302204,0.0448163302204,0.104647174424,0.0238462022371,0.488060810076,0.389867836142
 04/08  11:00:00,1.06868143489,1.82671464786,0.0,0.687240424344,0.0,0.0191916190667,0.0191916190667,0.0191916190667,0.104647174424,0.0238462022371,0.507609158221,0.389987280945
 04/08  12:00:00,1.03155138336,1.17350615921,0.0,0.159944344797,0.0,0.00446553744772,0.00446553744772,0.00446553744772,0.104647174424,0.0238462022371,0.491774652455,0.383417816795
 04/08  13:00:00,0.997609159899,0.935963658953,0.0,0.0,0.0,0.0,0.0,0.0,0.104647174424,0.0238462022371,0.44903959334,0.396676189899
 04/08  14:00:00,0.985228400066,0.8635540659,0.0,0.0,0.0,0.0,0.0,0.0,0.104647174424,0.0238462022371,0.414322655394,0.419012368011
 04/08  15:00:00,1.01628259412,0.872922910581,0.0,0.0,0.0,0.0,0.0,0.0,0.104647174424,0.0238462022371,0.422085112918,0.442304104545
 04/08  16:00:00,1.15892894038,0.97285713933,0.0,0.0,0.0,0.0,0.0,0.0,0.111187620359,0.0253365900678,0.475836493957,0.523168236
 04/08  17:00:00,1.42161444464,1.26464676662,0.0,0.0973747679339,0.0,0.00271857794346,0.00271857794346,0.00271857794346,0.150430269912,0.0342789231607,0.575220878243,0.635565795378
 04/08  18:00:00,1.61132533648,1.50348928822,0.0,0.149022484447,0.0,0.00415950935386,0.00415950935386,0.00415950935386,0.27469878289,0.0625962705642,0.526438148244,0.690032625427
 04/08  19:00:00,1.86299129114,2.1993923638,0.0,0.805986742851,0.0,0.0224901572738,0.0224901572738,0.0224901572738,0.542857157559,0.123702162461,0.438292455115,0.712249358737
 04/08  20:00:00,2.2837911865,2.56237337127,0.0,1.2679891851,0.0,0.0353821849485,0.0353821849485,0.0353821849485,0.889500937064,0.202692720543,0.396079800644,0.736735543299
 04/08  21:00:00,2.33529947112,2.38458343704,0.0,1.22563087444,0.0,0.0342031321735,0.0342031321735,0.0342031321735,0.961445804636,0.219086977518,0.377628065087,0.719535491704
 04/08  22:00:00,1.91906451256,3.87525283168,0.0,2.93048865652,0.0,0.0817867511449,0.0817867511449,0.0817867511449,0.719449184404,0.163942630836,0.307820189494,0.622665756682
 04/08  23:00:00,1.45386768447,3.19059283202,0.0,2.48180998821,0.0,0.0692669471818,0.0692669471818,0.0692669471818,0.497074049416,0.1132694507,0.209772280765,0.541084956411
 04/08  24:00:00,1.00660928321,3.38201574618,0.0,2.92153320365,0.0,0.0815266185726,0.0815266185726,0.0815266185726,0.255077431681,0.0581251040177,0.140920453078,0.447559675866
 04/09  01:00:00,0.840712846702,3.64544628409,0.0,3.29206385599,0.0,0.0918471519024,0.0918471519024,0.0918471519024,0.156970807175,0.0357693018285,0.120641016344,0.412084569452
 04/09  02:00:00,0.767547349053,4.05123218813,0.0,3.72736587027,0.0,0.103977143029,0.103977143029,0.103977143029,0.104647174424,0.0238462022371,0.10437005202,0.407306777342
 04/09  03:00:00,0.754799772198,4.19134328469,0.0,3.85975564633,0.0,0.107663099212,0.107663099212,0.107663099212,0.104647174424,0.0238462022371,0.093669869514,0.401573426811
 04/09  04:00:00,0.758743872495,4.50517616548,0.0,4.08954601484,0.0,0.114058467187,0.114058467187,0.114058467187,0.104647174424,0.0238462022371,0.106388091784,0.386403936863
 04/09  05:00:00,0.829265923793,4.93391017518,0.0,4.15055121042,0.0,0.115744087385,0.115744087385,0.115744087385,0.111187620359,0.0253365900678,0.122401888091,0.43119573789
 04/09  06:00:00,1.05179259198,5.55521510815,0.0,4.08246682918,0.0,0.113837218641,0.113837218641,0.113837218641,0.183132566605,0.0417308470428,0.191487687466,0.498204272227
 04/09  07:00:00,1.42593793996,6.15906805885,0.0,4.48641474036,0.0,0.125090857044,0.125090857044,0.125090857044,0.340103242241,0.0775001488714,0.292964326062,0.529379365742
 04/09  08:00:00,1.29244287296,5.44846219365,0.0,3.81891357733,0.0,0.106466169297,0.106466169297,0.106466169297,0.27469878289,0.0625962705642,0.377721974339,0.447559675866
 04/09  09:00:00,1.11930266391,4.718400931,0.0,3.2392053253,0.0,0.0902842138757,0.0902842138757,0.0902842138757,0.130808958414,0.0298077505057,0.464092265177,0.380909475937
 04/09  10:00:00,1.10966211111,4.16564215002,0.0,2.86515196897,0.0,0.0798400882338,0.0798400882338,0.0798400882338,0.104647174424,0.0238462022371,0.488060810076,0.389867836142
 04/09  11:00:00,1.10141064055,3.00070839856,0.0,1.86369401084,0.0,0.0519208247227,0.0519208247227,0.0519208247227,0.104647174424,0.0238462022371,0.507609158221,0.389987280945
 04/09  12:00:00,1.06376997144,2.32849624878,0.0,1.31706827437,0.0,0.036684125533,0.036684125533,0.036684125533,0.104647174424,0.0238462022371,0.491774652455,0.383417816795
 04/09  13:00:00,1.02186398602,1.80512151604,0.0,0.870948476693,0.0,0.0242548261238,0.0242548261238,0.0242548261238,0.104647174424,0.0238462022371,0.44903959334,0.396676189899
 04/09  14:00:00,0.99308800929,1.14460898191,0.0,0.282253411441,0.0,0.00785960922428,0.00785960922428,0.00785960922428,0.104647174424,0.0238462022371,0.414322655394,0.419012368011
 04/09  15:00:00,1.01628259412,0.872030726469,0.0,0.0,0.0,0.0,0.0,0.0,0.104647174424,0.0238462022371,0.422085112918,0.442304104545
 04/09  16:00:00,1.15892894038,0.971783767583,0.0,0.0,0.0,0.0,0.0,0.0,0.111187620359,0.0253365900678,0.475836493957,0.523168236
 04/09  17:00:00,1.4355249793,1.76258281562,0.0,0.597089863492,0.0,0.0166291126073,0.0166291126073,0.0166291126073,0.150430269912,0.0342789231607,0.575220878243,0.635565795378
 04/09  18:00:00,1.6393612191,2.50773254134,0.0,1.15614445318,0.0,0.032195391974,0.032195391974,0.032195391974,0.27469878289,0.0625962705642,0.526438148244,0.690032625427
 04/09  19:00:00,1.88756834405,3.08037603469,0.0,1.68992490193,0.0,0.0470672101746,0.0470672101746,0.0470672101746,0.542857157559,0.123702162461,0.438292455115,0.712249358737
 04/09  20:00:00,2.30665722832,3.38246302221,0.0,2.09087335056,0.0,0.0582482267695,0.0582482267695,0.0582482267695,0.889500937064,0.202692720543,0.396079800644,0.736735543299
 04/09  21:00:00,2.3823212835,4.07093435596,0.0,2.91492733119,0.0,0.0812249445569,0.0812249445569,0.0812249445569,0.961445804636,0.219086977518,0.377628065087,0.719535491704
 04/09  22:00:00,1.94063749745,4.65146850322,0.0,3.70874357959,0.0,0.103359736031,0.103359736031,0.103359736031,0.719449184404,0.163942630836,0.307820189494,0.622665756682
 04/09  23:00:00,1.50838958622,5.14886851746,0.0,4.44161748477,0.0,0.123788848932,0.123788848932,0.123788848932,0.497074049416,0.1132694507,0.209772280765,0.541084956411
 04/09  24:00:00,1.06339319065,5.42169694096,0.0,4.96257200587,0.0,0.138310526008,0.138310526008,0.138310526008,0.255077431681,0.0581251040177,0.140920453078,0.447559675866
 04/10  01:00:00,0.890260043596,5.58086094692,0.0,5.23860052143,0.0,0.145999210195,0.145999210195,0.145999210195,0.156970807175,0.0357693018285,0.116036154945,0.412084569452
 04/10  02:00:00,0.879646839356,8.17547824992,0.0,7.86082192291,0.0,0.219123078153,0.219123078153,0.219123078153,0.104647174424,0.0238462022371,0.1013236072,0.407306777342
 04/10  03:00:00,0.866606305934,8.2503893129,0.0,7.92882860545,0.0,0.22106260447,0.22106260447,0.22106260447,0.104647174424,0.0238462022371,0.0920768979912,0.401573426811
 04/10  04:00:00,0.871535444301,8.64447844854,0.0,8.24737588487,0.0,0.229966387189,0.229966387189,0.229966387189,0.104647174424,0.0238462022371,0.103271743588,0.386403936863
 04/10  05:00:00,0.935648006169,8.87124610272,0.0,8.13698840263,0.0,0.226905644428,0.226905644428,0.226905644428,0.111187620359,0.0253365900678,0.117622413424,0.43119573789
 04/10  06:00:00,1.1469907094,9.30349983082,0.0,7.94031053787,0.0,0.221431766914,0.221431766914,0.221431766914,0.183132566605,0.0417308470428,0.179091256613,0.498204272227
 04/10  07:00:00,1.51332412214,10.0434545632,0.0,8.50396486023,0.0,0.237165294651,0.237165294651,0.237165294651,0.340103242241,0.0775001488714,0.268276070635,0.529379365742
 04/10  08:00:00,1.37747378559,9.7129250385,0.0,8.22304385874,0.0,0.229340599425,0.229340599425,0.229340599425,0.27469878289,0.0625962705642,0.33987845685,0.447559675866
 04/10  09:00:00,1.19417026169,9.15289419857,0.0,7.80324800112,0.0,0.217688046271,0.217688046271,0.217688046271,0.130808958414,0.0298077505057,0.411556030557,0.380909475937
 04/10  10:00:00,1.17881590387,8.6586499089,0.0,7.4703533548,0.0,0.208396148243,0.208396148243,0.208396148243,0.104647174424,0.0238462022371,0.428658542824,0.389867836142
 04/10  11:00:00,1.17152992638,7.61310936406,0.0,6.57006041245,0.0,0.183276996437,0.183276996437,0.183276996437,0.104647174424,0.0238462022371,0.446372272339,0.389987280945
 04/10  12:00:00,1.15119768998,7.37783317748,0.0,6.44883268559,0.0,0.179890767644,0.179890767644,0.179890767644,0.104647174424,0.0238462022371,0.435995728883,0.383417816795
 04/10  13:00:00,1.11811073928,7.00471721074,0.0,6.14288067614,0.0,0.171354283799,0.171354283799,0.171354283799,0.104647174424,0.0238462022371,0.398186888918,0.396676189899
 04/10  14:00:00,1.1252673966,7.45273666194,0.0,6.65658804667,0.0,0.185685497244,0.185685497244,0.185685497244,0.104647174424,0.0238462022371,0.368676154679,0.419012368011
 04/10  15:00:00,1.18243820462,8.31096447351,0.0,7.50538047524,0.0,0.209391078681,0.209391078681,0.209391078681,0.104647174424,0.0238462022371,0.378849644733,0.442304104545
 04/10  16:00:00,1.33462511305,8.68928065098,0.0,7.79788052635,0.0,0.217600411638,0.217600411638,0.217600411638,0.111187620359,0.0253365900678,0.433932254986,0.523168236
 04/10  17:00:00,1.62224707755,9.83288982011,0.0,8.7627589511,0.0,0.244595129297,0.244595129297,0.244595129297,0.150430269912,0.0342789231607,0.533976959804,0.635565795378
 04/10  18:00:00,1.79588863106,9.42456545888,0.0,8.19341498427,0.0,0.228751505253,0.228751505253,0.228751505253,0.27469878289,0.0625962705642,0.486409446927,0.690032625427
 04/10  19:00:00,2.03300197231,9.58174148099,0.0,8.324602986,0.0,0.232453051515,0.232453051515,0.232453051515,0.542857157559,0.123702162461,0.398340242034,0.712249358737
 04/10  20:00:00,2.44060769786,9.50281185596,0.0,8.33791516891,0.0,0.232863294885,0.232863294885,0.232863294885,0.889500937064,0.202692720543,0.355415202073,0.736735543299
 04/10  21:00:00,2.51795921961,10.2987305199,0.0,9.24992277203,0.0,0.258404214234,0.258404214234,0.258404214234,0.961445804636,0.219086977518,0.336086731514,0.719535491704
 04/10  22:00:00,2.06688287646,10.255164361,0.0,9.39732777688,0.0,0.262613862192,0.262613862192,0.262613862192,0.719449184404,0.163942630836,0.274811442345,0.622665756682
 04/10  23:00:00,1.62625546797,9.94815850036,0.0,9.29507386435,0.0,0.259778716849,0.259778716849,0.259778716849,0.497074049416,0.1132694507,0.19164829459,0.541084956411
 04/10  24:00:00,1.1742692922,9.62643093989,0.0,9.18959555652,0.0,0.256855924456,0.256855924456,0.256855924456,0.255077431681,0.0581251040177,0.133251156183,0.447559675866
 04/11  01:00:00,1.01003888432,9.84858418823,0.0,9.50949051828,0.0,0.265778050918,0.265778050918,0.265778050918,0.156970807175,0.0357693018285,0.116036154945,0.412084569452
 04/11  02:00:00,0.939275435659,10.2863981935,0.0,9.97397670877,0.0,0.278751674456,0.278751674456,0.278751674456,0.104647174424,0.0238462022371,0.1013236072,0.407306777342
 04/11  03:00:00,0.919540756735,10.123343235,0.0,9.80385206648,0.0,0.273997055272,0.273997055272,0.273997055272,0.104647174424,0.0238462022371,0.0920768979912,0.401573426811
 04/11  04:00:00,0.914113707236,10.1459271593,0.0,9.75086730051,0.0,0.272544650124,0.272544650124,0.272544650124,0.104647174424,0.0238462022371,0.103271743588,0.386403936863
 04/11  05:00:00,0.987125455317,10.69041356,0.0,9.95884696332,0.0,0.278383093576,0.278383093576,0.278383093576,0.111187620359,0.0253365900678,0.117622413424,0.43119573789
 04/11  06:00:00,1.19800788236,11.1048838702,0.0,9.7459367117,0.0,0.272448939871,0.272448939871,0.272448939871,0.183132566605,0.0417308470428,0.179091256613,0.498204272227
 04/11  07:00:00,1.55941634174,11.6668076129,0.0,10.1320211772,0.0,0.283257514249,0.283257514249,0.283257514249,0.340103242241,0.0775001488714,0.268276070635,0.529379365742
 04/11  08:00:00,1.40864877608,10.8030139978,0.0,9.3174041302,0.0,0.260515589912,0.260515589912,0.260515589912,0.27469878289,0.0625962705642,0.33987845685,0.447559675866
 04/11  09:00:00,1.2140308957,9.84254437096,0.0,8.4966570199,0.0,0.237548680284,0.237548680284,0.237548680284,0.130808958414,0.0298077505057,0.411556030557,0.380909475937
 04/11  10:00:00,1.21944103922,10.0920553976,0.0,8.90738676922,0.0,0.249021283593,0.249021283593,0.249021283593,0.104647174424,0.0238462022371,0.428658542824,0.389867836142
 04/11  11:00:00,1.19853328701,8.56189705738,0.0,7.52212627307,0.0,0.210280357061,0.210280357061,0.210280357061,0.104647174424,0.0238462022371,0.446372272339,0.389987280945
 04/11  12:00:00,1.16555461426,7.87560701694,0.0,6.94920463607,0.0,0.194247691917,0.194247691917,0.194247691917,0.104647174424,0.0238462022371,0.435995728883,0.383417816795
 04/11  13:00:00,1.12017133094,7.06385622213,0.0,6.20424209412,0.0,0.173414875464,0.173414875464,0.173414875464,0.104647174424,0.0238462022371,0.398186888918,0.396676189899
 04/11  14:00:00,1.07964941062,5.80629251799,0.0,5.01165382336,0.0,0.14006751127,0.14006751127,0.14006751127,0.104647174424,0.0238462022371,0.368676154679,0.419012368011
 04/11  15:00:00,1.08027942027,4.64244804674,0.0,3.8373167722,0.0,0.107232294328,0.107232294328,0.107232294328,0.104647174424,0.0238462022371,0.378849644733,0.442304104545
 04/11  16:00:00,1.21364115369,4.34901507648,0.0,3.45767744469,0.0,0.0966164522821,0.0966164522821,0.0966164522821,0.111187620359,0.0253365900678,0.433932254986,0.523168236
 04/11  17:00:00,1.4896738175,5.07899505714,0.0,4.00896701179,0.0,0.11202186925,0.11202186925,0.11202186925,0.150430269912,0.0342789231607,0.533976959804,0.635565795378
 04/11  18:00:00,1.66950013919,4.89350358875,0.0,3.66285509523,0.0,0.102363013387,0.102363013387,0.102363013387,0.27469878289,0.0625962705642,0.486409446927,0.690032625427
 04/11  19:00:00,1.9348153541,6.05945685145,0.0,4.80344440765,0.0,0.134266433305,0.134266433305,0.134266433305,0.542857157559,0.123702162461,0.398340242034,0.712249358737
 04/11  20:00:00,2.35287435551,6.35413704359,0.0,5.19049412862,0.0,0.145129952531,0.145129952531,0.145129952531,0.889500937064,0.202692720543,0.355415202073,0.736735543299
 04/11  21:00:00,2.42001119809,6.78531333404,0.0,5.73717840762,0.0,0.16045619272,0.16045619272,0.16045619272,0.961445804636,0.219086977518,0.336086731514,0.719535491704
 04/11  22:00:00,1.97071240071,6.80875748131,0.0,5.95078870347,0.0,0.166443386444,0.166443386444,0.166443386444,0.719449184404,0.163942630836,0.274811442345,0.622665756682
 04/11  23:00:00,1.55565578442,7.41715232117,0.0,6.76354848882,0.0,0.189179033302,0.189179033302,0.189179033302,0.497074049416,0.1132694507,0.19164829459,0.541084956411
 04/11  24:00:00,1.12165590409,7.7393980058,0.0,7.30197879454,0.0,0.20424253634,0.20424253634,0.20424253634,0.255077431681,0.0581251040177,0.133251156183,0.447559675866
 04/12  01:00:00,0.957603791834,7.96712226945,0.0,7.62747272176,0.0,0.213342958433,0.213342958433,0.213342958433,0.156970807175,0.0357693018285,0.116036154945,0.412084569452
 04/12  02:00:00,0.880076606659,8.16262192124,0.0,7.84953253309,0.0,0.219552845456,0.219552845456,0.219552845456,0.104647174424,0.0238462022371,0.1013236072,0.407306777342
 04/12  03:00:00,0.869451754506,8.32567970764,0.0,8.0054001566,0.0,0.223908053042,0.223908053042,0.223908053042,0.104647174424,0.0238462022371,0.0920768979912,0.401573426811
 04/12  04:00:00,0.865081553503,8.38697484129,0.0,7.99138454112,0.0,0.223512496391,0.223512496391,0.223512496391,0.104647174424,0.0238462022371,0.103271743588,0.386403936863
 04/12  05:00:00,0.927886533295,8.56658409845,0.0,7.8352739404,0.0,0.219144171553,0.219144171553,0.219144171553,0.111187620359,0.0253365900678,0.117622413424,0.43119573789
 04/12  06:00:00,1.15779444476,9.66115171067,0.0,8.30396991369,0.0,0.232235502275,0.232235502275,0.232235502275,0.183132566605,0.0417308470428,0.179091256613,0.498204272227
 04/12  07:00:00,1.46395997655,8.24859907877,0.0,6.71570415853,0.0,0.187801149065,0.187801149065,0.187801149065,0.340103242241,0.0775001488714,0.268276070635,0.529379365742
 04/12  08:00:00,1.32702767917,7.88245096593,0.0,6.39818001283,0.0,0.178894493002,0.178894493002,0.178894493002,0.27469878289,0.0625962705642,0.33987845685,0.447559675866
 04/12  09:00:00,1.14597127935,7.40764574308,0.0,6.06294923216,0.0,0.169489063938,0.169489063938,0.169489063938,0.130808958414,0.0298077505057,0.411556030557,0.380909475937
 04/12  10:00:00,1.13827869731,7.18968047163,0.0,6.00561517443,0.0,0.167858941685,0.167858941685,0.167858941685,0.104647174424,0.0238462022371,0.428658542824,0.389867836142
 04/12  11:00:00,1.12789602929,6.03684976439,0.0,4.99724758587,0.0,0.139643099348,0.139643099348,0.139643099348,0.104647174424,0.0238462022371,0.446372272339,0.389987280945
 04/12  12:00:00,1.11732493088,6.15203935517,0.0,5.22600403093,0.0,0.146018008538,0.146018008538,0.146018008538,0.104647174424,0.0238462022371,0.435995728883,0.383417816795
 04/12  13:00:00,1.08360367697,5.75735048199,0.0,4.8981767098,0.0,0.13684722149,0.13684722149,0.13684722149,0.104647174424,0.0238462022371,0.398186888918,0.396676189899
 04/12  14:00:00,1.07343977316,5.58577806548,0.0,4.79176011295,0.0,0.133857873811,0.133857873811,0.133857873811,0.104647174424,0.0238462022371,0.368676154679,0.419012368011
 04/12  15:00:00,1.11211728522,5.78298454257,0.0,4.97911263143,0.0,0.139070159286,0.139070159286,0.139070159286,0.104647174424,0.0238462022371,0.378849644733,0.442304104545
 04/12  16:00:00,1.25411218166,5.79822419503,0.0,4.90857188993,0.0,0.137087480245,0.137087480245,0.137087480245,0.111187620359,0.0253365900678,0.433932254986,0.523168236
 04/12  17:00:00,1.52627988929,6.39016216577,0.0,5.32223151963,0.0,0.148627941031,0.148627941031,0.148627941031,0.150430269912,0.0342789231607,0.533976959804,0.635565795378
 04/12  18:00:00,1.74296483977,7.52307311988,0.0,6.29547456192,0.0,0.175827713962,0.175827713962,0.175827713962,0.27469878289,0.0625962705642,0.486409446927,0.690032625427
 04/12  19:00:00,1.99409178614,8.18126458484,0.0,6.9283973968,0.0,0.193542865346,0.193542865346,0.193542865346,0.542857157559,0.123702162461,0.398340242034,0.712249358737
 04/12  20:00:00,2.40452461128,8.20389799644,0.0,7.04285513527,0.0,0.196780208303,0.196780208303,0.196780208303,0.889500937064,0.202692720543,0.355415202073,0.736735543299
 04/12  21:00:00,2.4616664507,8.27859426051,0.0,7.23268724647,0.0,0.202111445331,0.202111445331,0.202111445331,0.961445804636,0.219086977518,0.336086731514,0.719535491704
 04/12  22:00:00,2.0214728778,8.6273706236,0.0,7.77157896371,0.0,0.217203863531,0.217203863531,0.217203863531,0.719449184404,0.163942630836,0.274811442345,0.622665756682
 04/12  23:00:00,1.59875029569,8.96179896654,0.0,8.30990063556,0.0,0.232273544575,0.232273544575,0.232273544575,0.497074049416,0.1132694507,0.19164829459,0.541084956411
 04/12  24:00:00,1.1574442482,9.02294436632,0.0,8.58674253671,0.0,0.240030880456,0.240030880456,0.240030880456,0.255077431681,0.0581251040177,0.133251156183,0.447559675866
 04/13  01:00:00,0.995077292692,9.31108868368,0.0,8.9723385909,0.0,0.250816459291,0.250816459291,0.250816459291,0.156970807175,0.0357693018285,0.116036154945,0.412084569452
 04/13  02:00:00,0.91649464534,9.46906399038,0.0,9.15681680866,0.0,0.255970884136,0.255970884136,0.255970884136,0.104647174424,0.0238462022371,0.1013236072,0.407306777342
 04/13  03:00:00,0.904001688141,9.56482947359,0.0,9.24544596846,0.0,0.258457986678,0.258457986678,0.258457986678,0.104647174424,0.0238462022371,0.0920768979912,0.401573426811
 04/13  04:00:00,0.912520663647,10.0862471673,0.0,9.69179437703,0.0,0.270951606535,0.270951606535,0.270951606535,0.104647174424,0.0238462022371,0.103271743588,0.386403936863
 04/13  05:00:00,0.979325284297,10.4071982279,0.0,9.67804141231,0.0,0.270582922556,0.270582922556,0.270582922556,0.111187620359,0.0253365900678,0.117622413424,0.43119573789
 04/13  06:00:00,1.22702111515,12.1351207822,0.0,10.7817914833,0.0,0.301462172662,0.301462172662,0.301462172662,0.183132566605,0.0417308470428,0.179091256613,0.498204272227
 04/13  07:00:00,1.54171094928,11.0236107146,0.0,9.49568687542,0.0,0.265552121788,0.265552121788,0.265552121788,0.340103242241,0.0775001488714,0.268276070635,0.529379365742
 04/13  08:00:00,1.39448271709,10.2878514123,0.0,8.80830355571,0.0,0.246349530924,0.246349530924,0.246349530924,0.27469878289,0.0625962705642,0.33987845685,0.447559675866
 04/13  09:00:00,1.23115321856,10.4456755938,0.0,9.10575255668,0.0,0.254671003148,0.254671003148,0.254671003148,0.130808958414,0.0298077505057,0.411556030557,0.380909475937
 04/13  10:00:00,1.21742130801,10.0105110524,0.0,8.83104128123,0.0,0.247001552381,0.247001552381,0.247001552381,0.104647174424,0.0238462022371,0.428658542824,0.389867836142
 04/13  11:00:00,1.18533184049,8.08185330366,0.0,7.04637010976,0.0,0.197078910549,0.197078910549,0.197078910549,0.104647174424,0.0238462022371,0.446372272339,0.389987280945
 04/13  12:00:00,1.14355833269,7.08203589845,0.0,6.15925501234,0.0,0.172251410351,0.172251410351,0.172251410351,0.104647174424,0.0238462022371,0.435995728883,0.383417816795
 04/13  13:00:00,1.09350163221,6.10421105003,0.0,5.24767889973,0.0,0.146745176733,0.146745176733,0.146745176733,0.104647174424,0.0238462022371,0.398186888918,0.396676189899
 04/13  14:00:00,1.09484064332,6.34366623534,0.0,5.55232740268,0.0,0.155258743968,0.155258743968,0.155258743968,0.104647174424,0.0238462022371,0.368676154679,0.419012368011
 04/13  15:00:00,1.12596843272,6.26964760182,0.0,5.46854053067,0.0,0.152921306783,0.152921306783,0.152921306783,0.104647174424,0.0238462022371,0.378849644733,0.442304104545
 04/13  16:00:00,1.25913466965,5.96863644968,0.0,5.08174502595,0.0,0.142109968237,0.142109968237,0.142109968237,0.111187620359,0.0253365900678,0.433932254986,0.523168236
 04/13  17:00:00,1.51890289461,6.11590317756,0.0,5.05092225619,0.0,0.141250946355,0.141250946355,0.141250946355,0.150430269912,0.0342789231607,0.533976959804,0.635565795378
 04/13  18:00:00,1.70865423951,6.28477846172,0.0,5.05992384923,0.0,0.141517113701,0.141517113701,0.141517113701,0.27469878289,0.0625962705642,0.486409446927,0.690032625427
 04/13  19:00:00,1.96375807593,7.08467260242,0.0,5.83435222396,0.0,0.163209155142,0.163209155142,0.163209155142,0.542857157559,0.123702162461,0.398340242034,0.712249358737
 04/13  20:00:00,2.38624754155,7.53752709796,0.0,6.37915744381,0.0,0.178503138573,0.178503138573,0.178503138573,0.889500937064,0.202692720543,0.355415202073,0.736735543299
 04/13  21:00:00,2.4552806754,8.03607478596,0.0,6.99274744158,0.0,0.195725670026,0.195725670026,0.195725670026,0.961445804636,0.219086977518,0.336086731514,0.719535491704
 04/13  22:00:00,2.02343155286,8.68281461363,0.0,7.82897918811,0.0,0.219162538592,0.219162538592,0.219162538592,0.719449184404,0.163942630836,0.274811442345,0.622665756682
 04/13  23:00:00,1.61359285167,9.47705067469,0.0,8.82678420301,0.0,0.247116100552,0.247116100552,0.247116100552,0.497074049416,0.1132694507,0.19164829459,0.541084956411
 04/13  24:00:00,1.17446177833,9.6161336865,0.0,9.18105903241,0.0,0.25704841058,0.25704841058,0.25704841058,0.255077431681,0.0581251040177,0.133251156183,0.447559675866
 04/14  01:00:00,1.01397912623,9.97135015487,0.0,9.63358049691,0.0,0.269718292826,0.269718292826,0.269718292826,0.156970807175,0.0357693018285,0.116036154945,0.412084569452
 04/14  02:00:00,0.93372027837,10.0686997274,0.0,9.75745715261,0.0,0.273196517167,0.273196517167,0.273196517167,0.104647174424,0.0238462022371,0.1013236072,0.407306777342
 04/14  03:00:00,0.921213361659,10.163677296,0.0,9.84525471726,0.0,0.275669660195,0.275669660195,0.275669660195,0.104647174424,0.0238462022371,0.0920768979912,0.401573426811
 04/14  04:00:00,0.924500983393,10.4978566714,0.0,10.1044857701,0.0,0.282931926281,0.282931926281,0.282931926281,0.104647174424,0.0238462022371,0.103271743588,0.386403936863
 04/14  05:00:00,0.984118601202,10.5615475388,0.0,9.83416135802,0.0,0.275376239461,0.275376239461,0.275376239461,0.111187620359,0.0253365900678,0.117622413424,0.43119573789
 04/14  06:00:00,1.19809782581,11.0828617509,0.0,9.73253068019,0.0,0.27253888332,0.27253888332,0.27253888332,0.183132566605,0.0417308470428,0.179091256613,0.498204272227
 04/14  07:00:00,1.56553809616,11.8585716834,0.0,10.3337860398,0.0,0.289379268672,0.289379268672,0.289379268672,0.340103242241,0.0775001488714,0.268276070635,0.529379365742
 04/14  08:00:00,1.43016810772,11.546640764,0.0,10.0711374241,0.0,0.282034921549,0.282034921549,0.282034921549,0.27469878289,0.0625962705642,0.33987845685,0.447559675866
 04/14  09:00:00,1.25765580029,11.3750221529,0.0,10.0387361752,0.0,0.281173584877,0.281173584877,0.281173584877,0.130808958414,0.0298077505057,0.411556030557,0.380909475937
 04/14  10:00:00,1.25455590497,11.3215153612,0.0,10.1451965016,0.0,0.284136149345,0.284136149345,0.284136149345,0.104647174424,0.0238462022371,0.428658542824,0.389867836142
 04/14  11:00:00,1.25794784217,10.661994062,0.0,9.62986611852,0.0,0.269694912227,0.269694912227,0.269694912227,0.104647174424,0.0238462022371,0.446372272339,0.389987280945
 04/14  12:00:00,1.23146670229,10.2094873588,0.0,9.2901947715,0.0,0.260159779948,0.260159779948,0.260159779948,0.104647174424,0.0238462022371,0.435995728883,0.383417816795
 04/14  13:00:00,1.19116254788,9.58114019692,0.0,8.72823433717,0.0,0.244406092406,0.244406092406,0.244406092406,0.104647174424,0.0238462022371,0.398186888918,0.396676189899
 04/14  14:00:00,1.14550537876,8.14392602344,0.0,7.35540853409,0.0,0.205923479409,0.205923479409,0.205923479409,0.104647174424,0.0238462022371,0.368676154679,0.419012368011
 04/14  15:00:00,1.16266873172,7.57301066784,0.0,6.77434947796,0.0,0.189621605782,0.189621605782,0.189621605782,0.104647174424,0.0238462022371,0.378849644733,0.442304104545
 04/14  16:00:00,1.28064699793,6.73154380405,0.0,5.84686436003,0.0,0.16362229652,0.16362229652,0.16362229652,0.111187620359,0.0253365900678,0.433932254986,0.523168236
 04/14  17:00:00,1.52144004117,6.20224055691,0.0,5.13951655939,0.0,0.143788092919,0.143788092919,0.143788092919,0.150430269912,0.0342789231607,0.533976959804,0.635565795378
 04/14  18:00:00,1.68064487391,5.28128750685,0.0,4.05835834914,0.0,0.113507748106,0.113507748106,0.113507748106,0.27469878289,0.0625962705642,0.486409446927,0.690032625427
 04/14  19:00:00,1.8984399006,4.74978270306,0.0,3.50054076885,0.0,0.0978909798061,0.0978909798061,0.0978909798061,0.542857157559,0.123702162461,0.398340242034,0.712249358737
 04/14  20:00:00,2.30233145159,4.54131966615,0.0,3.38291771098,0.0,0.0945870486096,0.0945870486096,0.0945870486096,0.889500937064,0.202692720543,0.355415202073,0.736735543299
 04/14  21:00:00,2.42107960399,6.8190257464,0.0,5.77637804546,0.0,0.161524598622,0.161524598622,0.161524598622,0.961445804636,0.219086977518,0.336086731514,0.719535491704
 04/14  22:00:00,1.9626110589,6.5160654808,0.0,5.66255736762,0.0,0.15834204463,0.15834204463,0.15834204463,0.719449184404,0.163942630836,0.274811442345,0.622665756682
 04/14  23:00:00,1.5764385755,8.15901799021,0.0,7.50878427685,0.0,0.209961824385,0.209961824385,0.209961824385,0.497074049416,0.1132694507,0.19164829459,0.541084956411
 04/14  24:00:00,1.16556174752,9.30852132242,0.0,8.87336742952,0.0,0.248148379771,0.248148379771,0.248148379771,0.255077431681,0.0581251040177,0.133251156183,0.447559675866
 04/15  01:00:00,0.978326787938,8.5525853072,0.0,8.20468690732,0.0,0.229461093139,0.229461093139,0.229461093139,0.156970807175,0.0357693018285,0.120641016344,0.412084569452
 04/15  02:00:00,0.905899148968,8.98414345057,0.0,8.66521061941,0.0,0.242328942945,0.242328942945,0.242328942945,0.104647174424,0.0238462022371,0.10437005202,0.407306777342
 04/15  03:00:00,0.895912165143,9.22219174965,0.0,8.89569287232,0.0,0.248775492157,0.248775492157,0.248775492157,0.104647174424,0.0238462022371,0.093669869514,0.401573426811
 04/15  04:00:00,0.889377447575,9.15862028327,0.0,8.74947168434,0.0,0.244692042267,0.244692042267,0.244692042267,0.104647174424,0.0238462022371,0.106388091784,0.386403936863
 04/15  05:00:00,0.973540183689,10.0688619309,0.0,9.29711917399,0.0,0.260018347281,0.260018347281,0.260018347281,0.111187620359,0.0253365900678,0.122401888091,0.43119573789
 04/15  06:00:00,1.20279746666,10.9201679133,0.0,9.46917292446,0.0,0.264842093321,0.264842093321,0.264842093321,0.183132566605,0.0417308470428,0.191487687466,0.498204272227
 04/15  07:00:00,1.54233238413,10.2793150419,0.0,8.63165800522,0.0,0.241485301209,0.241485301209,0.241485301209,0.340103242241,0.0775001488714,0.292964326062,0.529379365742
 04/15  08:00:00,1.43449225815,10.4872278711,0.0,8.8821030127,0.0,0.248515554486,0.248515554486,0.248515554486,0.27469878289,0.0625962705642,0.377721974339,0.447559675866
 04/15  09:00:00,1.27982869772,10.420024186,0.0,8.96386688786,0.0,0.250810247681,0.250810247681,0.250810247681,0.130808958414,0.0298077505057,0.464092265177,0.380909475937
 04/15  10:00:00,1.27950061005,10.2027693911,0.0,8.92317054598,0.0,0.24967858717,0.24967858717,0.24967858717,0.104647174424,0.0238462022371,0.488060810076,0.389867836142
 04/15  11:00:00,1.27072716471,9.02448299924,0.0,7.90620917548,0.0,0.221237348882,0.221237348882,0.221237348882,0.104647174424,0.0238462022371,0.507609158221,0.389987280945
 04/15  12:00:00,1.24445759929,8.76243543287,0.0,7.76825152445,0.0,0.21737175338,0.21737175338,0.21737175338,0.104647174424,0.0238462022371,0.491774652455,0.383417816795
 04/15  13:00:00,1.20069778037,8.17579508465,0.0,7.25773982645,0.0,0.203088620475,0.203088620475,0.203088620475,0.104647174424,0.0238462022371,0.44903959334,0.396676189899
 04/15  14:00:00,1.20737116011,8.78539333285,0.0,7.93853810493,0.0,0.222142760044,0.222142760044,0.222142760044,0.104647174424,0.0238462022371,0.414322655394,0.419012368011
 04/15  15:00:00,1.23423565811,8.64403341165,0.0,7.78807960934,0.0,0.217953063987,0.217953063987,0.217953063987,0.104647174424,0.0238462022371,0.422085112918,0.442304104545
 04/15  16:00:00,1.38754637525,9.12256520556,0.0,8.16828224269,0.0,0.228617434865,0.228617434865,0.228617434865,0.111187620359,0.0253365900678,0.475836493957,0.523168236
 04/15  17:00:00,1.65256726729,9.49371468298,0.0,8.3481366077,0.0,0.233671400595,0.233671400595,0.233671400595,0.150430269912,0.0342789231607,0.575220878243,0.635565795378
 04/15  18:00:00,1.81475479119,8.74601541622,0.0,7.41581041528,0.0,0.207588964065,0.207588964065,0.207588964065,0.27469878289,0.0625962705642,0.526438148244,0.690032625427
 04/15  19:00:00,2.1028142763,10.7374048291,0.0,9.36892980301,0.0,0.26231314243,0.26231314243,0.26231314243,0.542857157559,0.123702162461,0.438292455115,0.712249358737
 04/15  20:00:00,2.52794920388,11.2527234655,0.0,9.98168073623,0.0,0.279540202327,0.279540202327,0.279540202327,0.889500937064,0.202692720543,0.396079800644,0.736735543299
 04/15  21:00:00,2.5730160254,10.8458023876,0.0,9.70798975565,0.0,0.271919686455,0.271919686455,0.271919686455,0.961445804636,0.219086977518,0.377628065087,0.719535491704
 04/15  22:00:00,2.09792418365,10.232407786,0.0,9.30467134579,0.0,0.26064642223,0.26064642223,0.26064642223,0.719449184404,0.163942630836,0.307820189494,0.622665756682
 04/15  23:00:00,1.6637971745,10.6631718773,0.0,9.96711390384,0.0,0.279196437208,0.279196437208,0.279196437208,0.497074049416,0.1132694507,0.209772280765,0.541084956411
 04/15  24:00:00,1.21836528891,10.9216262571,0.0,10.4703220136,0.0,0.293282624264,0.293282624264,0.293282624264,0.255077431681,0.0581251040177,0.140920453078,0.447559675866
 04/16  01:00:00,1.0236704918,10.1562642832,0.0,9.81041634769,0.0,0.274804797004,0.274804797004,0.274804797004,0.156970807175,0.0357693018285,0.120641016344,0.412084569452
 04/16  02:00:00,1.02720691324,13.297632882,0.0,12.9811759222,0.0,0.363636707218,0.363636707218,0.363636707218,0.104647174424,0.0238462022371,0.10437005202,0.407306777342
 04/16  03:00:00,1.01436121649,13.4292787021,0.0,13.1058609094,0.0,0.3672245435,0.3672245435,0.3672245435,0.104647174424,0.0238462022371,0.093669869514,0.401573426811
 04/16  04:00:00,1.03977008584,14.5026135001,0.0,14.0969777523,0.0,0.395084680537,0.395084680537,0.395084680537,0.104647174424,0.0238462022371,0.106388091784,0.386403936863
 04/16  05:00:00,1.08806976895,14.1293011073,0.0,13.3621118628,0.0,0.374547932539,0.374547932539,0.374547932539,0.111187620359,0.0253365900678,0.122401888091,0.43119573789
 04/16  06:00:00,1.33661587667,15.6655309028,0.0,14.2208551046,0.0,0.398660503328,0.398660503328,0.398660503328,0.183132566605,0.0417308470428,0.191487687466,0.498204272227
 04/16  07:00:00,1.70786554264,16.1556923164,0.0,14.5153236112,0.0,0.407018459724,0.407018459724,0.407018459724,0.340103242241,0.0775001488714,0.292964326062,0.529379365742
 04/16  08:00:00,1.55719886202,14.8333131388,0.0,13.235210085,0.0,0.371222158365,0.371222158365,0.371222158365,0.27469878289,0.0625962705642,0.377721974339,0.447559675866
 04/16  09:00:00,1.41183078197,15.0971670093,0.0,13.6475544397,0.0,0.382812331937,0.382812331937,0.382812331937,0.130808958414,0.0298077505057,0.464092265177,0.380909475937
 04/16  10:00:00,1.40972389435,14.8162328996,0.0,13.5427949553,0.0,0.37990187147,0.37990187147,0.37990187147,0.104647174424,0.0238462022371,0.488060810076,0.389867836142
 04/16  11:00:00,1.39957809625,13.5922232069,0.0,12.4797119198,0.0,0.350088280426,0.350088280426,0.350088280426,0.104647174424,0.0238462022371,0.507609158221,0.389987280945
 04/16  12:00:00,1.35547799263,12.6955489123,0.0,11.7066816182,0.0,0.328392146725,0.328392146725,0.328392146725,0.104647174424,0.0238462022371,0.491774652455,0.383417816795
 04/16  13:00:00,1.2890496265,11.3035945056,0.0,10.3903874851,0.0,0.291440466599,0.291440466599,0.291440466599,0.104647174424,0.0238462022371,0.44903959334,0.396676189899
 04/16  14:00:00,1.26569379867,10.8421363832,0.0,9.99947468646,0.0,0.280465398606,0.280465398606,0.280465398606,0.104647174424,0.0238462022371,0.414322655394,0.419012368011
 04/16  15:00:00,1.26994896405,9.89676703532,0.0,9.04449610133,0.0,0.253666369924,0.253666369924,0.253666369924,0.104647174424,0.0238462022371,0.422085112918,0.442304104545
 04/16  16:00:00,1.38504036986,9.01301540297,0.0,8.06230235543,0.0,0.226111429471,0.226111429471,0.226111429471,0.111187620359,0.0253365900678,0.475836493957,0.523168236
 04/16  17:00:00,1.66755981304,10.0087040988,0.0,8.86682010173,0.0,0.248663946349,0.248663946349,0.248663946349,0.150430269912,0.0342789231607,0.575220878243,0.635565795378
 04/16  18:00:00,1.83689095983,9.51628271639,0.0,8.19037499992,0.0,0.229725132705,0.229725132705,0.229725132705,0.27469878289,0.0625962705642,0.526438148244,0.690032625427
 04/16  19:00:00,2.10511242956,10.7963397343,0.0,9.43202799294,0.0,0.264611295692,0.264611295692,0.264611295692,0.542857157559,0.123702162461,0.438292455115,0.712249358737
 04/16  20:00:00,2.52543215991,11.1378950486,0.0,9.87085235854,0.0,0.277023158358,0.277023158358,0.277023158358,0.889500937064,0.202692720543,0.396079800644,0.736735543299
 04/16  21:00:00,2.59337610118,11.5450213369,0.0,10.4110580544,0.0,0.292279762232,0.292279762232,0.292279762232,0.961445804636,0.219086977518,0.377628065087,0.719535491704
 04/16  22:00:00,2.15136118244,12.1102538935,0.0,11.1858214307,0.0,0.314083421025,0.314083421025,0.314083421025,0.719449184404,0.163942630836,0.307820189494,0.622665756682
 04/16  23:00:00,1.72150844995,12.6903962199,0.0,11.9975225309,0.0,0.336907712659,0.336907712659,0.336907712659,0.497074049416,0.1132694507,0.209772280765,0.541084956411
 04/16  24:00:00,1.28206643333,13.159796493,0.0,12.7109944161,0.0,0.356983768691,0.356983768691,0.356983768691,0.255077431681,0.0581251040177,0.140920453078,0.447559675866
 04/17  01:00:00,1.11307038864,13.4649105774,0.0,13.1311567278,0.0,0.368809555238,0.368809555238,0.368809555238,0.156970807175,0.0357693018285,0.116036154945,0.412084569452
 04/17  02:00:00,1.0369136929,13.7079589094,0.0,13.4005053729,0.0,0.376389931701,0.376389931701,0.376389931701,0.104647174424,0.0238462022371,0.1013236072,0.407306777342
 04/17  03:00:00,1.02286209784,13.7476437881,0.0,13.4331697548,0.0,0.377318396378,0.377318396378,0.377318396378,0.104647174424,0.0238462022371,0.0920768979912,0.401573426811
 04/17  04:00:00,1.02380802156,13.9960951109,0.0,13.6072901987,0.0,0.382238964452,0.382238964452,0.382238964452,0.104647174424,0.0238462022371,0.103271743588,0.386403936863
 04/17  05:00:00,1.09971902093,14.637439391,0.0,13.917289289,0.0,0.390976659189,0.390976659189,0.390976659189,0.111187620359,0.0253365900678,0.117622413424,0.43119573789
 04/17  06:00:00,1.31729815704,15.2808901926,0.0,13.9426305391,0.0,0.391739214551,0.391739214551,0.391739214551,0.183132566605,0.0417308470428,0.179091256613,0.498204272227
 04/17  07:00:00,1.64439365497,14.6159721659,0.0,13.1046518607,0.0,0.368234827483,0.368234827483,0.368234827483,0.340103242241,0.0775001488714,0.268276070635,0.529379365742
 04/17  08:00:00,1.47311212754,13.0296186192,0.0,11.5661712688,0.0,0.32497894137,0.32497894137,0.32497894137,0.27469878289,0.0625962705642,0.33987845685,0.447559675866
 04/17  09:00:00,1.2700838535,11.7769180289,0.0,10.4511462058,0.0,0.293601638087,0.293601638087,0.293601638087,0.130808958414,0.0298077505057,0.411556030557,0.380909475937
 04/17  10:00:00,1.24698426173,11.0130610163,0.0,9.84579502882,0.0,0.276564506108,0.276564506108,0.276564506108,0.104647174424,0.0238462022371,0.428658542824,0.389867836142
 04/17  11:00:00,1.2178463841,9.19979914262,0.0,8.17507885848,0.0,0.229593454158,0.229593454158,0.229593454158,0.104647174424,0.0238462022371,0.446372272339,0.389987280945
 04/17  12:00:00,1.18221005162,8.42389801208,0.0,7.51080700057,0.0,0.210903129279,0.210903129279,0.210903129279,0.104647174424,0.0238462022371,0.435995728883,0.383417816795
 04/17  13:00:00,1.12785984076,7.29788278585,0.0,6.45028760166,0.0,0.181103385281,0.181103385281,0.181103385281,0.104647174424,0.0238462022371,0.398186888918,0.396676189899
 04/17  14:00:00,1.08180929816,5.85016578477,0.0,5.06630797645,0.0,0.142227398807,0.142227398807,0.142227398807,0.104647174424,0.0238462022371,0.368676154679,0.419012368011
 04/17  15:00:00,1.10081345928,5.34537285297,0.0,4.55154775292,0.0,0.127766333338,0.127766333338,0.127766333338,0.104647174424,0.0238462022371,0.378849644733,0.442304104545
 04/17  16:00:00,1.2511645973,5.65764524475,0.0,4.77888561208,0.0,0.13413989589,0.13413989589,0.13413989589,0.111187620359,0.0253365900678,0.433932254986,0.523168236
 04/17  17:00:00,1.51939813594,6.10438394458,0.0,5.04940857709,0.0,0.14174618769,0.14174618769,0.14174618769,0.150430269912,0.0342789231607,0.533976959804,0.635565795378
 04/17  18:00:00,1.70940430801,6.28070528948,0.0,5.06738995614,0.0,0.142267182204,0.142267182204,0.142267182204,0.27469878289,0.0625962705642,0.486409446927,0.690032625427
 04/17  19:00:00,1.97432795746,7.42691135521,0.0,6.18837867503,0.0,0.173779036673,0.173779036673,0.173779036673,0.542857157559,0.123702162461,0.398340242034,0.712249358737
 04/17  20:00:00,2.39054502676,7.65535576407,0.0,6.50779162392,0.0,0.182800623777,0.182800623777,0.182800623777,0.889500937064,0.202692720543,0.355415202073,0.736735543299
 04/17  21:00:00,2.45696027726,8.06069044152,0.0,7.02677655825,0.0,0.197405271887,0.197405271887,0.197405271887,0.961445804636,0.219086977518,0.336086731514,0.719535491704
 04/17  22:00:00,2.02397417779,8.66532419883,0.0,7.81923717938,0.0,0.219705163526,0.219705163526,0.219705163526,0.719449184404,0.163942630836,0.274811442345,0.622665756682
 04/17  23:00:00,1.60480369137,9.12591939135,0.0,8.48116042708,0.0,0.238326940253,0.238326940253,0.238326940253,0.497074049416,0.1132694507,0.19164829459,0.541084956411
 04/17  24:00:00,1.16588319357,9.2735641428,0.0,8.84180303431,0.0,0.248469825823,0.248469825823,0.248469825823,0.255077431681,0.0581251040177,0.133251156183,0.447559675866
 04/18  01:00:00,0.997032513651,9.33038371578,0.0,8.99497354455,0.0,0.252771680251,0.252771680251,0.252771680251,0.156970807175,0.0357693018285,0.116036154945,0.412084569452
 04/18  02:00:00,0.932261321906,9.97941680237,0.0,9.67007923259,0.0,0.271737560703,0.271737560703,0.271737560703,0.104647174424,0.0238462022371,0.1013236072,0.407306777342
 04/18  03:00:00,0.904662215449,9.53758081598,0.0,9.22133509506,0.0,0.259118513986,0.259118513986,0.259118513986,0.104647174424,0.0238462022371,0.0920768979912,0.401573426811
 04/18  04:00:00,0.896000787823,9.44540768728,0.0,9.05483841626,0.0,0.254431730711,0.254431730711,0.254431730711,0.104647174424,0.0238462022371,0.103271743588,0.386403936863
 04/18  05:00:00,0.958787274285,9.62188866899,0.0,8.90043730397,0.0,0.250044912543,0.250044912543,0.250044912543,0.111187620359,0.0253365900678,0.117622413424,0.43119573789
 04/18  06:00:00,1.19040027052,10.7681401921,0.0,9.43011987441,0.0,0.264841328035,0.264841328035,0.264841328035,0.183132566605,0.0417308470428,0.179091256613,0.498204272227
 04/18  07:00:00,1.51521512115,10.0229531365,0.0,8.51251123212,0.0,0.239056293659,0.239056293659,0.239056293659,0.340103242241,0.0775001488714,0.268276070635,0.529379365742
 04/18  08:00:00,1.36901333258,9.32966891986,0.0,7.86718470325,0.0,0.220880146408,0.220880146408,0.220880146408,0.27469878289,0.0625962705642,0.33987845685,0.447559675866
 04/18  09:00:00,1.18356401179,8.70267079805,0.0,7.37771254232,0.0,0.207081796376,0.207081796376,0.207081796376,0.130808958414,0.0298077505057,0.411556030557,0.380909475937
 04/18  10:00:00,1.17075308099,8.30556021677,0.0,7.13871040527,0.0,0.20033332536,0.20033332536,0.20033332536,0.104647174424,0.0238462022371,0.428658542824,0.389867836142
 04/18  11:00:00,1.1603166296,7.15685398042,0.0,6.13241515383,0.0,0.172063699653,0.172063699653,0.172063699653,0.104647174424,0.0238462022371,0.446372272339,0.389987280945
 04/18  12:00:00,1.11793375557,6.1403604673,0.0,5.22716898192,0.0,0.146626833227,0.146626833227,0.146626833227,0.104647174424,0.0238462022371,0.435995728883,0.383417816795
 04/18  13:00:00,1.08061215406,5.62102388733,0.0,4.77316295796,0.0,0.133855698581,0.133855698581,0.133855698581,0.104647174424,0.0238462022371,0.398186888918,0.396676189899
 04/18  14:00:00,1.04754745536,4.63505597408,0.0,3.85093099872,0.0,0.107965556008,0.107965556008,0.107965556008,0.104647174424,0.0238462022371,0.368676154679,0.419012368011
 04/18  15:00:00,1.03303353461,2.93515627759,0.0,2.1403259774,0.0,0.0599864086724,0.0599864086724,0.0599864086724,0.104647174424,0.0238462022371,0.378849644733,0.442304104545
 04/18  16:00:00,1.15461708669,2.2220266724,0.0,1.34178018083,0.0,0.0375923852814,0.0375923852814,0.0375923852814,0.111187620359,0.0253365900678,0.433932254986,0.523168236
 04/18  17:00:00,1.41954471008,2.55164562907,0.0,1.49549428297,0.0,0.0418927618248,0.0418927618248,0.0418927618248,0.150430269912,0.0342789231607,0.533976959804,0.635565795378
 04/18  18:00:00,1.6349285772,3.63366190184,0.0,2.41997015857,0.0,0.0677914513962,0.0677914513962,0.0677914513962,0.27469878289,0.0625962705642,0.486409446927,0.690032625427
 04/18  19:00:00,1.89817689861,4.72261804361,0.0,3.48426160647,0.0,0.0976279778154,0.0976279778154,0.0976279778154,0.542857157559,0.123702162461,0.398340242034,0.712249358737
 04/18  20:00:00,2.32117528209,5.19446917739,0.0,4.04713201765,0.0,0.113430879109,0.113430879109,0.113430879109,0.889500937064,0.202692720543,0.355415202073,0.736735543299
 04/18  21:00:00,2.39253924319,5.77746744125,0.0,4.74386689802,0.0,0.132984237821,0.132984237821,0.132984237821,0.961445804636,0.219086977518,0.336086731514,0.719535491704
 04/18  22:00:00,1.94831367632,5.98476881102,0.0,5.1381375644,0.0,0.14404466205,0.14404466205,0.14404466205,0.719449184404,0.163942630836,0.274811442345,0.622665756682
 04/18  23:00:00,1.53365407184,6.60926437241,0.0,5.96351171398,0.0,0.167177320718,0.167177320718,0.167177320718,0.497074049416,0.1132694507,0.19164829459,0.541084956411
 04/18  24:00:00,1.1133838791,7.42390111145,0.0,6.99079494789,0.0,0.195970511352,0.195970511352,0.195970511352,0.255077431681,0.0581251040177,0.133251156183,0.447559675866
 04/19  01:00:00,0.953940038473,7.81671809402,0.0,7.47988708341,0.0,0.209679205072,0.209679205072,0.209679205072,0.156970807175,0.0357693018285,0.116036154945,0.412084569452
 04/19  02:00:00,0.888797536194,8.45388531062,0.0,8.14331952311,0.0,0.228273774991,0.228273774991,0.228273774991,0.104647174424,0.0238462022371,0.1013236072,0.407306777342
 04/19  03:00:00,0.894045816305,9.18206863051,0.0,8.86480219161,0.0,0.248502114842,0.248502114842,0.248502114842,0.104647174424,0.0238462022371,0.0920768979912,0.401573426811
 04/19  04:00:00,0.904228275966,9.76045902699,0.0,9.3695071458,0.0,0.262659218854,0.262659218854,0.262659218854,0.104647174424,0.0238462022371,0.103271743588,0.386403936863
 04/19  05:00:00,0.977466553177,10.306375638,0.0,9.58572341357,0.0,0.268724191436,0.268724191436,0.268724191436,0.111187620359,0.0253365900678,0.117622413424,0.43119573789
 04/19  06:00:00,1.22193120721,11.9069018674,0.0,10.571707651,0.0,0.29637226472,0.29637226472,0.29637226472,0.183132566605,0.0417308470428,0.179091256613,0.498204272227
 04/19  07:00:00,1.51023882693,9.85732785782,0.0,8.34966622465,0.0,0.23407999944,0.23407999944,0.23407999944,0.340103242241,0.0775001488714,0.268276070635,0.529379365742
 04/19  08:00:00,1.34035823023,8.31873191208,0.0,6.85853104726,0.0,0.192225044059,0.192225044059,0.192225044059,0.27469878289,0.0625962705642,0.33987845685,0.447559675866
 04/19  09:00:00,1.14180403093,7.22373954048,0.0,5.90053807809,0.0,0.16532181552,0.16532181552,0.16532181552,0.130808958414,0.0298077505057,0.411556030557,0.380909475937
 04/19  10:00:00,1.1114832538,6.20203357123,0.0,5.03631374507,0.0,0.141063498173,0.141063498173,0.141063498173,0.104647174424,0.0238462022371,0.428658542824,0.389867836142
 04/19  11:00:00,1.0812878531,4.34700714747,0.0,3.32280055692,0.0,0.0930349231563,0.0930349231563,0.0930349231563,0.104647174424,0.0238462022371,0.446372272339,0.389987280945
 04/19  12:00:00,1.03168564385,3.07095121349,0.0,2.15731921425,0.0,0.0603787215113,0.0603787215113,0.0603787215113,0.104647174424,0.0238462022371,0.435995728883,0.383417816795
 04/19  13:00:00,0.988049472673,2.32458995869,0.0,1.47589103428,0.0,0.0412930171952,0.0412930171952,0.0412930171952,0.104647174424,0.0238462022371,0.398186888918,0.396676189899
 04/19  14:00:00,0.952970203398,1.26398694949,0.0,0.478629863739,0.0,0.0133883040464,0.0133883040464,0.0133883040464,0.104647174424,0.0238462022371,0.368676154679,0.419012368011
 04/19  15:00:00,0.976390590115,0.914699625888,0.0,0.119536371428,0.0,0.00334346417566,0.00334346417566,0.00334346417566,0.104647174424,0.0238462022371,0.378849644733,0.442304104545
 04/19  16:00:00,1.11702470141,0.879879644879,0.0,0.0,0.0,0.0,0.0,0.0,0.111187620359,0.0253365900678,0.433932254986,0.523168236
 04/19  17:00:00,1.37765194825,1.05535238423,0.0,0.0,0.0,0.0,0.0,0.0,0.150430269912,0.0342789231607,0.533976959804,0.635565795378
 04/19  18:00:00,1.5714360722,1.36649861295,0.0,0.153697568918,0.0,0.00429894639034,0.00429894639034,0.00429894639034,0.27469878289,0.0625962705642,0.486409446927,0.690032625427
 04/19  19:00:00,1.83013050419,2.29538513439,0.0,1.05763178537,0.0,0.0295815834025,0.0295815834025,0.0295815834025,0.542857157559,0.123702162461,0.398340242034,0.712249358737
 04/19  20:00:00,2.2487564115,2.6131611992,0.0,1.46612488274,0.0,0.0410120085189,0.0410120085189,0.0410120085189,0.889500937064,0.202692720543,0.355415202073,0.736735543299
 04/19  21:00:00,2.31009184514,2.84010503426,0.0,1.80638211013,0.0,0.0505368397687,0.0505368397687,0.0505368397687,0.961445804636,0.219086977518,0.336086731514,0.719535491704
 04/19  22:00:00,1.86834725586,3.13752550157,0.0,2.29027448633,0.0,0.0640782415934,0.0640782415934,0.0640782415934,0.719449184404,0.163942630836,0.274811442345,0.622665756682
 04/19  23:00:00,1.45132109076,3.67943106482,0.0,3.03248344468,0.0,0.0848443396405,0.0848443396405,0.0848443396405,0.497074049416,0.1132694507,0.19164829459,0.541084956411
 04/19  24:00:00,1.01498229382,3.92219751902,0.0,3.48730911732,0.0,0.0975689260685,0.0975689260685,0.0975689260685,0.255077431681,0.0581251040177,0.133251156183,0.447559675866
 04/20  01:00:00,0.855046118454,4.29900687231,0.0,3.95988018554,0.0,0.110785285053,0.110785285053,0.110785285053,0.156970807175,0.0357693018285,0.116036154945,0.412084569452
 04/20  02:00:00,0.778497258304,4.53020774996,0.0,4.21706932855,0.0,0.117973497101,0.117973497101,0.117973497101,0.104647174424,0.0238462022371,0.1013236072,0.407306777342
 04/20  03:00:00,0.766378829737,4.6397342413,0.0,4.31957021989,0.0,0.120835128274,0.120835128274,0.120835128274,0.104647174424,0.0238462022371,0.0920768979912,0.401573426811
 04/20  04:00:00,0.768779288981,4.941662057,0.0,4.54769108866,0.0,0.127210231869,0.127210231869,0.127210231869,0.104647174424,0.0238462022371,0.103271743588,0.386403936863
 04/20  05:00:00,0.838414051338,5.35916708769,0.0,4.63626418592,0.0,0.129671689597,0.129671689597,0.129671689597,0.111187620359,0.0253365900678,0.117622413424,0.43119573789
 04/20  06:00:00,1.10240618029,7.65803297562,0.0,6.32256727406,0.0,0.176847237799,0.176847237799,0.176847237799,0.183132566605,0.0417308470428,0.179091256613,0.498204272227
 04/20  07:00:00,1.41441790999,6.44966605912,0.0,4.9425761294,0.0,0.138259082497,0.138259082497,0.138259082497,0.340103242241,0.0775001488714,0.268276070635,0.529379365742
 04/20  08:00:00,1.26176433198,5.52278261571,0.0,4.06328584009,0.0,0.113631145815,0.113631145815,0.113631145815,0.27469878289,0.0625962705642,0.33987845685,0.447559675866
 04/20  09:00:00,1.06104394388,4.34796521681,0.0,3.02492566254,0.0,0.0845617284658,0.0845617284658,0.0845617284658,0.130808958414,0.0298077505057,0.411556030557,0.380909475937
 04/20  10:00:00,1.06232884193,4.45421153188,0.0,3.28865654143,0.0,0.0919090863019,0.0919090863019,0.0919090863019,0.104647174424,0.0238462022371,0.428658542824,0.389867836142
 04/20  11:00:00,1.04087419186,2.90756944163,0.0,1.88334519218,0.0,0.052621261911,0.052621261911,0.052621261911,0.104647174424,0.0238462022371,0.446372272339,0.389987280945
 04/20  12:00:00,1.0067403807,2.18234133384,0.0,1.26857615071,0.0,0.0354334583662,0.0354334583662,0.0354334583662,0.104647174424,0.0238462022371,0.435995728883,0.383417816795
 04/20  13:00:00,0.997725558613,2.67319796842,0.0,1.82499585589,0.0,0.0509691031357,0.0509691031357,0.0509691031357,0.104647174424,0.0238462022371,0.398186888918,0.396676189899
 04/20  14:00:00,0.978743783229,2.18663595932,0.0,1.40230505542,0.0,0.039161883878,0.039161883878,0.039161883878,0.104647174424,0.0238462022371,0.368676154679,0.419012368011
 04/20  15:00:00,0.994559634418,1.56485991412,0.0,0.770427416795,0.0,0.0215125084795,0.0215125084795,0.0215125084795,0.104647174424,0.0238462022371,0.378849644733,0.442304104545
 04/20  16:00:00,1.11989340944,0.981633329565,0.0,0.102744798438,0.0,0.00286870803205,0.00286870803205,0.00286870803205,0.111187620359,0.0253365900678,0.433932254986,0.523168236
 04/20  17:00:00,1.39091237893,1.52888686468,0.0,0.474976233868,0.0,0.0132604306732,0.0132604306732,0.0132604306732,0.150430269912,0.0342789231607,0.533976959804,0.635565795378
 04/20  18:00:00,1.5857406026,1.87735914144,0.0,0.666389291826,0.0,0.0186034767944,0.0186034767944,0.0186034767944,0.27469878289,0.0625962705642,0.486409446927,0.690032625427
 04/20  19:00:00,1.84783025834,2.92915567277,0.0,1.69347434925,0.0,0.0472813375482,0.0472813375482,0.0472813375482,0.542857157559,0.123702162461,0.398340242034,0.712249358737
 04/20  20:00:00,2.28881883634,4.04748848822,0.0,2.90282889292,0.0,0.0810744333604,0.0810744333604,0.0810744333604,0.889500937064,0.202692720543,0.355415202073,0.736735543299
 04/20  21:00:00,2.36333867321,4.74581910235,0.0,3.71462318906,0.0,0.103783667834,0.103783667834,0.103783667834,0.961445804636,0.219086977518,0.336086731514,0.719535491704
 04/20  22:00:00,1.92777555567,5.2648171859,0.0,4.41982771998,0.0,0.123506541404,0.123506541404,0.123506541404,0.719449184404,0.163942630836,0.274811442345,0.622665756682
 04/20  23:00:00,1.51130492063,5.8277674403,0.0,5.18256388262,0.0,0.144828169516,0.144828169516,0.144828169516,0.497074049416,0.1132694507,0.19164829459,0.541084956411
 04/20  24:00:00,1.08633247123,6.47773507762,0.0,6.0440454748,0.0,0.168919103483,0.168919103483,0.168919103483,0.255077431681,0.0581251040177,0.133251156183,0.447559675866
 04/21  01:00:00,0.927895110516,6.90769247987,0.0,6.5697982471,0.0,0.183634277115,0.183634277115,0.183634277115,0.156970807175,0.0357693018285,0.116036154945,0.412084569452
 04/21  02:00:00,0.877314146967,8.06640951497,0.0,7.75482799593,0.0,0.216790385764,0.216790385764,0.216790385764,0.104647174424,0.0238462022371,0.1013236072,0.407306777342
 04/21  03:00:00,0.871980546083,8.41682479604,0.0,8.09853014,0.0,0.22643684462,0.22643684462,0.22643684462,0.104647174424,0.0238462022371,0.0920768979912,0.401573426811
 04/21  04:00:00,0.890238663045,9.28420588614,0.0,8.89264945331,0.0,0.248669605933,0.248669605933,0.248669605933,0.104647174424,0.0238462022371,0.103271743588,0.386403936863
 04/21  05:00:00,0.96309733233,9.8146932791,0.0,9.0952688349,0.0,0.254354970589,0.254354970589,0.254354970589,0.111187620359,0.0253365900678,0.117622413424,0.43119573789
 04/21  06:00:00,1.17840032938,10.3714996863,0.0,9.04056199753,0.0,0.252841386891,0.252841386891,0.252841386891,0.183132566605,0.0417308470428,0.179091256613,0.498204272227
 04/21  07:00:00,1.51557473134,10.0615260671,0.0,8.55951773009,0.0,0.239415903853,0.239415903853,0.239415903853,0.340103242241,0.0775001488714,0.268276070635,0.529379365742
 04/21  08:00:00,1.32892079077,7.91905929485,0.0,6.46440860464,0.0,0.180787604603,0.180787604603,0.180787604603,0.27469878289,0.0625962705642,0.33987845685,0.447559675866
 04/21  09:00:00,1.11665978772,6.3325159001,0.0,5.01372342116,0.0,0.140177572311,0.140177572311,0.140177572311,0.130808958414,0.0298077505057,0.411556030557,0.380909475937
 04/21  10:00:00,1.0841401694,5.23054974907,0.0,4.06826419156,0.0,0.113720413773,0.113720413773,0.113720413773,0.104647174424,0.0238462022371,0.428658542824,0.389867836142
 04/21  11:00:00,1.05425321145,3.38320785884,0.0,2.36158767144,0.0,0.0660002815017,0.0660002815017,0.0660002815017,0.104647174424,0.0238462022371,0.446372272339,0.389987280945
 04/21  12:00:00,1.01760929555,2.56867791968,0.0,1.65713775948,0.0,0.0463023732151,0.0463023732151,0.0463023732151,0.104647174424,0.0238462022371,0.435995728883,0.383417816795
 04/21  13:00:00,0.972256137606,1.75966262488,0.0,0.912761387194,0.0,0.0254996821282,0.0254996821282,0.0254996821282,0.104647174424,0.0238462022371,0.398186888918,0.396676189899
 04/21  14:00:00,0.965641807189,1.71602348928,0.0,0.932877198806,0.0,0.0260599078376,0.0260599078376,0.0260599078376,0.104647174424,0.0238462022371,0.368676154679,0.419012368011
 04/21  15:00:00,0.980039994429,1.04342450014,0.0,0.250339082247,0.0,0.00699286849017,0.00699286849017,0.00699286849017,0.104647174424,0.0238462022371,0.378849644733,0.442304104545
 04/21  16:00:00,1.12882559169,1.29963873592,0.0,0.422486913809,0.0,0.011800890281,0.011800890281,0.011800890281,0.111187620359,0.0253365900678,0.433932254986,0.523168236
 04/21  17:00:00,1.39282322908,1.59475752439,0.0,0.543151236137,0.0,0.0151712808287,0.0151712808287,0.0151712808287,0.150430269912,0.0342789231607,0.533976959804,0.635565795378
 04/21  18:00:00,1.59568687913,2.23013727116,0.0,1.02199585937,0.0,0.0285497533183,0.0285497533183,0.0285497533183,0.27469878289,0.0625962705642,0.486409446927,0.690032625427
 04/21  19:00:00,1.84593441517,2.85720520133,0.0,1.62419600453,0.0,0.0453854943836,0.0453854943836,0.0453854943836,0.542857157559,0.123702162461,0.398340242034,0.712249358737
 04/21  20:00:00,2.28789492299,4.00940196969,0.0,2.86704424041,0.0,0.0801505200095,0.0801505200095,0.0801505200095,0.889500937064,0.202692720543,0.355415202073,0.736735543299
 04/21  21:00:00,2.36708352301,4.87369579299,0.0,3.84459362687,0.0,0.107528517637,0.107528517637,0.107528517637,0.961445804636,0.219086977518,0.336086731514,0.719535491704
 04/21  22:00:00,1.93757957041,5.6084011211,0.0,4.7651234206,0.0,0.133310556141,0.133310556141,0.133310556141,0.719449184404,0.163942630836,0.274811442345,0.622665756682
 04/21  23:00:00,1.52668188821,6.36978254172,0.0,5.72583983266,0.0,0.160205137096,0.160205137096,0.160205137096,0.497074049416,0.1132694507,0.19164829459,0.541084956411
 04/21  24:00:00,1.10321358966,7.07306571625,0.0,6.64014101032,0.0,0.185800221909,0.185800221909,0.185800221909,0.255077431681,0.0581251040177,0.133251156183,0.447559675866
 04/22  01:00:00,0.949458231603,7.51556174279,0.0,7.16857667488,0.0,0.200592536803,0.200592536803,0.200592536803,0.156970807175,0.0357693018285,0.120641016344,0.412084569452
 04/22  02:00:00,0.88193850593,8.12188400164,0.0,7.80355038145,0.0,0.218368299906,0.218368299906,0.218368299906,0.104647174424,0.0238462022371,0.10437005202,0.407306777342
 04/22  03:00:00,0.879584731268,8.63170293228,0.0,8.30609552566,0.0,0.232448058282,0.232448058282,0.232448058282,0.104647174424,0.0238462022371,0.093669869514,0.401573426811
 04/22  04:00:00,0.890626293489,9.19408267981,0.0,8.78750021417,0.0,0.245940888182,0.245940888182,0.245940888182,0.104647174424,0.0238462022371,0.106388091784,0.386403936863
 04/22  05:00:00,0.965991751004,9.78234307816,0.0,9.01999768094,0.0,0.252469914596,0.252469914596,0.252469914596,0.111187620359,0.0253365900678,0.122401888091,0.43119573789
 04/22  06:00:00,1.24060733636,12.2395017808,0.0,10.8109617082,0.0,0.302651963018,0.302651963018,0.302651963018,0.183132566605,0.0417308470428,0.191487687466,0.498204272227
 04/22  07:00:00,1.53435625984,9.96261000993,0.0,8.34060356124,0.0,0.233509176923,0.233509176923,0.233509176923,0.340103242241,0.0775001488714,0.292964326062,0.529379365742
 04/22  08:00:00,1.37730618982,8.41604462898,0.0,6.83529087478,0.0,0.191329486166,0.191329486166,0.191329486166,0.27469878289,0.0625962705642,0.377721974339,0.447559675866
 04/22  09:00:00,1.17799038984,6.75840829907,0.0,5.32322763787,0.0,0.14897193981,0.14897193981,0.14897193981,0.130808958414,0.0298077505057,0.464092265177,0.380909475937
 04/22  10:00:00,1.1572800907,5.81757195035,0.0,4.55520728564,0.0,0.12745806782,0.12745806782,0.12745806782,0.104647174424,0.0238462022371,0.488060810076,0.389867836142
 04/22  11:00:00,1.1367942018,4.22518832325,0.0,3.12065745666,0.0,0.0873043859753,0.0873043859753,0.0873043859753,0.104647174424,0.0238462022371,0.507609158221,0.389987280945
 04/22  12:00:00,1.07846396184,2.8205229336,0.0,1.83687421687,0.0,0.0513781159349,0.0513781159349,0.0513781159349,0.104647174424,0.0238462022371,0.491774652455,0.383417816795
 04/22  13:00:00,1.02637582406,1.93821508427,0.0,1.02867933876,0.0,0.0287666641597,0.0287666641597,0.0287666641597,0.104647174424,0.0238462022371,0.44903959334,0.396676189899
 04/22  14:00:00,0.994552269726,1.17386191748,0.0,0.333451160966,0.0,0.00932386966067,0.00932386966067,0.00932386966067,0.104647174424,0.0238462022371,0.414322655394,0.419012368011
 04/22  15:00:00,1.01628259412,0.849822363316,0.0,0.0,0.0,0.0,0.0,0.0,0.104647174424,0.0238462022371,0.422085112918,0.442304104545
 04/22  16:00:00,1.15892894038,0.946615321184,0.0,0.0,0.0,0.0,0.0,0.0,0.111187620359,0.0253365900678,0.475836493957,0.523168236
 04/22  17:00:00,1.41922113862,1.14642273848,0.0,0.0116331046049,0.0,0.000325271928499,0.000325271928499,0.000325271928499,0.150430269912,0.0342789231607,0.575220878243,0.635565795378
 04/22  18:00:00,1.60889002259,1.37751174915,0.0,0.0616623542999,0.0,0.001724195462,0.001724195462,0.001724195462,0.27469878289,0.0625962705642,0.526438148244,0.690032625427
 04/22  19:00:00,1.88061095697,2.78727070068,0.0,1.43405175724,0.0,0.0401098231034,0.0401098231034,0.0401098231034,0.542857157559,0.123702162461,0.438292455115,0.712249358737
 04/22  20:00:00,2.31751775392,3.72650446952,0.0,2.46956363236,0.0,0.0691087523758,0.0691087523758,0.0691087523758,0.889500937064,0.202692720543,0.396079800644,0.736735543299
 04/22  21:00:00,2.40117016463,4.69954611354,0.0,3.57422084429,0.0,0.100073825689,0.100073825689,0.100073825689,0.961445804636,0.219086977518,0.377628065087,0.719535491704
 04/22  22:00:00,1.96401778874,5.44386122907,0.0,4.52503019471,0.0,0.126740027321,0.126740027321,0.126740027321,0.719449184404,0.163942630836,0.307820189494,0.622665756682
 04/22  23:00:00,1.53262480887,5.97531471046,0.0,5.28428789394,0.0,0.148024071583,0.148024071583,0.148024071583,0.497074049416,0.1132694507,0.209772280765,0.541084956411
 04/22  24:00:00,1.09031744772,6.34916699649,0.0,5.89837564605,0.0,0.165234783078,0.165234783078,0.165234783078,0.255077431681,0.0581251040177,0.140920453078,0.447559675866
 04/23  01:00:00,0.931177466798,6.85488799372,0.0,6.50781038412,0.0,0.182311771998,0.182311771998,0.182311771998,0.156970807175,0.0357693018285,0.120641016344,0.412084569452
 04/23  02:00:00,0.865803026158,7.53688755529,0.0,7.2183761001,0.0,0.202232820134,0.202232820134,0.202232820134,0.104647174424,0.0238462022371,0.10437005202,0.407306777342
 04/23  03:00:00,0.862403582561,8.00890379346,0.0,7.68310128521,0.0,0.215266909575,0.215266909575,0.215266909575,0.104647174424,0.0238462022371,0.093669869514,0.401573426811
 04/23  04:00:00,0.867173874925,8.34710204411,0.0,7.94046548768,0.0,0.222488469618,0.222488469618,0.222488469618,0.104647174424,0.0238462022371,0.106388091784,0.386403936863
 04/23  05:00:00,0.94706946148,9.09612553333,0.0,8.33472790833,0.0,0.233547625072,0.233547625072,0.233547625072,0.111187620359,0.0253365900678,0.122401888091,0.43119573789
 04/23  06:00:00,1.19225336507,10.5010492098,0.0,9.07473370576,0.0,0.254297991728,0.254297991728,0.254297991728,0.183132566605,0.0417308470428,0.191487687466,0.498204272227
 04/23  07:00:00,1.4982813376,8.66401431168,0.0,7.04503439384,0.0,0.197434254683,0.197434254683,0.197434254683,0.340103242241,0.0775001488714,0.292964326062,0.529379365742
 04/23  08:00:00,1.34388461664,7.21342702839,0.0,5.63557461215,0.0,0.157907912978,0.157907912978,0.157907912978,0.27469878289,0.0625962705642,0.377721974339,0.447559675866
 04/23  09:00:00,1.15140042249,5.80137460319,0.0,4.36870731199,0.0,0.122381972454,0.122381972454,0.122381972454,0.130808958414,0.0298077505057,0.464092265177,0.380909475937
 04/23  10:00:00,1.11919936832,4.45181332058,0.0,3.19124879028,0.0,0.0893773454426,0.0893773454426,0.0893773454426,0.104647174424,0.0238462022371,0.488060810076,0.389867836142
 04/23  11:00:00,1.11188826063,3.3315451787,0.0,2.22842100243,0.0,0.0623984448071,0.0623984448071,0.0623984448071,0.104647174424,0.0238462022371,0.507609158221,0.389987280945
 04/23  12:00:00,1.06498694512,2.33617304026,0.0,1.35387999311,0.0,0.0379010992107,0.0379010992107,0.0379010992107,0.104647174424,0.0238462022371,0.491774652455,0.383417816795
 04/23  13:00:00,1.00660418634,1.22984290229,0.0,0.321378027437,0.0,0.00899502643961,0.00899502643961,0.00899502643961,0.104647174424,0.0238462022371,0.44903959334,0.396676189899
 04/23  14:00:00,0.997068196584,1.26202773937,0.0,0.423056489806,0.0,0.0118397965178,0.0118397965178,0.0118397965178,0.104647174424,0.0238462022371,0.414322655394,0.419012368011
 04/23  15:00:00,1.01628259412,0.848404995987,0.0,0.0,0.0,0.0,0.0,0.0,0.104647174424,0.0238462022371,0.422085112918,0.442304104545
 04/23  16:00:00,1.16262937387,1.07709503915,0.0,0.132233823428,0.0,0.00370043349038,0.00370043349038,0.00370043349038,0.111187620359,0.0253365900678,0.475836493957,0.523168236
 04/23  17:00:00,1.43229686129,1.61129466199,0.0,0.478954973702,0.0,0.0134009945971,0.0134009945971,0.0134009945971,0.150430269912,0.0342789231607,0.575220878243,0.635565795378
 04/23  18:00:00,1.62927350049,2.1029613169,0.0,0.790209625879,0.0,0.0221076733671,0.0221076733671,0.0221076733671,0.27469878289,0.0625962705642,0.526438148244,0.690032625427
 04/23  19:00:00,1.88412035346,2.90938077922,0.0,1.55894236182,0.0,0.0436192195849,0.0436192195849,0.0436192195849,0.542857157559,0.123702162461,0.438292455115,0.712249358737
 04/23  20:00:00,2.31445573937,3.61442165576,0.0,2.35978783358,0.0,0.0660467378236,0.0660467378236,0.0660467378236,0.889500937064,0.202692720543,0.396079800644,0.736735543299
 04/23  21:00:00,2.40320151538,4.76999711079,0.0,3.64674627335,0.0,0.102105176438,0.102105176438,0.102105176438,0.961445804636,0.219086977518,0.377628065087,0.719535491704
 04/23  22:00:00,1.97315885387,5.76901582797,0.0,4.85179300796,0.0,0.135881092455,0.135881092455,0.135881092455,0.719449184404,0.163942630836,0.307820189494,0.622665756682
 04/23  23:00:00,1.54968483893,6.58371102212,0.0,5.89382630508,0.0,0.165084101643,0.165084101643,0.165084101643,0.497074049416,0.1132694507,0.209772280765,0.541084956411
 04/23  24:00:00,1.1082736404,6.99018466441,0.0,6.53995599515,0.0,0.183190975759,0.183190975759,0.183190975759,0.255077431681,0.0581251040177,0.140920453078,0.447559675866
 04/24  01:00:00,0.958752020769,7.99384032682,0.0,7.65684779188,0.0,0.214491187368,0.214491187368,0.214491187368,0.156970807175,0.0357693018285,0.116036154945,0.412084569452
 04/24  02:00:00,0.888105453924,8.43467215018,0.0,8.12360639344,0.0,0.22758169272,0.22758169272,0.22758169272,0.104647174424,0.0238462022371,0.1013236072,0.407306777342
 04/24  03:00:00,0.888453563125,8.98805552668,0.0,8.67028164786,0.0,0.242909861662,0.242909861662,0.242909861662,0.104647174424,0.0238462022371,0.0920768979912,0.401573426811
 04/24  04:00:00,0.911283760875,10.0161199247,0.0,9.6258683957,0.0,0.269714703763,0.269714703763,0.269714703763,0.104647174424,0.0238462022371,0.103271743588,0.386403936863
 04/24  05:00:00,0.989864114567,10.746890341,0.0,10.0316661275,0.0,0.281121752826,0.281121752826,0.281121752826,0.111187620359,0.0253365900678,0.117622413424,0.43119573789
 04/24  06:00:00,1.22588959339,12.0382660284,0.0,10.7166015629,0.0,0.300330650902,0.300330650902,0.300330650902,0.183132566605,0.0417308470428,0.179091256613,0.498204272227
 04/24  07:00:00,1.52228828151,10.2737798646,0.0,8.78227041271,0.0,0.246129454022,0.246129454022,0.246129454022,0.340103242241,0.0775001488714,0.268276070635,0.529379365742
 04/24  08:00:00,1.34780115849,8.57048823712,0.0,7.1260069012,0.0,0.199667972318,0.199667972318,0.199667972318,0.27469878289,0.0625962705642,0.33987845685,0.447559675866
 04/24  09:00:00,1.15408515797,7.64902765336,0.0,6.33992432769,0.0,0.177602942552,0.177602942552,0.177602942552,0.130808958414,0.0298077505057,0.411556030557,0.380909475937
 04/24  10:00:00,1.13615958357,7.07067672358,0.0,5.91718838434,0.0,0.165739827943,0.165739827943,0.165739827943,0.104647174424,0.0238462022371,0.428658542824,0.389867836142
 04/24  11:00:00,1.09720816577,4.90472939406,0.0,3.89075335567,0.0,0.108955235825,0.108955235825,0.108955235825,0.104647174424,0.0238462022371,0.446372272339,0.389987280945
 04/24  12:00:00,1.05508030257,3.89717070287,0.0,2.99237966198,0.0,0.0837733802274,0.0837733802274,0.0837733802274,0.104647174424,0.0238462022371,0.435995728883,0.383417816795
 04/24  13:00:00,1.01285455844,3.20225171457,0.0,2.36155526509,0.0,0.0660981029615,0.0660981029615,0.0660981029615,0.104647174424,0.0238462022371,0.398186888918,0.396676189899
 04/24  14:00:00,0.98092903737,2.25568654771,0.0,1.47753617197,0.0,0.0413471380187,0.0413471380187,0.0413471380187,0.104647174424,0.0238462022371,0.368676154679,0.419012368011
 04/24  15:00:00,1.01119288699,2.15116963342,0.0,1.36329587696,0.0,0.0381457610478,0.0381457610478,0.0381457610478,0.104647174424,0.0238462022371,0.378849644733,0.442304104545
 04/24  16:00:00,1.13237136318,1.42016315442,0.0,0.548525758129,0.0,0.0153466617636,0.0153466617636,0.0153466617636,0.111187620359,0.0253365900678,0.433932254986,0.523168236
 04/24  17:00:00,1.41753449238,2.4700845748,0.0,1.42553245287,0.0,0.0398825441227,0.0398825441227,0.0398825441227,0.150430269912,0.0342789231607,0.533976959804,0.635565795378
 04/24  18:00:00,1.60571675664,2.57884195351,0.0,1.37889640077,0.0,0.038579630836,0.038579630836,0.038579630836,0.27469878289,0.0625962705642,0.486409446927,0.690032625427
 04/24  19:00:00,1.87497886674,3.88453374099,0.0,2.65997767215,0.0,0.0744299459523,0.0744299459523,0.0744299459523,0.542857157559,0.123702162461,0.398340242034,0.712249358737
 04/24  20:00:00,2.29850980526,4.37787300888,0.0,3.24306040034,0.0,0.0907654022774,0.0907654022774,0.0907654022774,0.889500937064,0.202692720543,0.355415202073,0.736735543299
 04/24  21:00:00,2.3775677696,5.23840914551,0.0,4.2157781761,0.0,0.118012764225,0.118012764225,0.118012764225,0.961445804636,0.219086977518,0.336086731514,0.719535491704
 04/24  22:00:00,1.9516993658,6.10441590413,0.0,5.26617634908,0.0,0.14743035153,0.14743035153,0.14743035153,0.719449184404,0.163942630836,0.274811442345,0.622665756682
 04/24  23:00:00,1.52598771255,6.33841226774,0.0,5.69767611003,0.0,0.159510961428,0.159510961428,0.159510961428,0.497074049416,0.1132694507,0.19164829459,0.541084956411
 04/24  24:00:00,1.08921467,6.5685103601,0.0,6.13695533276,0.0,0.17180130225,0.17180130225,0.17180130225,0.255077431681,0.0581251040177,0.133251156183,0.447559675866
 04/25  01:00:00,0.91915838159,6.58479761606,0.0,6.24780025664,0.0,0.17489754819,0.17489754819,0.17489754819,0.156970807175,0.0357693018285,0.116036154945,0.412084569452
 04/25  02:00:00,0.846975111696,6.97265910393,0.0,6.66114076831,0.0,0.186451350492,0.186451350492,0.186451350492,0.104647174424,0.0238462022371,0.1013236072,0.407306777342
 04/25  03:00:00,0.834517234317,7.07076583142,0.0,6.75235740383,0.0,0.188973532854,0.188973532854,0.188973532854,0.104647174424,0.0238462022371,0.0920768979912,0.401573426811
 04/25  04:00:00,0.83781946204,7.40435157655,0.0,7.01325047569,0.0,0.196250404928,0.196250404928,0.196250404928,0.104647174424,0.0238462022371,0.103271743588,0.386403936863
 04/25  05:00:00,0.903702549715,7.68352687883,0.0,6.96799033786,0.0,0.194960187973,0.194960187973,0.194960187973,0.111187620359,0.0253365900678,0.117622413424,0.43119573789
 04/25  06:00:00,1.11412778167,8.06075033894,0.0,6.74025098853,0.0,0.188568839186,0.188568839186,0.188568839186,0.183132566605,0.0417308470428,0.179091256613,0.498204272227
 04/25  07:00:00,1.48937050229,9.11158094667,0.0,7.62190165423,0.0,0.213211674801,0.213211674801,0.213211674801,0.340103242241,0.0775001488714,0.268276070635,0.529379365742
 04/25  08:00:00,1.33887772351,8.26074058135,0.0,6.8192723437,0.0,0.19074453734,0.19074453734,0.19074453734,0.27469878289,0.0625962705642,0.33987845685,0.447559675866
 04/25  09:00:00,1.15657110203,7.74561919065,0.0,6.43929370784,0.0,0.180088886618,0.180088886618,0.180088886618,0.130808958414,0.0298077505057,0.411556030557,0.380909475937
 04/25  10:00:00,1.16522258563,8.11708427064,0.0,6.96624026898,0.0,0.194802829998,0.194802829998,0.194802829998,0.104647174424,0.0238462022371,0.428658542824,0.389867836142
 04/25  11:00:00,1.15601382952,7.01104828268,0.0,5.99991073675,0.0,0.167760899578,0.167760899578,0.167760899578,0.104647174424,0.0238462022371,0.446372272339,0.389987280945
 04/25  12:00:00,1.13724516418,6.83687807898,0.0,5.93528685893,0.0,0.165938241841,0.165938241841,0.165938241841,0.104647174424,0.0238462022371,0.435995728883,0.383417816795
 04/25  13:00:00,1.08674752781,5.84564134928,0.0,5.00804562485,0.0,0.139991072331,0.139991072331,0.139991072331,0.104647174424,0.0238462022371,0.398186888918,0.396676189899
 04/25  14:00:00,1.04878140572,4.68275693423,0.0,3.90744199452,0.0,0.109199506373,0.109199506373,0.109199506373,0.104647174424,0.0238462022371,0.368676154679,0.419012368011
 04/25  15:00:00,1.11114881824,5.7266138284,0.0,4.94201421521,0.0,0.138101692301,0.138101692301,0.138101692301,0.104647174424,0.0238462022371,0.378849644733,0.442304104545
 04/25  16:00:00,1.23925938198,5.24154610538,0.0,4.37388955801,0.0,0.12223468057,0.12223468057,0.12223468057,0.111187620359,0.0253365900678,0.433932254986,0.523168236
 04/25  17:00:00,1.49120220102,5.10388691143,0.0,4.06325594494,0.0,0.113550252763,0.113550252763,0.113550252763,0.150430269912,0.0342789231607,0.533976959804,0.635565795378
 04/25  18:00:00,1.68872433679,5.5464938119,0.0,4.35067766752,0.0,0.12158721098,0.12158721098,0.12158721098,0.27469878289,0.0625962705642,0.486409446927,0.690032625427
 04/25  19:00:00,1.95050150436,6.58495095926,0.0,5.36439379534,0.0,0.149952583572,0.149952583572,0.149952583572,0.542857157559,0.123702162461,0.398340242034,0.712249358737
 04/25  20:00:00,2.38266623772,7.38644825544,0.0,6.25550468061,0.0,0.174921834745,0.174921834745,0.174921834745,0.889500937064,0.202692720543,0.355415202073,0.736735543299
 04/25  21:00:00,2.43679115791,7.35654619476,0.0,6.33697157416,0.0,0.177236152537,0.177236152537,0.177236152537,0.961445804636,0.219086977518,0.336086731514,0.719535491704
 04/25  22:00:00,1.99540812668,7.66946343581,0.0,6.83352097814,0.0,0.191139112417,0.191139112417,0.191139112417,0.719449184404,0.163942630836,0.274811442345,0.622665756682
 04/25  23:00:00,1.5705395929,7.93434697193,0.0,7.29540438292,0.0,0.20406284178,0.20406284178,0.20406284178,0.497074049416,0.1132694507,0.19164829459,0.541084956411
 04/25  24:00:00,1.13276972267,8.12954836099,0.0,7.69916303379,0.0,0.215356354919,0.215356354919,0.215356354919,0.255077431681,0.0581251040177,0.133251156183,0.447559675866
 04/26  01:00:00,0.968422259438,8.35033022254,0.0,8.0142916152,0.0,0.224161426038,0.224161426038,0.224161426038,0.156970807175,0.0357693018285,0.116036154945,0.412084569452
 04/26  02:00:00,0.885969334847,8.37087643979,0.0,8.06040145581,0.0,0.225445573644,0.225445573644,0.225445573644,0.104647174424,0.0238462022371,0.1013236072,0.407306777342
 04/26  03:00:00,0.874240420792,8.49423124871,0.0,8.17678985442,0.0,0.228696719329,0.228696719329,0.228696719329,0.104647174424,0.0238462022371,0.0920768979912,0.401573426811
 04/26  04:00:00,0.871625296406,8.61571134601,0.0,8.2257589029,0.0,0.230056239294,0.230056239294,0.230056239294,0.104647174424,0.0238462022371,0.103271743588,0.386403936863
 04/26  05:00:00,0.944889371086,9.15711614453,0.0,8.44365778308,0.0,0.236147009345,0.236147009345,0.236147009345,0.111187620359,0.0253365900678,0.117622413424,0.43119573789
 04/26  06:00:00,1.18013026448,10.4185432879,0.0,9.10210088978,0.0,0.254571321987,0.254571321987,0.254571321987,0.183132566605,0.0417308470428,0.179091256613,0.498204272227
 04/26  07:00:00,1.49144363982,9.18156885804,0.0,7.69645802896,0.0,0.215284812332,0.215284812332,0.215284812332,0.340103242241,0.0775001488714,0.268276070635,0.529379365742
 04/26  08:00:00,1.32262711003,7.67732735983,0.0,6.23919369749,0.0,0.17449392386,0.17449392386,0.17449392386,0.27469878289,0.0625962705642,0.33987845685,0.447559675866
 04/26  09:00:00,1.11298556026,6.18589973926,0.0,4.88202107342,0.0,0.136503344848,0.136503344848,0.136503344848,0.130808958414,0.0298077505057,0.411556030557,0.380909475937
 04/26  10:00:00,1.08624040682,5.29255528833,0.0,4.14311593403,0.0,0.115820651188,0.115820651188,0.115820651188,0.104647174424,0.0238462022371,0.428658542824,0.389867836142
 04/26  11:00:00,1.06830627542,3.87463564333,0.0,2.86412222561,0.0,0.0800533454728,0.0800533454728,0.0800533454728,0.104647174424,0.0238462022371,0.446372272339,0.389987280945
 04/26  12:00:00,1.0167255583,2.5275310455,0.0,1.62536505661,0.0,0.0454186359572,0.0454186359572,0.0454186359572,0.104647174424,0.0238462022371,0.435995728883,0.383417816795
 04/26  13:00:00,0.973266743285,1.78754521179,0.0,0.94892381058,0.0,0.0265102878077,0.0265102878077,0.0265102878077,0.104647174424,0.0238462022371,0.398186888918,0.396676189899
 04/26  14:00:00,0.945856324725,1.00098040848,0.0,0.224616512634,0.0,0.00627442537364,0.00627442537364,0.00627442537364,0.104647174424,0.0238462022371,0.368676154679,0.419012368011
 04/26  15:00:00,0.973047125939,0.786001197388,0.0,0.0,0.0,0.0,0.0,0.0,0.104647174424,0.0238462022371,0.378849644733,0.442304104545
 04/26  16:00:00,1.12215894884,1.05272226694,0.0,0.183809877645,0.0,0.0051342474241,0.0051342474241,0.0051342474241,0.111187620359,0.0253365900678,0.433932254986,0.523168236
 04/26  17:00:00,1.40453652124,2.00322565634,0.0,0.962521281084,0.0,0.0268845729843,0.0268845729843,0.0268845729843,0.150430269912,0.0342789231607,0.533976959804,0.635565795378
 04/26  18:00:00,1.59361108214,2.14308146764,0.0,0.947772805957,0.0,0.0264739563351,0.0264739563351,0.0264739563351,0.27469878289,0.0625962705642,0.486409446927,0.690032625427
 04/26  19:00:00,1.83995819067,2.63101099515,0.0,1.41073044594,0.0,0.0394092698763,0.0394092698763,0.0394092698763,0.542857157559,0.123702162461,0.398340242034,0.712249358737
 04/26  20:00:00,2.26660730192,3.237744419,0.0,2.10664517017,0.0,0.0588628989384,0.0588628989384,0.0588628989384,0.889500937064,0.202692720543,0.355415202073,0.736735543299
 04/26  21:00:00,2.33712436205,3.79497215353,0.0,2.77541081019,0.0,0.0775693566801,0.0775693566801,0.0775693566801,0.961445804636,0.219086977518,0.336086731514,0.719535491704
 04/26  22:00:00,1.89848347696,4.2070671406,0.0,3.37056327071,0.0,0.0942144626904,0.0942144626904,0.0942144626904,0.719449184404,0.163942630836,0.274811442345,0.622665756682
 04/26  23:00:00,1.48155967558,4.75691670962,0.0,4.1169674822,0.0,0.11508292446,0.11508292446,0.11508292446,0.497074049416,0.1132694507,0.19164829459,0.541084956411
 04/26  24:00:00,1.05512248691,5.35822348339,0.0,4.92635128806,0.0,0.137709119167,0.137709119167,0.137709119167,0.255077431681,0.0581251040177,0.133251156183,0.447559675866
 04/27  01:00:00,0.903758618642,6.04325593962,0.0,5.70573452444,0.0,0.159497785242,0.159497785242,0.159497785242,0.156970807175,0.0357693018285,0.116036154945,0.412084569452
 04/27  02:00:00,0.842605515621,6.82498971525,0.0,6.5132555096,0.0,0.182081754417,0.182081754417,0.182081754417,0.104647174424,0.0238462022371,0.1013236072,0.407306777342
 04/27  03:00:00,0.849545890998,7.6149122686,0.0,7.29673081226,0.0,0.204002189534,0.204002189534,0.204002189534,0.104647174424,0.0238462022371,0.0920768979912,0.401573426811
 04/27  04:00:00,0.854978991779,8.02309130207,0.0,7.63280095857,0.0,0.213409934667,0.213409934667,0.213409934667,0.104647174424,0.0238462022371,0.103271743588,0.386403936863
 04/27  05:00:00,0.928660003761,8.57800636137,0.0,7.86522500583,0.0,0.219917642019,0.219917642019,0.219917642019,0.111187620359,0.0253365900678,0.117622413424,0.43119573789
 04/27  06:00:00,1.14286334295,9.08553130647,0.0,7.77139821958,0.0,0.217304400463,0.217304400463,0.217304400463,0.183132566605,0.0417308470428,0.179091256613,0.498204272227
 04/27  07:00:00,1.46897840441,8.37786545616,0.0,6.89552072495,0.0,0.192819576925,0.192819576925,0.192819576925,0.340103242241,0.0775001488714,0.268276070635,0.529379365742
 04/27  08:00:00,1.30117003183,6.9091480773,0.0,5.47371105664,0.0,0.153036845661,0.153036845661,0.153036845661,0.27469878289,0.0625962705642,0.33987845685,0.447559675866
 04/27  09:00:00,1.12143295342,6.48654580318,0.0,5.18537992231,0.0,0.144950738011,0.144950738011,0.144950738011,0.130808958414,0.0298077505057,0.411556030557,0.380909475937
 04/27  10:00:00,1.08647864094,5.29942617317,0.0,4.15231737563,0.0,0.116058885314,0.116058885314,0.116058885314,0.104647174424,0.0238462022371,0.428658542824,0.389867836142
 04/27  11:00:00,1.09908178902,4.97348103787,0.0,3.96546914968,0.0,0.110828859074,0.110828859074,0.110828859074,0.104647174424,0.0238462022371,0.446372272339,0.389987280945
 04/27  12:00:00,1.06448264784,4.2337843775,0.0,3.33435466307,0.0,0.0931757255063,0.0931757255063,0.0931757255063,0.104647174424,0.0238462022371,0.435995728883,0.383417816795
 04/27  13:00:00,1.03513227705,3.99850449034,0.0,3.16289740892,0.0,0.088375821574,0.088375821574,0.088375821574,0.104647174424,0.0238462022371,0.398186888918,0.396676189899
 04/27  14:00:00,1.0209416027,3.6851180933,0.0,2.91197456957,0.0,0.0813597033505,0.0813597033505,0.0813597033505,0.104647174424,0.0238462022371,0.368676154679,0.419012368011
 04/27  15:00:00,1.05812731545,3.82813744801,0.0,3.04529867774,0.0,0.0850801895153,0.0850801895153,0.0850801895153,0.104647174424,0.0238462022371,0.378849644733,0.442304104545
 04/27  16:00:00,1.19584093456,3.68670127197,0.0,2.82117659012,0.0,0.0788162331469,0.0788162331469,0.0788162331469,0.111187620359,0.0253365900678,0.433932254986,0.523168236
 04/27  17:00:00,1.48801765918,4.98713537002,0.0,3.95020400364,0.0,0.110365710928,0.110365710928,0.110365710928,0.150430269912,0.0342789231607,0.533976959804,0.635565795378
 04/27  18:00:00,1.66232547845,4.59803120724,0.0,3.40676660849,0.0,0.0951883526418,0.0951883526418,0.0951883526418,0.27469878289,0.0625962705642,0.486409446927,0.690032625427
 04/27  19:00:00,1.90539689739,4.96891148808,0.0,3.75244247713,0.0,0.104847976597,0.104847976597,0.104847976597,0.542857157559,0.123702162461,0.398340242034,0.712249358737
 04/27  20:00:00,2.32967270598,5.49093694649,0.0,4.36332920555,0.0,0.121928303006,0.121928303006,0.121928303006,0.889500937064,0.202692720543,0.355415202073,0.736735543299
 04/27  21:00:00,2.38965369517,5.67245831562,0.0,4.6554990717,0.0,0.130098689804,0.130098689804,0.130098689804,0.961445804636,0.219086977518,0.336086731514,0.719535491704
 04/27  22:00:00,1.94528572671,5.87993270311,0.0,5.04586982362,0.0,0.141016712441,0.141016712441,0.141016712441,0.719449184404,0.163942630836,0.274811442345,0.622665756682
 04/27  23:00:00,1.51238792682,5.8592653436,0.0,5.22099636061,0.0,0.145911175707,0.145911175707,0.145911175707,0.497074049416,0.1132694507,0.19164829459,0.541084956411
 04/27  24:00:00,1.06539385544,5.7264274602,0.0,5.29546145769,0.0,0.147980487688,0.147980487688,0.147980487688,0.255077431681,0.0581251040177,0.133251156183,0.447559675866
 04/28  01:00:00,0.900427541294,5.92687333308,0.0,5.58950694805,0.0,0.156166707893,0.156166707893,0.156166707893,0.156970807175,0.0357693018285,0.116036154945,0.412084569452
 04/28  02:00:00,0.818104022816,5.95368177397,0.0,5.64161576159,0.0,0.157580261613,0.157580261613,0.157580261613,0.104647174424,0.0238462022371,0.1013236072,0.407306777342
 04/28  03:00:00,0.809642487684,6.19517565814,0.0,5.8761853591,0.0,0.164098786221,0.164098786221,0.164098786221,0.104647174424,0.0238462022371,0.0920768979912,0.401573426811
 04/28  04:00:00,0.809464427742,6.40412505892,0.0,6.0131268249,0.0,0.16789537063,0.16789537063,0.16789537063,0.104647174424,0.0238462022371,0.103271743588,0.386403936863
 04/28  05:00:00,0.87352480979,6.61501724508,0.0,5.90232973265,0.0,0.164782448049,0.164782448049,0.164782448049,0.111187620359,0.0253365900678,0.117622413424,0.43119573789
 04/28  06:00:00,1.08168666183,6.90543520159,0.0,5.59292929005,0.0,0.156127719344,0.156127719344,0.156127719344,0.183132566605,0.0417308470428,0.179091256613,0.498204272227
 04/28  07:00:00,1.42843380779,6.9360158904,0.0,5.4558809005,0.0,0.152274980298,0.152274980298,0.152274980298,0.340103242241,0.0775001488714,0.268276070635,0.529379365742
 04/28  08:00:00,1.29259559156,6.60923348014,0.0,5.17650663815,0.0,0.14446240539,0.14446240539,0.14446240539,0.27469878289,0.0625962705642,0.33987845685,0.447559675866
 04/28  09:00:00,1.12136022138,6.49019347176,0.0,5.19188222044,0.0,0.144878005961,0.144878005961,0.144878005961,0.130808958414,0.0298077505057,0.411556030557,0.380909475937
 04/28  10:00:00,1.12152691931,6.5600063233,0.0,5.41570387189,0.0,0.151107163681,0.151107163681,0.151107163681,0.104647174424,0.0238462022371,0.428658542824,0.389867836142
 04/28  11:00:00,1.12742574728,5.9938130245,0.0,4.98831196706,0.0,0.139172817336,0.139172817336,0.139172817336,0.104647174424,0.0238462022371,0.446372272339,0.389987280945
 04/28  12:00:00,1.09844155077,5.45449062465,0.0,4.55740860033,0.0,0.127134628435,0.127134628435,0.127134628435,0.104647174424,0.0238462022371,0.435995728883,0.383417816795
 04/28  13:00:00,1.07424055709,5.40377631203,0.0,4.57042594268,0.0,0.127484101611,0.127484101611,0.127484101611,0.104647174424,0.0238462022371,0.398186888918,0.396676189899
 04/28  14:00:00,1.05973445851,5.07878964539,0.0,4.30781733704,0.0,0.120152559156,0.120152559156,0.120152559156,0.104647174424,0.0238462022371,0.368676154679,0.419012368011
 04/28  15:00:00,1.10491952854,5.50899226274,0.0,4.72843825371,0.0,0.131872402596,0.131872402596,0.131872402596,0.104647174424,0.0238462022371,0.378849644733,0.442304104545
 04/28  16:00:00,1.24733739836,5.53545041661,0.0,4.67261081806,0.0,0.13031269695,0.13031269695,0.13031269695,0.111187620359,0.0253365900678,0.433932254986,0.523168236
 04/28  17:00:00,1.51935983334,6.11551505182,0.0,5.08134291003,0.0,0.14170788509,0.14170788509,0.14170788509,0.150430269912,0.0342789231607,0.533976959804,0.635565795378
 04/28  18:00:00,1.69609285442,5.81207765153,0.0,4.62397478437,0.0,0.128955728614,0.128955728614,0.128955728614,0.27469878289,0.0625962705642,0.486409446927,0.690032625427
 04/28  19:00:00,1.93552376223,6.05328526746,0.0,4.84000080138,0.0,0.134974841444,0.134974841444,0.134974841444,0.542857157559,0.123702162461,0.398340242034,0.712249358737
 04/28  20:00:00,2.34281326504,5.9681218801,0.0,4.84311443984,0.0,0.135068862062,0.135068862062,0.135068862062,0.889500937064,0.202692720543,0.355415202073,0.736735543299
 04/28  21:00:00,2.40471695615,6.21885902543,0.0,5.20447324229,0.0,0.145161950782,0.145161950782,0.145161950782,0.961445804636,0.219086977518,0.336086731514,0.719535491704
 04/28  22:00:00,1.95897150418,6.378560643,0.0,5.54612922113,0.0,0.154702489916,0.154702489916,0.154702489916,0.719449184404,0.163942630836,0.274811442345,0.622665756682
 04/28  23:00:00,1.53049823846,6.51726840696,0.0,5.88016854532,0.0,0.164021487345,0.164021487345,0.164021487345,0.497074049416,0.1132694507,0.19164829459,0.541084956411
 04/28  24:00:00,1.08506870598,6.44075417946,0.0,6.01043109417,0.0,0.16765533823,0.16765533823,0.16765533823,0.255077431681,0.0581251040177,0.133251156183,0.447559675866
 04/29  01:00:00,0.924107702458,6.62897311532,0.0,6.28269284863,0.0,0.175242007659,0.175242007659,0.175242007659,0.156970807175,0.0357693018285,0.120641016344,0.412084569452
 04/29  02:00:00,0.841966893508,6.71509385942,0.0,6.39658647659,0.0,0.178396687484,0.178396687484,0.178396687484,0.104647174424,0.0238462022371,0.10437005202,0.407306777342
 04/29  03:00:00,0.836498978954,7.11623989626,0.0,6.79035545499,0.0,0.189362305968,0.189362305968,0.189362305968,0.104647174424,0.0238462022371,0.093669869514,0.401573426811
 04/29  04:00:00,0.835640899401,7.25317389644,0.0,6.84789844015,0.0,0.190955494093,0.190955494093,0.190955494093,0.104647174424,0.0238462022371,0.106388091784,0.386403936863
 04/29  05:00:00,0.901258112286,7.48669359143,0.0,6.73248144306,0.0,0.187736275878,0.187736275878,0.187736275878,0.111187620359,0.0253365900678,0.122401888091,0.43119573789
 04/29  06:00:00,1.12064345912,7.95970431112,0.0,6.55154567642,0.0,0.182688085783,0.182688085783,0.182688085783,0.183132566605,0.0417308470428,0.191487687466,0.498204272227
 04/29  07:00:00,1.50294227097,8.84479014733,0.0,7.24773738425,0.0,0.20209518805,0.20209518805,0.20209518805,0.340103242241,0.0775001488714,0.292964326062,0.529379365742
 04/29  08:00:00,1.36686994256,8.04207525947,0.0,6.48702128865,0.0,0.180893238904,0.180893238904,0.180893238904,0.27469878289,0.0625962705642,0.377721974339,0.447559675866
 04/29  09:00:00,1.19932855067,7.51961990739,0.0,6.10795884959,0.0,0.170310100639,0.170310100639,0.170310100639,0.130808958414,0.0298077505057,0.464092265177,0.380909475937
 04/29  10:00:00,1.20009777019,7.34926018728,0.0,6.10743859644,0.0,0.170275747312,0.170275747312,0.170275747312,0.104647174424,0.0238462022371,0.488060810076,0.389867836142
 04/29  11:00:00,1.17899543726,5.73305668966,0.0,4.64595951887,0.0,0.129505621433,0.129505621433,0.129505621433,0.104647174424,0.0238462022371,0.507609158221,0.389987280945
 04/29  12:00:00,1.12566746185,4.50600337928,0.0,3.5375126189,0.0,0.0985816159404,0.0985816159404,0.0985816159404,0.104647174424,0.0238462022371,0.491774652455,0.383417816795
 04/29  13:00:00,1.06665637182,3.37434628077,0.0,2.47835086332,0.0,0.0690472119188,0.0690472119188,0.0690472119188,0.104647174424,0.0238462022371,0.44903959334,0.396676189899
 04/29  14:00:00,1.04553154258,2.99315252363,0.0,2.16496491802,0.0,0.0603031425179,0.0603031425179,0.0603031425179,0.104647174424,0.0238462022371,0.414322655394,0.419012368011
 04/29  15:00:00,1.10009253484,3.84591844001,0.0,3.00896034588,0.0,0.0838099407146,0.0838099407146,0.0838099407146,0.104647174424,0.0238462022371,0.422085112918,0.442304104545
 04/29  16:00:00,1.23857588621,3.79104707828,0.0,2.85931657285,0.0,0.0796469458213,0.0796469458213,0.0796469458213,0.111187620359,0.0253365900678,0.475836493957,0.523168236
 04/29  17:00:00,1.51730922422,4.64879634848,0.0,3.53264512195,0.0,0.0984133575216,0.0984133575216,0.0984133575216,0.150430269912,0.0342789231607,0.575220878243,0.635565795378
 04/29  18:00:00,1.69016991157,4.27318219687,0.0,2.97919508331,0.0,0.0830040844452,0.0830040844452,0.0830040844452,0.27469878289,0.0625962705642,0.526438148244,0.690032625427
 04/29  19:00:00,1.93828672323,4.84078837697,0.0,3.50929886569,0.0,0.0977855893624,0.0977855893624,0.0977855893624,0.542857157559,0.123702162461,0.438292455115,0.712249358737
 04/29  20:00:00,2.3522590787,4.96371361239,0.0,3.72614196051,0.0,0.103850077149,0.103850077149,0.103850077149,0.889500937064,0.202692720543,0.396079800644,0.736735543299
 04/29  21:00:00,2.41127953477,5.06204259785,0.0,3.95286617944,0.0,0.110183195824,0.110183195824,0.110183195824,0.961445804636,0.219086977518,0.377628065087,0.719535491704
 04/29  22:00:00,1.96408961398,5.4559063109,0.0,4.54903341719,0.0,0.126811852563,0.126811852563,0.126811852563,0.719449184404,0.163942630836,0.307820189494,0.622665756682
 04/29  23:00:00,1.52301118485,5.64874276321,0.0,4.96504121113,0.0,0.138410447555,0.138410447555,0.138410447555,0.497074049416,0.1132694507,0.209772280765,0.541084956411
 04/29  24:00:00,1.07530490184,5.83703830498,0.0,5.38886284541,0.0,0.1502222372,0.1502222372,0.1502222372,0.255077431681,0.0581251040177,0.140920453078,0.447559675866
 04/30  01:00:00,0.908573286249,6.07607181359,0.0,5.72942210136,0.0,0.159707591449,0.159707591449,0.159707591449,0.156970807175,0.0357693018285,0.120641016344,0.412084569452
 04/30  02:00:00,0.824560689483,6.09455736037,0.0,5.77576104931,0.0,0.16099048346,0.16099048346,0.16099048346,0.104647174424,0.0238462022371,0.10437005202,0.407306777342
 04/30  03:00:00,0.809341488554,6.14559102654,0.0,5.81940391804,0.0,0.162204815568,0.162204815568,0.162204815568,0.104647174424,0.0238462022371,0.093669869514,0.401573426811
 04/30  04:00:00,0.812731688486,6.43486469796,0.0,6.02934089234,0.0,0.168046283178,0.168046283178,0.168046283178,0.104647174424,0.0238462022371,0.106388091784,0.386403936863
 04/30  05:00:00,0.883132862035,6.83926147863,0.0,6.08582679938,0.0,0.169611025627,0.169611025627,0.169611025627,0.111187620359,0.0253365900678,0.122401888091,0.43119573789
 04/30  06:00:00,1.10527746223,7.40917297427,0.0,6.00381615901,0.0,0.167322088892,0.167322088892,0.167322088892,0.183132566605,0.0417308470428,0.191487687466,0.498204272227
 04/30  07:00:00,1.4669720187,7.55450603832,0.0,5.96098004355,0.0,0.166124935787,0.166124935787,0.166124935787,0.340103242241,0.0775001488714,0.292964326062,0.529379365742
 04/30  08:00:00,1.35550695672,7.63486272678,0.0,6.08300141799,0.0,0.169530253063,0.169530253063,0.169530253063,0.27469878289,0.0625962705642,0.377721974339,0.447559675866
 04/30  09:00:00,1.19142288048,7.23627065071,0.0,5.82764297324,0.0,0.162404430451,0.162404430451,0.162404430451,0.130808958414,0.0298077505057,0.464092265177,0.380909475937
 04/30  10:00:00,1.18519342972,6.81516739069,0.0,5.57578749221,0.0,0.155371406839,0.155371406839,0.155371406839,0.104647174424,0.0238462022371,0.488060810076,0.389867836142
 04/30  11:00:00,1.15597297526,4.90744537957,0.0,3.82218982424,0.0,0.106483159436,0.106483159436,0.106483159436,0.104647174424,0.0238462022371,0.507609158221,0.389987280945
 04/30  12:00:00,1.10792179074,3.86943536224,0.0,2.90251762639,0.0,0.0808359448254,0.0808359448254,0.0808359448254,0.104647174424,0.0238462022371,0.491774652455,0.383417816795
 04/30  13:00:00,1.05637220014,3.00512327548,0.0,2.11056417761,0.0,0.0587630402369,0.0587630402369,0.0587630402369,0.104647174424,0.0238462022371,0.44903959334,0.396676189899
 04/30  14:00:00,1.0312431652,2.47978823934,0.0,1.65296868797,0.0,0.0460147651317,0.0460147651317,0.0460147651317,0.104647174424,0.0238462022371,0.414322655394,0.419012368011
 04/30  15:00:00,1.04404254045,1.83395855834,0.0,0.997390728937,0.0,0.0277599463208,0.0277599463208,0.0277599463208,0.104647174424,0.0238462022371,0.422085112918,0.442304104545
 04/30  16:00:00,1.17306215349,1.4392503566,0.0,0.507861807979,0.0,0.0141332131056,0.0141332131056,0.0141332131056,0.111187620359,0.0253365900678,0.475836493957,0.523168236
 04/30  17:00:00,1.44000578048,1.87437620332,0.0,0.75865216181,0.0,0.0211099137853,0.0211099137853,0.0211099137853,0.150430269912,0.0342789231607,0.575220878243,0.635565795378
 04/30  18:00:00,1.62209650829,1.82974228136,0.0,0.536601810257,0.0,0.0149306811677,0.0149306811677,0.0149306811677,0.27469878289,0.0625962705642,0.526438148244,0.690032625427
 04/30  19:00:00,1.86807547604,2.32135607551,0.0,0.990952880412,0.0,0.0275743421694,0.0275743421694,0.0275743421694,0.542857157559,0.123702162461,0.438292455115,0.712249358737
 04/30  20:00:00,2.30051406487,3.10834443152,0.0,1.8720874419,0.0,0.0521050633191,0.0521050633191,0.0521050633191,0.889500937064,0.202692720543,0.396079800644,0.736735543299
 04/30  21:00:00,2.37770233885,3.85913116935,0.0,2.7515852114,0.0,0.0766059999074,0.0766059999074,0.0766059999074,0.961445804636,0.219086977518,0.377628065087,0.719535491704
 04/30  22:00:00,1.93791078015,4.51971088846,0.0,3.6140051604,0.0,0.100633018734,0.100633018734,0.100633018734,0.719449184404,0.163942630836,0.307820189494,0.622665756682
 04/30  23:00:00,1.51010602294,5.18989603587,0.0,4.50690186581,0.0,0.125505285651,0.125505285651,0.125505285651,0.497074049416,0.1132694507,0.209772280765,0.541084956411
 04/30  24:00:00,1.07481344227,5.82451515018,0.0,5.37657511156,0.0,0.149730777626,0.149730777626,0.149730777626,0.255077431681,0.0581251040177,0.140920453078,0.447559675866
 05/01  01:00:00,0.913486085936,6.54296251882,0.0,6.20593970263,0.0,0.172843332285,0.172843332285,0.172843332285,0.153303325012,0.0349336134375,0.116106043831,0.41289977137
 05/01  02:00:00,0.850067870744,7.19289584748,0.0,6.88137382821,0.0,0.191691234462,0.191691234462,0.191691234462,0.102202243232,0.0232890725707,0.101372792835,0.408112527644
 05/01  03:00:00,0.852347723088,7.81770196954,0.0,7.49971854898,0.0,0.208963355397,0.208963355397,0.208963355397,0.102202243232,0.0232890725707,0.0921252167148,0.402367835173
 05/01  04:00:00,0.864628241447,8.47056414889,0.0,8.08152224045,0.0,0.225228913131,0.225228913131,0.225228913131,0.102202243232,0.0232890725707,0.103339676171,0.387168336342
 05/01  05:00:00,0.961534296453,9.88729193551,0.0,9.1798866239,0.0,0.255912143824,0.255912143824,0.255912143824,0.107880156073,0.0245829097661,0.117710340515,0.432048746274
 05/01  06:00:00,1.17101192776,11.3767735672,0.0,10.0753692516,0.0,0.280924728716,0.280924728716,0.280924728716,0.153303325012,0.0349336134375,0.179260421057,0.499189839532
 05/01  07:00:00,1.36986321642,8.5063380063,0.0,7.03830985158,0.0,0.196261345058,0.196261345058,0.196261345058,0.255505673227,0.0582226890625,0.268546904233,0.530426604844
 05/01  08:00:00,1.20924170298,7.16736869788,0.0,5.74561465559,0.0,0.16018756563,0.16018756563,0.16018756563,0.193048661283,0.0439904829679,0.340169937058,0.448445056036
 05/01  09:00:00,1.06284692588,5.60957920596,0.0,4.32045485487,0.0,0.120432591284,0.120432591284,0.120432591284,0.102202243232,0.0232890725707,0.411860012733,0.381663006058
 05/01  10:00:00,1.06278768381,5.27122851421,0.0,4.13460126513,0.0,0.115243110632,0.115243110632,0.115243110632,0.0851685446715,0.0194075640389,0.428929376422,0.390639088044
 05/01  11:00:00,1.05255969265,4.12602250839,0.0,3.12646911212,0.0,0.0871416632051,0.0871416632051,0.0871416632051,0.0851685446715,0.0194075640389,0.446683151596,0.390758769137
 05/01  12:00:00,1.02314837963,3.57054602102,0.0,2.67841091644,0.0,0.0746477890979,0.0746477890979,0.0746477890979,0.0851685446715,0.0194075640389,0.436348172812,0.384176309014
 05/01  13:00:00,0.983119485764,2.95375321533,0.0,2.12442189569,0.0,0.059203230663,0.059203230663,0.059203230663,0.0851685446715,0.0194075640389,0.398479236038,0.397460910353
 05/01  14:00:00,0.959609878205,2.30503839977,0.0,1.5372006625,0.0,0.042836430576,0.042836430576,0.042836430576,0.0851685446715,0.0194075640389,0.368956064146,0.419841274773
 05/01  15:00:00,0.986989760885,2.09208620538,0.0,1.31461022091,0.0,0.0366324755755,0.0366324755755,0.0366324755755,0.0851685446715,0.0194075640389,0.379202088662,0.443179087937
 05/01  16:00:00,1.113112371,1.55842485479,0.0,0.698880154156,0.0,0.0194745912293,0.0194745912293,0.0194745912293,0.0908464575122,0.0207014012343,0.43448673302,0.524203188
 05/01  17:00:00,1.36176799936,2.00737952748,0.0,0.977777012682,0.0,0.0272469291843,0.0272469291843,0.0272469291843,0.11355805551,0.0258767469614,0.534863171049,0.636823096655
 05/01  18:00:00,1.49663866404,1.92588020952,0.0,0.743484701501,0.0,0.0207215971839,0.0207215971839,0.0207215971839,0.198726547316,0.0452843171089,0.487108527302,0.691397675132
 05/01  19:00:00,1.65214747943,2.22417234478,0.0,1.01699499158,0.0,0.0283495061276,0.0283495061276,0.0283495061276,0.397453226172,0.0905686342179,0.398717754459,0.713658358458
 05/01  20:00:00,2.02816859513,3.03395644707,0.0,1.91493112829,0.0,0.0534000549874,0.0534000549874,0.0534000549874,0.698382124199,0.159141996409,0.355651436977,0.738192982553
 05/01  21:00:00,2.27724279313,3.66722182271,0.0,2.65850488858,0.0,0.0741715020586,0.0741715020586,0.0741715020586,0.914142329616,0.208307846484,0.336262209834,0.72095890514
 05/01  22:00:00,1.89877388758,4.34277971599,0.0,3.51490096953,0.0,0.0981037459941,0.0981037459941,0.0981037459941,0.7154157823,0.163023529375,0.274933291318,0.623897538595
 05/01  23:00:00,1.49224201863,4.98358873248,0.0,4.34955759244,0.0,0.121433586814,0.121433586814,0.121433586814,0.499655442847,0.113857709843,0.191739927151,0.542155351973
 05/01  24:00:00,1.06386218896,5.62053934951,0.0,5.19174341503,0.0,0.144967065796,0.144967065796,0.144967065796,0.255505673227,0.0582226890625,0.133321704843,0.448445056036
 05/02  01:00:00,0.908265436599,6.3376848954,0.0,6.0020926627,0.0,0.167622682948,0.167622682948,0.167622682948,0.153303325012,0.0349336134375,0.116106043831,0.41289977137
 05/02  02:00:00,0.85008388464,7.17308120553,0.0,6.86300051799,0.0,0.191707248358,0.191707248358,0.191707248358,0.102202243232,0.0232890725707,0.101372792835,0.408112527644
 05/02  03:00:00,0.851349987621,7.76066853497,0.0,7.44408443578,0.0,0.20796561993,0.20796561993,0.20796561993,0.102202243232,0.0232890725707,0.0921252167148,0.402367835173
 05/02  04:00:00,0.838306894787,7.50675769119,0.0,7.11913952882,0.0,0.198907566471,0.198907566471,0.198907566471,0.102202243232,0.0232890725707,0.103339676171,0.387168336342
 05/02  05:00:00,0.900022691844,7.66328464915,0.0,6.95765182016,0.0,0.194400539216,0.194400539216,0.194400539216,0.107880156073,0.0245829097661,0.117710340515,0.432048746274
 05/02  06:00:00,1.09619441199,8.67410311061,0.0,7.37595419801,0.0,0.206107212949,0.206107212949,0.206107212949,0.153303325012,0.0349336134375,0.179260421057,0.499189839532
 05/02  07:00:00,1.34214649469,7.49507573361,0.0,6.03123651222,0.0,0.168544623326,0.168544623326,0.168544623326,0.255505673227,0.0582226890625,0.268546904233,0.530426604844
 05/02  08:00:00,1.18995803892,6.46009044181,0.0,5.04280743511,0.0,0.140903901577,0.140903901577,0.140903901577,0.193048661283,0.0439904829679,0.340169937058,0.448445056036
 05/02  09:00:00,1.04736895349,5.04210907647,0.0,3.75700347432,0.0,0.104954618897,0.104954618897,0.104954618897,0.102202243232,0.0232890725707,0.411860012733,0.381663006058
 05/02  10:00:00,1.03318444386,4.19945443307,0.0,3.06611999415,0.0,0.0856398706863,0.0856398706863,0.0856398706863,0.0851685446715,0.0194075640389,0.428929376422,0.390639088044
 05/02  11:00:00,1.01876453751,2.90696867601,0.0,1.91015270934,0.0,0.0533465080708,0.0533465080708,0.0533465080708,0.0851685446715,0.0194075640389,0.446683151596,0.390758769137
 05/02  12:00:00,0.987628184991,2.29108709258,0.0,1.40116800815,0.0,0.0391275944547,0.0391275944547,0.0391275944547,0.0851685446715,0.0194075640389,0.436348172812,0.384176309014
 05/02  13:00:00,0.949726449679,1.75146122323,0.0,0.924334459721,0.0,0.0258101945778,0.0258101945778,0.0258101945778,0.0851685446715,0.0194075640389,0.398479236038,0.397460910353
 05/02  14:00:00,0.938896248264,1.55793385157,0.0,0.792319798903,0.0,0.0221228006354,0.0221228006354,0.0221228006354,0.0851685446715,0.0194075640389,0.368956064146,0.419841274773
 05/02  15:00:00,0.971148520438,1.51982201305,0.0,0.744652212612,0.0,0.0207912351284,0.0207912351284,0.0207912351284,0.0851685446715,0.0194075640389,0.379202088662,0.443179087937
 05/02  16:00:00,1.11119383483,1.48550961223,0.0,0.628768873985,0.0,0.0175560550668,0.0175560550668,0.0175560550668,0.0908464575122,0.0207014012343,0.43448673302,0.524203188
 05/02  17:00:00,1.37347124411,2.42072049568,0.0,1.39482962328,0.0,0.0389501739312,0.0389501739312,0.0389501739312,0.11355805551,0.0258767469614,0.534863171049,0.636823096655
 05/02  18:00:00,1.50910688647,2.36644563296,0.0,1.18836259364,0.0,0.0331898196075,0.0331898196075,0.0331898196075,0.198726547316,0.0452843171089,0.487108527302,0.691397675132
 05/02  19:00:00,1.66707801347,2.75226107878,0.0,1.5494169867,0.0,0.0432800401669,0.0432800401669,0.0432800401669,0.397453226172,0.0905686342179,0.398717754459,0.713658358458
 05/02  20:00:00,2.02682034262,2.97864989634,0.0,1.86306469748,0.0,0.0520518024849,0.0520518024849,0.0520518024849,0.698382124199,0.159141996409,0.355651436977,0.738192982553
 05/02  21:00:00,2.27028874624,3.41097563428,0.0,2.40516452132,0.0,0.0672174551704,0.0672174551704,0.0672174551704,0.914142329616,0.208307846484,0.336262209834,0.72095890514
 05/02  22:00:00,1.8902995381,4.03170361501,0.0,3.20629864312,0.0,0.0896293965119,0.0896293965119,0.0896293965119,0.7154157823,0.163023529375,0.274933291318,0.623897538595
 05/02  23:00:00,1.48338426346,4.6586754178,0.0,4.02652992428,0.0,0.112575831647,0.112575831647,0.112575831647,0.499655442847,0.113857709843,0.191739927151,0.542155351973
 05/02  24:00:00,1.05146399305,5.16884828491,0.0,4.7413031856,0.0,0.132568869881,0.132568869881,0.132568869881,0.255505673227,0.0582226890625,0.133321704843,0.448445056036
 05/03  01:00:00,0.895856540583,5.88556962458,0.0,5.55088990465,0.0,0.155213786932,0.155213786932,0.155213786932,0.153303325012,0.0349336134375,0.116106043831,0.41289977137
 05/03  02:00:00,0.832477556015,6.53502939063,0.0,6.22576425556,0.0,0.174100919733,0.174100919733,0.174100919733,0.102202243232,0.0232890725707,0.101372792835,0.408112527644
 05/03  03:00:00,0.831560870638,7.04464583552,0.0,6.72881092801,0.0,0.188176502947,0.188176502947,0.188176502947,0.102202243232,0.0232890725707,0.0921252167148,0.402367835173
 05/03  04:00:00,0.833653859448,7.33229152225,0.0,6.94581201294,0.0,0.194254531131,0.194254531131,0.194254531131,0.102202243232,0.0232890725707,0.103339676171,0.387168336342
 05/03  05:00:00,0.904946346173,7.8302040916,0.0,7.12687762645,0.0,0.199324193544,0.199324193544,0.199324193544,0.107880156073,0.0245829097661,0.117710340515,0.432048746274
 05/03  06:00:00,1.08509076126,8.26627171263,0.0,6.97216195752,0.0,0.195003562217,0.195003562217,0.195003562217,0.153303325012,0.0349336134375,0.179260421057,0.499189839532
 05/03  07:00:00,1.34967279915,7.7543358769,0.0,6.29520663053,0.0,0.176070927782,0.176070927782,0.176070927782,0.255505673227,0.0582226890625,0.268546904233,0.530426604844
 05/03  08:00:00,1.20519601208,6.99564403866,0.0,5.58321451921,0.0,0.156141874736,0.156141874736,0.156141874736,0.193048661283,0.0439904829679,0.340169937058,0.448445056036
 05/03  09:00:00,1.08577339276,6.40689873004,0.0,5.12680851157,0.0,0.143359058171,0.143359058171,0.143359058171,0.102202243232,0.0232890725707,0.411860012733,0.381663006058
 05/03  10:00:00,1.0854575401,6.06093919891,0.0,4.93251652869,0.0,0.137912966925,0.137912966925,0.137912966925,0.0851685446715,0.0194075640389,0.428929376422,0.390639088044
 05/03  11:00:00,1.06534393112,4.56669921394,0.0,3.57437326102,0.0,0.0999259016734,0.0999259016734,0.0999259016734,0.0851685446715,0.0194075640389,0.446683151596,0.390758769137
 05/03  12:00:00,1.02115290772,3.48518327646,0.0,2.59930018449,0.0,0.072652317181,0.072652317181,0.072652317181,0.0851685446715,0.0194075640389,0.436348172812,0.384176309014
 05/03  13:00:00,0.966400877654,2.34401330371,0.0,1.52026379824,0.0,0.0424846225523,0.0424846225523,0.0424846225523,0.0851685446715,0.0194075640389,0.398479236038,0.397460910353
 05/03  14:00:00,0.940621812298,1.61638113537,0.0,0.853505994745,0.0,0.0238483646694,0.0238483646694,0.0238483646694,0.0851685446715,0.0194075640389,0.368956064146,0.419841274773
 05/03  15:00:00,0.974287078629,1.62879618207,0.0,0.856476698261,0.0,0.0239297933193,0.0239297933193,0.0239297933193,0.0851685446715,0.0194075640389,0.379202088662,0.443179087937
 05/03  16:00:00,1.11716790926,1.69576048124,0.0,0.842159042173,0.0,0.0235301294928,0.0235301294928,0.0235301294928,0.0908464575122,0.0207014012343,0.43448673302,0.524203188
 05/03  17:00:00,1.35659099461,1.81253094255,0.0,0.789859238773,0.0,0.0220699244301,0.0220699244301,0.0220699244301,0.11355805551,0.0258767469614,0.534863171049,0.636823096655
 05/03  18:00:00,1.49606343615,1.8956062286,0.0,0.720950267608,0.0,0.0201463692918,0.0201463692918,0.0201463692918,0.198726547316,0.0452843171089,0.487108527302,0.691397675132
 05/03  19:00:00,1.65680303004,2.38015271722,0.0,1.18091026233,0.0,0.0330050567366,0.0330050567366,0.0330050567366,0.397453226172,0.0905686342179,0.398717754459,0.713658358458
 05/03  20:00:00,2.03490118099,3.26228321962,0.0,2.15078791558,0.0,0.0601326408507,0.0601326408507,0.0601326408507,0.698382124199,0.159141996409,0.355651436977,0.738192982553
 05/03  21:00:00,2.2800238614,3.75332693266,0.0,2.75138974476,0.0,0.0769525703282,0.0769525703282,0.0769525703282,0.914142329616,0.208307846484,0.336262209834,0.72095890514
 05/03  22:00:00,1.90178487208,4.43675905431,0.0,3.61452742754,0.0,0.10111473049,0.10111473049,0.10111473049,0.7154157823,0.163023529375,0.274933291318,0.623897538595
 05/03  23:00:00,1.49519350532,5.0755855355,0.0,4.44596239627,0.0,0.12438507351,0.12438507351,0.12438507351,0.499655442847,0.113857709843,0.191739927151,0.542155351973
 05/03  24:00:00,1.06036986632,5.48225607321,0.0,5.05661889316,0.0,0.141474743156,0.141474743156,0.141474743156,0.255505673227,0.0582226890625,0.133321704843,0.448445056036
 05/04  01:00:00,0.898195242329,5.96436638064,0.0,5.63121626868,0.0,0.157552488678,0.157552488678,0.157552488678,0.153303325012,0.0349336134375,0.116106043831,0.41289977137
 05/04  02:00:00,0.832963091817,6.54795491916,0.0,6.23992013267,0.0,0.174586455536,0.174586455536,0.174586455536,0.102202243232,0.0232890725707,0.101372792835,0.408112527644
 05/04  03:00:00,0.83104913964,7.02141296143,0.0,6.70697648998,0.0,0.187664771949,0.187664771949,0.187664771949,0.102202243232,0.0232890725707,0.0921252167148,0.402367835173
 05/04  04:00:00,0.839711549593,7.54323976523,0.0,7.15835232442,0.0,0.200312221277,0.200312221277,0.200312221277,0.102202243232,0.0232890725707,0.103339676171,0.387168336342
 05/04  05:00:00,0.926161614653,8.58069443399,0.0,7.88009990773,0.0,0.220539462025,0.220539462025,0.220539462025,0.107880156073,0.0245829097661,0.117710340515,0.432048746274
 05/04  06:00:00,1.10665160987,9.02655443042,0.0,7.73703451509,0.0,0.216564410826,0.216564410826,0.216564410826,0.153303325012,0.0349336134375,0.179260421057,0.499189839532
 05/04  07:00:00,1.35596423578,7.9694727961,0.0,6.51526721219,0.0,0.182362364414,0.182362364414,0.182362364414,0.255505673227,0.0582226890625,0.268546904233,0.530426604844
 05/04  08:00:00,1.19119849793,6.48723990364,0.0,5.07918791208,0.0,0.142144360585,0.142144360585,0.142144360585,0.193048661283,0.0439904829679,0.340169937058,0.448445056036
 05/04  09:00:00,1.05021056797,5.12914875318,0.0,3.85268575035,0.0,0.107796233376,0.107796233376,0.107796233376,0.102202243232,0.0232890725707,0.411860012733,0.381663006058
 05/04  10:00:00,1.04109258929,4.46943408073,0.0,3.34395592322,0.0,0.0935480161096,0.0935480161096,0.0935480161096,0.0851685446715,0.0194075640389,0.428929376422,0.390639088044
 05/04  11:00:00,1.02679548103,3.18401206722,0.0,2.19422785474,0.0,0.0613774515903,0.0613774515903,0.0613774515903,0.0851685446715,0.0194075640389,0.446683151596,0.390758769137
 05/04  12:00:00,0.99671598921,2.6073681538,0.0,1.72386351236,0.0,0.0482153986737,0.0482153986737,0.0482153986737,0.0851685446715,0.0194075640389,0.436348172812,0.384176309014
 05/04  13:00:00,0.949798898284,1.74690382185,0.0,0.925461578893,0.0,0.0258826431825,0.0258826431825,0.0258826431825,0.0851685446715,0.0194075640389,0.398479236038,0.397460910353
 05/04  14:00:00,0.92799463126,1.16189055972,0.0,0.40125481884,0.0,0.0112211836316,0.0112211836316,0.0112211836316,0.0851685446715,0.0194075640389,0.368956064146,0.419841274773
 05/04  15:00:00,0.951087349893,0.796233630856,0.0,0.0261068763837,0.0,0.000730064583298,0.000730064583298,0.000730064583298,0.0851685446715,0.0194075640389,0.379202088662,0.443179087937
 05/04  16:00:00,1.09363777977,0.851302747193,0.0,0.0,0.0,0.0,0.0,0.0,0.0908464575122,0.0207014012343,0.43448673302,0.524203188
 05/04  17:00:00,1.33480920162,1.03005831061,0.0,0.0103036637015,0.0,0.000288131440253,0.000288131440253,0.000288131440253,0.11355805551,0.0258767469614,0.534863171049,0.636823096655
 05/04  18:00:00,1.47591706686,1.17118556626,0.0,0.0,0.0,0.0,0.0,0.0,0.198726547316,0.0452843171089,0.487108527302,0.691397675132
 05/04  19:00:00,1.63703653227,1.66908025588,0.0,0.473331013286,0.0,0.0132385589685,0.0132385589685,0.0132385589685,0.397453226172,0.0905686342179,0.398717754459,0.713658358458
 05/04  20:00:00,2.00687756068,2.25627084098,0.0,1.14767039859,0.0,0.0321090205438,0.0321090205438,0.0321090205438,0.698382124199,0.159141996409,0.355651436977,0.738192982553
 05/04  21:00:00,2.24814666599,2.61005285904,0.0,1.6105809649,0.0,0.045075374912,0.045075374912,0.045075374912,0.914142329616,0.208307846484,0.336262209834,0.72095890514
 05/04  22:00:00,1.86603320681,3.15544424158,0.0,2.33498040025,0.0,0.0653630652257,0.0653630652257,0.0653630652257,0.7154157823,0.163023529375,0.274933291318,0.623897538595
 05/04  23:00:00,1.4558789835,3.6671379732,0.0,3.03869157528,0.0,0.0850705516859,0.0850705516859,0.0850705516859,0.499655442847,0.113857709843,0.191739927151,0.542155351973
 05/04  24:00:00,1.0256782416,4.23916356933,0.0,3.81414422891,0.0,0.106783118431,0.106783118431,0.106783118431,0.255505673227,0.0582226890625,0.133321704843,0.448445056036
 05/05  01:00:00,0.858610931622,4.54658354138,0.0,4.21369825257,0.0,0.11796817797,0.11796817797,0.11796817797,0.153303325012,0.0349336134375,0.116106043831,0.41289977137
 05/05  02:00:00,0.786704315804,4.89182429554,0.0,4.583862259,0.0,0.128327679523,0.128327679523,0.128327679523,0.102202243232,0.0232890725707,0.101372792835,0.408112527644
 05/05  03:00:00,0.774980748756,5.01543925265,0.0,4.70087846178,0.0,0.131596381066,0.131596381066,0.131596381066,0.102202243232,0.0232890725707,0.0921252167148,0.402367835173
 05/05  04:00:00,0.775029037556,5.23012824422,0.0,4.84512005432,0.0,0.13562970924,0.13562970924,0.13562970924,0.102202243232,0.0232890725707,0.103339676171,0.387168336342
 05/05  05:00:00,0.840317787306,5.51198028789,0.0,4.8118876879,0.0,0.134695634677,0.134695634677,0.134695634677,0.107880156073,0.0245829097661,0.117710340515,0.432048746274
 05/05  06:00:00,1.02129913066,5.97494176141,0.0,4.68749492478,0.0,0.131211931621,0.131211931621,0.131211931621,0.153303325012,0.0349336134375,0.179260421057,0.499189839532
 05/05  07:00:00,1.30073656197,5.9931053432,0.0,4.54181225449,0.0,0.127134690601,0.127134690601,0.127134690601,0.255505673227,0.0582226890625,0.268546904233,0.530426604844
 05/05  08:00:00,1.1488387615,4.96996383985,0.0,3.56507754003,0.0,0.0997846241534,0.0997846241534,0.0997846241534,0.193048661283,0.0439904829679,0.340169937058,0.448445056036
 05/05  09:00:00,1.0194773519,4.02746094491,0.0,2.75388215839,0.0,0.0770630173033,0.0770630173033,0.0770630173033,0.102202243232,0.0232890725707,0.411860012733,0.381663006058
 05/05  10:00:00,1.01318833231,3.46919525313,0.0,2.34624823087,0.0,0.0656437591311,0.0656437591311,0.0656437591311,0.0851685446715,0.0194075640389,0.428929376422,0.390639088044
 05/05  11:00:00,1.00719675767,2.48102282283,0.0,1.4934938885,0.0,0.0417787282214,0.0417787282214,0.0417787282214,0.0851685446715,0.0194075640389,0.446683151596,0.390758769137
 05/05  12:00:00,0.973853277461,1.78807895906,0.0,0.906439474459,0.0,0.0253526869247,0.0253526869247,0.0253526869247,0.0851685446715,0.0194075640389,0.436348172812,0.384176309014
 05/05  13:00:00,0.936205212224,1.25891798931,0.0,0.439417809913,0.0,0.0122889571224,0.0122889571224,0.0122889571224,0.0851685446715,0.0194075640389,0.398479236038,0.397460910353
 05/05  14:00:00,0.938846004662,1.54771643491,0.0,0.789315494766,0.0,0.0220725570329,0.0220725570329,0.0220725570329,0.0851685446715,0.0194075640389,0.368956064146,0.419841274773
 05/05  15:00:00,0.971485779965,1.52321658987,0.0,0.755570194412,0.0,0.0211284946554,0.0211284946554,0.0211284946554,0.0851685446715,0.0194075640389,0.379202088662,0.443179087937
 05/05  16:00:00,1.11057965796,1.45426348938,0.0,0.605853153494,0.0,0.0169418781984,0.0169418781984,0.0169418781984,0.0908464575122,0.0207014012343,0.43448673302,0.524203188
 05/05  17:00:00,1.36823913871,2.22172714394,0.0,1.2057117584,0.0,0.0337180685334,0.0337180685334,0.0337180685334,0.11355805551,0.0258767469614,0.534863171049,0.636823096655
 05/05  18:00:00,1.52084584307,2.77297482445,0.0,1.60639347645,0.0,0.0449287762088,0.0449287762088,0.0449287762088,0.198726547316,0.0452843171089,0.487108527302,0.691397675132
 05/05  19:00:00,1.6784701304,3.14561341329,0.0,1.95451140036,0.0,0.0546721570942,0.0546721570942,0.0546721570942,0.397453226172,0.0905686342179,0.398717754459,0.713658358458
 05/05  20:00:00,2.04911900883,3.76171585347,0.0,2.65748497015,0.0,0.0743504686932,0.0743504686932,0.0743504686932,0.698382124199,0.159141996409,0.355651436977,0.738192982553
 05/05  21:00:00,2.30004385423,4.46057337834,0.0,3.46525800844,0.0,0.0969725631595,0.0969725631595,0.0969725631595,0.914142329616,0.208307846484,0.336262209834,0.72095890514
 05/05  22:00:00,1.91613000782,4.94229615848,0.0,4.12539894185,0.0,0.115459866228,0.115459866228,0.115459866228,0.7154157823,0.163023529375,0.274933291318,0.623897538595
 05/05  23:00:00,1.49782742205,5.16402280502,0.0,4.53845908783,0.0,0.127018990237,0.127018990237,0.127018990237,0.499655442847,0.113857709843,0.191739927151,0.542155351973
 05/05  24:00:00,1.04883959866,5.06611638721,0.0,4.64325188391,0.0,0.12994447549,0.12994447549,0.12994447549,0.255505673227,0.0582226890625,0.133321704843,0.448445056036
 05/06  01:00:00,0.882323390357,5.2390057074,0.0,4.89846107696,0.0,0.137075775307,0.137075775307,0.137075775307,0.153303325012,0.0349336134375,0.12071090523,0.41289977137
 05/06  02:00:00,0.811743271127,5.68572409591,0.0,5.37232476836,0.0,0.150320190024,0.150320190024,0.150320190024,0.102202243232,0.0232890725707,0.104419237655,0.408112527644
 05/06  03:00:00,0.798271888295,5.79951157965,0.0,5.47908263199,0.0,0.153294549081,0.153294549081,0.153294549081,0.102202243232,0.0232890725707,0.0937181882377,0.402367835173
 05/06  04:00:00,0.820073896149,6.74455735318,0.0,6.34659684389,0.0,0.177558219637,0.177558219637,0.177558219637,0.102202243232,0.0232890725707,0.106456024366,0.387168336342
 05/06  05:00:00,0.892207106187,7.23761599592,0.0,6.49820607204,0.0,0.181805478892,0.181805478892,0.181805478892,0.107880156073,0.0245829097661,0.122489815182,0.432048746274
 05/06  06:00:00,1.07641994408,7.59654481027,0.0,6.21693155423,0.0,0.17393631419,0.17393631419,0.17393631419,0.153303325012,0.0349336134375,0.191656851911,0.499189839532
 05/06  07:00:00,1.3500669554,6.98978280487,0.0,5.42532055511,0.0,0.151776828608,0.151776828608,0.151776828608,0.255505673227,0.0582226890625,0.29323515966,0.530426604844
 05/06  08:00:00,1.21119321944,5.96748012601,0.0,4.44367159807,0.0,0.124295564607,0.124295564607,0.124295564607,0.193048661283,0.0439904829679,0.378013454548,0.448445056036
 05/06  09:00:00,1.10096598719,5.17405728332,0.0,3.79080185098,0.0,0.10601541798,0.10601541798,0.10601541798,0.102202243232,0.0232890725707,0.464396247352,0.381663006058
 05/06  10:00:00,1.10335744047,4.66480745073,0.0,3.44778224233,0.0,0.0964106000428,0.0964106000428,0.0964106000428,0.0851685446715,0.0194075640389,0.488331643674,0.390639088044
 05/06  11:00:00,1.09632240094,3.55712629174,0.0,2.49169209613,0.0,0.0696674856163,0.0696674856163,0.0696674856163,0.0851685446715,0.0194075640389,0.507920037478,0.390758769137
 05/06  12:00:00,1.07722457065,3.55764424862,0.0,2.60910223216,0.0,0.0729450565407,0.0729450565407,0.0729450565407,0.0851685446715,0.0194075640389,0.492127096384,0.384176309014
 05/06  13:00:00,1.040584243,3.23119122079,0.0,2.35413527705,0.0,0.0658152834816,0.0658152834816,0.0658152834816,0.0851685446715,0.0194075640389,0.449331940459,0.397460910353
 05/06  14:00:00,1.02745680688,3.1367265411,0.0,2.32633776804,0.0,0.0650368585383,0.0650368585383,0.0650368585383,0.0851685446715,0.0194075640389,0.41460256486,0.419841274773
 05/06  15:00:00,1.04695172938,2.72817652718,0.0,1.90863864118,0.0,0.0533589758857,0.0533589758857,0.0533589758857,0.0851685446715,0.0194075640389,0.422437556848,0.443179087937
 05/06  16:00:00,1.16926975941,2.11938135391,0.0,1.2064779788,0.0,0.0337277406749,0.0337277406749,0.0337277406749,0.0908464575122,0.0207014012343,0.476390971991,0.524203188
 05/06  17:00:00,1.43109562332,3.07276555848,0.0,1.97906753403,0.0,0.0553306347075,0.0553306347075,0.0553306347075,0.11355805551,0.0258767469614,0.576107089488,0.636823096655
 05/06  18:00:00,1.56060150292,2.86495258017,0.0,1.59694308041,0.0,0.0446557347443,0.0446557347443,0.0446557347443,0.198726547316,0.0452843171089,0.52713722862,0.691397675132
 05/06  19:00:00,1.71497539504,3.13671211307,0.0,1.83168617016,0.0,0.0512252086534,0.0512252086534,0.0512252086534,0.397453226172,0.0905686342179,0.438669967539,0.713658358458
 05/06  20:00:00,2.0893682072,3.85595443658,0.0,2.64316230355,0.0,0.0739350684955,0.0739350684955,0.0739350684955,0.698382124199,0.159141996409,0.396316035547,0.738192982553
 05/06  21:00:00,2.33518436508,4.32352674731,0.0,3.23709055441,0.0,0.0905717404369,0.0905717404369,0.0905717404369,0.914142329616,0.208307846484,0.377803543407,0.72095890514
 05/06  22:00:00,1.95301954855,5.15287699293,0.0,4.26468702839,0.0,0.119340659811,0.119340659811,0.119340659811,0.7154157823,0.163023529375,0.307942038467,0.623897538595
 05/06  23:00:00,1.53482932932,5.88271290932,0.0,5.21327799228,0.0,0.145896911336,0.145896911336,0.145896911336,0.499655442847,0.113857709843,0.209863913326,0.542155351973
 05/06  24:00:00,1.0883710256,6.22034649606,0.0,5.78167792868,0.0,0.161806605534,0.161806605534,0.161806605534,0.255505673227,0.0582226890625,0.140991001738,0.448445056036
 05/07  01:00:00,0.927131058982,6.83800543196,0.0,6.49908870586,0.0,0.181883443932,0.181883443932,0.181883443932,0.153303325012,0.0349336134375,0.12071090523,0.41289977137
 05/07  02:00:00,0.859941929707,7.40495798323,0.0,7.09336473789,0.0,0.198518848605,0.198518848605,0.198518848605,0.102202243232,0.0232890725707,0.104419237655,0.408112527644
 05/07  03:00:00,0.857758733046,7.92107638669,0.0,7.60263944493,0.0,0.212781393832,0.212781393832,0.212781393832,0.102202243232,0.0232890725707,0.0937181882377,0.402367835173
 05/07  04:00:00,0.869348697973,8.49978388612,0.0,8.1040626898,0.0,0.226833021461,0.226833021461,0.226833021461,0.102202243232,0.0232890725707,0.106456024366,0.387168336342
 05/07  05:00:00,0.947223658724,9.19623005402,0.0,8.46009342796,0.0,0.236822031428,0.236822031428,0.236822031428,0.107880156073,0.0245829097661,0.122489815182,0.432048746274
 05/07  06:00:00,1.13004391809,9.50253296379,0.0,8.128251877,0.0,0.2275602882,0.2275602882,0.2275602882,0.153303325012,0.0349336134375,0.191656851911,0.499189839532
 05/07  07:00:00,1.38639594754,8.27781934311,0.0,6.71908188243,0.0,0.188105820751,0.188105820751,0.188105820751,0.255505673227,0.0582226890625,0.29323515966,0.530426604844
 05/07  08:00:00,1.22279931117,6.37428520112,0.0,4.85558685919,0.0,0.135901656334,0.135901656334,0.135901656334,0.193048661283,0.0439904829679,0.378013454548,0.448445056036
 05/07  09:00:00,1.10184271704,5.19892428716,0.0,3.82015621646,0.0,0.106892147823,0.106892147823,0.106892147823,0.102202243232,0.0232890725707,0.464396247352,0.381663006058
 05/07  10:00:00,1.10679606625,4.78199373114,0.0,3.56886269005,0.0,0.0998492258192,0.0998492258192,0.0998492258192,0.0851685446715,0.0194075640389,0.488331643674,0.390639088044
 05/07  11:00:00,1.0880494907,3.25677476953,0.0,2.19454134703,0.0,0.0613945753789,0.0613945753789,0.0613945753789,0.0851685446715,0.0194075640389,0.507920037478,0.390758769137
 05/07  12:00:00,1.04968801811,2.56954959425,0.0,1.62329245072,0.0,0.0454085039992,0.0454085039992,0.0454085039992,0.0851685446715,0.0194075640389,0.492127096384,0.384176309014
 05/07  13:00:00,1.01049859934,2.15261907319,0.0,1.27735651841,0.0,0.0357296398196,0.0357296398196,0.0357296398196,0.0851685446715,0.0194075640389,0.449331940459,0.397460910353
 05/07  14:00:00,0.98476245219,1.60780626914,0.0,0.798796873907,0.0,0.0223425038472,0.0223425038472,0.0223425038472,0.0851685446715,0.0194075640389,0.41460256486,0.419841274773
 05/07  15:00:00,1.00395225492,1.18864690393,0.0,0.370389225321,0.0,0.0103595014236,0.0103595014236,0.0103595014236,0.0851685446715,0.0194075640389,0.422437556848,0.443179087937
 05/07  16:00:00,1.13554201874,0.911212200169,0.0,0.0,0.0,0.0,0.0,0.0,0.0908464575122,0.0207014012343,0.476390971991,0.524203188
 05/07  17:00:00,1.37576498861,1.09185922469,0.0,0.0,0.0,0.0,0.0,0.0,0.11355805551,0.0258767469614,0.576107089488,0.636823096655
 05/07  18:00:00,1.51594576818,1.26568458646,0.0,0.0,0.0,0.0,0.0,0.0,0.198726547316,0.0452843171089,0.52713722862,0.691397675132
 05/07  19:00:00,1.67029900439,1.53656430598,0.0,0.234097230858,0.0,0.00654881799916,0.00654881799916,0.00654881799916,0.397453226172,0.0905686342179,0.438669967539,0.713658358458
 05/07  20:00:00,2.04860738501,2.39562408196,0.0,1.18522843863,0.0,0.0331742462979,0.0331742462979,0.0331742462979,0.698382124199,0.159141996409,0.396316035547,0.738192982553
 05/07  21:00:00,2.29673724606,2.94547709829,0.0,1.86126603661,0.0,0.0521246214128,0.0521246214128,0.0521246214128,0.914142329616,0.208307846484,0.377803543407,0.72095890514
 05/07  22:00:00,1.91752847029,3.87929204193,0.0,2.99284315624,0.0,0.083849581551,0.083849581551,0.083849581551,0.7154157823,0.163023529375,0.307942038467,0.623897538595
 05/07  23:00:00,1.50001387129,4.63206050031,0.0,3.96374362407,0.0,0.1110814533,0.1110814533,0.1110814533,0.499655442847,0.113857709843,0.209863913326,0.542155351973
 05/07  24:00:00,1.07283364262,5.6562345806,0.0,5.21827821417,0.0,0.14626922256,0.14626922256,0.14626922256,0.255505673227,0.0582226890625,0.140991001738,0.448445056036
 05/08  01:00:00,0.912635576282,6.4644291143,0.0,6.13518936321,0.0,0.171992822631,0.171992822631,0.171992822631,0.153303325012,0.0349336134375,0.116106043831,0.41289977137
 05/08  02:00:00,0.860714768954,7.52068354208,0.0,7.21649832852,0.0,0.202338132672,0.202338132672,0.202338132672,0.102202243232,0.0232890725707,0.101372792835,0.408112527644
 05/08  03:00:00,0.870844185699,8.42111561706,0.0,8.1108359303,0.0,0.227459818009,0.227459818009,0.227459818009,0.102202243232,0.0232890725707,0.0921252167148,0.402367835173
 05/08  04:00:00,0.873644995937,8.73201757836,0.0,8.35207296351,0.0,0.234245667621,0.234245667621,0.234245667621,0.102202243232,0.0232890725707,0.103339676171,0.387168336342
 05/08  05:00:00,0.945302970069,9.23739235748,0.0,8.54537189442,0.0,0.239680817441,0.239680817441,0.239680817441,0.107880156073,0.0245829097661,0.117710340515,0.432048746274
 05/08  06:00:00,1.12151371695,9.52434339049,0.0,8.25054428563,0.0,0.231426517911,0.231426517911,0.231426517911,0.153303325012,0.0349336134375,0.179260421057,0.499189839532
 05/08  07:00:00,1.37726250493,8.69643233787,0.0,7.26009861742,0.0,0.203660633561,0.203660633561,0.203660633561,0.255505673227,0.0582226890625,0.268546904233,0.530426604844
 05/08  08:00:00,1.22158734328,7.54115309453,0.0,6.1507442352,0.0,0.17253320594,0.17253320594,0.17253320594,0.193048661283,0.0439904829679,0.340169937058,0.448445056036
 05/08  09:00:00,1.08807232796,6.4531282864,0.0,5.19303686535,0.0,0.14565799337,0.14565799337,0.14565799337,0.102202243232,0.0232890725707,0.411860012733,0.381663006058
 05/08  10:00:00,1.0810073516,5.86919362577,0.0,4.75834200088,0.0,0.133462778428,0.133462778428,0.133462778428,0.0851685446715,0.0194075640389,0.428929376422,0.390639088044
 05/08  11:00:00,1.05424371487,4.14409148754,0.0,3.16707676629,0.0,0.0888256854256,0.0888256854256,0.0888256854256,0.0851685446715,0.0194075640389,0.446683151596,0.390758769137
 05/08  12:00:00,1.01233093685,3.14844594451,0.0,2.27613514918,0.0,0.0638303463093,0.0638303463093,0.0638303463093,0.0851685446715,0.0194075640389,0.436348172812,0.384176309014
 05/08  13:00:00,0.969705414312,2.44399192642,0.0,1.63293127511,0.0,0.0457891592109,0.0457891592109,0.0457891592109,0.0851685446715,0.0194075640389,0.398479236038,0.397460910353
 05/08  14:00:00,0.942218412121,1.65864035744,0.0,0.907475836572,0.0,0.0254449644928,0.0254449644928,0.0254449644928,0.0851685446715,0.0194075640389,0.368956064146,0.419841274773
 05/08  15:00:00,0.97157636418,1.51741342882,0.0,0.75680702979,0.0,0.0212190788703,0.0212190788703,0.0212190788703,0.0851685446715,0.0194075640389,0.379202088662,0.443179087937
 05/08  16:00:00,1.09549275207,0.907237779207,0.0,0.0661624614168,0.0,0.0018549723058,0.0018549723058,0.0018549723058,0.0908464575122,0.0207014012343,0.43448673302,0.524203188
 05/08  17:00:00,1.35117225549,1.60146789622,0.0,0.593896564492,0.0,0.0166511853127,0.0166511853127,0.0166511853127,0.11355805551,0.0258767469614,0.534863171049,0.636823096655
 05/08  18:00:00,1.48448835546,1.4630323199,0.0,0.305681289482,0.0,0.00857128860252,0.00857128860252,0.00857128860252,0.198726547316,0.0452843171089,0.487108527302,0.691397675132
 05/08  19:00:00,1.64822178525,2.0526295053,0.0,0.870913171353,0.0,0.0244238119452,0.0244238119452,0.0244238119452,0.397453226172,0.0905686342179,0.398717754459,0.713658358458
 05/08  20:00:00,2.01183937845,2.41725151084,0.0,1.32152836404,0.0,0.0370708383121,0.0370708383121,0.0370708383121,0.698382124199,0.159141996409,0.355651436977,0.738192982553
 05/08  21:00:00,2.26223959575,3.09628626038,0.0,2.10855803885,0.0,0.0591683046726,0.0591683046726,0.0591683046726,0.914142329616,0.208307846484,0.336262209834,0.72095890514
 05/08  22:00:00,1.87682644437,3.5242095061,0.0,2.71332450065,0.0,0.0761563027865,0.0761563027865,0.0761563027865,0.7154157823,0.163023529375,0.274933291318,0.623897538595
 05/08  23:00:00,1.47148289942,4.20787894251,0.0,3.58659008274,0.0,0.100674467607,0.100674467607,0.100674467607,0.499655442847,0.113857709843,0.191739927151,0.542155351973
 05/08  24:00:00,1.03964351497,4.7219604295,0.0,4.30159880376,0.0,0.120748391806,0.120748391806,0.120748391806,0.255505673227,0.0582226890625,0.133321704843,0.448445056036
 05/09  01:00:00,0.88091391133,5.32631938139,0.0,4.99705906099,0.0,0.140271157679,0.140271157679,0.140271157679,0.153303325012,0.0349336134375,0.116106043831,0.41289977137
 05/09  02:00:00,0.810029433202,5.70705037594,0.0,5.40244269408,0.0,0.151652796921,0.151652796921,0.151652796921,0.102202243232,0.0232890725707,0.101372792835,0.408112527644
 05/09  03:00:00,0.801914345326,5.95844285164,0.0,5.64735402181,0.0,0.158529977636,0.158529977636,0.158529977636,0.102202243232,0.0232890725707,0.0921252167148,0.402367835173
 05/09  04:00:00,0.800676363883,6.12579808036,0.0,5.74517295266,0.0,0.161277035567,0.161277035567,0.161277035567,0.102202243232,0.0232890725707,0.103339676171,0.387168336342
 05/09  05:00:00,0.868469772362,6.49304723896,0.0,5.80120110563,0.0,0.162847619733,0.162847619733,0.162847619733,0.107880156073,0.0245829097661,0.117710340515,0.432048746274
 05/09  06:00:00,1.06631706195,7.54982368597,0.0,6.27803348359,0.0,0.176229862914,0.176229862914,0.176229862914,0.153303325012,0.0349336134375,0.179260421057,0.499189839532
 05/09  07:00:00,1.31289075003,6.39578500544,0.0,4.96211080018,0.0,0.139288878666,0.139288878666,0.139288878666,0.255505673227,0.0582226890625,0.268546904233,0.530426604844
 05/09  08:00:00,1.17576063633,5.90211901068,0.0,4.51449257752,0.0,0.126706498989,0.126706498989,0.126706498989,0.193048661283,0.0439904829679,0.340169937058,0.448445056036
 05/09  09:00:00,1.05236152833,5.17573777091,0.0,3.91806083368,0.0,0.109947193735,0.109947193735,0.109947193735,0.102202243232,0.0232890725707,0.411860012733,0.381663006058
 05/09  10:00:00,1.03154101654,4.10312751309,0.0,2.99391089142,0.0,0.0839964433646,0.0839964433646,0.0839964433646,0.0851685446715,0.0194075640389,0.428929376422,0.390639088044
 05/09  11:00:00,1.02684845394,3.16564611503,0.0,2.19004088834,0.0,0.0614304244926,0.0614304244926,0.0614304244926,0.0851685446715,0.0194075640389,0.446683151596,0.390758769137
 05/09  12:00:00,0.988475219898,2.29653122166,0.0,1.42539476462,0.0,0.039974629361,0.039974629361,0.039974629361,0.0851685446715,0.0194075640389,0.436348172812,0.384176309014
 05/09  13:00:00,0.949073269146,1.70723851442,0.0,0.897185355731,0.0,0.0251570140447,0.0251570140447,0.0251570140447,0.0851685446715,0.0194075640389,0.398479236038,0.397460910353
 05/09  14:00:00,0.931468586268,1.27422390191,0.0,0.524137232146,0.0,0.0146951386393,0.0146951386393,0.0146951386393,0.0851685446715,0.0194075640389,0.368956064146,0.419841274773
 05/09  15:00:00,0.956851871689,0.991306452209,0.0,0.231660150132,0.0,0.00649458637981,0.00649458637981,0.00649458637981,0.0851685446715,0.0194075640389,0.379202088662,0.443179087937
 05/09  16:00:00,1.10004902801,1.06838265067,0.0,0.228698798492,0.0,0.00641124824339,0.00641124824339,0.00641124824339,0.0908464575122,0.0207014012343,0.43448673302,0.524203188
 05/09  17:00:00,1.35084827337,1.58814823402,0.0,0.582445279123,0.0,0.0163272031945,0.0163272031945,0.0163272031945,0.11355805551,0.0258767469614,0.534863171049,0.636823096655
 05/09  18:00:00,1.48382597065,1.43732609863,0.0,0.282137195819,0.0,0.00790890378911,0.00790890378911,0.00790890378911,0.198726547316,0.0452843171089,0.487108527302,0.691397675132
 05/09  19:00:00,1.63628744607,1.6252601079,0.0,0.445543507906,0.0,0.0124894727654,0.0124894727654,0.0124894727654,0.397453226172,0.0905686342179,0.398717754459,0.713658358458
 05/09  20:00:00,1.98958806446,1.6229761701,0.0,0.528638408049,0.0,0.0148195243198,0.0148195243198,0.0148195243198,0.698382124199,0.159141996409,0.355651436977,0.738192982553
 05/09  21:00:00,2.23014612572,1.95240909886,0.0,0.965684670418,0.0,0.0270748346435,0.0270748346435,0.0270748346435,0.914142329616,0.208307846484,0.336262209834,0.72095890514
 05/09  22:00:00,1.86051002017,2.94408072714,0.0,2.13393273405,0.0,0.0598398785787,0.0598398785787,0.0598398785787,0.7154157823,0.163023529375,0.274933291318,0.623897538595
 05/09  23:00:00,1.45138171447,3.49436652659,0.0,2.87343717328,0.0,0.0805732826568,0.0805732826568,0.0805732826568,0.499655442847,0.113857709843,0.191739927151,0.542155351973
 05/09  24:00:00,1.00967439561,3.65835825398,0.0,3.23764389642,0.0,0.0907792724435,0.0907792724435,0.0907792724435,0.255505673227,0.0582226890625,0.133321704843,0.448445056036
 05/10  01:00:00,0.836636681127,3.75400440473,0.0,3.423946255,0.0,0.0959939274755,0.0959939274755,0.0959939274755,0.153303325012,0.0349336134375,0.116106043831,0.41289977137
 05/10  02:00:00,0.763965156832,4.07233479053,0.0,3.76667121348,0.0,0.105588520551,0.105588520551,0.105588520551,0.102202243232,0.0232890725707,0.101372792835,0.408112527644
 05/10  03:00:00,0.755257666605,4.30391982428,0.0,3.99177968307,0.0,0.111873298915,0.111873298915,0.111873298915,0.102202243232,0.0232890725707,0.0921252167148,0.402367835173
 05/10  04:00:00,0.759106576316,4.65372359272,0.0,4.27234002942,0.0,0.119707247999,0.119707247999,0.119707247999,0.102202243232,0.0232890725707,0.103339676171,0.387168336342
 05/10  05:00:00,0.826649631315,5.0119818774,0.0,4.32040288632,0.0,0.121027478686,0.121027478686,0.121027478686,0.107880156073,0.0245829097661,0.117710340515,0.432048746274
 05/10  06:00:00,1.00371765471,5.32665214396,0.0,4.05683588158,0.0,0.113630455668,0.113630455668,0.113630455668,0.153303325012,0.0349336134375,0.179260421057,0.499189839532
 05/10  07:00:00,1.27120533792,4.91710059869,0.0,3.48593105511,0.0,0.0976034665544,0.0976034665544,0.0976034665544,0.255505673227,0.0582226890625,0.268546904233,0.530426604844
 05/10  08:00:00,1.13350709176,4.40226171833,0.0,3.01705763702,0.0,0.0844529544162,0.0844529544162,0.0844529544162,0.193048661283,0.0439904829679,0.340169937058,0.448445056036
 05/10  09:00:00,0.99059181536,2.9777865014,0.0,1.72175125796,0.0,0.0481774807671,0.0481774807671,0.0481774807671,0.102202243232,0.0232890725707,0.411860012733,0.381663006058
 05/10  10:00:00,0.971817445064,1.97596552628,0.0,0.867820955684,0.0,0.0242728718884,0.0242728718884,0.0242728718884,0.0851685446715,0.0194075640389,0.428929376422,0.390639088044
 05/10  11:00:00,0.965418029444,0.975144539434,0.0,0.0,0.0,0.0,0.0,0.0,0.0851685446715,0.0194075640389,0.446683151596,0.390758769137
 05/10  12:00:00,0.948500590537,0.870569856847,0.0,0.0,0.0,0.0,0.0,0.0,0.0851685446715,0.0194075640389,0.436348172812,0.384176309014
 05/10  13:00:00,0.923916255101,0.809173020526,0.0,0.0,0.0,0.0,0.0,0.0,0.0851685446715,0.0194075640389,0.398479236038,0.397460910353
 05/10  14:00:00,0.916773447629,0.748975721373,0.0,0.0,0.0,0.0,0.0,0.0,0.0851685446715,0.0194075640389,0.368956064146,0.419841274773
 05/10  15:00:00,0.95035728531,0.758213520947,0.0,0.0,0.0,0.0,0.0,0.0,0.0851685446715,0.0194075640389,0.379202088662,0.443179087937
 05/10  16:00:00,1.09363777977,0.837520594053,0.0,0.0,0.0,0.0,0.0,0.0,0.0908464575122,0.0207014012343,0.43448673302,0.524203188
 05/10  17:00:00,1.33452107018,1.00281284461,0.0,0.0,0.0,0.0,0.0,0.0,0.11355805551,0.0258767469614,0.534863171049,0.636823096655
 05/10  18:00:00,1.47591706686,1.15144710035,0.0,0.0,0.0,0.0,0.0,0.0,0.198726547316,0.0452843171089,0.487108527302,0.691397675132
 05/10  19:00:00,1.62379797331,1.1757217396,0.0,0.0,0.0,0.0,0.0,0.0,0.397453226172,0.0905686342179,0.398717754459,0.713658358458
 05/10  20:00:00,1.97476854014,1.09048374217,0.0,0.0,0.0,0.0,0.0,0.0,0.698382124199,0.159141996409,0.355651436977,0.738192982553
 05/10  21:00:00,2.20307129107,0.983747909334,0.0,0.0,0.0,0.0,0.0,0.0,0.914142329616,0.208307846484,0.336262209834,0.72095890514
 05/10  22:00:00,1.80067014159,0.808193230844,0.0,0.0,0.0,0.0,0.0,0.0,0.7154157823,0.163023529375,0.274933291318,0.623897538595
 05/10  23:00:00,1.37080843181,0.620112458473,0.0,0.0,0.0,0.0,0.0,0.0,0.499655442847,0.113857709843,0.191739927151,0.542155351973
 05/10  24:00:00,0.936010327622,1.03249984094,0.0,0.611544512986,0.0,0.0171152044546,0.0171152044546,0.0171152044546,0.255505673227,0.0582226890625,0.133321704843,0.448445056036
 05/11  01:00:00,0.768401129234,1.32515321865,0.0,0.99470521238,0.0,0.0277583755824,0.0277583755824,0.0277583755824,0.153303325012,0.0349336134375,0.116106043831,0.41289977137
 05/11  02:00:00,0.697807549565,1.71959274644,0.0,1.4134497691,0.0,0.0394309132832,0.0394309132832,0.0394309132832,0.102202243232,0.0232890725707,0.101372792835,0.408112527644
 05/11  03:00:00,0.692555874257,2.07545999303,0.0,1.76283673065,0.0,0.0491715065665,0.0491715065665,0.0491715065665,0.102202243232,0.0232890725707,0.0921252167148,0.402367835173
 05/11  04:00:00,0.69706532658,2.44941998787,0.0,2.06774098854,0.0,0.0576659982634,0.0576659982634,0.0576659982634,0.102202243232,0.0232890725707,0.103339676171,0.387168336342
 05/11  05:00:00,0.767401723402,2.90656759134,0.0,2.21565329532,0.0,0.0617795707734,0.0617795707734,0.0617795707734,0.107880156073,0.0245829097661,0.117710340515,0.432048746274
 05/11  06:00:00,0.952520519666,3.50668403314,0.0,2.23935157028,0.0,0.0624333206273,0.0624333206273,0.0624333206273,0.153303325012,0.0349336134375,0.179260421057,0.499189839532
 05/11  07:00:00,1.25571245301,4.37345806247,0.0,2.94552366362,0.0,0.0821105816479,0.0821105816479,0.0821105816479,0.255505673227,0.0582226890625,0.268546904233,0.530426604844
 05/11  08:00:00,1.16541652848,5.5556093427,0.0,4.17481623777,0.0,0.116362391139,0.116362391139,0.116362391139,0.193048661283,0.0439904829679,0.340169937058,0.448445056036
 05/11  09:00:00,1.06435004381,5.62546660677,0.0,4.37456724597,0.0,0.121935709215,0.121935709215,0.121935709215,0.102202243232,0.0232890725707,0.411860012733,0.381663006058
 05/11  10:00:00,1.06857089871,5.44457377563,0.0,4.34188177269,0.0,0.121026325531,0.121026325531,0.121026325531,0.0851685446715,0.0194075640389,0.428929376422,0.390639088044
 05/11  11:00:00,1.07693557642,4.9704305049,0.0,4.0008429174,0.0,0.111517546975,0.111517546975,0.111517546975,0.0851685446715,0.0194075640389,0.446683151596,0.390758769137
 05/11  12:00:00,1.07222318266,5.30418265506,0.0,4.43901643579,0.0,0.123722592119,0.123722592119,0.123722592119,0.0851685446715,0.0194075640389,0.436348172812,0.384176309014
 05/11  13:00:00,1.05771643279,5.60436708311,0.0,4.8005210733,0.0,0.133800177688,0.133800177688,0.133800177688,0.0851685446715,0.0194075640389,0.398479236038,0.397460910353
 05/11  14:00:00,1.05111240568,5.56342701194,0.0,4.81954152754,0.0,0.134338958051,0.134338958051,0.134338958051,0.0851685446715,0.0194075640389,0.368956064146,0.419841274773
 05/11  15:00:00,1.10333664946,6.2408882994,0.0,5.4879671279,0.0,0.152979364147,0.152979364147,0.152979364147,0.0851685446715,0.0194075640389,0.379202088662,0.443179087937
 05/11  16:00:00,1.24731616555,6.34454295639,0.0,5.51239654898,0.0,0.153678385783,0.153678385783,0.153678385783,0.0908464575122,0.0207014012343,0.43448673302,0.524203188
 05/11  17:00:00,1.47576011382,6.06339774035,0.0,5.06600418767,0.0,0.141239043649,0.141239043649,0.141239043649,0.11355805551,0.0258767469614,0.534863171049,0.636823096655
 05/11  18:00:00,1.61790810435,6.23885418807,0.0,5.09274342702,0.0,0.141991037496,0.141991037496,0.141991037496,0.198726547316,0.0452843171089,0.487108527302,0.691397675132
 05/11  19:00:00,1.76618455038,6.27719850791,0.0,5.10675682431,0.0,0.142386577078,0.142386577078,0.142386577078,0.397453226172,0.0905686342179,0.398717754459,0.713658358458
 05/11  20:00:00,2.11902137913,6.25887386353,0.0,5.17325296177,0.0,0.14425283899,0.14425283899,0.14425283899,0.698382124199,0.159141996409,0.355651436977,0.738192982553
 05/11  21:00:00,2.34831689378,6.18740999054,0.0,5.2080407861,0.0,0.145245602702,0.145245602702,0.145245602702,0.914142329616,0.208307846484,0.336262209834,0.72095890514
 05/11  22:00:00,1.94323236479,5.91544967514,0.0,5.11141840948,0.0,0.142562223202,0.142562223202,0.142562223202,0.7154157823,0.163023529375,0.274933291318,0.623897538595
 05/11  23:00:00,1.51519297019,5.7925898276,0.0,5.17614171758,0.0,0.144384538373,0.144384538373,0.144384538373,0.499655442847,0.113857709843,0.191739927151,0.542155351973
 05/11  24:00:00,1.06573469658,5.68187276594,0.0,5.26420689613,0.0,0.146839573415,0.146839573415,0.146839573415,0.255505673227,0.0582226890625,0.133321704843,0.448445056036
 05/12  01:00:00,0.901933183849,6.1105232331,0.0,5.78272215295,0.0,0.161290430198,0.161290430198,0.161290430198,0.153303325012,0.0349336134375,0.116106043831,0.41289977137
 05/12  02:00:00,0.814136667076,5.88857340197,0.0,5.58507988149,0.0,0.155760030794,0.155760030794,0.155760030794,0.102202243232,0.0232890725707,0.101372792835,0.408112527644
 05/12  03:00:00,0.79707257243,5.8210280671,0.0,5.51087953773,0.0,0.15368820474,0.15368820474,0.15368820474,0.102202243232,0.0232890725707,0.0921252167148,0.402367835173
 05/12  04:00:00,0.801880716394,6.20571017441,0.0,5.82658625556,0.0,0.162481388078,0.162481388078,0.162481388078,0.102202243232,0.0232890725707,0.103339676171,0.387168336342
 05/12  05:00:00,0.867372422799,6.48778094238,0.0,5.80041706534,0.0,0.16175027017,0.16175027017,0.16175027017,0.107880156073,0.0245829097661,0.117710340515,0.432048746274
 05/12  06:00:00,1.04647499234,6.87007540765,0.0,5.60812236894,0.0,0.156387793299,0.156387793299,0.156387793299,0.153303325012,0.0349336134375,0.179260421057,0.499189839532
 05/12  07:00:00,1.32078544225,6.70015525488,0.0,5.27808298031,0.0,0.147183570883,0.147183570883,0.147183570883,0.255505673227,0.0582226890625,0.268546904233,0.530426604844
 05/12  08:00:00,1.19100460846,6.46667650806,0.0,5.09059264105,0.0,0.14195047112,0.14195047112,0.14195047112,0.193048661283,0.0439904829679,0.340169937058,0.448445056036
 05/12  09:00:00,1.07496069149,6.00088046028,0.0,4.75387315124,0.0,0.1325463569,0.1325463569,0.1325463569,0.102202243232,0.0232890725707,0.411860012733,0.381663006058
 05/12  10:00:00,1.08149497975,5.90400037221,0.0,4.80457530108,0.0,0.133950406573,0.133950406573,0.133950406573,0.0851685446715,0.0194075640389,0.428929376422,0.390639088044
 05/12  11:00:00,1.07464844213,4.88532291622,0.0,3.91827629012,0.0,0.109230412682,0.109230412682,0.109230412682,0.0851685446715,0.0194075640389,0.446683151596,0.390758769137
 05/12  12:00:00,1.06327585423,4.98039463488,0.0,4.11739664755,0.0,0.114775263694,0.114775263694,0.114775263694,0.0851685446715,0.0194075640389,0.436348172812,0.384176309014
 05/12  13:00:00,1.01741217831,4.15676052443,0.0,3.3543319523,0.0,0.0934959232134,0.0934959232134,0.0934959232134,0.0851685446715,0.0194075640389,0.398479236038,0.397460910353
 05/12  14:00:00,1.01024458055,4.09656182656,0.0,3.35366597974,0.0,0.0934711329187,0.0934711329187,0.0934711329187,0.0851685446715,0.0194075640389,0.368956064146,0.419841274773
 05/12  15:00:00,1.01555126026,3.09202422869,0.0,2.33939485204,0.0,0.0651939749533,0.0651939749533,0.0651939749533,0.0851685446715,0.0194075640389,0.379202088662,0.443179087937
 05/12  16:00:00,1.1339395668,2.27883620375,0.0,1.44641679492,0.0,0.0403017870352,0.0403017870352,0.0403017870352,0.0908464575122,0.0207014012343,0.43448673302,0.524203188
 05/12  17:00:00,1.37477758423,2.44209652404,0.0,1.44489705128,0.0,0.0402565140556,0.0402565140556,0.0402565140556,0.11355805551,0.0258767469614,0.534863171049,0.636823096655
 05/12  18:00:00,1.5092763377,2.34276004432,0.0,1.19735671301,0.0,0.0333592708412,0.0333592708412,0.0333592708412,0.198726547316,0.0452843171089,0.487108527302,0.691397675132
 05/12  19:00:00,1.66865662683,2.7795848496,0.0,1.6099850782,0.0,0.0448586535258,0.0448586535258,0.0448586535258,0.397453226172,0.0905686342179,0.398717754459,0.713658358458
 05/12  20:00:00,2.02919911579,3.03771406128,0.0,1.95312098006,0.0,0.0544305756528,0.0544305756528,0.0544305756528,0.698382124199,0.159141996409,0.355651436977,0.738192982553
 05/12  21:00:00,2.27268012429,3.47522302431,0.0,2.49711850804,0.0,0.0696088332126,0.0696088332126,0.0696088332126,0.914142329616,0.208307846484,0.336262209834,0.72095890514
 05/12  22:00:00,1.88849411586,3.95347867432,0.0,3.15003755847,0.0,0.0878239742773,0.0878239742773,0.0878239742773,0.7154157823,0.163023529375,0.274933291318,0.623897538595
 05/12  23:00:00,1.47570474057,4.37851140154,0.0,3.76219312172,0.0,0.104896308757,0.104896308757,0.104896308757,0.499655442847,0.113857709843,0.191739927151,0.542155351973
 05/12  24:00:00,1.04122383387,4.80523274228,0.0,4.38733974079,0.0,0.122328710707,0.122328710707,0.122328710707,0.255505673227,0.0582226890625,0.133321704843,0.448445056036
 05/13  01:00:00,0.876574304276,5.04700490979,0.0,4.71004850264,0.0,0.131326689226,0.131326689226,0.131326689226,0.153303325012,0.0349336134375,0.12071090523,0.41289977137
 05/13  02:00:00,0.806308728976,5.50665842599,0.0,5.1963570043,0.0,0.144885647874,0.144885647874,0.144885647874,0.102202243232,0.0232890725707,0.104419237655,0.408112527644
 05/13  03:00:00,0.806139529607,6.09692279123,0.0,5.77986717361,0.0,0.161162190394,0.161162190394,0.161162190394,0.102202243232,0.0232890725707,0.0937181882377,0.402367835173
 05/13  04:00:00,0.802866980795,6.1434310053,0.0,5.75043247646,0.0,0.160351304284,0.160351304284,0.160351304284,0.102202243232,0.0232890725707,0.106456024366,0.387168336342
 05/13  05:00:00,0.872588754401,6.54357239038,0.0,5.81625077514,0.0,0.162187127106,0.162187127106,0.162187127106,0.107880156073,0.0245829097661,0.122489815182,0.432048746274
 05/13  06:00:00,1.06166910302,7.06208589105,0.0,5.70856698469,0.0,0.159185473132,0.159185473132,0.159185473132,0.153303325012,0.0349336134375,0.191656851911,0.499189839532
 05/13  07:00:00,1.31705250109,5.79336340353,0.0,4.25916291165,0.0,0.118762374297,0.118762374297,0.118762374297,0.255505673227,0.0582226890625,0.29323515966,0.530426604844
 05/13  08:00:00,1.17043938025,4.49113433743,0.0,2.99667003585,0.0,0.0835417254131,0.0835417254131,0.0835417254131,0.193048661283,0.0439904829679,0.378013454548,0.448445056036
 05/13  09:00:00,1.05248405948,3.42113655744,0.0,2.06426088126,0.0,0.0575334902719,0.0575334902719,0.0575334902719,0.102202243232,0.0232890725707,0.464396247352,0.381663006058
 05/13  10:00:00,1.04475202314,2.55130800664,0.0,1.35671461417,0.0,0.0378051827117,0.0378051827117,0.0378051827117,0.0851685446715,0.0194075640389,0.488331643674,0.390639088044
 05/13  11:00:00,1.03360903826,1.29634459903,0.0,0.249598778524,0.0,0.00695412293839,0.00695412293839,0.00695412293839,0.0851685446715,0.0194075640389,0.507920037478,0.390758769137
 05/13  12:00:00,1.00427951411,0.932872153376,0.0,0.0,0.0,0.0,0.0,0.0,0.0851685446715,0.0194075640389,0.492127096384,0.384176309014
 05/13  13:00:00,0.974768959523,0.863044487744,0.0,0.0,0.0,0.0,0.0,0.0,0.0851685446715,0.0194075640389,0.449331940459,0.397460910353
 05/13  14:00:00,0.962419948343,0.797774910521,0.0,0.0,0.0,0.0,0.0,0.0,0.0851685446715,0.0194075640389,0.41460256486,0.419841274773
 05/13  15:00:00,0.993592753495,0.806639029973,0.0,0.0,0.0,0.0,0.0,0.0,0.0851685446715,0.0194075640389,0.422437556848,0.443179087937
 05/13  16:00:00,1.13554201874,0.897373110177,0.0,0.0,0.0,0.0,0.0,0.0,0.0908464575122,0.0207014012343,0.476390971991,0.524203188
 05/13  17:00:00,1.37576498861,1.07449846866,0.0,0.0,0.0,0.0,0.0,0.0,0.11355805551,0.0258767469614,0.576107089488,0.636823096655
 05/13  18:00:00,1.51594576818,1.24511810178,0.0,0.0,0.0,0.0,0.0,0.0,0.198726547316,0.0452843171089,0.52713722862,0.691397675132
 05/13  19:00:00,1.66375018639,1.28117600552,0.0,0.0,0.0,0.0,0.0,0.0,0.397453226172,0.0905686342179,0.438669967539,0.713658358458
 05/13  20:00:00,2.01543313871,1.1911559603,0.0,0.0,0.0,0.0,0.0,0.0,0.698382124199,0.159141996409,0.396316035547,0.738192982553
 05/13  21:00:00,2.24461262465,1.06762655333,0.0,0.0,0.0,0.0,0.0,0.0,0.914142329616,0.208307846484,0.377803543407,0.72095890514
 05/13  22:00:00,1.83367888874,0.874141270121,0.0,0.0,0.0,0.0,0.0,0.0,0.7154157823,0.163023529375,0.307942038467,0.623897538595
 05/13  23:00:00,1.38893241799,0.66064701865,0.0,0.0,0.0,0.0,0.0,0.0,0.499655442847,0.113857709843,0.209863913326,0.542155351973
 05/13  24:00:00,0.926564420062,0.435417232356,0.0,0.0,0.0,0.0,0.0,0.0,0.255505673227,0.0582226890625,0.140991001738,0.448445056036
 05/14  01:00:00,0.74524761505,0.338289334769,0.0,0.0,0.0,0.0,0.0,0.0,0.153303325012,0.0349336134375,0.12071090523,0.41289977137
 05/14  02:00:00,0.673214943137,0.734751710054,0.0,0.422973283252,0.0,0.0117918620349,0.0117918620349,0.0117918620349,0.102202243232,0.0232890725707,0.104419237655,0.408112527644
 05/14  03:00:00,0.666789095706,1.1018607054,0.0,0.783137147015,0.0,0.0218117564927,0.0218117564927,0.0218117564927,0.102202243232,0.0232890725707,0.0937181882377,0.402367835173
 05/14  04:00:00,0.670390883317,1.39535598522,0.0,1.00090646634,0.0,0.0278752068049,0.0278752068049,0.0278752068049,0.102202243232,0.0232890725707,0.106456024366,0.387168336342
 05/14  05:00:00,0.742554715753,1.88230842319,0.0,1.15455095623,0.0,0.0321530884577,0.0321530884577,0.0321530884577,0.107880156073,0.0245829097661,0.122489815182,0.432048746274
 05/14  06:00:00,0.935834481895,2.54955869024,0.0,1.1975448037,0.0,0.0333508520029,0.0333508520029,0.0333508520029,0.153303325012,0.0349336134375,0.191656851911,0.499189839532
 05/14  07:00:00,1.24487462135,3.2044078087,0.0,1.6727527538,0.0,0.0465844945528,0.0465844945528,0.0465844945528,0.255505673227,0.0582226890625,0.29323515966,0.530426604844
 05/14  08:00:00,1.12793584564,2.96443654532,0.0,1.47358394572,0.0,0.041038190801,0.041038190801,0.041038190801,0.193048661283,0.0439904829679,0.378013454548,0.448445056036
 05/14  09:00:00,1.02631804547,2.47984830847,0.0,1.12642982236,0.0,0.0313674762604,0.0313674762604,0.0313674762604,0.102202243232,0.0232890725707,0.464396247352,0.381663006058
 05/14  10:00:00,1.02621908814,1.8838247387,0.0,0.692214372171,0.0,0.0192722477139,0.0192722477139,0.0192722477139,0.0851685446715,0.0194075640389,0.488331643674,0.390639088044
 05/14  11:00:00,1.03370188202,1.29714826425,0.0,0.253155369337,0.0,0.00704696669804,0.00704696669804,0.00704696669804,0.0851685446715,0.0194075640389,0.507920037478,0.390758769137
 05/14  12:00:00,1.00427951411,0.930321027133,0.0,0.0,0.0,0.0,0.0,0.0,0.0851685446715,0.0194075640389,0.492127096384,0.384176309014
 05/14  13:00:00,0.974768959523,0.860735524764,0.0,0.0,0.0,0.0,0.0,0.0,0.0851685446715,0.0194075640389,0.449331940459,0.397460910353
 05/14  14:00:00,0.962419948343,0.795693821479,0.0,0.0,0.0,0.0,0.0,0.0,0.0851685446715,0.0194075640389,0.41460256486,0.419841274773
 05/14  15:00:00,0.993592753495,0.804458764765,0.0,0.0,0.0,0.0,0.0,0.0,0.0851685446715,0.0194075640389,0.422437556848,0.443179087937
 05/14  16:00:00,1.13554201874,0.895132552882,0.0,0.0,0.0,0.0,0.0,0.0,0.0908464575122,0.0207014012343,0.476390971991,0.524203188
 05/14  17:00:00,1.37576498861,1.07171964454,0.0,0.0,0.0,0.0,0.0,0.0,0.11355805551,0.0258767469614,0.576107089488,0.636823096655
 05/14  18:00:00,1.51594576818,1.24180177235,0.0,0.0,0.0,0.0,0.0,0.0,0.198726547316,0.0452843171089,0.52713722862,0.691397675132
 05/14  19:00:00,1.66375018639,1.27790580306,0.0,0.0,0.0,0.0,0.0,0.0,0.397453226172,0.0905686342179,0.438669967539,0.713658358458
 05/14  20:00:00,2.01543313871,1.18826135853,0.0,0.0,0.0,0.0,0.0,0.0,0.698382124199,0.159141996409,0.396316035547,0.738192982553
 05/14  21:00:00,2.24461262465,1.06519868699,0.0,0.0,0.0,0.0,0.0,0.0,0.914142329616,0.208307846484,0.377803543407,0.72095890514
 05/14  22:00:00,1.85620727247,1.68115026391,0.0,0.80916347514,0.0,0.0225283837303,0.0225283837303,0.0225283837303,0.7154157823,0.163023529375,0.307942038467,0.623897538595
 05/14  23:00:00,1.44384355739,2.6318069719,0.0,1.97310893761,0.0,0.0549111394016,0.0549111394016,0.0549111394016,0.499655442847,0.113857709843,0.209863913326,0.542155351973
 05/14  24:00:00,0.988527301478,2.65997759737,0.0,2.2264206933,0.0,0.0619628814155,0.0619628814155,0.0619628814155,0.255505673227,0.0582226890625,0.140991001738,0.448445056036
 05/15  01:00:00,0.814039712845,2.9648845867,0.0,2.63722699529,0.0,0.0733969591933,0.0733969591933,0.0733969591933,0.153303325012,0.0349336134375,0.116106043831,0.41289977137
 05/15  02:00:00,0.728270731173,2.81531098685,0.0,2.51149633974,0.0,0.0698940948916,0.0698940948916,0.0698940948916,0.102202243232,0.0232890725707,0.101372792835,0.408112527644
 05/15  03:00:00,0.742130327816,3.8584632177,0.0,3.54839146911,0.0,0.0987459601254,0.0987459601254,0.0987459601254,0.102202243232,0.0232890725707,0.0921252167148,0.402367835173
 05/15  04:00:00,0.747576499297,4.26507525816,0.0,3.88699826084,0.0,0.108177170981,0.108177170981,0.108177170981,0.102202243232,0.0232890725707,0.103339676171,0.387168336342
 05/15  05:00:00,0.814840128822,4.60762039161,0.0,3.92418483731,0.0,0.109217976193,0.109217976193,0.109217976193,0.107880156073,0.0245829097661,0.117710340515,0.432048746274
 05/15  06:00:00,1.01018613279,5.56750939488,0.0,4.31504443409,0.0,0.120098933754,0.120098933754,0.120098933754,0.153303325012,0.0349336134375,0.179260421057,0.499189839532
 05/15  07:00:00,1.27037980784,4.88795955923,0.0,3.4769800379,0.0,0.0967779364786,0.0967779364786,0.0967779364786,0.255505673227,0.0582226890625,0.268546904233,0.530426604844
 05/15  08:00:00,1.1215445527,3.97036649261,0.0,2.60465357501,0.0,0.0724904153569,0.0724904153569,0.0724904153569,0.193048661283,0.0439904829679,0.340169937058,0.448445056036
 05/15  09:00:00,1.01363568225,3.79708371901,0.0,2.55924021345,0.0,0.0712213476539,0.0712213476539,0.0712213476539,0.102202243232,0.0232890725707,0.411860012733,0.381663006058
 05/15  10:00:00,1.00302710432,3.08555905867,0.0,1.99366655106,0.0,0.055482531146,0.055482531146,0.055482531146,0.0851685446715,0.0194075640389,0.428929376422,0.390639088044
 05/15  11:00:00,1.00077688406,2.23137682995,0.0,1.27055492317,0.0,0.0353588546118,0.0353588546118,0.0353588546118,0.0851685446715,0.0194075640389,0.446683151596,0.390758769137
 05/15  12:00:00,0.968923447885,1.59216846894,0.0,0.733883777099,0.0,0.0204228573481,0.0204228573481,0.0204228573481,0.0851685446715,0.0194075640389,0.436348172812,0.384176309014
 05/15  13:00:00,0.94143596286,1.42773514971,0.0,0.629588650826,0.0,0.017519707759,0.017519707759,0.017519707759,0.0851685446715,0.0194075640389,0.398479236038,0.397460910353
 05/15  14:00:00,0.930593382396,1.23583283642,0.0,0.496625219206,0.0,0.013819934767,0.013819934767,0.013819934767,0.0851685446715,0.0194075640389,0.368956064146,0.419841274773
 05/15  15:00:00,0.95035728531,0.748555569665,0.0,0.0,0.0,0.0,0.0,0.0,0.0851685446715,0.0194075640389,0.379202088662,0.443179087937
 05/15  16:00:00,1.09363777977,0.827156528607,0.0,0.0,0.0,0.0,0.0,0.0,0.0908464575122,0.0207014012343,0.43448673302,0.524203188
 05/15  17:00:00,1.33452107018,0.9902936004,0.0,0.0,0.0,0.0,0.0,0.0,0.11355805551,0.0258767469614,0.534863171049,0.636823096655
 05/15  18:00:00,1.47591706686,1.13701396187,0.0,0.0,0.0,0.0,0.0,0.0,0.198726547316,0.0452843171089,0.487108527302,0.691397675132
 05/15  19:00:00,1.6264012279,1.25460096027,0.0,0.0935388345714,0.0,0.00260325458914,0.00260325458914,0.00260325458914,0.397453226172,0.0905686342179,0.398717754459,0.713658358458
 05/15  20:00:00,2.00180733137,2.04767857036,0.0,0.971034735159,0.0,0.0270387912327,0.0270387912327,0.0270387912327,0.698382124199,0.159141996409,0.355651436977,0.738192982553
 05/15  21:00:00,2.24238473558,2.38232892091,0.0,1.41132053809,0.0,0.0393134445109,0.0393134445109,0.0393134445109,0.914142329616,0.208307846484,0.336262209834,0.72095890514
 05/15  22:00:00,1.85643274431,2.79927516378,0.0,2.0012554106,0.0,0.0557626027271,0.0557626027271,0.0557626027271,0.7154157823,0.163023529375,0.274933291318,0.623897538595
 05/15  23:00:00,1.44457238628,3.25973152501,0.0,2.64701742372,0.0,0.07376395447,0.07376395447,0.07376395447,0.499655442847,0.113857709843,0.191739927151,0.542155351973
 05/15  24:00:00,1.0093952144,3.66363783878,0.0,3.24745879149,0.0,0.090500091236,0.090500091236,0.090500091236,0.255505673227,0.0582226890625,0.133321704843,0.448445056036
 05/16  01:00:00,0.847752665266,4.17056684089,0.0,3.84345866633,0.0,0.107109911614,0.107109911614,0.107109911614,0.153303325012,0.0349336134375,0.116106043831,0.41289977137
 05/16  02:00:00,0.771439927206,4.36008353304,0.0,4.05699075924,0.0,0.113063290925,0.113063290925,0.113063290925,0.102202243232,0.0232890725707,0.101372792835,0.408112527644
 05/16  03:00:00,0.773908993085,4.9926206661,0.0,4.68317504103,0.0,0.130524625394,0.130524625394,0.130524625394,0.102202243232,0.0232890725707,0.0921252167148,0.402367835173
 05/16  04:00:00,0.787171911002,5.67862756543,0.0,5.30148851826,0.0,0.147772582685,0.147772582685,0.147772582685,0.102202243232,0.0232890725707,0.103339676171,0.387168336342
 05/16  05:00:00,0.837582314654,5.41559958445,0.0,4.73398933827,0.0,0.131960162025,0.131960162025,0.131960162025,0.107880156073,0.0245829097661,0.117710340515,0.432048746274
 05/16  06:00:00,1.03494827042,6.44551397605,0.0,5.1966690478,0.0,0.144861071383,0.144861071383,0.144861071383,0.153303325012,0.0349336134375,0.179260421057,0.499189839532
 05/16  07:00:00,1.28139296563,5.27357556701,0.0,3.86656571214,0.0,0.107791094269,0.107791094269,0.107791094269,0.255505673227,0.0582226890625,0.268546904233,0.530426604844
 05/16  08:00:00,1.13503814084,4.44653382517,0.0,3.08458575932,0.0,0.0859840034937,0.0859840034937,0.0859840034937,0.193048661283,0.0439904829679,0.340169937058,0.448445056036
 05/16  09:00:00,0.99966016834,3.28863403852,0.0,2.05385891421,0.0,0.0572458337471,0.0572458337471,0.0572458337471,0.102202243232,0.0232890725707,0.411860012733,0.381663006058
 05/16  10:00:00,0.999470659179,2.9523851024,0.0,1.8631107333,0.0,0.0519260860029,0.0519260860029,0.0519260860029,0.0851685446715,0.0194075640389,0.428929376422,0.390639088044
 05/16  11:00:00,0.987236119008,1.74162307725,0.0,0.782841851124,0.0,0.021818089564,0.021818089564,0.021818089564,0.0851685446715,0.0194075640389,0.446683151596,0.390758769137
 05/16  12:00:00,0.955017072256,1.09052543052,0.0,0.23382632008,0.0,0.00651648171934,0.00651648171934,0.00651648171934,0.0851685446715,0.0194075640389,0.436348172812,0.384176309014
 05/16  13:00:00,0.923916255101,0.796916495687,0.0,0.0,0.0,0.0,0.0,0.0,0.0851685446715,0.0194075640389,0.398479236038,0.397460910353
 05/16  14:00:00,0.916773447629,0.73807769604,0.0,0.0,0.0,0.0,0.0,0.0,0.0851685446715,0.0194075640389,0.368956064146,0.419841274773
 05/16  15:00:00,0.95035728531,0.747206383929,0.0,0.0,0.0,0.0,0.0,0.0,0.0851685446715,0.0194075640389,0.379202088662,0.443179087937
 05/16  16:00:00,1.09363777977,0.825374967298,0.0,0.0,0.0,0.0,0.0,0.0,0.0908464575122,0.0207014012343,0.43448673302,0.524203188
 05/16  17:00:00,1.33452107018,0.987872693436,0.0,0.0,0.0,0.0,0.0,0.0,0.11355805551,0.0258767469614,0.534863171049,0.636823096655
 05/16  18:00:00,1.47591706686,1.13402214929,0.0,0.0,0.0,0.0,0.0,0.0,0.198726547316,0.0452843171089,0.487108527302,0.691397675132
 05/16  19:00:00,1.62379797331,1.15788932006,0.0,0.0,0.0,0.0,0.0,0.0,0.397453226172,0.0905686342179,0.398717754459,0.713658358458
 05/16  20:00:00,1.97476854014,1.07416398872,0.0,0.0,0.0,0.0,0.0,0.0,0.698382124199,0.159141996409,0.355651436977,0.738192982553
 05/16  21:00:00,2.20307129107,0.969109516337,0.0,0.0,0.0,0.0,0.0,0.0,0.914142329616,0.208307846484,0.336262209834,0.72095890514
 05/16  22:00:00,1.80067014159,0.796958514985,0.0,0.0,0.0,0.0,0.0,0.0,0.7154157823,0.163023529375,0.274933291318,0.623897538595
 05/16  23:00:00,1.37080843181,0.612526119014,0.0,0.0,0.0,0.0,0.0,0.0,0.499655442847,0.113857709843,0.191739927151,0.542155351973
 05/16  24:00:00,0.919246486579,0.429598491049,0.0,0.0126077533394,0.0,0.000351363411723,0.000351363411723,0.000351363411723,0.255505673227,0.0582226890625,0.133321704843,0.448445056036
 05/17  01:00:00,0.752936733646,0.769240581967,0.0,0.440821284138,0.0,0.0122939799951,0.0122939799951,0.0122939799951,0.153303325012,0.0349336134375,0.116106043831,0.41289977137
 05/17  02:00:00,0.683870534383,1.21884938341,0.0,0.914304800604,0.0,0.0254938981019,0.0254938981019,0.0254938981019,0.102202243232,0.0232890725707,0.101372792835,0.408112527644
 05/17  03:00:00,0.681779857539,1.68790937263,0.0,1.37703169801,0.0,0.0383954898484,0.0383954898484,0.0383954898484,0.102202243232,0.0232890725707,0.0921252167148,0.402367835173
 05/17  04:00:00,0.683418982175,1.95718211097,0.0,1.578688252,0.0,0.0440196538591,0.0440196538591,0.0440196538591,0.102202243232,0.0232890725707,0.103339676171,0.387168336342
 05/17  05:00:00,0.753816036123,2.4102745977,0.0,1.7283492122,0.0,0.048193883494,0.048193883494,0.048193883494,0.107880156073,0.0245829097661,0.117710340515,0.432048746274
 05/17  06:00:00,0.931205341957,2.7221169795,0.0,1.47468085546,0.0,0.041118142918,0.041118142918,0.041118142918,0.153303325012,0.0349336134375,0.179260421057,0.499189839532
 05/17  07:00:00,1.20071960369,2.37759669866,0.0,0.972629008772,0.0,0.0271177323228,0.0271177323228,0.0271177323228,0.255505673227,0.0582226890625,0.268546904233,0.530426604844
 05/17  08:00:00,1.07620497853,2.33360373215,0.0,0.973934816327,0.0,0.0271508411833,0.0271508411833,0.0271508411833,0.193048661283,0.0439904829679,0.340169937058,0.448445056036
 05/17  09:00:00,0.964356938209,2.01979157251,0.0,0.787233327843,0.0,0.0219426036154,0.0219426036154,0.0219426036154,0.102202243232,0.0232890725707,0.411860012733,0.381663006058
 05/17  10:00:00,0.973187284991,2.00738666115,0.0,0.920107583642,0.0,0.0256427118148,0.0256427118148,0.0256427118148,0.0851685446715,0.0194075640389,0.428929376422,0.390639088044
 05/17  11:00:00,0.997532238136,2.10902141821,0.0,1.15249029445,0.0,0.0321142086923,0.0321142086923,0.0321142086923,0.0851685446715,0.0194075640389,0.446683151596,0.390758769137
 05/17  12:00:00,0.977143969196,1.8822976541,0.0,1.02809220575,0.0,0.0286433786597,0.0286433786597,0.0286433786597,0.0851685446715,0.0194075640389,0.436348172812,0.384176309014
 05/17  13:00:00,0.95129100886,1.77717080088,0.0,0.982633963703,0.0,0.0273747537581,0.0273747537581,0.0273747537581,0.0851685446715,0.0194075640389,0.398479236038,0.397460910353
 05/17  14:00:00,0.946349672395,1.79787541461,0.0,1.06185167154,0.0,0.0295762247666,0.0295762247666,0.0295762247666,0.0851685446715,0.0194075640389,0.368956064146,0.419841274773
 05/17  15:00:00,0.987742878006,2.08780431856,0.0,1.34270083534,0.0,0.0373855926969,0.0373855926969,0.0373855926969,0.0851685446715,0.0194075640389,0.379202088662,0.443179087937
 05/17  16:00:00,1.13017455196,2.13545369479,0.0,1.31248274073,0.0,0.0365367721955,0.0365367721955,0.0365367721955,0.0908464575122,0.0207014012343,0.43448673302,0.524203188
 05/17  17:00:00,1.39401641059,3.12208489277,0.0,2.13734426746,0.0,0.0594953404139,0.0594953404139,0.0594953404139,0.11355805551,0.0258767469614,0.534863171049,0.636823096655
 05/17  18:00:00,1.51192849122,2.42449811832,0.0,1.29363421773,0.0,0.0360114243626,0.0360114243626,0.0360114243626,0.198726547316,0.0452843171089,0.487108527302,0.691397675132
 05/17  19:00:00,1.64868898598,2.04961970901,0.0,0.894192755602,0.0,0.0248910126711,0.0248910126711,0.0248910126711,0.397453226172,0.0905686342179,0.398717754459,0.713658358458
 05/17  20:00:00,2.01496584904,2.51596038114,0.0,1.44407324266,0.0,0.040197308897,0.040197308897,0.040197308897,0.698382124199,0.159141996409,0.355651436977,0.738192982553
 05/17  21:00:00,2.25162015058,2.71084406547,0.0,1.74372948769,0.0,0.0485488595066,0.0485488595066,0.0485488595066,0.914142329616,0.208307846484,0.336262209834,0.72095890514
 05/17  22:00:00,1.86457031394,3.08963508393,0.0,2.29454012308,0.0,0.063900172356,0.063900172356,0.063900172356,0.7154157823,0.163023529375,0.274933291318,0.623897538595
 05/17  23:00:00,1.45198768825,3.52557736356,0.0,2.91463280625,0.0,0.0811792564379,0.0811792564379,0.0811792564379,0.499655442847,0.113857709843,0.191739927151,0.542155351973
 05/17  24:00:00,1.02416459893,4.19459542388,0.0,3.77908835836,0.0,0.105269475766,0.105269475766,0.105269475766,0.255505673227,0.0582226890625,0.133321704843,0.448445056036
 05/18  01:00:00,0.866298757378,4.83709794315,0.0,4.51029917483,0.0,0.125656003727,0.125656003727,0.125656003727,0.153303325012,0.0349336134375,0.116106043831,0.41289977137
 05/18  02:00:00,0.799058744633,5.35192028793,0.0,5.04911006984,0.0,0.140682108351,0.140682108351,0.140682108351,0.102202243232,0.0232890725707,0.101372792835,0.408112527644
 05/18  03:00:00,0.781621466222,5.27015899472,0.0,4.96102302202,0.0,0.138237098531,0.138237098531,0.138237098531,0.102202243232,0.0232890725707,0.0921252167148,0.402367835173
 05/18  04:00:00,0.783790827063,5.55840196653,0.0,5.18175952466,0.0,0.144391498747,0.144391498747,0.144391498747,0.102202243232,0.0232890725707,0.103339676171,0.387168336342
 05/18  05:00:00,0.86524306286,6.40672427477,0.0,5.72781232286,0.0,0.159620910231,0.159620910231,0.159620910231,0.107880156073,0.0245829097661,0.117710340515,0.432048746274
 05/18  06:00:00,1.05590473907,7.19153499893,0.0,5.9493390283,0.0,0.165817540032,0.165817540032,0.165817540032,0.153303325012,0.0349336134375,0.179260421057,0.499189839532
 05/18  07:00:00,1.32028022022,6.66013666003,0.0,5.26135330454,0.0,0.146678348855,0.146678348855,0.146678348855,0.255505673227,0.0582226890625,0.268546904233,0.530426604844
 05/18  08:00:00,1.18746137765,6.31745099943,0.0,4.96380893238,0.0,0.13840724031,0.13840724031,0.13840724031,0.193048661283,0.0439904829679,0.340169937058,0.448445056036
 05/18  09:00:00,1.07694722436,6.05162946155,0.0,4.82487548759,0.0,0.13453288977,0.13453288977,0.13453288977,0.102202243232,0.0232890725707,0.411860012733,0.381663006058
 05/18  10:00:00,1.08454236519,5.99507407922,0.0,4.91311700135,0.0,0.136997792016,0.136997792016,0.136997792016,0.0851685446715,0.0194075640389,0.428929376422,0.390639088044
 05/18  11:00:00,1.07597709477,4.91715105184,0.0,3.96500655026,0.0,0.110559065326,0.110559065326,0.110559065326,0.0851685446715,0.0194075640389,0.446683151596,0.390758769137
 05/18  12:00:00,1.02938908514,3.75199500217,0.0,2.90125171524,0.0,0.0808884946023,0.0808884946023,0.0808884946023,0.0851685446715,0.0194075640389,0.436348172812,0.384176309014
 05/18  13:00:00,0.981879986712,2.87098053063,0.0,2.07917484109,0.0,0.0579637316109,0.0579637316109,0.0579637316109,0.0851685446715,0.0194075640389,0.398479236038,0.397460910353
 05/18  14:00:00,0.961394960088,2.33438922024,0.0,1.60063579415,0.0,0.0446215124598,0.0446215124598,0.0446215124598,0.0851685446715,0.0194075640389,0.368956064146,0.419841274773
 05/18  15:00:00,0.986409591827,2.03625440134,0.0,1.29326421916,0.0,0.0360523065178,0.0360523065178,0.0360523065178,0.0851685446715,0.0194075640389,0.379202088662,0.443179087937
 05/18  16:00:00,1.12013883161,1.77176215155,0.0,0.950666119592,0.0,0.0265010518439,0.0265010518439,0.0265010518439,0.0908464575122,0.0207014012343,0.43448673302,0.524203188
 05/18  17:00:00,1.37540962823,2.44932006218,0.0,1.46666902371,0.0,0.04088855805,0.04088855805,0.04088855805,0.11355805551,0.0258767469614,0.534863171049,0.636823096655
 05/18  18:00:00,1.51318193349,2.46446501771,0.0,1.33645693408,0.0,0.0372648666274,0.0372648666274,0.0372648666274,0.198726547316,0.0452843171089,0.487108527302,0.691397675132
 05/18  19:00:00,1.67701813026,3.06005399942,0.0,1.9082872372,0.0,0.0532201569523,0.0532201569523,0.0532201569523,0.397453226172,0.0905686342179,0.398717754459,0.713658358458
 05/18  20:00:00,2.04105657948,3.44452862955,0.0,2.37612241287,0.0,0.0662880393405,0.0662880393405,0.0662880393405,0.698382124199,0.159141996409,0.355651436977,0.738192982553
 05/18  21:00:00,2.28251610649,3.81070342322,0.0,2.84684180483,0.0,0.0794448154189,0.0794448154189,0.0794448154189,0.914142329616,0.208307846484,0.336262209834,0.72095890514
 05/18  22:00:00,1.89735430871,4.25659514325,0.0,3.46400842717,0.0,0.0966841671189,0.0966841671189,0.0966841671189,0.7154157823,0.163023529375,0.274933291318,0.623897538595
 05/18  23:00:00,1.49312933124,4.99087849598,0.0,4.38201685614,0.0,0.12232089943,0.12232089943,0.12232089943,0.499655442847,0.113857709843,0.191739927151,0.542155351973
 05/18  24:00:00,1.05742115195,5.37644267467,0.0,4.96232628342,0.0,0.138526028778,0.138526028778,0.138526028778,0.255505673227,0.0582226890625,0.133321704843,0.448445056036
 05/19  01:00:00,0.8870716048,5.57123554393,0.0,5.24537864586,0.0,0.146428851149,0.146428851149,0.146428851149,0.153303325012,0.0349336134375,0.116106043831,0.41289977137
 05/19  02:00:00,0.815544524282,5.93225103941,0.0,5.63009557473,0.0,0.157167888001,0.157167888001,0.157167888001,0.102202243232,0.0232890725707,0.101372792835,0.408112527644
 05/19  03:00:00,0.801881313687,5.98611453454,0.0,5.67767809999,0.0,0.158496945997,0.158496945997,0.158496945997,0.102202243232,0.0232890725707,0.0921252167148,0.402367835173
 05/19  04:00:00,0.799340066103,6.10501167528,0.0,5.72931947479,0.0,0.159940737787,0.159940737787,0.159940737787,0.102202243232,0.0232890725707,0.103339676171,0.387168336342
 05/19  05:00:00,0.866733718266,6.44852466623,0.0,5.77133499548,0.0,0.161111565638,0.161111565638,0.161111565638,0.107880156073,0.0245829097661,0.117710340515,0.432048746274
 05/19  06:00:00,1.0428084356,6.70981028474,0.0,5.47091241446,0.0,0.152721236566,0.152721236566,0.152721236566,0.153303325012,0.0349336134375,0.179260421057,0.499189839532
 05/19  07:00:00,1.31771732033,6.55794404249,0.0,5.16274429711,0.0,0.144115448966,0.144115448966,0.144115448966,0.255505673227,0.0582226890625,0.268546904233,0.530426604844
 05/19  08:00:00,1.16828390136,5.62199384522,0.0,4.27175493076,0.0,0.11922976402,0.11922976402,0.11922976402,0.193048661283,0.0439904829679,0.340169937058,0.448445056036
 05/19  09:00:00,1.01800732157,3.93352206828,0.0,2.70899090944,0.0,0.0755929869752,0.0755929869752,0.0755929869752,0.102202243232,0.0232890725707,0.411860012733,0.381663006058
 05/19  10:00:00,1.01625086425,3.54312091445,0.0,2.46260621354,0.0,0.0687062910725,0.0687062910725,0.0687062910725,0.0851685446715,0.0194075640389,0.428929376422,0.390639088044
 05/19  11:00:00,1.01358426677,2.67761095711,0.0,1.72650387109,0.0,0.0481662373266,0.0481662373266,0.0481662373266,0.0851685446715,0.0194075640389,0.446683151596,0.390758769137
 05/19  12:00:00,0.99492057427,2.51354553513,0.0,1.66400050285,0.0,0.0464199837331,0.0464199837331,0.0464199837331,0.0851685446715,0.0194075640389,0.436348172812,0.384176309014
 05/19  13:00:00,0.962040820013,2.15694695619,0.0,1.3666676435,0.0,0.0381245649113,0.0381245649113,0.0381245649113,0.0851685446715,0.0194075640389,0.398479236038,0.397460910353
 05/19  14:00:00,0.949271267972,1.89740857494,0.0,1.16498429323,0.0,0.0324978203432,0.0324978203432,0.0324978203432,0.0851685446715,0.0194075640389,0.368956064146,0.419841274773
 05/19  15:00:00,0.969067552154,1.41245481426,0.0,0.670714403456,0.0,0.0187102668441,0.0187102668441,0.0187102668441,0.0851685446715,0.0194075640389,0.379202088662,0.443179087937
 05/19  16:00:00,1.10857787011,1.35485932906,0.0,0.535544454961,0.0,0.0149400903482,0.0149400903482,0.0149400903482,0.0908464575122,0.0207014012343,0.43448673302,0.524203188
 05/19  17:00:00,1.35431486374,1.68992155508,0.0,0.709478703866,0.0,0.0197937935591,0.0197937935591,0.0197937935591,0.11355805551,0.0258767469614,0.534863171049,0.636823096655
 05/19  18:00:00,1.49486783316,1.80461480879,0.0,0.679190011105,0.0,0.0189507662979,0.0189507662979,0.0189507662979,0.198726547316,0.0452843171089,0.487108527302,0.691397675132
 05/19  19:00:00,1.65470977024,2.25677141168,0.0,1.10771480237,0.0,0.0309117969376,0.0309117969376,0.0309117969376,0.397453226172,0.0905686342179,0.398717754459,0.713658358458
 05/19  20:00:00,2.02776455369,2.96433956435,0.0,1.89860461656,0.0,0.0529960135474,0.0529960135474,0.0529960135474,0.698382124199,0.159141996409,0.355651436977,0.738192982553
 05/19  21:00:00,2.26117123167,3.04258019501,0.0,2.08099030624,0.0,0.0580999405929,0.0580999405929,0.0580999405929,0.914142329616,0.208307846484,0.336262209834,0.72095890514
 05/19  22:00:00,1.87414149511,3.42232882106,0.0,2.63135199785,0.0,0.0734713535273,0.0734713535273,0.0734713535273,0.7154157823,0.163023529375,0.274933291318,0.623897538595
 05/19  23:00:00,1.46271370507,3.89941286456,0.0,3.29141028463,0.0,0.0919052732527,0.0919052732527,0.0919052732527,0.499655442847,0.113857709843,0.191739927151,0.542155351973
 05/19  24:00:00,1.03384712695,4.53066932472,0.0,4.11680049672,0.0,0.11495200378,0.11495200378,0.11495200378,0.255505673227,0.0582226890625,0.133321704843,0.448445056036
 05/20  01:00:00,0.874680352054,4.96999759227,0.0,4.63541596019,0.0,0.129432737004,0.129432737004,0.129432737004,0.153303325012,0.0349336134375,0.12071090523,0.41289977137
 05/20  02:00:00,0.805782988684,5.47840918145,0.0,5.16990487217,0.0,0.144359907582,0.144359907582,0.144359907582,0.102202243232,0.0232890725707,0.104419237655,0.408112527644
 05/20  03:00:00,0.818040519393,6.512174429,0.0,6.19722861221,0.0,0.17306318018,0.17306318018,0.17306318018,0.102202243232,0.0232890725707,0.0937181882377,0.402367835173
 05/20  04:00:00,0.817650326896,6.65976613797,0.0,6.27078261508,0.0,0.175134650384,0.175134650384,0.175134650384,0.102202243232,0.0232890725707,0.106456024366,0.387168336342
 05/20  05:00:00,0.893653652689,7.27662010308,0.0,6.56097447676,0.0,0.183252025393,0.183252025393,0.183252025393,0.107880156073,0.0245829097661,0.122489815182,0.432048746274
 05/20  06:00:00,1.07813266996,7.61577896471,0.0,6.28811442701,0.0,0.175649040067,0.175649040067,0.175649040067,0.153303325012,0.0349336134375,0.191656851911,0.499189839532
 05/20  07:00:00,1.33763295517,6.49259277886,0.0,4.98858905878,0.0,0.139342828372,0.139342828372,0.139342828372,0.255505673227,0.0582226890625,0.29323515966,0.530426604844
 05/20  08:00:00,1.19576499244,5.36293880806,0.0,3.89825626385,0.0,0.108867337601,0.108867337601,0.108867337601,0.193048661283,0.0439904829679,0.378013454548,0.448445056036
 05/20  09:00:00,1.06764744378,3.93373211872,0.0,2.60367881809,0.0,0.0726968745673,0.0726968745673,0.0726968745673,0.102202243232,0.0232890725707,0.464396247352,0.381663006058
 05/20  10:00:00,1.06296167478,3.17800232317,0.0,2.00659288805,0.0,0.0560148343484,0.0560148343484,0.0560148343484,0.0851685446715,0.0194075640389,0.488331643674,0.390639088044
 05/20  11:00:00,1.05892625511,2.18292293822,0.0,1.15617398922,0.0,0.0322713397815,0.0322713397815,0.0322713397815,0.0851685446715,0.0194075640389,0.507920037478,0.390758769137
 05/20  12:00:00,1.01757124929,1.39199175157,0.0,0.476245903998,0.0,0.0132917351771,0.0132917351771,0.0132917351771,0.0851685446715,0.0194075640389,0.492127096384,0.384176309014
 05/20  13:00:00,0.974768959523,0.848084907904,0.0,0.0,0.0,0.0,0.0,0.0,0.0851685446715,0.0194075640389,0.449331940459,0.397460910353
 05/20  14:00:00,0.962419948343,0.78455586085,0.0,0.0,0.0,0.0,0.0,0.0,0.0851685446715,0.0194075640389,0.41460256486,0.419841274773
 05/20  15:00:00,0.993592753495,0.793311465542,0.0,0.0,0.0,0.0,0.0,0.0,0.0851685446715,0.0194075640389,0.422437556848,0.443179087937
 05/20  16:00:00,1.13554201874,0.882232659345,0.0,0.0,0.0,0.0,0.0,0.0,0.0908464575122,0.0207014012343,0.476390971991,0.524203188
 05/20  17:00:00,1.37576498861,1.05576929,0.0,0.0,0.0,0.0,0.0,0.0,0.11355805551,0.0258767469614,0.576107089488,0.636823096655
 05/20  18:00:00,1.51594576818,1.22288388938,0.0,0.0,0.0,0.0,0.0,0.0,0.198726547316,0.0452843171089,0.52713722862,0.691397675132
 05/20  19:00:00,1.66375018639,1.25848049299,0.0,0.0,0.0,0.0,0.0,0.0,0.397453226172,0.0905686342179,0.438669967539,0.713658358458
 05/20  20:00:00,2.01543313871,1.17052687763,0.0,0.0,0.0,0.0,0.0,0.0,0.698382124199,0.159141996409,0.396316035547,0.738192982553
 05/20  21:00:00,2.24461262465,1.04994761323,0.0,0.0,0.0,0.0,0.0,0.0,0.914142329616,0.208307846484,0.377803543407,0.72095890514
 05/20  22:00:00,1.83367888874,0.860599171671,0.0,0.0,0.0,0.0,0.0,0.0,0.7154157823,0.163023529375,0.307942038467,0.623897538595
 05/20  23:00:00,1.38893241799,0.65209875335,0.0,0.0,0.0,0.0,0.0,0.0,0.499655442847,0.113857709843,0.209863913326,0.542155351973
 05/20  24:00:00,0.943074578638,1.02291229851,0.0,0.591445856145,0.0,0.0165101585759,0.0165101585759,0.0165101585759,0.255505673227,0.0582226890625,0.140991001738,0.448445056036
 05/21  01:00:00,0.781183963467,1.62324422371,0.0,1.28727741342,0.0,0.0359363484168,0.0359363484168,0.0359363484168,0.153303325012,0.0349336134375,0.12071090523,0.41289977137
 05/21  02:00:00,0.707797664647,1.97114818071,0.0,1.66114208256,0.0,0.0463745835447,0.0463745835447,0.0463745835447,0.102202243232,0.0232890725707,0.104419237655,0.408112527644
 05/21  03:00:00,0.709930686957,2.6432537309,0.0,2.32665395668,0.0,0.0649533477434,0.0649533477434,0.0649533477434,0.102202243232,0.0232890725707,0.0937181882377,0.402367835173
 05/21  04:00:00,0.71318977712,2.92196943073,0.0,2.53156806255,0.0,0.0706741006084,0.0706741006084,0.0706741006084,0.102202243232,0.0232890725707,0.106456024366,0.387168336342
 05/21  05:00:00,0.794504697234,3.7287561371,0.0,3.01274055618,0.0,0.0841030699387,0.0841030699387,0.0841030699387,0.107880156073,0.0245829097661,0.122489815182,0.432048746274
 05/21  06:00:00,1.01173023822,5.23911845381,0.0,3.91350540087,0.0,0.109246608329,0.109246608329,0.109246608329,0.153303325012,0.0349336134375,0.191656851911,0.499189839532
 05/21  07:00:00,1.28314184248,4.54039470693,0.0,3.0395490824,0.0,0.0848517156846,0.0848517156846,0.0848517156846,0.255505673227,0.0582226890625,0.29323515966,0.530426604844
 05/21  08:00:00,1.14920598434,3.69390106439,0.0,2.23246676754,0.0,0.0623083295109,0.0623083295109,0.0623083295109,0.193048661283,0.0439904829679,0.378013454548,0.448445056036
 05/21  09:00:00,1.04071487695,2.96715216529,0.0,1.64014404486,0.0,0.0457643077393,0.0457643077393,0.0457643077393,0.102202243232,0.0232890725707,0.464396247352,0.381663006058
 05/21  10:00:00,1.05643507234,2.94232503688,0.0,1.77391402186,0.0,0.0494882319112,0.0494882319112,0.0494882319112,0.0851685446715,0.0194075640389,0.488331643674,0.390639088044
 05/21  11:00:00,1.05916172598,2.18939481467,0.0,1.16536005852,0.0,0.0325068106567,0.0325068106567,0.0325068106567,0.0851685446715,0.0194075640389,0.507920037478,0.390758769137
 05/21  12:00:00,1.02044003679,1.49271670602,0.0,0.579427203851,0.0,0.0161605226774,0.0161605226774,0.0161605226774,0.0851685446715,0.0194075640389,0.492127096384,0.384176309014
 05/21  13:00:00,0.987969666629,1.31887369572,0.0,0.473332642039,0.0,0.0132007071057,0.0132007071057,0.0132007071057,0.0851685446715,0.0194075640389,0.449331940459,0.397460910353
 05/21  14:00:00,0.964157911389,0.84464487272,0.0,0.0623181028044,0.0,0.0017379630457,0.0017379630457,0.0017379630457,0.0851685446715,0.0194075640389,0.41460256486,0.419841274773
 05/21  15:00:00,0.993592753495,0.791373477167,0.0,0.0,0.0,0.0,0.0,0.0,0.0851685446715,0.0194075640389,0.422437556848,0.443179087937
 05/21  16:00:00,1.13554201874,0.880142902221,0.0,0.0,0.0,0.0,0.0,0.0,0.0908464575122,0.0207014012343,0.476390971991,0.524203188
 05/21  17:00:00,1.37576498861,1.05325262865,0.0,0.0,0.0,0.0,0.0,0.0,0.11355805551,0.0258767469614,0.576107089488,0.636823096655
 05/21  18:00:00,1.51594576818,1.22002790882,0.0,0.0,0.0,0.0,0.0,0.0,0.198726547316,0.0452843171089,0.52713722862,0.691397675132
 05/21  19:00:00,1.66375018639,1.25553364097,0.0,0.0,0.0,0.0,0.0,0.0,0.397453226172,0.0905686342179,0.438669967539,0.713658358458
 05/21  20:00:00,2.01761459082,1.24609488571,0.0,0.0782083633607,0.0,0.00218145211086,0.00218145211086,0.00218145211086,0.698382124199,0.159141996409,0.396316035547,0.738192982553
 05/21  21:00:00,2.25635802966,1.46816665565,0.0,0.420882337813,0.0,0.0117454050142,0.0117454050142,0.0117454050142,0.914142329616,0.208307846484,0.377803543407,0.72095890514
 05/21  22:00:00,1.8677136131,2.07756601387,0.0,1.21913375168,0.0,0.0340347243676,0.0340347243676,0.0340347243676,0.7154157823,0.163023529375,0.307942038467,0.623897538595
 05/21  23:00:00,1.44832583919,2.77692746965,0.0,2.12692117614,0.0,0.0593934211989,0.0593934211989,0.0593934211989,0.499655442847,0.113857709843,0.209863913326,0.542155351973
 05/21  24:00:00,1.00867777412,3.36984035084,0.0,2.94013255761,0.0,0.0821133540571,0.0821133540571,0.0821133540571,0.255505673227,0.0582226890625,0.140991001738,0.448445056036
 05/22  01:00:00,0.840299618187,3.89395017435,0.0,3.5681253645,0.0,0.0996568645354,0.0996568645354,0.0996568645354,0.153303325012,0.0349336134375,0.116106043831,0.41289977137
 05/22  02:00:00,0.77727637781,4.55899176907,0.0,4.25685126362,0.0,0.118899741528,0.118899741528,0.118899741528,0.102202243232,0.0232890725707,0.101372792835,0.408112527644
 05/22  03:00:00,0.776450217161,5.07201124827,0.0,4.76374724173,0.0,0.13306584947,0.13306584947,0.13306584947,0.102202243232,0.0232890725707,0.0921252167148,0.402367835173
 05/22  04:00:00,0.780973291357,5.44279396094,0.0,5.06810531553,0.0,0.141573963041,0.141573963041,0.141573963041,0.102202243232,0.0232890725707,0.103339676171,0.387168336342
 05/22  05:00:00,0.855883004242,6.05190331928,0.0,5.37890495867,0.0,0.150260851613,0.150260851613,0.150260851613,0.107880156073,0.0245829097661,0.117710340515,0.432048746274
 05/22  06:00:00,1.05019958405,6.96010131249,0.0,5.73110199349,0.0,0.160112385013,0.160112385013,0.160112385013,0.153303325012,0.0349336134375,0.179260421057,0.499189839532
 05/22  07:00:00,1.28711627723,5.44722182361,0.0,4.06324717113,0.0,0.113514405861,0.113514405861,0.113514405861,0.255505673227,0.0582226890625,0.268546904233,0.530426604844
 05/22  08:00:00,1.13710781862,4.49209052576,0.0,3.1524914523,0.0,0.0880536812778,0.0880536812778,0.0880536812778,0.193048661283,0.0439904829679,0.340169937058,0.448445056036
 05/22  09:00:00,1.0130412618,3.74361607461,0.0,2.52908633671,0.0,0.0706269272044,0.0706269272044,0.0706269272044,0.102202243232,0.0232890725707,0.411860012733,0.381663006058
 05/22  10:00:00,1.01535284183,3.50018438923,0.0,2.42844171068,0.0,0.0678082686589,0.0678082686589,0.0678082686589,0.0851685446715,0.0194075640389,0.428929376422,0.390639088044
 05/22  11:00:00,1.00530146362,2.37228127577,0.0,1.42849484636,0.0,0.0398834341803,0.0398834341803,0.0398834341803,0.0851685446715,0.0194075640389,0.446683151596,0.390758769137
 05/22  12:00:00,0.980904883953,2.00434244424,0.0,1.16077194688,0.0,0.0324042934164,0.0324042934164,0.0324042934164,0.0851685446715,0.0194075640389,0.436348172812,0.384176309014
 05/22  13:00:00,0.948883361975,1.67941062099,0.0,0.894436429792,0.0,0.0249671068731,0.0249671068731,0.0249671068731,0.0851685446715,0.0194075640389,0.398479236038,0.397460910353
 05/22  14:00:00,0.931403024252,1.25185205139,0.0,0.524141790648,0.0,0.014629576623,0.014629576623,0.014629576623,0.0851685446715,0.0194075640389,0.368956064146,0.419841274773
 05/22  15:00:00,0.95035728531,0.736996266276,0.0,0.0,0.0,0.0,0.0,0.0,0.0851685446715,0.0194075640389,0.379202088662,0.443179087937
 05/22  16:00:00,1.09363777977,0.813925287348,0.0,0.0,0.0,0.0,0.0,0.0,0.0908464575122,0.0207014012343,0.43448673302,0.524203188
 05/22  17:00:00,1.33452107018,0.973676070703,0.0,0.0,0.0,0.0,0.0,0.0,0.11355805551,0.0258767469614,0.534863171049,0.636823096655
 05/22  18:00:00,1.47591706686,1.11730894694,0.0,0.0,0.0,0.0,0.0,0.0,0.198726547316,0.0452843171089,0.487108527302,0.691397675132
 05/22  19:00:00,1.62379797331,1.14089443443,0.0,0.0,0.0,0.0,0.0,0.0,0.397453226172,0.0905686342179,0.398717754459,0.713658358458
 05/22  20:00:00,1.97925862052,1.2195589232,0.0,0.160825948853,0.0,0.00449008037844,0.00449008037844,0.00449008037844,0.698382124199,0.159141996409,0.355651436977,0.738192982553
 05/22  21:00:00,2.22665092001,1.79958909156,0.0,0.844352579748,0.0,0.0235796289374,0.0235796289374,0.0235796289374,0.914142329616,0.208307846484,0.336262209834,0.72095890514
 05/22  22:00:00,1.84548814567,2.39068478216,0.0,1.60473862196,0.0,0.0448180040849,0.0448180040849,0.0448180040849,0.7154157823,0.163023529375,0.274933291318,0.623897538595
 05/22  23:00:00,1.43817913267,3.01668879339,0.0,2.41199315204,0.0,0.0673707008545,0.0673707008545,0.0673707008545,0.499655442847,0.113857709843,0.191739927151,0.542155351973
 05/22  24:00:00,1.01070468928,3.69917140898,0.0,3.28678026651,0.0,0.091809566112,0.091809566112,0.091809566112,0.255505673227,0.0582226890625,0.133321704843,0.448445056036
 05/23  01:00:00,0.859579188096,4.582717492,0.0,4.25771145433,0.0,0.118936434444,0.118936434444,0.118936434444,0.153303325012,0.0349336134375,0.116106043831,0.41289977137
 05/23  02:00:00,0.795580336566,5.21281640153,0.0,4.91137493706,0.0,0.137203700285,0.137203700285,0.137203700285,0.102202243232,0.0232890725707,0.101372792835,0.408112527644
 05/23  03:00:00,0.802451246804,6.00086845915,0.0,5.69351668779,0.0,0.159066879113,0.159066879113,0.159066879113,0.102202243232,0.0232890725707,0.0921252167148,0.402367835173
 05/23  04:00:00,0.808075559906,6.41054727669,0.0,6.03699833248,0.0,0.16867623159,0.16867623159,0.16867623159,0.102202243232,0.0232890725707,0.103339676171,0.387168336342
 05/23  05:00:00,0.878593923929,6.86144891489,0.0,6.19046655933,0.0,0.172971771301,0.172971771301,0.172971771301,0.107880156073,0.0245829097661,0.117710340515,0.432048746274
 05/23  06:00:00,1.06980683426,7.65692380761,0.0,6.43167815223,0.0,0.179719635218,0.179719635218,0.179719635218,0.153303325012,0.0349336134375,0.179260421057,0.499189839532
 05/23  07:00:00,1.28663918184,5.42534245245,0.0,4.0454297957,0.0,0.113037310473,0.113037310473,0.113037310473,0.255505673227,0.0582226890625,0.268546904233,0.530426604844
 05/23  08:00:00,1.12140112959,3.92597930384,0.0,2.58992193171,0.0,0.0723469922503,0.0723469922503,0.0723469922503,0.193048661283,0.0439904829679,0.340169937058,0.448445056036
 05/23  09:00:00,0.984330248683,2.71272542594,0.0,1.50097872522,0.0,0.0419159140901,0.0419159140901,0.0419159140901,0.102202243232,0.0232890725707,0.411860012733,0.381663006058
 05/23  10:00:00,0.971359647541,1.92288224219,0.0,0.852995602713,0.0,0.0238150743646,0.0238150743646,0.0238150743646,0.0851685446715,0.0194075640389,0.428929376422,0.390639088044
 05/23  11:00:00,0.969048698677,1.07256205296,0.0,0.130052586889,0.0,0.00363066923273,0.00363066923273,0.00363066923273,0.0851685446715,0.0194075640389,0.446683151596,0.390758769137
 05/23  12:00:00,0.948500590537,0.842504465111,0.0,0.0,0.0,0.0,0.0,0.0,0.0851685446715,0.0194075640389,0.436348172812,0.384176309014
 05/23  13:00:00,0.923916255101,0.784022245685,0.0,0.0,0.0,0.0,0.0,0.0,0.0851685446715,0.0194075640389,0.398479236038,0.397460910353
 05/23  14:00:00,0.916773447629,0.726583164524,0.0,0.0,0.0,0.0,0.0,0.0,0.0851685446715,0.0194075640389,0.368956064146,0.419841274773
 05/23  15:00:00,0.95035728531,0.735584481725,0.0,0.0,0.0,0.0,0.0,0.0,0.0851685446715,0.0194075640389,0.379202088662,0.443179087937
 05/23  16:00:00,1.09363777977,0.81206127459,0.0,0.0,0.0,0.0,0.0,0.0,0.0908464575122,0.0207014012343,0.43448673302,0.524203188
 05/23  17:00:00,1.33452107018,0.970995666889,0.0,0.0,0.0,0.0,0.0,0.0,0.11355805551,0.0258767469614,0.534863171049,0.636823096655
 05/23  18:00:00,1.47591706686,1.11420039484,0.0,0.0,0.0,0.0,0.0,0.0,0.198726547316,0.0452843171089,0.487108527302,0.691397675132
 05/23  19:00:00,1.62379797331,1.13759841034,0.0,0.0,0.0,0.0,0.0,0.0,0.397453226172,0.0905686342179,0.398717754459,0.713658358458
 05/23  20:00:00,1.97476854014,1.05546758874,0.0,0.0,0.0,0.0,0.0,0.0,0.698382124199,0.159141996409,0.355651436977,0.738192982553
 05/23  21:00:00,2.20307129107,0.952609899647,0.0,0.0,0.0,0.0,0.0,0.0,0.914142329616,0.208307846484,0.336262209834,0.72095890514
 05/23  22:00:00,1.80067014159,0.784278982218,0.0,0.0,0.0,0.0,0.0,0.0,0.7154157823,0.163023529375,0.274933291318,0.623897538595
 05/23  23:00:00,1.37080843181,0.603808034908,0.0,0.0,0.0,0.0,0.0,0.0,0.499655442847,0.113857709843,0.191739927151,0.542155351973
 05/23  24:00:00,0.918895123167,0.412544769349,0.0,0.0,0.0,0.0,0.0,0.0,0.255505673227,0.0582226890625,0.133321704843,0.448445056036
 05/24  01:00:00,0.740642753651,0.32603185204,0.0,0.0,0.0,0.0,0.0,0.0,0.153303325012,0.0349336134375,0.116106043831,0.41289977137
 05/24  02:00:00,0.658376636282,0.303080863216,0.0,0.0,0.0,0.0,0.0,0.0,0.102202243232,0.0232890725707,0.101372792835,0.408112527644
 05/24  03:00:00,0.643384367691,0.30950947082,0.0,0.0,0.0,0.0,0.0,0.0,0.102202243232,0.0232890725707,0.0921252167148,0.402367835173
 05/24  04:00:00,0.639399328316,0.37566998145,0.0,0.0,0.0,0.0,0.0,0.0,0.102202243232,0.0232890725707,0.103339676171,0.387168336342
 05/24  05:00:00,0.705622152629,0.672355765618,0.0,0.0,0.0,0.0,0.0,0.0,0.107880156073,0.0245829097661,0.117710340515,0.432048746274
 05/24  06:00:00,0.890087199039,1.22497895068,0.0,0.0,0.0,0.0,0.0,0.0,0.153303325012,0.0349336134375,0.179260421057,0.499189839532
 05/24  07:00:00,1.18340312244,1.72947383572,0.0,0.351067046419,0.0,0.0098012510756,0.0098012510756,0.0098012510756,0.255505673227,0.0582226890625,0.268546904233,0.530426604844
 05/24  08:00:00,1.0711397363,2.12484467471,0.0,0.791478024293,0.0,0.0220855989595,0.0220855989595,0.0220855989595,0.193048661283,0.0439904829679,0.340169937058,0.448445056036
 05/24  09:00:00,0.967456535331,2.10642534681,0.0,0.897807785355,0.0,0.025042200738,0.025042200738,0.025042200738,0.102202243232,0.0232890725707,0.411860012733,0.381663006058
 05/24  10:00:00,1.00747518291,3.21534876209,0.0,2.14910997933,0.0,0.0599306097292,0.0599306097292,0.0599306097292,0.0851685446715,0.0194075640389,0.428929376422,0.390639088044
 05/24  11:00:00,1.0266268073,3.13307278285,0.0,2.19489922379,0.0,0.0612087778546,0.0612087778546,0.0612087778546,0.0851685446715,0.0194075640389,0.446683151596,0.390758769137
 05/24  12:00:00,1.00184873331,2.75126486228,0.0,1.91299395247,0.0,0.0533481427739,0.0533481427739,0.0533481427739,0.0851685446715,0.0194075640389,0.436348172812,0.384176309014
 05/24  13:00:00,0.987581672389,3.06333577074,0.0,2.28315194897,0.0,0.063665417288,0.063665417288,0.063665417288,0.0851685446715,0.0194075640389,0.398479236038,0.397460910353
 05/24  14:00:00,0.982298377621,3.07289423751,0.0,2.34999112011,0.0,0.0655249299927,0.0655249299927,0.0655249299927,0.0851685446715,0.0194075640389,0.368956064146,0.419841274773
 05/24  15:00:00,1.01140755575,2.92158174575,0.0,2.18960103708,0.0,0.0610502704425,0.0610502704425,0.0610502704425,0.0851685446715,0.0194075640389,0.379202088662,0.443179087937
 05/24  16:00:00,1.15323359749,2.94595432932,0.0,2.13752781428,0.0,0.0595958177242,0.0595958177242,0.0595958177242,0.0908464575122,0.0207014012343,0.43448673302,0.524203188
 05/24  17:00:00,1.40696796277,3.56581007232,0.0,2.59862748571,0.0,0.0724468925963,0.0724468925963,0.0724468925963,0.11355805551,0.0258767469614,0.534863171049,0.636823096655
 05/24  18:00:00,1.53320885803,3.16518860639,0.0,2.05503206451,0.0,0.0572917911711,0.0572917911711,0.0572917911711,0.198726547316,0.0452843171089,0.487108527302,0.691397675132
 05/24  19:00:00,1.68444825743,3.30948988214,0.0,2.17551439733,0.0,0.0606502841284,0.0606502841284,0.0606502841284,0.397453226172,0.0905686342179,0.398717754459,0.713658358458
 05/24  20:00:00,2.0375749092,3.30513806482,0.0,2.25275115909,0.0,0.062806369065,0.062806369065,0.062806369065,0.698382124199,0.159141996409,0.355651436977,0.738192982553
 05/24  21:00:00,2.26876212349,3.30624858819,0.0,2.3560606949,0.0,0.065690832418,0.065690832418,0.065690832418,0.914142329616,0.208307846484,0.336262209834,0.72095890514
 05/24  22:00:00,1.87890661143,3.58789776259,0.0,2.80578514289,0.0,0.0782364698455,0.0782364698455,0.0782364698455,0.7154157823,0.163023529375,0.274933291318,0.623897538595
 05/24  23:00:00,1.46509891723,3.9837024808,0.0,3.3815530362,0.0,0.0942904854142,0.0942904854142,0.0942904854142,0.499655442847,0.113857709843,0.191739927151,0.542155351973
 05/24  24:00:00,1.02509499887,4.21990937241,0.0,3.80874767697,0.0,0.106199875703,0.106199875703,0.106199875703,0.255505673227,0.0582226890625,0.133321704843,0.448445056036
 05/25  01:00:00,0.852721185082,4.34456269263,0.0,4.01978037006,0.0,0.112078431431,0.112078431431,0.112078431431,0.153303325012,0.0349336134375,0.116106043831,0.41289977137
 05/25  02:00:00,0.777564750925,4.57670509206,0.0,4.2751218754,0.0,0.119188114643,0.119188114643,0.119188114643,0.102202243232,0.0232890725707,0.101372792835,0.408112527644
 05/25  03:00:00,0.765942960536,4.70399485209,0.0,4.3962528409,0.0,0.122558592845,0.122558592845,0.122558592845,0.102202243232,0.0232890725707,0.0921252167148,0.402367835173
 05/25  04:00:00,0.768092348405,4.98998181848,0.0,4.61638634745,0.0,0.128693020088,0.128693020088,0.128693020088,0.102202243232,0.0232890725707,0.103339676171,0.387168336342
 05/25  05:00:00,0.840412062645,5.50434850952,0.0,4.83527060734,0.0,0.134789910016,0.134789910016,0.134789910016,0.107880156073,0.0245829097661,0.117710340515,0.432048746274
 05/25  06:00:00,1.01594178429,5.73438734478,0.0,4.51469301854,0.0,0.125854585249,0.125854585249,0.125854585249,0.153303325012,0.0349336134375,0.179260421057,0.499189839532
 05/25  07:00:00,1.29606537776,5.76581288471,0.0,4.39313060111,0.0,0.122463506392,0.122463506392,0.122463506392,0.255505673227,0.0582226890625,0.268546904233,0.530426604844
 05/25  08:00:00,1.1467243503,4.83246268923,0.0,3.50414529824,0.0,0.0976702129568,0.0976702129568,0.0976702129568,0.193048661283,0.0439904829679,0.340169937058,0.448445056036
 05/25  09:00:00,1.02608891949,4.20708562041,0.0,3.00264514422,0.0,0.0836745848976,0.0836745848976,0.0836745848976,0.102202243232,0.0232890725707,0.411860012733,0.381663006058
 05/25  10:00:00,1.0101598943,3.31084015497,0.0,2.24741166,0.0,0.0626153211277,0.0626153211277,0.0626153211277,0.0851685446715,0.0194075640389,0.428929376422,0.390639088044
 05/25  11:00:00,0.99652716102,2.0538068407,0.0,1.11683244591,0.0,0.0311091315765,0.0311091315765,0.0311091315765,0.0851685446715,0.0194075640389,0.446683151596,0.390758769137
 05/25  12:00:00,0.965994308178,1.46606312366,0.0,0.628157921368,0.0,0.0174937176411,0.0174937176411,0.0174937176411,0.0851685446715,0.0194075640389,0.436348172812,0.384176309014
 05/25  13:00:00,0.926853696526,0.885523845919,0.0,0.105483877326,0.0,0.00293744142439,0.00293744142439,0.00293744142439,0.0851685446715,0.0194075640389,0.398479236038,0.397460910353
 05/25  14:00:00,0.917051231319,0.73341001219,0.0,0.00997558224408,0.0,0.000277783690603,0.000277783690603,0.000277783690603,0.0851685446715,0.0194075640389,0.368956064146,0.419841274773
 05/25  15:00:00,0.960816732638,1.10790810746,0.0,0.375643104146,0.0,0.0104594473283,0.0104594473283,0.0104594473283,0.0851685446715,0.0194075640389,0.379202088662,0.443179087937
 05/25  16:00:00,1.11230968093,1.47866851554,0.0,0.670629978643,0.0,0.0186719011663,0.0186719011663,0.0186719011663,0.0908464575122,0.0207014012343,0.43448673302,0.524203188
 05/25  17:00:00,1.36946946474,2.22106712881,0.0,1.25514396572,0.0,0.034948394569,0.034948394569,0.034948394569,0.11355805551,0.0258767469614,0.534863171049,0.636823096655
 05/25  18:00:00,1.49927491786,1.94735721242,0.0,0.838812454511,0.0,0.0233578510013,0.0233578510013,0.0233578510013,0.198726547316,0.0452843171089,0.487108527302,0.691397675132
 05/25  19:00:00,1.65193123607,2.14236978034,0.0,1.01027229024,0.0,0.0281332627629,0.0281332627629,0.0281332627629,0.397453226172,0.0905686342179,0.398717754459,0.713658358458
 05/25  20:00:00,2.01200033359,2.38742786436,0.0,1.33682646905,0.0,0.0372317934499,0.0372317934499,0.0372317934499,0.698382124199,0.159141996409,0.355651436977,0.738192982553
 05/25  21:00:00,2.2454641422,2.47050114571,0.0,1.52187796802,0.0,0.0423928511298,0.0423928511298,0.0423928511298,0.914142329616,0.208307846484,0.336262209834,0.72095890514
 05/25  22:00:00,1.85442296494,2.71061763857,0.0,1.92947221629,0.0,0.0537528233514,0.0537528233514,0.0537528233514,0.7154157823,0.163023529375,0.274933291318,0.623897538595
 05/25  23:00:00,1.43507820847,2.90873446705,0.0,2.30689299646,0.0,0.0642697766553,0.0642697766553,0.0642697766553,0.499655442847,0.113857709843,0.191739927151,0.542155351973
 05/25  24:00:00,1.00150638228,3.37680071072,0.0,2.96530990631,0.0,0.0826112591164,0.0826112591164,0.0826112591164,0.255505673227,0.0582226890625,0.133321704843,0.448445056036
 05/26  01:00:00,0.817966386066,3.80730458032,0.0,3.56326454308,0.0,0.0992668196105,0.0992668196105,0.0992668196105,0.153303325012,0.0349336134375,0.0941628566359,0.41289977137
 05/26  02:00:00,0.748647806087,4.00930042052,0.0,3.76558644304,0.0,0.104904874171,0.104904874171,0.104904874171,0.102202243232,0.0232890725707,0.0867390884692,0.408112527644
 05/26  03:00:00,0.745570956188,4.19107888016,0.0,3.94770862284,0.0,0.109982507686,0.109982507686,0.109982507686,0.102202243232,0.0232890725707,0.0843292975267,0.402367835173
 05/26  04:00:00,0.738704752988,4.33123853303,0.0,4.08889494968,0.0,0.113920268015,0.113920268015,0.113920268015,0.102202243232,0.0232890725707,0.0887248328276,0.387168336342
 05/26  05:00:00,0.794747547304,4.28379103877,0.0,4.03834180721,0.0,0.112515659346,0.112515659346,0.112515659346,0.107880156073,0.0245829097661,0.0943200758448,0.432048746274
 05/26  06:00:00,0.94101915855,4.2130096184,0.0,3.9628931339,0.0,0.110415548149,0.110415548149,0.110415548149,0.153303325012,0.0349336134375,0.119776832419,0.499189839532
 05/26  07:00:00,1.15774132535,3.86421254027,0.0,3.61193991049,0.0,0.100641967946,0.100641967946,0.100641967946,0.255505673227,0.0582226890625,0.152044390274,0.530426604844
 05/26  08:00:00,0.946321436841,3.0460284741,0.0,2.79894739336,0.0,0.0779849286607,0.0779849286607,0.0779849286607,0.193048661283,0.0439904829679,0.159452307894,0.448445056036
 05/26  09:00:00,0.743036750319,1.98209555025,0.0,1.73872774319,0.0,0.0484383958347,0.0484383958347,0.0484383958347,0.102202243232,0.0232890725707,0.164044032624,0.381663006058
 05/26  10:00:00,0.699329541383,1.27385885236,0.0,1.02926271619,0.0,0.0286699543548,0.0286699543548,0.0286699543548,0.0851685446715,0.0194075640389,0.152044390274,0.390639088044
 05/26  11:00:00,0.690086685134,0.536024372824,0.0,0.290855673178,0.0,0.00810108043102,0.00810108043102,0.00810108043102,0.0851685446715,0.0194075640389,0.163250726855,0.390758769137
 05/26  12:00:00,0.690831946706,0.245094346581,0.0,0.0,0.0,0.0,0.0,0.0,0.0851685446715,0.0194075640389,0.178679528982,0.384176309014
 05/26  13:00:00,0.6872991179,0.246010746757,0.0,0.0,0.0,0.0,0.0,0.0,0.0851685446715,0.0194075640389,0.161862098837,0.397460910353
 05/26  14:00:00,0.705124933721,0.247474386412,0.0,0.0,0.0,0.0,0.0,0.0,0.0851685446715,0.0194075640389,0.157307550238,0.419841274773
 05/26  15:00:00,0.749834725629,0.248983194021,0.0,0.0,0.0,0.0,0.0,0.0,0.0851685446715,0.0194075640389,0.178679528982,0.443179087937
 05/26  16:00:00,0.898740342232,0.254257108902,0.0,0.0,0.0,0.0,0.0,0.0,0.0908464575122,0.0207014012343,0.239589295486,0.524203188
 05/26  17:00:00,1.14024921405,0.261519253105,0.0,0.0,0.0,0.0,0.0,0.0,0.11355805551,0.0258767469614,0.340591314923,0.636823096655
 05/26  18:00:00,1.27975672036,0.264735056751,0.0,0.0,0.0,0.0,0.0,0.0,0.198726547316,0.0452843171089,0.290948180803,0.691397675132
 05/26  19:00:00,1.42331777304,0.265602963964,0.0,0.0,0.0,0.0,0.0,0.0,0.397453226172,0.0905686342179,0.198237554195,0.713658358458
 05/26  20:00:00,1.77509632118,0.266555169567,0.0,0.0,0.0,0.0,0.0,0.0,0.698382124199,0.159141996409,0.155979218022,0.738192982553
 05/26  21:00:00,2.00413686893,0.26481088862,0.0,0.0,0.0,0.0,0.0,0.0,0.914142329616,0.208307846484,0.137327787691,0.72095890514
 05/26  22:00:00,1.64425966937,0.258222350523,0.0,0.0,0.0,0.0,0.0,0.0,0.7154157823,0.163023529375,0.118522819098,0.623897538595
 05/26  23:00:00,1.28752254249,0.390534962017,0.0,0.137598512926,0.0,0.00383370512478,0.00383370512478,0.00383370512478,0.499655442847,0.113857709843,0.104620332705,0.542155351973
 05/26  24:00:00,0.915236306721,1.45371655833,0.0,1.20731120424,0.0,0.033666031574,0.033666031574,0.033666031574,0.255505673227,0.0582226890625,0.0959968568222,0.448445056036
 05/27  01:00:00,0.784832220287,2.61458331966,0.0,2.3709596488,0.0,0.0661326538318,0.0661326538318,0.0661326538318,0.153303325012,0.0349336134375,0.0941628566359,0.41289977137
 05/27  02:00:00,0.731570178248,3.39115461163,0.0,3.14812327789,0.0,0.0878272463321,0.0878272463321,0.0878272463321,0.102202243232,0.0232890725707,0.0867390884692,0.408112527644
 05/27  03:00:00,0.759629215553,4.68736138149,0.0,4.44519454695,0.0,0.124040767051,0.124040767051,0.124040767051,0.102202243232,0.0232890725707,0.0843292975267,0.402367835173
 05/27  04:00:00,0.770387982879,5.45770927993,0.0,5.21688440042,0.0,0.145603497905,0.145603497905,0.145603497905,0.102202243232,0.0232890725707,0.0887248328276,0.387168336342
 05/27  05:00:00,0.831074874718,5.57655511523,0.0,5.33262465688,0.0,0.14884298676,0.14884298676,0.14884298676,0.107880156073,0.0245829097661,0.0943200758448,0.432048746274
 05/27  06:00:00,0.983015055547,5.70848449145,0.0,5.46001337498,0.0,0.152411445146,0.152411445146,0.152411445146,0.153303325012,0.0349336134375,0.119776832419,0.499189839532
 05/27  07:00:00,1.15384498127,3.71736454915,0.0,3.46608015891,0.0,0.0967456238618,0.0967456238618,0.0967456238618,0.255505673227,0.0582226890625,0.152044390274,0.530426604844
 05/27  08:00:00,0.937710951831,2.73252835459,0.0,2.48596163444,0.0,0.06937444365,0.06937444365,0.06937444365,0.193048661283,0.0439904829679,0.159452307894,0.448445056036
 05/27  09:00:00,0.734701471112,1.680218165,0.0,1.43737573117,0.0,0.0401031166273,0.0401031166273,0.0401031166273,0.102202243232,0.0232890725707,0.164044032624,0.381663006058
 05/27  10:00:00,0.701647417871,1.35483254387,0.0,1.11087559482,0.0,0.0309878308426,0.0309878308426,0.0309878308426,0.0851685446715,0.0194075640389,0.152044390274,0.390639088044
 05/27  11:00:00,0.689491260416,0.513661504546,0.0,0.269093653821,0.0,0.00750565571285,0.00750565571285,0.00750565571285,0.0851685446715,0.0194075640389,0.163250726855,0.390758769137
 05/27  12:00:00,0.690831946706,0.244535523823,0.0,0.0,0.0,0.0,0.0,0.0,0.0851685446715,0.0194075640389,0.178679528982,0.384176309014
 05/27  13:00:00,0.6872991179,0.245523016249,0.0,0.0,0.0,0.0,0.0,0.0,0.0851685446715,0.0194075640389,0.161862098837,0.397460910353
 05/27  14:00:00,0.705124933721,0.247030930234,0.0,0.0,0.0,0.0,0.0,0.0,0.0851685446715,0.0194075640389,0.157307550238,0.419841274773
 05/27  15:00:00,0.749834725629,0.24848881527,0.0,0.0,0.0,0.0,0.0,0.0,0.0851685446715,0.0194075640389,0.178679528982,0.443179087937
 05/27  16:00:00,0.898740342232,0.253861216316,0.0,0.0,0.0,0.0,0.0,0.0,0.0908464575122,0.0207014012343,0.239589295486,0.524203188
 05/27  17:00:00,1.14024921405,0.261170950913,0.0,0.0,0.0,0.0,0.0,0.0,0.11355805551,0.0258767469614,0.340591314923,0.636823096655
 05/27  18:00:00,1.27975672036,0.26442523797,0.0,0.0,0.0,0.0,0.0,0.0,0.198726547316,0.0452843171089,0.290948180803,0.691397675132
 05/27  19:00:00,1.42331777304,0.2653413665,0.0,0.0,0.0,0.0,0.0,0.0,0.397453226172,0.0905686342179,0.198237554195,0.713658358458
 05/27  20:00:00,1.77509632118,0.266345853081,0.0,0.0,0.0,0.0,0.0,0.0,0.698382124199,0.159141996409,0.155979218022,0.738192982553
 05/27  21:00:00,2.00413686893,0.264640967162,0.0,0.0,0.0,0.0,0.0,0.0,0.914142329616,0.208307846484,0.137327787691,0.72095890514
 05/27  22:00:00,1.64425966937,0.258081787047,0.0,0.0,0.0,0.0,0.0,0.0,0.7154157823,0.163023529375,0.118522819098,0.623897538595
 05/27  23:00:00,1.28576251309,0.327063500962,0.0,0.0743246119508,0.0,0.00207367572264,0.00207367572264,0.00207367572264,0.499655442847,0.113857709843,0.104620332705,0.542155351973
 05/27  24:00:00,0.903210931605,1.02153295547,0.0,0.77505494543,0.0,0.0216406564578,0.0216406564578,0.0216406564578,0.255505673227,0.0582226890625,0.0959968568222,0.448445056036
 05/28  01:00:00,0.756284528591,1.5901411742,0.0,1.34605656605,0.0,0.037584962135,0.037584962135,0.037584962135,0.153303325012,0.0349336134375,0.0941628566359,0.41289977137
 05/28  02:00:00,0.693146274979,2.01302476414,0.0,1.76922802303,0.0,0.0494033430628,0.0494033430628,0.0494033430628,0.102202243232,0.0232890725707,0.0867390884692,0.408112527644
 05/28  03:00:00,0.691122595994,2.23216752959,0.0,1.98874025005,0.0,0.0555341474915,0.0555341474915,0.0555341474915,0.102202243232,0.0232890725707,0.0843292975267,0.402367835173
 05/28  04:00:00,0.681088015998,2.25876450733,0.0,2.01623828038,0.0,0.0563035310244,0.0563035310244,0.0563035310244,0.102202243232,0.0232890725707,0.0887248328276,0.387168336342
 05/28  05:00:00,0.742185123701,2.39279456651,0.0,2.14699133265,0.0,0.0599532357431,0.0599532357431,0.0599532357431,0.107880156073,0.0245829097661,0.0943200758448,0.432048746274
 05/28  06:00:00,0.895468862287,2.57345417691,0.0,2.32303386078,0.0,0.0648652518864,0.0648652518864,0.0648652518864,0.153303325012,0.0349336134375,0.119776832419,0.499189839532
 05/28  07:00:00,1.10108309641,1.82804449108,0.0,1.57529850907,0.0,0.0439837390021,0.0439837390021,0.0439837390021,0.255505673227,0.0582226890625,0.152044390274,0.530426604844
 05/28  08:00:00,0.911690384452,1.80031588927,0.0,1.5529447097,0.0,0.0433538762717,0.0433538762717,0.0433538762717,0.193048661283,0.0439904829679,0.159452307894,0.448445056036
 05/28  09:00:00,0.738398931669,1.81195894821,0.0,1.56904517406,0.0,0.043800577185,0.043800577185,0.043800577185,0.102202243232,0.0232890725707,0.164044032624,0.381663006058
 05/28  10:00:00,0.721130911858,2.05199263416,0.0,1.80816583266,0.0,0.050471324829,0.050471324829,0.050471324829,0.0851685446715,0.0194075640389,0.152044390274,0.390639088044
 05/28  11:00:00,0.734149886632,2.112666733,0.0,1.86896636929,0.0,0.0521642819289,0.0521642819289,0.0521642819289,0.0851685446715,0.0194075640389,0.163250726855,0.390758769137
 05/28  12:00:00,0.745856280038,2.21485924699,0.0,1.97155289527,0.0,0.0550243333322,0.0550243333322,0.0550243333322,0.0851685446715,0.0194075640389,0.178679528982,0.384176309014
 05/28  13:00:00,0.747071482207,2.386014332,0.0,2.14186178564,0.0,0.0597723643069,0.0597723643069,0.0597723643069,0.0851685446715,0.0194075640389,0.161862098837,0.397460910353
 05/28  14:00:00,0.760631925028,2.23471685464,0.0,1.98910927481,0.0,0.0555069913078,0.0555069913078,0.0555069913078,0.0851685446715,0.0194075640389,0.157307550238,0.419841274773
 05/28  15:00:00,0.796898956949,1.93398520456,0.0,1.68664763027,0.0,0.0470642313205,0.0470642313205,0.0470642313205,0.0851685446715,0.0194075640389,0.178679528982,0.443179087937
 05/28  16:00:00,0.944998858851,1.91097544155,0.0,1.65790089916,0.0,0.0462585166187,0.0462585166187,0.0462585166187,0.0908464575122,0.0207014012343,0.239589295486,0.524203188
 05/28  17:00:00,1.18385992073,1.82389633485,0.0,1.56312421999,0.0,0.0436107066832,0.0436107066832,0.0436107066832,0.11355805551,0.0258767469614,0.340591314923,0.636823096655
 05/28  18:00:00,1.32685936576,1.95272021755,0.0,1.68839780395,0.0,0.0471026453999,0.0471026453999,0.0471026453999,0.198726547316,0.0452843171089,0.290948180803,0.691397675132
 05/28  19:00:00,1.46955759771,1.92316097158,0.0,1.65754553475,0.0,0.0462398246641,0.0462398246641,0.0462398246641,0.397453226172,0.0905686342179,0.198237554195,0.713658358458
 05/28  20:00:00,1.82004810315,1.87830549608,0.0,1.61138052046,0.0,0.0449517819648,0.0449517819648,0.0449517819648,0.698382124199,0.159141996409,0.155979218022,0.738192982553
 05/28  21:00:00,2.05472891905,2.07845445839,0.0,1.81345926564,0.0,0.0505920501238,0.0505920501238,0.0505920501238,0.914142329616,0.208307846484,0.137327787691,0.72095890514
 05/28  22:00:00,1.70020909944,2.263586467,0.0,2.00537945509,0.0,0.055949430075,0.055949430075,0.055949430075,0.7154157823,0.163023529375,0.118522819098,0.623897538595
 05/28  23:00:00,1.3447333439,2.44098468224,0.0,2.18816856555,0.0,0.0610445065341,0.0610445065341,0.0610445065341,0.499655442847,0.113857709843,0.104620332705,0.542155351973
 05/28  24:00:00,0.940145845743,2.34680845677,0.0,2.10013370735,0.0,0.0585755705963,0.0585755705963,0.0585755705963,0.255505673227,0.0582226890625,0.0959968568222,0.448445056036
 05/29  01:00:00,0.791921693889,2.16442018119,0.0,1.83901085609,0.0,0.0512789402372,0.0512789402372,0.0512789402372,0.153303325012,0.0349336134375,0.116106043831,0.41289977137
 05/29  02:00:00,0.713507031744,2.28008541471,0.0,1.97760298945,0.0,0.0551303954624,0.0551303954624,0.0551303954624,0.102202243232,0.0232890725707,0.101372792835,0.408112527644
 05/29  03:00:00,0.70596364166,2.55387695549,0.0,2.24528932691,0.0,0.0625792739696,0.0625792739696,0.0625792739696,0.102202243232,0.0232890725707,0.0921252167148,0.402367835173
 05/29  04:00:00,0.700749695383,2.57496902568,0.0,2.2015069184,0.0,0.0613503670672,0.0613503670672,0.0613503670672,0.102202243232,0.0232890725707,0.103339676171,0.387168336342
 05/29  05:00:00,0.765623950106,2.81854411457,0.0,2.15333276522,0.0,0.0600017974771,0.0600017974771,0.0600017974771,0.107880156073,0.0245829097661,0.117710340515,0.432048746274
 05/29  06:00:00,0.948990491556,3.32301202671,0.0,2.11432207567,0.0,0.0589032925174,0.0589032925174,0.0589032925174,0.153303325012,0.0349336134375,0.179260421057,0.499189839532
 05/29  07:00:00,1.20272800252,2.40559674733,0.0,1.0457945018,0.0,0.0291261311549,0.0291261311549,0.0291261311549,0.255505673227,0.0582226890625,0.268546904233,0.530426604844
 05/29  08:00:00,1.0865569871,2.66236319476,0.0,1.34686225875,0.0,0.0375028497564,0.0375028497564,0.0375028497564,0.193048661283,0.0439904829679,0.340169937058,0.448445056036
 05/29  09:00:00,1.001771371,3.32435113451,0.0,2.13200902398,0.0,0.0593570364047,0.0593570364047,0.0593570364047,0.102202243232,0.0232890725707,0.411860012733,0.381663006058
 05/29  10:00:00,0.984291915403,2.37291856013,0.0,1.32004239757,0.0,0.0367473422271,0.0367473422271,0.0367473422271,0.0851685446715,0.0194075640389,0.428929376422,0.390639088044
 05/29  11:00:00,0.995280400144,2.00071145699,0.0,1.07293518308,0.0,0.0298623707001,0.0298623707001,0.0298623707001,0.0851685446715,0.0194075640389,0.446683151596,0.390758769137
 05/29  12:00:00,0.981150840566,2.00277328864,0.0,1.1732595023,0.0,0.0326502500299,0.0326502500299,0.0326502500299,0.0851685446715,0.0194075640389,0.436348172812,0.384176309014
 05/29  13:00:00,0.962221781623,2.14872664709,0.0,1.37662335882,0.0,0.0383055265219,0.0383055265219,0.0383055265219,0.0851685446715,0.0194075640389,0.398479236038,0.397460910353
 05/29  14:00:00,0.969630627998,2.6151248022,0.0,1.8995537357,0.0,0.0528571803694,0.0528571803694,0.0528571803694,0.0851685446715,0.0194075640389,0.368956064146,0.419841274773
 05/29  15:00:00,0.99652249186,2.38345974712,0.0,1.65899648791,0.0,0.0461652065509,0.0461652065509,0.0461652065509,0.0851685446715,0.0194075640389,0.379202088662,0.443179087937
 05/29  16:00:00,1.11777457555,1.66723941158,0.0,0.867395460559,0.0,0.0241367957818,0.0241367957818,0.0241367957818,0.0908464575122,0.0207014012343,0.43448673302,0.524203188
 05/29  17:00:00,1.37689713927,2.47900064764,0.0,1.52293581882,0.0,0.0423760690901,0.0423760690901,0.0423760690901,0.11355805551,0.0258767469614,0.534863171049,0.636823096655
 05/29  18:00:00,1.52493403179,2.85796861099,0.0,1.76141509949,0.0,0.0490169649306,0.0490169649306,0.0490169649306,0.198726547316,0.0452843171089,0.487108527302,0.691397675132
 05/29  19:00:00,1.67499670785,2.95952793927,0.0,1.83963120919,0.0,0.0511987345468,0.0511987345468,0.0511987345468,0.397453226172,0.0905686342179,0.398717754459,0.713658358458
 05/29  20:00:00,2.03502993531,3.20438953957,0.0,2.16499682425,0.0,0.0602613951687,0.0602613951687,0.0602613951687,0.698382124199,0.159141996409,0.355651436977,0.738192982553
 05/29  21:00:00,2.25986255002,2.97898592235,0.0,2.04012248278,0.0,0.0567912589455,0.0567912589455,0.0567912589455,0.914142329616,0.208307846484,0.336262209834,0.72095890514
 05/29  22:00:00,1.86934003744,3.24029329185,0.0,2.46667430832,0.0,0.0686698958496,0.0686698958496,0.0686698958496,0.7154157823,0.163023529375,0.274933291318,0.623897538595
 05/29  23:00:00,1.45451168964,3.6032934461,0.0,3.006649917,0.0,0.0837032578287,0.0837032578287,0.0837032578287,0.499655442847,0.113857709843,0.191739927151,0.542155351973
 05/29  24:00:00,1.01494092366,3.85893186702,0.0,3.45009917336,0.0,0.0960458004914,0.0960458004914,0.0960458004914,0.255505673227,0.0582226890625,0.133321704843,0.448445056036
 05/30  01:00:00,0.845003118089,4.07270803809,0.0,3.74905920017,0.0,0.104360364438,0.104360364438,0.104360364438,0.153303325012,0.0349336134375,0.116106043831,0.41289977137
 05/30  02:00:00,0.773213103758,4.42659588279,0.0,4.12571909411,0.0,0.114836467476,0.114836467476,0.114836467476,0.102202243232,0.0232890725707,0.101372792835,0.408112527644
 05/30  03:00:00,0.759424167091,4.47598131166,0.0,4.16905659264,0.0,0.116039799401,0.116039799401,0.116039799401,0.102202243232,0.0232890725707,0.0921252167148,0.402367835173
 05/30  04:00:00,0.752553218584,4.43712472366,0.0,4.06545186352,0.0,0.113153890268,0.113153890268,0.113153890268,0.102202243232,0.0232890725707,0.103339676171,0.387168336342
 05/30  05:00:00,0.823568380205,4.90033129215,0.0,4.23775810901,0.0,0.117946227576,0.117946227576,0.117946227576,0.107880156073,0.0245829097661,0.117710340515,0.432048746274
 05/30  06:00:00,0.995513774961,4.99243163481,0.0,3.78825483018,0.0,0.105426575922,0.105426575922,0.105426575922,0.153303325012,0.0349336134375,0.179260421057,0.499189839532
 05/30  07:00:00,1.27275422137,4.91771914968,0.0,3.56318553978,0.0,0.0991523500091,0.0991523500091,0.0991523500091,0.255505673227,0.0582226890625,0.268546904233,0.530426604844
 05/30  08:00:00,1.14583404671,4.78862698625,0.0,3.47825725398,0.0,0.0967799093691,0.0967799093691,0.0967799093691,0.193048661283,0.0439904829679,0.340169937058,0.448445056036
 05/30  09:00:00,1.0159602719,3.83209455073,0.0,2.64374771565,0.0,0.0735459373017,0.0735459373017,0.0735459373017,0.102202243232,0.0232890725707,0.411860012733,0.381663006058
 05/30  10:00:00,1.00829895758,3.23405975133,0.0,2.18440067776,0.0,0.0607543844049,0.0607543844049,0.0607543844049,0.0851685446715,0.0194075640389,0.428929376422,0.390639088044
 05/30  11:00:00,0.988774845761,1.76538948679,0.0,0.839954607522,0.0,0.0233568163167,0.0233568163167,0.0233568163167,0.0851685446715,0.0194075640389,0.446683151596,0.390758769137
 05/30  12:00:00,0.965810116956,1.45056647358,0.0,0.622612182541,0.0,0.0173095264194,0.0173095264194,0.0173095264194,0.0851685446715,0.0194075640389,0.436348172812,0.384176309014
 05/30  13:00:00,0.935860297898,1.20078245286,0.0,0.429685731267,0.0,0.0119440427965,0.0119440427965,0.0119440427965,0.0851685446715,0.0194075640389,0.398479236038,0.397460910353
 05/30  14:00:00,0.918952461365,0.793624264462,0.0,0.0783931134729,0.0,0.00217901373643,0.00217901373643,0.00217901373643,0.0851685446715,0.0194075640389,0.368956064146,0.419841274773
 05/30  15:00:00,0.95035728531,0.724254644861,0.0,0.0,0.0,0.0,0.0,0.0,0.0851685446715,0.0194075640389,0.379202088662,0.443179087937
 05/30  16:00:00,1.09363777977,0.799125948663,0.0,0.0,0.0,0.0,0.0,0.0,0.0908464575122,0.0207014012343,0.43448673302,0.524203188
 05/30  17:00:00,1.33452107018,0.954868473883,0.0,0.0,0.0,0.0,0.0,0.0,0.11355805551,0.0258767469614,0.534863171049,0.636823096655
 05/30  18:00:00,1.47591706686,1.09491964884,0.0,0.0,0.0,0.0,0.0,0.0,0.198726547316,0.0452843171089,0.487108527302,0.691397675132
 05/30  19:00:00,1.62379797331,1.11817042731,0.0,0.0,0.0,0.0,0.0,0.0,0.397453226172,0.0905686342179,0.398717754459,0.713658358458
 05/30  20:00:00,1.98124316423,1.27090768231,0.0,0.232889060152,0.0,0.00647462409388,0.00647462409388,0.00647462409388,0.698382124199,0.159141996409,0.355651436977,0.738192982553
 05/30  21:00:00,2.22653509362,1.7810290219,0.0,0.843903867489,0.0,0.0234638025475,0.0234638025475,0.0234638025475,0.914142329616,0.208307846484,0.336262209834,0.72095890514
 05/30  22:00:00,1.83952352948,2.16954608483,0.0,1.39712746823,0.0,0.0388533878889,0.0388533878889,0.0388533878889,0.7154157823,0.163023529375,0.274933291318,0.623897538595
 05/30  23:00:00,1.42339171876,2.48668273855,0.0,1.89064990428,0.0,0.052583286948,0.052583286948,0.052583286948,0.499655442847,0.113857709843,0.191739927151,0.542155351973
 05/30  24:00:00,0.990266172536,2.97476717197,0.0,2.56609005907,0.0,0.0713710493683,0.0713710493683,0.0713710493683,0.255505673227,0.0582226890625,0.133321704843,0.448445056036
 05/31  01:00:00,0.824546260993,3.34053269762,0.0,3.01672862267,0.0,0.083903507342,0.083903507342,0.083903507342,0.153303325012,0.0349336134375,0.116106043831,0.41289977137
 05/31  02:00:00,0.753887872691,3.73523296434,0.0,3.4342160111,0.0,0.0955112364095,0.0955112364095,0.0955112364095,0.102202243232,0.0232890725707,0.101372792835,0.408112527644
 05/31  03:00:00,0.743114712998,3.8930617123,0.0,3.58601835161,0.0,0.0997303453073,0.0997303453073,0.0997303453073,0.102202243232,0.0232890725707,0.0921252167148,0.402367835173
 05/31  04:00:00,0.743513248563,4.11522717438,0.0,3.74367484042,0.0,0.104113920247,0.104113920247,0.104113920247,0.102202243232,0.0232890725707,0.103339676171,0.387168336342
 05/31  05:00:00,0.806963607783,4.30544049333,0.0,3.64405860562,0.0,0.101341455155,0.101341455155,0.101341455155,0.107880156073,0.0245829097661,0.117710340515,0.432048746274
 05/31  06:00:00,0.989409922143,4.77291854618,0.0,3.5716262286,0.0,0.0993227231043,0.0993227231043,0.0993227231043,0.153303325012,0.0349336134375,0.179260421057,0.499189839532
 05/31  07:00:00,1.23101563259,3.41631059467,0.0,2.06480704999,0.0,0.0574137612265,0.0574137612265,0.0574137612265,0.255505673227,0.0582226890625,0.268546904233,0.530426604844
 05/31  08:00:00,1.0909885142,2.81633863121,0.0,1.5083772837,0.0,0.0419343768559,0.0419343768559,0.0419343768559,0.193048661283,0.0439904829679,0.340169937058,0.448445056036
 05/31  09:00:00,0.975447483552,2.37447727344,0.0,1.188355134,0.0,0.0330331489587,0.0330331489587,0.0330331489587,0.102202243232,0.0232890725707,0.411860012733,0.381663006058
 05/31  10:00:00,0.976499979452,2.08927674263,0.0,1.04173566425,0.0,0.0289554062759,0.0289554062759,0.0289554062759,0.0851685446715,0.0194075640389,0.428929376422,0.390639088044
 05/31  11:00:00,0.976822012335,1.33365929673,0.0,0.410303924642,0.0,0.0114039828908,0.0114039828908,0.0114039828908,0.0851685446715,0.0194075640389,0.446683151596,0.390758769137
 05/31  12:00:00,0.948781456597,0.83625002543,0.0,0.0101055756252,0.0,0.000280866060445,0.000280866060445,0.000280866060445,0.0851685446715,0.0194075640389,0.436348172812,0.384176309014
 05/31  13:00:00,0.923916255101,0.769434866593,0.0,0.0,0.0,0.0,0.0,0.0,0.0851685446715,0.0194075640389,0.398479236038,0.397460910353
 05/31  14:00:00,0.916773447629,0.713626745823,0.0,0.0,0.0,0.0,0.0,0.0,0.0851685446715,0.0194075640389,0.368956064146,0.419841274773
 05/31  15:00:00,0.95035728531,0.72250907302,0.0,0.0,0.0,0.0,0.0,0.0,0.0851685446715,0.0194075640389,0.379202088662,0.443179087937
 05/31  16:00:00,1.09363777977,0.797016311113,0.0,0.0,0.0,0.0,0.0,0.0,0.0908464575122,0.0207014012343,0.43448673302,0.524203188
 05/31  17:00:00,1.33452107018,0.952216730133,0.0,0.0,0.0,0.0,0.0,0.0,0.11355805551,0.0258767469614,0.534863171049,0.636823096655
 05/31  18:00:00,1.47591706686,1.09192687821,0.0,0.0,0.0,0.0,0.0,0.0,0.198726547316,0.0452843171089,0.487108527302,0.691397675132
 05/31  19:00:00,1.62379797331,1.11490627869,0.0,0.0,0.0,0.0,0.0,0.0,0.397453226172,0.0905686342179,0.398717754459,0.713658358458
 05/31  20:00:00,1.97476854014,1.03483353533,0.0,0.0,0.0,0.0,0.0,0.0,0.698382124199,0.159141996409,0.355651436977,0.738192982553
 05/31  21:00:00,2.20307129107,0.934545369286,0.0,0.0,0.0,0.0,0.0,0.0,0.914142329616,0.208307846484,0.336262209834,0.72095890514
 05/31  22:00:00,1.80067014159,0.770589998411,0.0,0.0,0.0,0.0,0.0,0.0,0.7154157823,0.163023529375,0.274933291318,0.623897538595
 05/31  23:00:00,1.37080843181,0.595102624067,0.0,0.0,0.0,0.0,0.0,0.0,0.499655442847,0.113857709843,0.191739927151,0.542155351973
 05/31  24:00:00,0.918895123167,0.408774119003,0.0,0.0,0.0,0.0,0.0,0.0,0.255505673227,0.0582226890625,0.133321704843,0.448445056036
 06/01  01:00:00,0.788408198074,0.491958589615,0.0,0.170894647445,0.0736366826839,0.0247793068284,0.0984159895123,0.0247793068284,0.153412025464,0.034958353308,0.115864577324,0.362357252466
 06/01  02:00:00,0.619317068451,0.753493633379,0.0,0.454865661371,0.0,0.0126621394556,0.0126621394556,0.0126621394556,0.100511289128,0.0229037506148,0.101683880294,0.358156008959
 06/01  03:00:00,0.615449849546,1.13626099938,0.0,0.831486024295,0.0,0.0231101740434,0.0231101740434,0.0231101740434,0.100511289128,0.0229037506148,0.0924101190091,0.353114516751
 06/01  04:00:00,0.622152913289,1.53915674706,0.0,1.17004098051,0.0,0.0325231856834,0.0325231856834,0.0325231856834,0.100511289128,0.0229037506148,0.103039119246,0.339775568616
 06/01  05:00:00,0.688825815882,2.07897668551,0.0,1.42142066463,0.0,0.0395138722638,0.0395138722638,0.0395138722638,0.105801356284,0.024109211495,0.116839149346,0.379162226493
 06/01  06:00:00,0.85408718506,2.67308367678,0.0,1.47812770192,0.0,0.0410885457313,0.0410885457313,0.0410885457313,0.142831786419,0.0325474376562,0.176134748577,0.438084666677
 06/01  07:00:00,1.10290860893,2.588469855,0.0,1.24465285543,0.0,0.0345937957763,0.0345937957763,0.0345937957763,0.227472914537,0.0518347934133,0.262609324643,0.465497780559
 06/01  08:00:00,0.990618791523,2.45668916442,0.0,1.15609605173,0.0,0.0321290217311,0.0321290217311,0.0321290217311,0.169282122201,0.0385747420571,0.333681420029,0.393551485504
 06/01  09:00:00,0.905262018377,2.07787213898,0.0,0.898189470751,0.0,0.0249579683593,0.0249579683593,0.0249579683593,0.0952212348754,0.0216982927889,0.405040383769,0.334944138584
 06/01  10:00:00,0.913682737013,1.78087611674,0.0,0.739347333383,0.0,0.0205410143901,0.0205410143901,0.0205410143901,0.0846410876582,0.0192873679743,0.422991796832,0.342821470159
 06/01  11:00:00,0.906112731431,1.01677617734,0.0,0.0990149500123,0.0,0.00275061254557,0.00275061254557,0.00275061254557,0.0793510205016,0.0180819101484,0.439602686989,0.342926501247
 06/01  12:00:00,0.984075763514,0.820815162865,0.0,0.0,0.077550100003,0.020372236278,0.097922336281,0.020372236278,0.0793510205016,0.0180819101484,0.428170705158,0.337149791425
 06/01  13:00:00,1.15576911092,0.764296507508,0.0,0.0,0.234092019665,0.0600190142781,0.294111033943,0.0600190142781,0.0793510205016,0.0180819101484,0.392016904173,0.348808242156
 06/01  14:00:00,1.3840609728,0.708730701068,0.0,0.0,0.42496698289,0.106988544298,0.531955527188,0.106988544298,0.0793510205016,0.0180819101484,0.362823459415,0.368449055551
 06/01  15:00:00,1.77460253021,0.717639567563,0.0,0.0,0.711629335303,0.175690000621,0.887319335924,0.175690000621,0.0846410876582,0.0192873679743,0.371024621008,0.388930117647
 06/01  16:00:00,2.22265778024,0.791654507858,0.0,0.0,0.976274824209,0.238372278861,1.21464710307,0.238372278861,0.0846410876582,0.0192873679743,0.420646057535,0.460036164
 06/01  17:00:00,2.7239686246,0.945979865143,0.0,0.0,1.20832801108,0.29171266051,1.50004067159,0.29171266051,0.105801356284,0.024109211495,0.511746967733,0.558870417499
 06/01  18:00:00,2.84101442817,1.08506572176,0.0,0.0,1.21110958226,0.2924864377,1.50359601996,0.2924864377,0.169282122201,0.0385747420571,0.469396950471,0.606764593477
 06/01  19:00:00,2.74536996888,1.10791124561,0.0,0.0,1.04276883372,0.260058336898,1.30282717062,0.260058336898,0.327984268436,0.0747385684626,0.390119585571,0.626300375784
 06/01  20:00:00,2.83356702731,1.02780159222,0.0,0.0,0.869277705898,0.221032656634,1.09031036253,0.221032656634,0.587197507987,0.133806139374,0.351021268662,0.647831748756
 06/01  21:00:00,2.95366465131,0.927751791557,0.0,0.0,0.730792232806,0.187657749903,0.918449982709,0.187657749903,0.851700994856,0.19407915284,0.333327248776,0.632707272132
 06/01  22:00:00,2.41065148333,0.764780890734,0.0,0.0,0.547655122834,0.141733260827,0.689388383661,0.141733260827,0.714159197669,0.162737188281,0.273439653687,0.54752706003
 06/01  23:00:00,1.72763945361,0.590237428717,0.0,0.0,0.337995953942,0.088892341726,0.426888295668,0.088892341726,0.497266390637,0.113313279977,0.190980660183,0.475790827151
 06/01  24:00:00,1.07744320616,0.404949268065,0.0,0.0,0.170427841557,0.0451783641016,0.215606205659,0.0451783641016,0.25392325032,0.0578620978142,0.133100166867,0.393551485504
 06/02  01:00:00,0.855872186156,0.320876472494,0.0,0.0,0.131793143645,0.0340868339492,0.165879977595,0.0340868339492,0.153412025464,0.034958353308,0.115864577324,0.362357252466
 06/02  02:00:00,0.675776923406,0.298439894574,0.0,0.0,0.0548157593652,0.0143062350454,0.0691219944106,0.0143062350454,0.100511289128,0.0229037506148,0.101683880294,0.358156008959
 06/02  03:00:00,0.593555078839,0.34828733858,0.0,0.0437428326561,0.0,0.00121540333718,0.00121540333718,0.00121540333718,0.100511289128,0.0229037506148,0.0924101190091,0.353114516751
 06/02  04:00:00,0.59566637976,0.585925594608,0.0,0.217265247684,0.0,0.00603665215488,0.00603665215488,0.00603665215488,0.100511289128,0.0229037506148,0.103039119246,0.339775568616
 06/02  05:00:00,0.656247102021,0.905733838347,0.0,0.249625564308,0.0,0.00693515840196,0.00693515840196,0.00693515840196,0.105801356284,0.024109211495,0.116839149346,0.379162226493
 06/02  06:00:00,0.817176173007,1.34214765021,0.0,0.150389114425,0.0,0.00417753367799,0.00417753367799,0.00417753367799,0.142831786419,0.0325474376562,0.176134748577,0.438084666677
 06/02  07:00:00,1.19565311956,1.34018304208,0.0,0.0,0.101216732055,0.0261215743522,0.127338306407,0.0261215743522,0.227472914537,0.0518347934133,0.262609324643,0.465497780559
 06/02  08:00:00,1.22578347601,1.29710624875,0.0,0.0,0.213236717118,0.0540569891047,0.267293706223,0.0540569891047,0.169282122201,0.0385747420571,0.333681420029,0.393551485504
 06/02  09:00:00,1.38126825244,1.17658050421,0.0,0.0,0.401910792222,0.0990534101998,0.500964202422,0.0990534101998,0.0952212348754,0.0216982927889,0.405040383769,0.334944138584
 06/02  10:00:00,1.54904117794,1.03882215037,0.0,0.0,0.526252510932,0.12964694438,0.655899455312,0.12964694438,0.0846410876582,0.0192873679743,0.422991796832,0.342821470159
 06/02  11:00:00,1.66734391511,0.915168896761,0.0,0.0,0.612999373361,0.15098242286,0.763981796221,0.15098242286,0.0793510205016,0.0180819101484,0.439602686989,0.342926501247
 06/02  12:00:00,1.84126415185,0.818345641246,0.0,0.0,0.766361658742,0.188749065878,0.955110724619,0.188749065878,0.0793510205016,0.0180819101484,0.428170705158,0.337149791425
 06/02  13:00:00,1.96933786882,0.762019170968,0.0,0.0,0.890731404767,0.21694838707,1.10767979184,0.21694838707,0.0793510205016,0.0180819101484,0.392016904173,0.348808242156
 06/02  14:00:00,1.93263634486,0.706406255439,0.0,0.0,0.866998619786,0.213532279456,1.08053089924,0.213532279456,0.0793510205016,0.0180819101484,0.362823459415,0.368449055551
 06/02  15:00:00,2.0120302256,0.714976314996,0.0,0.0,0.902479166022,0.222267865295,1.12474703132,0.222267865295,0.0846410876582,0.0192873679743,0.371024621008,0.388930117647
 06/02  16:00:00,2.09021096438,0.788441875899,0.0,0.0,0.864982512876,0.21721777434,1.08220028722,0.21721777434,0.0846410876582,0.0192873679743,0.420646057535,0.460036164
 06/02  17:00:00,2.13839355573,0.941785143362,0.0,0.0,0.725754063909,0.18871153881,0.914465602719,0.18871153881,0.105801356284,0.024109211495,0.511746967733,0.558870417499
 06/02  18:00:00,2.19355181642,1.08012616791,0.0,0.0,0.67944624277,0.176687165445,0.856133408215,0.176687165445,0.169282122201,0.0385747420571,0.469396950471,0.606764593477
 06/02  19:00:00,1.97201685714,1.10279067396,0.0,0.0,0.417739367878,0.111734691012,0.52947405889,0.111734691012,0.327984268436,0.0747385684626,0.390119585571,0.626300375784
 06/02  20:00:00,2.12211906932,1.0231172053,0.0,0.0,0.298526682235,0.0803357223036,0.378862404538,0.0803357223036,0.587197507987,0.133806139374,0.351021268662,0.647831748756
 06/02  21:00:00,2.2742753605,0.923462904482,0.0,0.0,0.188375436114,0.0506852557818,0.239060691895,0.0506852557818,0.851700994856,0.19407915284,0.333327248776,0.632707272132
 06/02  22:00:00,1.83114104548,0.761242514989,0.0,0.0,0.0865860584026,0.0232918874144,0.109877945817,0.0232918874144,0.714159197669,0.162737188281,0.273439653687,0.54752706003
 06/02  23:00:00,1.30226129259,0.641711356904,0.0,0.0543558146849,0.0,0.00151013464037,0.00151013464037,0.00151013464037,0.497266390637,0.113313279977,0.190980660183,0.475790827151
 06/02  24:00:00,0.876502736361,0.930595837609,0.0,0.527877625497,0.0,0.0146657358555,0.0146657358555,0.0146657358555,0.25392325032,0.0578620978142,0.133100166867,0.393551485504
 06/03  01:00:00,0.718572090471,1.19009970593,0.0,0.86296177874,0.0,0.0239750205112,0.0239750205112,0.0239750205112,0.153412025464,0.034958353308,0.120469438723,0.362357252466
 06/03  02:00:00,0.650854110538,1.78360170723,0.0,1.48125988653,0.0,0.0411527367218,0.0411527367218,0.0411527367218,0.100511289128,0.0229037506148,0.104730325114,0.358156008959
 06/03  03:00:00,0.659784822629,2.67821842025,0.0,2.36987755107,0.0,0.0658521756042,0.0658521756042,0.0658521756042,0.100511289128,0.0229037506148,0.0940030905319,0.353114516751
 06/03  04:00:00,0.671186370082,3.20123279244,0.0,2.82241185781,0.0,0.0784402942807,0.0784402942807,0.0784402942807,0.100511289128,0.0229037506148,0.106155467442,0.339775568616
 06/03  05:00:00,0.742963850726,3.88759802345,0.0,3.19732766099,0.0,0.0888724324405,0.0888724324405,0.0888724324405,0.105801356284,0.024109211495,0.121618624013,0.379162226493
 06/03  06:00:00,0.931028886209,5.07371752184,0.0,3.79997476452,0.0,0.105633816026,0.105633816026,0.105633816026,0.142831786419,0.0325474376562,0.188531179431,0.438084666677
 06/03  07:00:00,1.19664366423,5.16795099861,0.0,3.72763356469,0.0,0.103640595654,0.103640595654,0.103640595654,0.227472914537,0.0518347934133,0.28729758007,0.465497780559
 06/03  08:00:00,1.08132715253,4.45822998442,0.0,3.05608450937,0.0,0.0849938652486,0.0849938652486,0.0849938652486,0.169282122201,0.0385747420571,0.371524937518,0.393551485504
 06/03  09:00:00,1.00565514287,3.89125384749,0.0,2.61809111921,0.0,0.0728148582288,0.0728148582288,0.0728148582288,0.0952212348754,0.0216982927889,0.457576618389,0.334944138584
 06/03  10:00:00,1.01605801716,3.40494506422,0.0,2.28348089403,0.0,0.0635140272856,0.0635140272856,0.0635140272856,0.0846410876582,0.0192873679743,0.482394064084,0.342821470159
 06/03  11:00:00,0.995814285063,2.10581311935,0.0,1.12216185498,0.0,0.031215280295,0.031215280295,0.031215280295,0.0793510205016,0.0180819101484,0.500839572871,0.342926501247
 06/03  12:00:00,0.954048753759,1.31337907352,0.0,0.43556366582,0.0,0.0121164029543,0.0121164029543,0.0121164029543,0.0793510205016,0.0180819101484,0.48394962873,0.337149791425
 06/03  13:00:00,0.916554735872,0.958697631223,0.0,0.145369831276,0.0,0.00404395447104,0.00404395447104,0.00404395447104,0.0793510205016,0.0180819101484,0.442869608595,0.348808242156
 06/03  14:00:00,1.00608277614,0.752784059519,0.0,0.0,0.0852106875041,0.0231201423103,0.108330829814,0.0231201423103,0.0793510205016,0.0180819101484,0.408469960129,0.368449055551
 06/03  15:00:00,1.24287172478,0.761334649329,0.0,0.0,0.246316184039,0.0660368782672,0.312353062306,0.0660368782672,0.0846410876582,0.0192873679743,0.414260089194,0.388930117647
 06/03  16:00:00,1.4892555688,0.846124102114,0.0,0.0,0.346969132221,0.0923715204411,0.439340652662,0.0923715204411,0.0846410876582,0.0192873679743,0.462550296506,0.460036164
 06/03  17:00:00,1.67983347864,1.0115832645,0.0,0.0,0.326435226588,0.0882263806032,0.414661607191,0.0882263806032,0.105801356284,0.024109211495,0.552990886172,0.558870417499
 06/03  18:00:00,1.81236222804,1.17140084479,0.0,0.0,0.341769832153,0.0931452863671,0.43491511852,0.0931452863671,0.169282122201,0.0385747420571,0.509425651789,0.606764593477
 06/03  19:00:00,1.92358674647,1.20576756387,0.0,0.0,0.346583751385,0.0945079837472,0.441091735132,0.0945079837472,0.327984268436,0.0747385684626,0.430071798651,0.626300375784
 06/03  20:00:00,1.95168885225,1.12120182179,0.0,0.0,0.131813525846,0.0359540630551,0.167767588901,0.0359540630551,0.587197507987,0.133806139374,0.391685867232,0.647831748756
 06/03  21:00:00,2.07883466333,1.0798284557,0.0,0.0746435999341,0.0,0.00207866115764,0.00207866115764,0.00207866115764,0.851700994856,0.19407915284,0.374868582349,0.632707272132
 06/03  22:00:00,1.7796057554,1.73416574431,0.0,0.909414206853,0.0,0.0253339085812,0.0253339085812,0.0253339085812,0.714159197669,0.162737188281,0.306448400837,0.54752706003
 06/03  23:00:00,1.3649963373,2.28097002027,0.0,1.65501876014,0.0,0.046121193178,0.046121193178,0.046121193178,0.497266390637,0.113313279977,0.209104646358,0.475790827151
 06/03  24:00:00,0.941475445495,2.99739752801,0.0,2.58189733101,0.0,0.0719691480942,0.0719691480942,0.0719691480942,0.25392325032,0.0578620978142,0.140769463762,0.393551485504
 06/04  01:00:00,0.785603812545,3.58875782639,0.0,3.26438922883,0.0,0.0910067425847,0.0910067425847,0.0910067425847,0.153412025464,0.034958353308,0.120469438723,0.362357252466
 06/04  02:00:00,0.721971406859,4.32575377168,0.0,4.0262948886,0.0,0.112270033043,0.112270033043,0.112270033043,0.100511289128,0.0229037506148,0.104730325114,0.358156008959
 06/04  03:00:00,0.725871032044,5.03606445798,0.0,4.73047163112,0.0,0.131938385018,0.131938385018,0.131938385018,0.100511289128,0.0229037506148,0.0940030905319,0.353114516751
 06/04  04:00:00,0.744180140823,5.80386423434,0.0,5.42809351786,0.0,0.151434065021,0.151434065021,0.151434065021,0.100511289128,0.0229037506148,0.106155467442,0.339775568616
 06/04  05:00:00,0.817828347721,6.55435841574,0.0,5.86813205008,0.0,0.163736929435,0.163736929435,0.163736929435,0.105801356284,0.024109211495,0.121618624013,0.379162226493
 06/04  06:00:00,0.988967339731,7.12906491942,0.0,5.86122584742,0.0,0.163572269549,0.163572269549,0.163572269549,0.142831786419,0.0325474376562,0.188531179431,0.438084666677
 06/04  07:00:00,1.21242575115,5.71370948064,0.0,4.27907807864,0.0,0.119422682566,0.119422682566,0.119422682566,0.227472914537,0.0518347934133,0.28729758007,0.465497780559
 06/04  08:00:00,1.08163715594,4.45406265716,0.0,3.05689509078,0.0,0.0853038686631,0.0853038686631,0.0853038686631,0.169282122201,0.0385747420571,0.371524937518,0.393551485504
 06/04  09:00:00,0.996859160097,3.56317231049,0.0,2.29439225753,0.0,0.0640188754605,0.0640188754605,0.0640188754605,0.0952212348754,0.0216982927889,0.457576618389,0.334944138584
 06/04  10:00:00,1.00692168827,3.06647775883,0.0,1.94893282667,0.0,0.0543776983944,0.0543776983944,0.0543776983944,0.0846410876582,0.0192873679743,0.482394064084,0.342821470159
 06/04  11:00:00,0.986890806062,1.77918588608,0.0,0.798956976015,0.0,0.0222918012942,0.0222918012942,0.0222918012942,0.0793510205016,0.0180819101484,0.500839572871,0.342926501247
 06/04  12:00:00,0.956427473096,1.39411312502,0.0,0.519527731197,0.0,0.0144951222914,0.0144951222914,0.0144951222914,0.0793510205016,0.0180819101484,0.48394962873,0.337149791425
 06/04  13:00:00,0.916415058364,0.9501769223,0.0,0.139937979738,0.0,0.00390427696275,0.00390427696275,0.00390427696275,0.0793510205016,0.0180819101484,0.442869608595,0.348808242156
 06/04  14:00:00,1.00186101468,0.750003908741,0.0,0.0,0.0817613604688,0.0223477078762,0.104109068345,0.0223477078762,0.0793510205016,0.0180819101484,0.408469960129,0.368449055551
 06/04  15:00:00,1.30480538795,0.758826781893,0.0,0.0,0.295001377924,0.0792853475564,0.37428672548,0.0792853475564,0.0846410876582,0.0192873679743,0.414260089194,0.388930117647
 06/04  16:00:00,1.57476170897,0.843381910867,0.0,0.0,0.412786387036,0.112060405799,0.524846792835,0.112060405799,0.0846410876582,0.0192873679743,0.462550296506,0.460036164
 06/04  17:00:00,1.79974159221,1.00837189428,0.0,0.0,0.419618166304,0.114951554458,0.534569720762,0.114951554458,0.105801356284,0.024109211495,0.552990886172,0.558870417499
 06/04  18:00:00,1.96806604613,1.16786526652,0.0,0.0,0.462174647153,0.128444289454,0.590618936608,0.128444289454,0.169282122201,0.0385747420571,0.509425651789,0.606764593477
 06/04  19:00:00,1.95114382559,1.20176555586,0.0,0.0,0.366701639207,0.101947175046,0.468648814253,0.101947175046,0.327984268436,0.0747385684626,0.430071798651,0.626300375784
 06/04  20:00:00,2.13568710585,1.11753673542,0.0,0.0,0.275231329853,0.076534512652,0.351765842505,0.076534512652,0.587197507987,0.133806139374,0.391685867232,0.647831748756
 06/04  21:00:00,2.26152038916,1.00212463471,0.0,0.0,0.144568761825,0.0401956251588,0.184764386984,0.0401956251588,0.851700994856,0.19407915284,0.374868582349,0.632707272132
 06/04  22:00:00,1.79053415531,0.822590884693,0.0,0.0,0.0283745322267,0.00788777626371,0.0362623084904,0.00788777626371,0.714159197669,0.162737188281,0.306448400837,0.54752706003
 06/04  23:00:00,1.32999834605,1.02307636717,0.0,0.398411354558,0.0,0.011123201924,0.011123201924,0.011123201924,0.497266390637,0.113313279977,0.209104646358,0.475790827151
 06/04  24:00:00,0.89259745295,1.24213881926,0.0,0.827062977727,0.0,0.0230911555491,0.0230911555491,0.0230911555491,0.25392325032,0.0578620978142,0.140769463762,0.393551485504
 06/05  01:00:00,0.72627396555,1.61579815058,0.0,1.29952965763,0.0,0.0362817569892,0.0362817569892,0.0362817569892,0.153412025464,0.034958353308,0.115864577324,0.362357252466
 06/05  02:00:00,0.647883172782,1.77060028382,0.0,1.47675009197,0.0,0.0412282437865,0.0412282437865,0.0412282437865,0.100511289128,0.0229037506148,0.101683880294,0.358156008959
 06/05  03:00:00,0.641657554408,2.06645656101,0.0,1.76658422788,0.0,0.0493178789062,0.0493178789062,0.0493178789062,0.100511289128,0.0229037506148,0.0924101190091,0.353114516751
 06/05  04:00:00,0.648659722659,2.477880546,0.0,2.11461181494,0.0,0.0590299950538,0.0590299950538,0.0590299950538,0.100511289128,0.0229037506148,0.103039119246,0.339775568616
 06/05  05:00:00,0.710549545004,2.84167174897,0.0,2.19378963049,0.0,0.0612376013853,0.0612376013853,0.0612376013853,0.105801356284,0.024109211495,0.116839149346,0.379162226493
 06/05  06:00:00,0.871593689399,3.27748426106,0.0,2.09924192546,0.0,0.0585950500694,0.0585950500694,0.0585950500694,0.142831786419,0.0325474376562,0.176134748577,0.438084666677
 06/05  07:00:00,1.1403539031,3.9061068854,0.0,2.58108759385,0.0,0.0720390899433,0.0720390899433,0.0720390899433,0.227472914537,0.0518347934133,0.262609324643,0.465497780559
 06/05  08:00:00,1.02253175126,3.57641103869,0.0,2.29477149891,0.0,0.064041981465,0.064041981465,0.064041981465,0.169282122201,0.0385747420571,0.333681420029,0.393551485504
 06/05  09:00:00,0.941883688831,3.36910811836,0.0,2.20701910749,0.0,0.0615796388137,0.0615796388137,0.0615796388137,0.0952212348754,0.0216982927889,0.405040383769,0.334944138584
 06/05  10:00:00,0.9528638424,3.16622762236,0.0,2.14062439246,0.0,0.0597221197763,0.0597221197763,0.0597221197763,0.0846410876582,0.0192873679743,0.422991796832,0.342821470159
 06/05  11:00:00,0.947097635893,2.4711078438,0.0,1.56767886178,0.0,0.043735517007,0.043735517007,0.043735517007,0.0793510205016,0.0180819101484,0.439602686989,0.342926501247
 06/05  12:00:00,0.926394107704,2.25005253265,0.0,1.44245831719,0.0,0.0402406804709,0.0402406804709,0.0402406804709,0.0793510205016,0.0180819101484,0.428170705158,0.337149791425
 06/05  13:00:00,0.891423312706,1.81887509298,0.0,1.06697404581,0.0,0.0297652357267,0.0297652357267,0.0297652357267,0.0793510205016,0.0180819101484,0.392016904173,0.348808242156
 06/05  14:00:00,0.862335423999,1.06400045836,0.0,0.366700518031,0.0,0.0102299783836,0.0102299783836,0.0102299783836,0.0793510205016,0.0180819101484,0.362823459415,0.368449055551
 06/05  15:00:00,0.891191223788,0.846135764527,0.0,0.140088009138,0.0,0.00390802950123,0.00390802950123,0.00390802950123,0.0846410876582,0.0192873679743,0.371024621008,0.388930117647
 06/05  16:00:00,1.18636092228,0.779081176036,0.0,0.0,0.139740854156,0.0386093909517,0.178350245108,0.0386093909517,0.0846410876582,0.0192873679743,0.420646057535,0.460036164
 06/05  17:00:00,1.41313301983,0.931406835817,0.0,0.0,0.14823159467,0.0409734721488,0.189205066819,0.0409734721488,0.105801356284,0.024109211495,0.511746967733,0.558870417499
 06/05  18:00:00,1.61224162604,1.06883092123,0.0,0.0,0.215299884614,0.0595233332235,0.274823217837,0.0595233332235,0.169282122201,0.0385747420571,0.469396950471,0.606764593477
 06/05  19:00:00,1.68049677349,1.09165233745,0.0,0.0,0.186404886126,0.0515490891149,0.237953975241,0.0515490891149,0.327984268436,0.0747385684626,0.390119585571,0.626300375784
 06/05  20:00:00,1.74548910273,1.09251378357,0.0,0.0800068881492,0.0,0.00223243794616,0.00223243794616,0.00223243794616,0.587197507987,0.133806139374,0.351021268662,0.647831748756
 06/05  21:00:00,2.05110769708,1.48299764124,0.0,0.569437978892,0.0,0.0158930284736,0.0158930284736,0.0158930284736,0.851700994856,0.19407915284,0.333327248776,0.632707272132
 06/05  22:00:00,1.75887539738,2.09972423045,0.0,1.34715186882,0.0,0.0376122977109,0.0376122977109,0.0376122977109,0.714159197669,0.162737188281,0.273439653687,0.54752706003
 06/05  23:00:00,1.36330226321,2.81997373368,0.0,2.2398207864,0.0,0.0625511052657,0.0625511052657,0.0625511052657,0.497266390637,0.113313279977,0.190980660183,0.475790827151
 06/05  24:00:00,0.953331748706,3.67264289192,0.0,3.27568398064,0.0,0.0914947482009,0.0914947482009,0.0914947482009,0.25392325032,0.0578620978142,0.133100166867,0.393551485504
 06/06  01:00:00,0.801640439741,4.31062008334,0.0,3.99686684387,0.0,0.11164823118,0.11164823118,0.11164823118,0.153412025464,0.034958353308,0.115864577324,0.362357252466
 06/06  02:00:00,0.743247345767,5.18075994019,0.0,4.88951568494,0.0,0.136592416772,0.136592416772,0.136592416772,0.100511289128,0.0229037506148,0.101683880294,0.358156008959
 06/06  03:00:00,0.744821429482,5.75467074671,0.0,5.45779951955,0.0,0.152481753979,0.152481753979,0.152481753979,0.100511289128,0.0229037506148,0.0924101190091,0.353114516751
 06/06  04:00:00,0.758209856547,6.3936022288,0.0,6.03362619524,0.0,0.168580128941,0.168580128941,0.168580128941,0.100511289128,0.0229037506148,0.103039119246,0.339775568616
 06/06  05:00:00,0.821114434479,6.79215794311,0.0,6.14856977778,0.0,0.17180249086,0.17180249086,0.17180249086,0.105801356284,0.024109211495,0.116839149346,0.379162226493
 06/06  06:00:00,0.99702198963,7.75739949452,0.0,6.5854068427,0.0,0.184023350301,0.184023350301,0.184023350301,0.142831786419,0.0325474376562,0.176134748577,0.438084666677
 06/06  07:00:00,1.19148898891,5.72681539919,0.0,4.40803281681,0.0,0.12317417576,0.12317417576,0.12317417576,0.227472914537,0.0518347934133,0.262609324643,0.465497780559
 06/06  08:00:00,1.04475437858,4.36472741414,0.0,3.08790461449,0.0,0.0862646087918,0.0862646087918,0.0862646087918,0.169282122201,0.0385747420571,0.333681420029,0.393551485504
 06/06  09:00:00,0.941013439907,3.33168973896,0.0,2.17367248993,0.0,0.0607093898901,0.0607093898901,0.0607093898901,0.0952212348754,0.0216982927889,0.405040383769,0.334944138584
 06/06  10:00:00,0.93643621847,2.5726877068,0.0,1.55035027095,0.0,0.0432944958465,0.0432944958465,0.0432944958465,0.0846410876582,0.0192873679743,0.422991796832,0.342821470159
 06/06  11:00:00,0.915695553413,1.34262435012,0.0,0.44168130727,0.0,0.0123334345268,0.0123334345268,0.0123334345268,0.0793510205016,0.0180819101484,0.439602686989,0.342926501247
 06/06  12:00:00,0.942304204918,0.805905940644,0.0,0.0,0.0443268288037,0.0118239488817,0.0561507776854,0.0118239488817,0.0793510205016,0.0180819101484,0.428170705158,0.337149791425
 06/06  13:00:00,1.0031695779,0.750391807457,0.0,0.0,0.111704858576,0.0298066423415,0.141511500918,0.0298066423415,0.0793510205016,0.0180819101484,0.392016904173,0.348808242156
 06/06  14:00:00,1.20860647803,0.696007425945,0.0,0.0,0.282495769096,0.0740052633142,0.356501032411,0.0740052633142,0.0793510205016,0.0180819101484,0.362823459415,0.368449055551
 06/06  15:00:00,1.48604995332,0.704999254936,0.0,0.0,0.47444578955,0.124320969481,0.598766759032,0.124320969481,0.0846410876582,0.0192873679743,0.371024621008,0.388930117647
 06/06  16:00:00,1.83745375214,0.777760580034,0.0,0.0,0.659923997046,0.16951907793,0.829443074975,0.16951907793,0.0846410876582,0.0192873679743,0.420646057535,0.460036164
 06/06  17:00:00,2.20014565507,0.929749605594,0.0,0.0,0.776695745722,0.199521956336,0.976217702058,0.199521956336,0.105801356284,0.024109211495,0.511746967733,0.558870417499
 06/06  18:00:00,2.35992483332,1.06684019266,0.0,0.0,0.811985707618,0.210520717495,1.02250642511,0.210520717495,0.169282122201,0.0385747420571,0.469396950471,0.606764593477
 06/06  19:00:00,2.37216662354,1.08949019392,0.0,0.0,0.735275086768,0.194348738514,0.929623825282,0.194348738514,0.327984268436,0.0747385684626,0.390119585571,0.626300375784
 06/06  20:00:00,2.45795922121,1.01072615402,0.0,0.0,0.562059299058,0.15264325737,0.714702556428,0.15264325737,0.587197507987,0.133806139374,0.351021268662,0.647831748756
 06/06  21:00:00,2.52505535574,0.912100764659,0.0,0.0,0.383369562116,0.10647112502,0.489840687136,0.10647112502,0.851700994856,0.19407915284,0.333327248776,0.632707272132
 06/06  22:00:00,1.91787393307,0.751585559696,0.0,0.0,0.153891802473,0.0427190309263,0.196610833399,0.0427190309263,0.714159197669,0.162737188281,0.273439653687,0.54752706003
 06/06  23:00:00,1.31246526436,0.999125763054,0.0,0.419464915303,0.0,0.0117141064159,0.0117141064159,0.0117141064159,0.497266390637,0.113313279977,0.190980660183,0.475790827151
 06/06  24:00:00,0.890989989241,1.44106563032,0.0,1.04390345986,0.0,0.0291529887352,0.0291529887352,0.0291529887352,0.25392325032,0.0578620978142,0.133100166867,0.393551485504
 06/07  01:00:00,0.7321023358,1.82220302112,0.0,1.50786221117,0.0,0.0421101272392,0.0421101272392,0.0421101272392,0.153412025464,0.034958353308,0.115864577324,0.362357252466
 06/07  02:00:00,0.660631426809,2.22489466043,0.0,1.93277150026,0.0,0.0539764978142,0.0539764978142,0.0539764978142,0.100511289128,0.0229037506148,0.101683880294,0.358156008959
 06/07  03:00:00,0.658881308147,2.68062054613,0.0,2.38267985712,0.0,0.0665416326447,0.0665416326447,0.0665416326447,0.100511289128,0.0229037506148,0.0924101190091,0.353114516751
 06/07  04:00:00,0.665228464838,3.06786662019,0.0,2.70695448868,0.0,0.0755987372325,0.0755987372325,0.0755987372325,0.100511289128,0.0229037506148,0.103039119246,0.339775568616
 06/07  05:00:00,0.725387905658,3.36770707028,0.0,2.72400839595,0.0,0.0760759620398,0.0760759620398,0.0760759620398,0.105801356284,0.024109211495,0.116839149346,0.379162226493
 06/07  06:00:00,0.903875927217,4.42451433005,0.0,3.25401533306,0.0,0.0908772878882,0.0908772878882,0.0908772878882,0.142831786419,0.0325474376562,0.176134748577,0.438084666677
 06/07  07:00:00,1.1277355964,3.44412895108,0.0,2.12772600685,0.0,0.0594207832459,0.0594207832459,0.0594207832459,0.227472914537,0.0518347934133,0.262609324643,0.465497780559
 06/07  08:00:00,1.01026741998,3.12827958523,0.0,1.85433858432,0.0,0.05177765019,0.05177765019,0.05177765019,0.169282122201,0.0385747420571,0.333681420029,0.393551485504
 06/07  09:00:00,0.920622820787,2.59952465776,0.0,1.44426153641,0.0,0.0403187707697,0.0403187707697,0.0403187707697,0.0952212348754,0.0216982927889,0.405040383769,0.334944138584
 06/07  10:00:00,0.920794260173,2.01075047588,0.0,0.990777298115,0.0,0.0276525375503,0.0276525375503,0.0276525375503,0.0846410876582,0.0192873679743,0.422991796832,0.342821470159
 06/07  11:00:00,0.915188157844,1.32251954615,0.0,0.423821314321,0.0,0.0118260389579,0.0118260389579,0.0118260389579,0.0793510205016,0.0180819101484,0.439602686989,0.342926501247
 06/07  12:00:00,0.897572397804,1.21272574889,0.0,0.409268341664,0.0,0.0114189705712,0.0114189705712,0.0114189705712,0.0793510205016,0.0180819101484,0.428170705158,0.337149791425
 06/07  13:00:00,0.874155900406,1.19598769718,0.0,0.448003221765,0.0,0.0124978234266,0.0124978234266,0.0124978234266,0.0793510205016,0.0180819101484,0.392016904173,0.348808242156
 06/07  14:00:00,0.862030157016,1.04934595974,0.0,0.355849118814,0.0,0.00992471140088,0.00992471140088,0.00992471140088,0.0793510205016,0.0180819101484,0.362823459415,0.368449055551
 06/07  15:00:00,0.891030192438,0.836542933481,0.0,0.134375519524,0.0,0.00374699815092,0.00374699815092,0.00374699815092,0.0846410876582,0.0192873679743,0.371024621008,0.388930117647
 06/07  16:00:00,1.00801067717,0.774706674979,0.0,0.0,0.0,0.0,0.0,0.0,0.0846410876582,0.0192873679743,0.420646057535,0.460036164
 06/07  17:00:00,1.23496546013,0.926057245248,0.0,0.0,0.00865732246844,0.00238018465497,0.0110375071234,0.00238018465497,0.105801356284,0.024109211495,0.511746967733,0.558870417499
 06/07  18:00:00,1.33836367494,1.09635225484,0.0,0.0339061010889,0.0,0.000945266735012,0.000945266735012,0.000945266735012,0.169282122201,0.0385747420571,0.469396950471,0.606764593477
 06/07  19:00:00,1.46108615631,1.0852669713,0.0,0.0,0.014550446718,0.00399291133602,0.018543358054,0.00399291133602,0.327984268436,0.0747385684626,0.390119585571,0.626300375784
 06/07  20:00:00,1.79951993567,1.00727494086,0.0,0.0,0.0441663357002,0.0120969351896,0.0562632708898,0.0120969351896,0.587197507987,0.133806139374,0.351021268662,0.647831748756
 06/07  21:00:00,2.03527412085,0.911430445448,0.0,0.00213337675478,0.0,5.94522469376e-05,5.94522469376e-05,5.94522469376e-05,0.851700994856,0.19407915284,0.333327248776,0.632707272132
 06/07  22:00:00,1.72638517109,0.933400941298,0.0,0.183803400387,0.0,0.00512207141911,0.00512207141911,0.00512207141911,0.714159197669,0.162737188281,0.273439653687,0.54752706003
 06/07  23:00:00,1.31268529305,1.00692405669,0.0,0.428323366443,0.0,0.0119341351054,0.0119341351054,0.0119341351054,0.497266390637,0.113313279977,0.190980660183,0.475790827151
 06/07  24:00:00,0.882522870961,1.13944066146,0.0,0.742633522932,0.0,0.0206858704557,0.0206858704557,0.0206858704557,0.25392325032,0.0578620978142,0.133100166867,0.393551485504
 06/08  01:00:00,0.725236238274,1.57998418906,0.0,1.26554490875,0.0,0.0352440297126,0.0352440297126,0.0352440297126,0.153412025464,0.034958353308,0.115864577324,0.362357252466
 06/08  02:00:00,0.647241559335,1.74999160314,0.0,1.45764586894,0.0,0.0405866303397,0.0405866303397,0.0405866303397,0.100511289128,0.0229037506148,0.101683880294,0.358156008959
 06/08  03:00:00,0.636875839978,1.89810769897,0.0,1.59982234572,0.0,0.0445361644752,0.0445361644752,0.0445361644752,0.100511289128,0.0229037506148,0.0924101190091,0.353114516751
 06/08  04:00:00,0.635028618349,1.99218647121,0.0,1.63106756819,0.0,0.0453988907439,0.0453988907439,0.0453988907439,0.100511289128,0.0229037506148,0.103039119246,0.339775568616
 06/08  05:00:00,0.692911328035,2.20984880935,0.0,1.56676346645,0.0,0.0435993844165,0.0435993844165,0.0435993844165,0.105801356284,0.024109211495,0.116839149346,0.379162226493
 06/08  06:00:00,0.860855747285,2.88863335502,0.0,1.72034119014,0.0,0.047857107956,0.047857107956,0.047857107956,0.142831786419,0.0325474376562,0.176134748577,0.438084666677
 06/08  07:00:00,1.09514385293,2.27827637174,0.0,0.964643420014,0.0,0.0268290397822,0.0268290397822,0.0268290397822,0.227472914537,0.0518347934133,0.262609324643,0.465497780559
 06/08  08:00:00,0.981938587477,2.11440556977,0.0,0.843263393095,0.0,0.0234488176856,0.0234488176856,0.0234488176856,0.169282122201,0.0385747420571,0.333681420029,0.393551485504
 06/08  09:00:00,0.903187217379,1.9755788777,0.0,0.8230512662,0.0,0.0228831673617,0.0228831673617,0.0228831673617,0.0952212348754,0.0216982927889,0.405040383769,0.334944138584
 06/08  10:00:00,0.911905017547,1.69244296621,0.0,0.674986153865,0.0,0.0187632949235,0.0187632949235,0.0187632949235,0.0846410876582,0.0192873679743,0.422991796832,0.342821470159
 06/08  11:00:00,0.909124703313,1.10382863618,0.0,0.207328287558,0.0,0.00576258442722,0.00576258442722,0.00576258442722,0.0793510205016,0.0180819101484,0.439602686989,0.342926501247
 06/08  12:00:00,0.888001419337,0.868187092298,0.0,0.0664918088202,0.0,0.00184799210425,0.00184799210425,0.00184799210425,0.0793510205016,0.0180819101484,0.428170705158,0.337149791425
 06/08  13:00:00,0.973142482568,0.746603039402,0.0,0.0,0.088094687737,0.023389717852,0.111484405589,0.023389717852,0.0793510205016,0.0180819101484,0.392016904173,0.348808242156
 06/08  14:00:00,1.12088151249,0.692342833644,0.0,0.0,0.212414336657,0.0563617302138,0.26877606687,0.0563617302138,0.0793510205016,0.0180819101484,0.362823459415,0.368449055551
 06/08  15:00:00,1.04105070905,0.700814467727,0.0,0.0,0.121233926625,0.0325335881401,0.153767514765,0.0325335881401,0.0846410876582,0.0192873679743,0.371024621008,0.388930117647
 06/08  16:00:00,1.41409559205,0.773091982254,0.0,0.0,0.320587028551,0.0854978863316,0.406084914883,0.0854978863316,0.0846410876582,0.0192873679743,0.420646057535,0.460036164
 06/08  17:00:00,1.46372889256,0.92374291155,0.0,0.0,0.189086525217,0.0507144143314,0.239800939549,0.0507144143314,0.105801356284,0.024109211495,0.511746967733,0.558870417499
 06/08  18:00:00,1.7005930503,1.05980488171,0.0,0.0,0.286401318822,0.0767733232706,0.363174642092,0.0767733232706,0.169282122201,0.0385747420571,0.469396950471,0.606764593477
 06/08  19:00:00,1.66667648414,1.08249661967,0.0,0.0,0.176766172888,0.0473675129948,0.224133685883,0.0473675129948,0.327984268436,0.0747385684626,0.390119585571,0.626300375784
 06/08  20:00:00,1.8071577501,1.00429008852,0.0,0.0,0.0504005594446,0.0135005258723,0.0639010853169,0.0135005258723,0.587197507987,0.133806139374,0.351021268662,0.647831748756
 06/08  21:00:00,2.05067054375,0.906733701576,0.0,0.0,0.0121906963301,0.00326517881696,0.0154558751471,0.00326517881696,0.851700994856,0.19407915284,0.333327248776,0.632707272132
 06/08  22:00:00,1.73447050883,1.22286930985,0.0,0.475438937803,0.0,0.0132074091605,0.0132074091605,0.0132074091605,0.714159197669,0.162737188281,0.273439653687,0.54752706003
 06/08  23:00:00,1.3308073556,1.65860389206,0.0,1.08179653388,0.0,0.0300561976568,0.0300561976568,0.0300561976568,0.497266390637,0.113313279977,0.190980660183,0.475790827151
 06/08  24:00:00,0.902421042511,1.85622685894,0.0,1.46060511015,0.0,0.040584042005,0.040584042005,0.040584042005,0.25392325032,0.0578620978142,0.133100166867,0.393551485504
 06/09  01:00:00,0.744334664692,2.26915835407,0.0,1.95572646354,0.0,0.0543424561307,0.0543424561307,0.0543424561307,0.153412025464,0.034958353308,0.115864577324,0.362357252466
 06/09  02:00:00,0.670010062915,2.57140419681,0.0,2.28002855471,0.0,0.0633551339199,0.0633551339199,0.0633551339199,0.100511289128,0.0229037506148,0.101683880294,0.358156008959
 06/09  03:00:00,0.661765827013,2.79572328068,0.0,2.49847009642,0.0,0.0694261515111,0.0694261515111,0.0694261515111,0.100511289128,0.0229037506148,0.0924101190091,0.353114516751
 06/09  04:00:00,0.67167582099,3.31232651825,0.0,2.95255422926,0.0,0.0820460933851,0.0820460933851,0.0820460933851,0.100511289128,0.0229037506148,0.103039119246,0.339775568616
 06/09  05:00:00,0.737985907296,3.83163079991,0.0,3.19097106678,0.0,0.0886739636768,0.0886739636768,0.0886739636768,0.105801356284,0.024109211495,0.116839149346,0.379162226493
 06/09  06:00:00,0.918650177033,4.96561764797,0.0,3.80174910059,0.0,0.105651537704,0.105651537704,0.105651537704,0.142831786419,0.0325474376562,0.176134748577,0.438084666677
 06/09  07:00:00,1.1483336764,4.18744448953,0.0,2.87900276489,0.0,0.0800188632492,0.0800188632492,0.0800188632492,0.227472914537,0.0518347934133,0.262609324643,0.465497780559
 06/09  08:00:00,1.03480751186,4.01195495482,0.0,2.74578120393,0.0,0.0763177420699,0.0763177420699,0.0763177420699,0.169282122201,0.0385747420571,0.333681420029,0.393551485504
 06/09  09:00:00,0.933001738428,3.04439873475,0.0,1.89614196924,0.0,0.0526976884103,0.0526976884103,0.0526976884103,0.0952212348754,0.0216982927889,0.405040383769,0.334944138584
 06/09  10:00:00,0.936311646121,2.56724032665,0.0,1.55339190477,0.0,0.0431699234976,0.0431699234976,0.0431699234976,0.0846410876582,0.0192873679743,0.422991796832,0.342821470159
 06/09  11:00:00,0.930753910221,1.87892560685,0.0,0.985609800493,0.0,0.0273917913356,0.0273917913356,0.0273917913356,0.0793510205016,0.0180819101484,0.439602686989,0.342926501247
 06/09  12:00:00,0.905083205888,1.4800418067,0.0,0.68109718686,0.0,0.0189297786556,0.0189297786556,0.0189297786556,0.0793510205016,0.0180819101484,0.428170705158,0.337149791425
 06/09  13:00:00,0.878564672806,1.35220087751,0.0,0.608302607213,0.0,0.0169065958267,0.0169065958267,0.0169065958267,0.0793510205016,0.0180819101484,0.392016904173,0.348808242156
 06/09  14:00:00,0.865236696106,1.162181367,0.0,0.472466008462,0.0,0.0131312504909,0.0131312504909,0.0131312504909,0.0793510205016,0.0180819101484,0.362823459415,0.368449055551
 06/09  15:00:00,0.892924765157,0.901356823782,0.0,0.20298333269,0.0,0.00564157087044,0.00564157087044,0.00564157087044,0.0846410876582,0.0192873679743,0.371024621008,0.388930117647
 06/09  16:00:00,1.00813506569,0.774908362536,0.0,0.00447547541725,0.0,0.000124388518315,0.000124388518315,0.000124388518315,0.0846410876582,0.0192873679743,0.420646057535,0.460036164
 06/09  17:00:00,1.26968075152,0.920731348946,0.0,0.0,0.0360672032413,0.00968559526638,0.0457527985077,0.00968559526638,0.105801356284,0.024109211495,0.511746967733,0.558870417499
 06/09  18:00:00,1.4466667759,1.05641191908,0.0,0.0,0.0861090283248,0.0231393393663,0.109248367691,0.0231393393663,0.169282122201,0.0385747420571,0.469396950471,0.606764593477
 06/09  19:00:00,1.57004906111,1.07920597038,0.0,0.0,0.100496814699,0.0270094481562,0.127506262855,0.0270094481562,0.327984268436,0.0747385684626,0.390119585571,0.626300375784
 06/09  20:00:00,1.79717673794,1.00150356578,0.0,0.0,0.0424975119661,0.0114225611945,0.0539200731607,0.0114225611945,0.587197507987,0.133806139374,0.351021268662,0.647831748756
 06/09  21:00:00,2.03955730492,1.06004962409,0.0,0.156163108106,0.0,0.00434263631989,0.00434263631989,0.00434263631989,0.851700994856,0.19407915284,0.333327248776,0.632707272132
 06/09  22:00:00,1.74882288346,1.73577855047,0.0,0.990798911104,0.0,0.0275597837929,0.0275597837929,0.0275597837929,0.714159197669,0.162737188281,0.273439653687,0.54752706003
 06/09  23:00:00,1.35293753917,2.45039832168,0.0,1.87557963637,0.0,0.0521863812252,0.0521863812252,0.0521863812252,0.497266390637,0.113313279977,0.190980660183,0.475790827151
 06/09  24:00:00,0.943843008229,3.34053509958,0.0,2.94657995943,0.0,0.0820060077232,0.0820060077232,0.0820060077232,0.25392325032,0.0578620978142,0.133100166867,0.393551485504
 06/10  01:00:00,0.799555513767,4.09024095358,0.0,3.77044497496,0.0,0.104958443807,0.104958443807,0.104958443807,0.153412025464,0.034958353308,0.120469438723,0.362357252466
 06/10  02:00:00,0.72892680111,4.57798013596,0.0,4.28238119479,0.0,0.119225427294,0.119225427294,0.119225427294,0.100511289128,0.0229037506148,0.104730325114,0.358156008959
 06/10  03:00:00,0.733889125909,5.32769543295,0.0,5.02608742125,0.0,0.139956478884,0.139956478884,0.139956478884,0.100511289128,0.0229037506148,0.0940030905319,0.353114516751
 06/10  04:00:00,0.749125645779,5.98544529077,0.0,5.61496856051,0.0,0.156379569978,0.156379569978,0.156379569978,0.100511289128,0.0229037506148,0.106155467442,0.339775568616
 06/10  05:00:00,0.820406783174,6.64589082696,0.0,5.97094790203,0.0,0.166315364889,0.166315364889,0.166315364889,0.105801356284,0.024109211495,0.121618624013,0.379162226493
 06/10  06:00:00,0.995977980053,7.36824374335,0.0,6.12308936279,0.0,0.170582909871,0.170582909871,0.170582909871,0.142831786419,0.0325474376562,0.188531179431,0.438084666677
 06/10  07:00:00,1.2063853039,5.47840094888,0.0,4.06981998662,0.0,0.113382235316,0.113382235316,0.113382235316,0.227472914537,0.0518347934133,0.28729758007,0.465497780559
 06/10  08:00:00,1.07031605304,4.0276686056,0.0,2.65596417793,0.0,0.0739827657629,0.0739827657629,0.0739827657629,0.169282122201,0.0385747420571,0.371524937518,0.393551485504
 06/10  09:00:00,0.981823896058,3.00440220788,0.0,1.75870635495,0.0,0.0489836114209,0.0489836114209,0.0489836114209,0.0952212348754,0.0216982927889,0.457576618389,0.334944138584
 06/10  10:00:00,0.994504640923,2.60398641929,0.0,1.50659456498,0.0,0.0419606510471,0.0419606510471,0.0419606510471,0.0846410876582,0.0192873679743,0.482394064084,0.342821470159
 06/10  11:00:00,0.975519334854,1.35492704067,0.0,0.392071749247,0.0,0.0109203300863,0.0109203300863,0.0109203300863,0.0793510205016,0.0180819101484,0.500839572871,0.342926501247
 06/10  12:00:00,0.978959682235,0.859477847973,0.0,0.0,0.0292045668267,0.00782276460352,0.0370273314303,0.00782276460352,0.0793510205016,0.0180819101484,0.48394962873,0.337149791425
 06/10  13:00:00,1.16601472572,0.796635440872,0.0,0.0,0.200900358784,0.0526035855339,0.253503944318,0.0526035855339,0.0793510205016,0.0180819101484,0.442869608595,0.348808242156
 06/10  14:00:00,1.33346048086,0.737646468947,0.0,0.0,0.345269929856,0.0904386046697,0.435708534525,0.0904386046697,0.0793510205016,0.0180819101484,0.408469960129,0.368449055551
 06/10  15:00:00,1.61783149159,0.746300555027,0.0,0.0,0.545657317335,0.141655511781,0.687312829116,0.141655511781,0.0846410876582,0.0192873679743,0.414260089194,0.388930117647
 06/10  16:00:00,1.90741391073,0.829387467082,0.0,0.0,0.679390768306,0.178108226285,0.857498994591,0.178108226285,0.0846410876582,0.0192873679743,0.462550296506,0.460036164
 06/10  17:00:00,2.22748455383,0.991548549736,0.0,0.0,0.762333981797,0.19997870058,0.962312682377,0.19997870058,0.105801356284,0.024109211495,0.552990886172,0.558870417499
 06/10  18:00:00,2.44670650979,1.14831158584,0.0,0.0,0.850004775351,0.219254624919,1.06925940027,0.219254624919,0.169282122201,0.0385747420571,0.509425651789,0.606764593477
 06/10  19:00:00,2.50889392277,1.1819243792,0.0,0.0,0.81587785694,0.210521054492,1.02639891143,0.210521054492,0.327984268436,0.0747385684626,0.430071798651,0.626300375784
 06/10  20:00:00,2.59103908203,1.09911811984,0.0,0.0,0.638230434023,0.168887384659,0.807117818682,0.168887384659,0.587197507987,0.133806139374,0.391685867232,0.647831748756
 06/10  21:00:00,2.69674187477,0.985815380179,0.0,0.0,0.488522210047,0.131463662543,0.61998587259,0.131463662543,0.851700994856,0.19407915284,0.374868582349,0.632707272132
 06/10  22:00:00,2.10402765237,0.809656485738,0.0,0.0,0.274828253379,0.0749275521785,0.349755805557,0.0749275521785,0.714159197669,0.162737188281,0.306448400837,0.54752706003
 06/10  23:00:00,1.3641518048,0.615484105198,0.0,0.0,0.0355746145991,0.00970204607447,0.0452766606735,0.00970204607447,0.497266390637,0.113313279977,0.209104646358,0.475790827151
 06/10  24:00:00,0.88718321267,1.04384879135,0.0,0.634061822727,0.0,0.0176769152692,0.0176769152692,0.0176769152692,0.25392325032,0.0578620978142,0.140769463762,0.393551485504
 06/11  01:00:00,0.724642160573,1.39844831007,0.0,1.07768450571,0.0,0.0300450906124,0.0300450906124,0.0300450906124,0.153412025464,0.034958353308,0.120469438723,0.362357252466
 06/11  02:00:00,0.643387443747,1.50501952707,0.0,1.20828880319,0.0,0.0336860699312,0.0336860699312,0.0336860699312,0.100511289128,0.0229037506148,0.104730325114,0.358156008959
 06/11  03:00:00,0.635661071345,1.79989354181,0.0,1.49677213138,0.0,0.0417284243198,0.0417284243198,0.0417284243198,0.100511289128,0.0229037506148,0.0940030905319,0.353114516751
 06/11  04:00:00,0.641515010158,2.12128862852,0.0,1.74934151232,0.0,0.0487689343574,0.0487689343574,0.0487689343574,0.100511289128,0.0229037506148,0.106155467442,0.339775568616
 06/11  05:00:00,0.700328422806,2.33416510627,0.0,1.65855793207,0.0,0.0462370045203,0.0462370045203,0.0462370045203,0.105801356284,0.024109211495,0.121618624013,0.379162226493
 06/11  06:00:00,0.875966104451,3.05833630372,0.0,1.81411252603,0.0,0.0505710342687,0.0505710342687,0.0505710342687,0.142831786419,0.0325474376562,0.188531179431,0.438084666677
 06/11  07:00:00,1.11734937929,2.28017554581,0.0,0.873405414414,0.0,0.0243463107098,0.0243463107098,0.0243463107098,0.227472914537,0.0518347934133,0.28729758007,0.465497780559
 06/11  08:00:00,0.998356153522,1.44226742588,0.0,0.0725733808161,0.0,0.0020228662407,0.0020228662407,0.0020228662407,0.169282122201,0.0385747420571,0.371524937518,0.393551485504
 06/11  09:00:00,1.12718179585,1.24389357043,0.0,0.0,0.155060580223,0.0392809309892,0.194341511212,0.0392809309892,0.0952212348754,0.0216982927889,0.457576618389,0.334944138584
 06/11  10:00:00,1.3405666947,1.09614521622,0.0,0.0,0.310863342928,0.0771593618978,0.388022704826,0.0771593618978,0.0846410876582,0.0192873679743,0.482394064084,0.342821470159
 06/11  11:00:00,1.50175736185,0.961731553059,0.0,0.0,0.431351714262,0.105806642823,0.537158357086,0.105806642823,0.0793510205016,0.0180819101484,0.500839572871,0.342926501247
 06/11  12:00:00,1.6289002881,0.858356115465,0.0,0.0,0.551673682066,0.135294255225,0.686967937291,0.135294255225,0.0793510205016,0.0180819101484,0.48394962873,0.337149791425
 06/11  13:00:00,1.77591640498,0.795766263309,0.0,0.0,0.694995611226,0.168410012351,0.863405623577,0.168410012351,0.0793510205016,0.0180819101484,0.442869608595,0.348808242156
 06/11  14:00:00,1.94482944347,0.736933412816,0.0,0.0,0.842870368831,0.20420712831,1.04707749714,0.20420712831,0.0793510205016,0.0180819101484,0.408469960129,0.368449055551
 06/11  15:00:00,2.24562917879,0.745623135325,0.0,0.0,1.06072323968,0.254387276639,1.31511051632,0.254387276639,0.0846410876582,0.0192873679743,0.414260089194,0.388930117647
 06/11  16:00:00,2.52115724259,0.828254024232,0.0,0.0,1.18439283239,0.28684949406,1.47124232645,0.28684949406,0.0846410876582,0.0192873679743,0.462550296506,0.460036164
 06/11  17:00:00,2.85371817265,0.989986734405,0.0,0.0,1.27882307831,0.309723222889,1.5885463012,0.309723222889,0.105801356284,0.024109211495,0.552990886172,0.558870417499
 06/11  18:00:00,2.91286391332,1.14615080961,0.0,0.0,1.23323068777,0.302186116033,1.5354168038,0.302186116033,0.169282122201,0.0385747420571,0.509425651789,0.606764593477
 06/11  19:00:00,2.88537068162,1.17950403227,0.0,0.0,1.12219781869,0.280677851595,1.40287567029,0.280677851595,0.327984268436,0.0747385684626,0.430071798651,0.626300375784
 06/11  20:00:00,2.90640704975,1.09678233792,0.0,0.0,0.892581930262,0.229903856135,1.1224857864,0.229903856135,0.587197507987,0.133806139374,0.391685867232,0.647831748756
 06/11  21:00:00,3.02352697377,0.983812912186,0.0,0.0,0.75162432748,0.195146644113,0.946770971593,0.195146644113,0.851700994856,0.19407915284,0.374868582349,0.632707272132
 06/11  22:00:00,2.42447982104,0.808236000042,0.0,0.0,0.530269161294,0.139938812933,0.670207974227,0.139938812933,0.714159197669,0.162737188281,0.306448400837,0.54752706003
 06/11  23:00:00,1.73293976763,0.614781909789,0.0,0.0,0.327067408066,0.0869972154377,0.414064623504,0.0869972154377,0.497266390637,0.113313279977,0.209104646358,0.475790827151
 06/11  24:00:00,1.18713663088,0.409788313103,0.0,0.0,0.252625261879,0.065005071596,0.317630333475,0.065005071596,0.25392325032,0.0578620978142,0.140769463762,0.393551485504
 06/12  01:00:00,0.949251090983,0.31343306628,0.0,0.0,0.206992363493,0.0522665189295,0.259258882422,0.0522665189295,0.153412025464,0.034958353308,0.115864577324,0.362357252466
 06/12  02:00:00,0.80445472387,0.291776809803,0.0,0.0,0.15792692471,0.0398728701646,0.197799794875,0.0398728701646,0.100511289128,0.0229037506148,0.101683880294,0.358156008959
 06/12  03:00:00,0.73013173274,0.297746301882,0.0,0.0,0.109829410788,0.0279626464492,0.137792057237,0.0279626464492,0.100511289128,0.0229037506148,0.0924101190091,0.353114516751
 06/12  04:00:00,0.702384426744,0.359756541507,0.0,0.0,0.0898771826033,0.0228775165352,0.112754699138,0.0228775165352,0.100511289128,0.0229037506148,0.103039119246,0.339775568616
 06/12  05:00:00,0.740995071932,0.63815891071,0.0,0.0,0.0729410803453,0.0187420479683,0.0916831283136,0.0187420479683,0.105801356284,0.024109211495,0.116839149346,0.379162226493
 06/12  06:00:00,0.999855296839,1.15666788142,0.0,0.0,0.148975380774,0.037881276736,0.18685665751,0.037881276736,0.142831786419,0.0325474376562,0.176134748577,0.438084666677
 06/12  07:00:00,1.45787353032,1.29999476217,0.0,0.0,0.311845498913,0.0777132182553,0.389558717169,0.0777132182553,0.227472914537,0.0518347934133,0.262609324643,0.465497780559
 06/12  08:00:00,1.58260322062,1.25802537761,0.0,0.0,0.501672448509,0.122441002324,0.624113450833,0.122441002324,0.169282122201,0.0385747420571,0.333681420029,0.393551485504
 06/12  09:00:00,1.83823279271,1.14130331718,0.0,0.0,0.775065290607,0.182863452086,0.957928742693,0.182863452086,0.0952212348754,0.0216982927889,0.405040383769,0.334944138584
 06/12  10:00:00,2.21462527637,1.0082940542,0.0,0.0,1.07390669247,0.247576861271,1.32148355374,0.247576861271,0.0846410876582,0.0192873679743,0.422991796832,0.342821470159
 06/12  11:00:00,2.49711671605,0.889089368718,0.0,0.0,1.30089955603,0.292855041133,1.59375459717,0.292855041133,0.0793510205016,0.0180819101484,0.439602686989,0.342926501247
 06/12  12:00:00,2.65291960521,0.795687970875,0.0,0.0,1.44502999716,0.321736180815,1.76676617798,0.321736180815,0.0793510205016,0.0180819101484,0.428170705158,0.337149791425
 06/12  13:00:00,2.88059249827,0.741415123908,0.0,0.0,1.65128770614,0.367646715147,2.01893442129,0.367646715147,0.0793510205016,0.0180819101484,0.392016904173,0.348808242156
 06/12  14:00:00,3.00467379365,0.687927461691,0.0,0.0,1.76904708589,0.383521262142,2.15256834804,0.383521262142,0.0793510205016,0.0180819101484,0.362823459415,0.368449055551
 06/12  15:00:00,3.13939756758,0.696504158093,0.0,0.0,1.84639153181,0.405722841476,2.25211437329,0.405722841476,0.0846410876582,0.0192873679743,0.371024621008,0.388930117647
 06/12  16:00:00,3.27610794832,0.767939065948,0.0,0.0,1.84690150121,0.421195769943,2.26809727115,0.421195769943,0.0846410876582,0.0192873679743,0.420646057535,0.460036164
 06/12  17:00:00,3.08195306578,0.916661253839,0.0,0.0,1.48791578416,0.370109328612,1.85802511277,0.370109328612,0.105801356284,0.024109211495,0.511746967733,0.558870417499
 06/12  18:00:00,3.09274504335,1.05087558206,0.0,0.0,1.40567152372,0.349655111422,1.75532663514,0.349655111422,0.169282122201,0.0385747420571,0.469396950471,0.606764593477
 06/12  19:00:00,2.76782872871,1.07272663251,0.0,0.0,1.05354903082,0.27173689964,1.32528593046,0.27173689964,0.327984268436,0.0747385684626,0.390119585571,0.626300375784
 06/12  20:00:00,2.76958657462,0.995232211283,0.0,0.0,0.814463835971,0.211866073871,1.02632990984,0.211866073871,0.587197507987,0.133806139374,0.351021268662,0.647831748756
 06/12  21:00:00,2.90646501037,0.898511254194,0.0,0.0,0.690484069764,0.180766272005,0.871250341769,0.180766272005,0.851700994856,0.19407915284,0.333327248776,0.632707272132
 06/12  22:00:00,2.09518194729,0.74097404455,0.0,0.0,0.294681603881,0.0792372437456,0.373918847627,0.0792372437456,0.714159197669,0.162737188281,0.273439653687,0.54752706003
 06/12  23:00:00,1.40310985089,0.572526044662,0.0,0.0,0.0806782866902,0.0216804062479,0.102358692938,0.0216804062479,0.497266390637,0.113313279977,0.190980660183,0.475790827151
 06/12  24:00:00,0.882705227746,1.14389192496,0.0,0.750489196455,0.0,0.0208682272402,0.0208682272402,0.0208682272402,0.25392325032,0.0578620978142,0.133100166867,0.393551485504
 06/13  01:00:00,0.735043158994,1.93197377145,0.0,1.62013839967,0.0,0.0450509504328,0.0450509504328,0.0450509504328,0.153412025464,0.034958353308,0.115864577324,0.362357252466
 06/13  02:00:00,0.679876389069,2.92253521657,0.0,2.63289716273,0.0,0.0732214600738,0.0732214600738,0.0732214600738,0.100511289128,0.0229037506148,0.101683880294,0.358156008959
 06/13  03:00:00,0.691093765589,3.84551777639,0.0,3.55042268505,0.0,0.0987540900866,0.0987540900866,0.0987540900866,0.100511289128,0.0229037506148,0.0924101190091,0.353114516751
 06/13  04:00:00,0.701639395186,4.38301784418,0.0,4.02640066788,0.0,0.112009667581,0.112009667581,0.112009667581,0.100511289128,0.0229037506148,0.103039119246,0.339775568616
 06/13  05:00:00,0.763875714541,4.75170341509,0.0,4.11777192252,0.0,0.114563770922,0.114563770922,0.114563770922,0.105801356284,0.024109211495,0.116839149346,0.379162226493
 06/13  06:00:00,0.955086324497,6.25715967418,0.0,5.10668311822,0.0,0.142087685168,0.142087685168,0.142087685168,0.142831786419,0.0325474376562,0.176134748577,0.438084666677
 06/13  07:00:00,1.19839139657,5.96668115751,0.0,4.67403898358,0.0,0.130076583418,0.130076583418,0.130076583418,0.227472914537,0.0518347934133,0.262609324643,0.465497780559
 06/13  08:00:00,1.09532799247,6.16628247768,0.0,4.91569398998,0.0,0.13683822268,0.13683822268,0.13683822268,0.169282122201,0.0385747420571,0.333681420029,0.393551485504
 06/13  09:00:00,1.01617714645,6.01399002294,0.0,4.88036287491,0.0,0.135873096434,0.135873096434,0.135873096434,0.0952212348754,0.0216982927889,0.405040383769,0.334944138584
 06/13  10:00:00,1.02413694906,5.70520951019,0.0,4.70455745652,0.0,0.130995226436,0.130995226436,0.130995226436,0.0846410876582,0.0192873679743,0.422991796832,0.342821470159
 06/13  11:00:00,1.01261493878,4.80524365451,0.0,3.92350147694,0.0,0.109252819892,0.109252819892,0.109252819892,0.0793510205016,0.0180819101484,0.439602686989,0.342926501247
 06/13  12:00:00,0.997229891695,4.77732797592,0.0,3.98889418729,0.0,0.111076464462,0.111076464462,0.111076464462,0.0793510205016,0.0180819101484,0.428170705158,0.337149791425
 06/13  13:00:00,0.948515207344,3.85344705679,0.0,3.11895615363,0.0,0.0868571303649,0.0868571303649,0.0868571303649,0.0793510205016,0.0180819101484,0.392016904173,0.348808242156
 06/13  14:00:00,0.933966288611,3.62067273184,0.0,2.93951213515,0.0,0.081860842995,0.081860842995,0.081860842995,0.0793510205016,0.0180819101484,0.362823459415,0.368449055551
 06/13  15:00:00,0.961199755204,3.34383114355,0.0,2.65409097743,0.0,0.0739165609174,0.0739165609174,0.0739165609174,0.0846410876582,0.0192873679743,0.371024621008,0.388930117647
 06/13  16:00:00,1.07924466679,3.31857663029,0.0,2.55759195118,0.0,0.0712339896226,0.0712339896226,0.0712339896226,0.0846410876582,0.0192873679743,0.420646057535,0.460036164
 06/13  17:00:00,1.27832318283,2.86227494775,0.0,1.95253509039,0.0,0.0543952298175,0.0543952298175,0.0543952298175,0.105801356284,0.024109211495,0.511746967733,0.558870417499
 06/13  18:00:00,1.39113774982,2.97216137697,0.0,1.92809895054,0.0,0.0537193416185,0.0537193416185,0.0537193416185,0.169282122201,0.0385747420571,0.469396950471,0.606764593477
 06/13  19:00:00,1.48506586106,2.59274707368,0.0,1.52603578886,0.0,0.0425230628067,0.0425230628067,0.0425230628067,0.327984268436,0.0747385684626,0.390119585571,0.626300375784
 06/13  20:00:00,1.80130557234,3.07255658818,0.0,2.08266421324,0.0,0.0580489075641,0.0580489075641,0.0580489075641,0.587197507987,0.133806139374,0.351021268662,0.647831748756
 06/13  21:00:00,2.10430316048,3.3712237968,0.0,2.47778031199,0.0,0.069088491874,0.069088491874,0.069088491874,0.851700994856,0.19407915284,0.333327248776,0.632707272132
 06/13  22:00:00,1.82106572682,4.31440471334,0.0,3.57792424744,0.0,0.0998026271518,0.0998026271518,0.0998026271518,0.714159197669,0.162737188281,0.273439653687,0.54752706003
 06/13  23:00:00,1.42198479248,4.91395900167,0.0,4.34535920062,0.0,0.121233634536,0.121233634536,0.121233634536,0.497266390637,0.113313279977,0.190980660183,0.475790827151
 06/13  24:00:00,1.00497319927,5.51934153136,0.0,5.12928094358,0.0,0.143136198767,0.143136198767,0.143136198767,0.25392325032,0.0578620978142,0.133100166867,0.393551485504
 06/14  01:00:00,0.844703997122,5.85227913825,0.0,5.54324498753,0.0,0.15471178856,0.15471178856,0.15471178856,0.153412025464,0.034958353308,0.115864577324,0.362357252466
 06/14  02:00:00,0.778550449489,6.44573762113,0.0,6.15841090405,0.0,0.171895520493,0.171895520493,0.171895520493,0.100511289128,0.0229037506148,0.101683880294,0.358156008959
 06/14  03:00:00,0.761757451617,6.36196406986,0.0,6.06896971944,0.0,0.169417776115,0.169417776115,0.169417776115,0.100511289128,0.0229037506148,0.0924101190091,0.353114516751
 06/14  04:00:00,0.772389933747,6.90041224552,0.0,6.5458328622,0.0,0.182760206142,0.182760206142,0.182760206142,0.100511289128,0.0229037506148,0.103039119246,0.339775568616
 06/14  05:00:00,0.83575636721,7.30739591098,0.0,6.67642287021,0.0,0.186444423591,0.186444423591,0.186444423591,0.105801356284,0.024109211495,0.116839149346,0.379162226493
 06/14  06:00:00,1.00737681957,8.10469689915,0.0,6.95874166711,0.0,0.194378180243,0.194378180243,0.194378180243,0.142831786419,0.0325474376562,0.176134748577,0.438084666677
 06/14  07:00:00,1.20117041764,6.04478057103,0.0,4.75601236653,0.0,0.132855604486,0.132855604486,0.132855604486,0.227472914537,0.0518347934133,0.262609324643,0.465497780559
 06/14  08:00:00,1.0775884243,5.51086466609,0.0,4.26368375579,0.0,0.119098654505,0.119098654505,0.119098654505,0.169282122201,0.0385747420571,0.333681420029,0.393551485504
 06/14  09:00:00,0.998188363937,5.35011096517,0.0,4.21950635737,0.0,0.11788431392,0.11788431392,0.11788431392,0.0952212348754,0.0216982927889,0.405040383769,0.334944138584
 06/14  10:00:00,0.994438616895,4.62305408393,0.0,3.62487099822,0.0,0.101296894272,0.101296894272,0.101296894272,0.0846410876582,0.0192873679743,0.422991796832,0.342821470159
 06/14  11:00:00,0.983177557295,3.73532741943,0.0,2.85558498108,0.0,0.0798154384095,0.0798154384095,0.0798154384095,0.0793510205016,0.0180819101484,0.439602686989,0.342926501247
 06/14  12:00:00,0.945259104045,2.90153038638,0.0,2.11438806073,0.0,0.0591056768122,0.0591056768122,0.0591056768122,0.0793510205016,0.0180819101484,0.428170705158,0.337149791425
 06/14  13:00:00,0.918339312221,2.76074132182,0.0,2.02756540517,0.0,0.0566812352417,0.0566812352417,0.0566812352417,0.0793510205016,0.0180819101484,0.392016904173,0.348808242156
 06/14  14:00:00,0.894379426297,2.19226480313,0.0,1.51214284346,0.0,0.0422739806819,0.0422739806819,0.0422739806819,0.0793510205016,0.0180819101484,0.362823459415,0.368449055551
 06/14  15:00:00,0.902962460457,1.25000864733,0.0,0.56083636748,0.0,0.0156792661697,0.0156792661697,0.0156792661697,0.0846410876582,0.0192873679743,0.371024621008,0.388930117647
 06/14  16:00:00,1.02352585234,0.760265769979,0.0,0.0,0.0121317411494,0.00338343402172,0.0155151751711,0.00338343402172,0.0846410876582,0.0192873679743,0.420646057535,0.460036164
 06/14  17:00:00,1.30315181118,0.908676092591,0.0,0.0,0.0619358961366,0.0172879620312,0.0792238581678,0.0172879620312,0.105801356284,0.024109211495,0.511746967733,0.558870417499
 06/14  18:00:00,1.51634123573,1.04264090513,0.0,0.0,0.139849254011,0.0390735735096,0.17892282752,0.0390735735096,0.169282122201,0.0385747420571,0.469396950471,0.606764593477
 06/14  19:00:00,1.55190714263,1.06502146723,0.0,0.0,0.0854706747218,0.0238936696551,0.109364344377,0.0238936696551,0.327984268436,0.0747385684626,0.390119585571,0.626300375784
 06/14  20:00:00,1.74737636903,1.13548053894,0.0,0.147328619858,0.0,0.00411970424833,0.00411970424833,0.00411970424833,0.587197507987,0.133806139374,0.351021268662,0.647831748756
 06/14  21:00:00,2.05255563636,1.51193255595,0.0,0.619969557102,0.0,0.0173409677528,0.0173409677528,0.0173409677528,0.851700994856,0.19407915284,0.333327248776,0.632707272132
 06/14  22:00:00,1.76441856403,2.27783171916,0.0,1.54231361337,0.0,0.043155464359,0.043155464359,0.043155464359,0.714159197669,0.162737188281,0.273439653687,0.54752706003
 06/14  23:00:00,1.36235037679,2.76920451404,0.0,2.20099302072,0.0,0.0615992188438,0.0615992188438,0.0615992188438,0.497266390637,0.113313279977,0.190980660183,0.475790827151
 06/14  24:00:00,0.950169298236,3.54609576739,0.0,3.15585674552,0.0,0.0883322977302,0.0883322977302,0.0883322977302,0.25392325032,0.0578620978142,0.133100166867,0.393551485504
 06/15  01:00:00,0.792367376275,3.96689184325,0.0,3.65743824029,0.0,0.102375167714,0.102375167714,0.102375167714,0.153412025464,0.034958353308,0.115864577324,0.362357252466
 06/15  02:00:00,0.721870703341,4.40396657192,0.0,4.11611771011,0.0,0.115215774345,0.115215774345,0.115215774345,0.100511289128,0.0229037506148,0.101683880294,0.358156008959
 06/15  03:00:00,0.727398978838,5.11825355688,0.0,4.82486161195,0.0,0.135059303335,0.135059303335,0.135059303335,0.100511289128,0.0229037506148,0.0924101190091,0.353114516751
 06/15  04:00:00,0.738012306861,5.65485339094,0.0,5.30030966233,0.0,0.148382579256,0.148382579256,0.148382579256,0.100511289128,0.0229037506148,0.103039119246,0.339775568616
 06/15  05:00:00,0.795665199307,5.85751819346,0.0,5.22734778955,0.0,0.146353255688,0.146353255688,0.146353255688,0.105801356284,0.024109211495,0.116839149346,0.379162226493
 06/15  06:00:00,0.970456096837,6.76729499232,0.0,5.62372105376,0.0,0.157457457508,0.157457457508,0.157457457508,0.142831786419,0.0325474376562,0.176134748577,0.438084666677
 06/15  07:00:00,1.17462475167,5.08296809744,0.0,3.7971670639,0.0,0.106309938519,0.106309938519,0.106309938519,0.227472914537,0.0518347934133,0.262609324643,0.465497780559
 06/15  08:00:00,1.03285978447,3.90142751641,0.0,2.65685785677,0.0,0.0743700146796,0.0743700146796,0.0743700146796,0.169282122201,0.0385747420571,0.333681420029,0.393551485504
 06/15  09:00:00,0.933614379832,3.03366347213,0.0,1.90484778422,0.0,0.0533103298149,0.0533103298149,0.0533103298149,0.0952212348754,0.0216982927889,0.405040383769,0.334944138584
 06/15  10:00:00,0.932862562984,2.41644188136,0.0,1.41946780247,0.0,0.0397208403607,0.0397208403607,0.0397208403607,0.0846410876582,0.0192873679743,0.422991796832,0.342821470159
 06/15  11:00:00,0.924069254599,1.61902007318,0.0,0.740072854201,0.0,0.0207071357129,0.0207071357129,0.0207071357129,0.0793510205016,0.0180819101484,0.439602686989,0.342926501247
 06/15  12:00:00,0.894374349434,1.08038990997,0.0,0.293845266193,0.0,0.0082209222014,0.0082209222014,0.0082209222014,0.0793510205016,0.0180819101484,0.428170705158,0.337149791425
 06/15  13:00:00,0.864894726206,0.848463032473,0.0,0.115695119348,0.0,0.00323664922638,0.00323664922638,0.00323664922638,0.0793510205016,0.0180819101484,0.392016904173,0.348808242156
 06/15  14:00:00,0.949828787805,0.679788556549,0.0,0.0,0.0764467627719,0.0212765794179,0.0977233421898,0.0212765794179,0.0793510205016,0.0180819101484,0.362823459415,0.368449055551
 06/15  15:00:00,0.996607734481,0.688417013093,0.0,0.0,0.0853790133174,0.023945526877,0.109324540194,0.023945526877,0.0846410876582,0.0192873679743,0.371024621008,0.388930117647
 06/15  16:00:00,1.38930748915,0.759422852092,0.0,0.0,0.298278861166,0.0830179508178,0.381296811984,0.0830179508178,0.0846410876582,0.0192873679743,0.420646057535,0.460036164
 06/15  17:00:00,1.51674001619,0.907000208409,0.0,0.0,0.22866650212,0.0641455610632,0.292812063183,0.0641455610632,0.105801356284,0.024109211495,0.511746967733,0.558870417499
 06/15  18:00:00,1.7180161697,1.04043483936,0.0,0.0,0.297212128711,0.08338563278,0.380597761491,0.08338563278,0.169282122201,0.0385747420571,0.469396950471,0.606764593477
 06/15  19:00:00,1.76201003011,1.06269796118,0.0,0.0,0.249461169128,0.070006062734,0.319467231862,0.070006062734,0.327984268436,0.0747385684626,0.390119585571,0.626300375784
 06/15  20:00:00,1.92096517965,0.986167463801,0.0,0.0,0.13876995375,0.0389385611206,0.177708514871,0.0389385611206,0.587197507987,0.133806139374,0.351021268662,0.647831748756
 06/15  21:00:00,2.08919241282,0.890342903927,0.0,0.0,0.0421501575181,0.0118275866976,0.0539777442157,0.0118275866976,0.851700994856,0.19407915284,0.333327248776,0.632707272132
 06/15  22:00:00,1.73522542252,1.23338789496,0.0,0.498899319349,0.0,0.0139623228516,0.0139623228516,0.0139623228516,0.714159197669,0.162737188281,0.273439653687,0.54752706003
 06/15  23:00:00,1.33811783199,1.90266586665,0.0,1.33502170632,0.0,0.037366674041,0.037366674041,0.037366674041,0.497266390637,0.113313279977,0.190980660183,0.475790827151
 06/15  24:00:00,0.914074129472,2.25661242586,0.0,1.8662353707,0.0,0.0522371289668,0.0522371289668,0.0522371289668,0.25392325032,0.0578620978142,0.133100166867,0.393551485504
 06/16  01:00:00,0.759163217584,2.7811466052,0.0,2.47128471307,0.0,0.0691710090224,0.0691710090224,0.0691710090224,0.153412025464,0.034958353308,0.115864577324,0.362357252466
 06/16  02:00:00,0.685766216103,3.11481584545,0.0,2.82647222878,0.0,0.0791112871082,0.0791112871082,0.0791112871082,0.100511289128,0.0229037506148,0.101683880294,0.358156008959
 06/16  03:00:00,0.676796187215,3.31157365222,0.0,3.0174977232,0.0,0.084456511713,0.084456511713,0.084456511713,0.100511289128,0.0229037506148,0.0924101190091,0.353114516751
 06/16  04:00:00,0.680230033324,3.59234337243,0.0,3.23709148373,0.0,0.0906003057183,0.0906003057183,0.0906003057183,0.100511289128,0.0229037506148,0.103039119246,0.339775568616
 06/16  05:00:00,0.753970089003,4.36956866565,0.0,3.73956998771,0.0,0.104658145384,0.104658145384,0.104658145384,0.105801356284,0.024109211495,0.116839149346,0.379162226493
 06/16  06:00:00,0.918807769445,4.92241808731,0.0,3.78068246399,0.0,0.105809130116,0.105809130116,0.105809130116,0.142831786419,0.0325474376562,0.176134748577,0.438084666677
 06/16  07:00:00,1.13776547952,3.76514228262,0.0,2.48180784663,0.0,0.069450666363,0.069450666363,0.069450666363,0.227472914537,0.0518347934133,0.262609324643,0.465497780559
 06/16  08:00:00,0.998637261955,2.67715442411,0.0,1.43500447217,0.0,0.0401474921636,0.0401474921636,0.0401474921636,0.169282122201,0.0385747420571,0.333681420029,0.393551485504
 06/16  09:00:00,0.905099085592,2.01314349978,0.0,0.886477570213,0.0,0.0247950355742,0.0247950355742,0.0247950355742,0.0952212348754,0.0216982927889,0.405040383769,0.334944138584
 06/16  10:00:00,0.917170348682,1.85419606259,0.0,0.859229631139,0.0,0.0240286260592,0.0240286260592,0.0240286260592,0.0846410876582,0.0192873679743,0.422991796832,0.342821470159
 06/16  11:00:00,0.904079438846,0.90304476891,0.0,0.0256520081144,0.0,0.000717319960497,0.000717319960497,0.000717319960497,0.0793510205016,0.0180819101484,0.439602686989,0.342926501247
 06/16  12:00:00,1.03712486984,0.785349749289,0.0,0.0,0.119302273683,0.0316691689194,0.150971442603,0.0316691689194,0.0793510205016,0.0180819101484,0.428170705158,0.337149791425
 06/16  13:00:00,1.08132468711,0.73173237857,0.0,0.0,0.173585444524,0.0460811656015,0.219666610126,0.0460811656015,0.0793510205016,0.0180819101484,0.392016904173,0.348808242156
 06/16  14:00:00,1.41358564765,0.679267636679,0.0,0.0,0.447507021939,0.113973180092,0.561480202031,0.113973180092,0.0793510205016,0.0180819101484,0.362823459415,0.368449055551
 06/16  15:00:00,1.51780969116,0.688027524334,0.0,0.0,0.503579205327,0.126947291546,0.630526496872,0.126947291546,0.0846410876582,0.0192873679743,0.371024621008,0.388930117647
 06/16  16:00:00,1.78415076075,0.758579304905,0.0,0.0,0.621422295414,0.154717788171,0.776140083585,0.154717788171,0.0846410876582,0.0192873679743,0.420646057535,0.460036164
 06/16  17:00:00,2.02508924579,0.905900425335,0.0,0.0,0.638588426117,0.16257286666,0.801161292777,0.16257286666,0.105801356284,0.024109211495,0.511746967733,0.558870417499
 06/16  18:00:00,2.13323866331,1.03889633392,0.0,0.0,0.634381580032,0.16143867507,0.795820255102,0.16143867507,0.169282122201,0.0385747420571,0.469396950471,0.606764593477
 06/16  19:00:00,2.13081518101,1.06102053683,0.0,0.0,0.546375206922,0.141897175837,0.688272382759,0.141897175837,0.327984268436,0.0747385684626,0.390119585571,0.626300375784
 06/16  20:00:00,2.30893367057,0.984785557597,0.0,0.0,0.447334344898,0.118342660895,0.565677005793,0.118342660895,0.587197507987,0.133806139374,0.351021268662,0.647831748756
 06/16  21:00:00,2.49668697166,0.889280542477,0.0,0.0,0.363652835873,0.0978194671794,0.461472303052,0.0978194671794,0.851700994856,0.19407915284,0.333327248776,0.632707272132
 06/16  22:00:00,2.0497548649,0.734152960137,0.0,0.0,0.258399407809,0.0700923574281,0.328491765237,0.0700923574281,0.714159197669,0.162737188281,0.273439653687,0.54752706003
 06/16  23:00:00,1.53507419355,0.568030785931,0.0,0.0,0.184695837409,0.0496271981894,0.234323035599,0.0496271981894,0.497266390637,0.113313279977,0.190980660183,0.475790827151
 06/16  24:00:00,1.00601240028,0.391328185413,0.0,0.0,0.113836519647,0.0303388801261,0.144175399773,0.0303388801261,0.25392325032,0.0578620978142,0.133100166867,0.393551485504
 06/17  01:00:00,0.712323383444,0.31922542124,0.0,0.0,0.013946631084,0.00377968239995,0.0177263134839,0.00377968239995,0.153412025464,0.034958353308,0.120469438723,0.362357252466
 06/17  02:00:00,0.616904765376,0.553639046784,0.0,0.257873104574,0.0,0.00720339156004,0.00720339156004,0.00720339156004,0.100511289128,0.0229037506148,0.104730325114,0.358156008959
 06/17  03:00:00,0.602719781911,0.61653742987,0.0,0.314596683836,0.0,0.00878713488576,0.00878713488576,0.00878713488576,0.100511289128,0.0229037506148,0.0940030905319,0.353114516751
 06/17  04:00:00,0.60200309935,0.700922997521,0.0,0.331457676071,0.0,0.00925702354899,0.00925702354899,0.00925702354899,0.100511289128,0.0229037506148,0.106155467442,0.339775568616
 06/17  05:00:00,0.663392614702,1.00061984872,0.0,0.333071785638,0.0,0.00930119641622,0.00930119641622,0.00930119641622,0.105801356284,0.024109211495,0.121618624013,0.379162226493
 06/17  06:00:00,0.830185569202,1.39701056685,0.0,0.171570228791,0.0,0.00479049901973,0.00479049901973,0.00479049901973,0.142831786419,0.0325474376562,0.188531179431,0.438084666677
 06/17  07:00:00,1.13375680113,1.38446841206,0.0,0.0,0.0322776808268,0.00847605172104,0.0407537325479,0.00847605172104,0.227472914537,0.0518347934133,0.28729758007,0.465497780559
 06/17  08:00:00,1.05779287159,1.34729235677,0.0,0.0,0.0487841858839,0.0126753984272,0.0614595843111,0.0126753984272,0.169282122201,0.0385747420571,0.371524937518,0.393551485504
 06/17  09:00:00,1.21576680207,1.22349369801,0.0,0.0,0.226482815759,0.0564437016769,0.282926517436,0.0564437016769,0.0952212348754,0.0216982927889,0.457576618389,0.334944138584
 06/17  10:00:00,1.45853298826,1.07868851733,0.0,0.0,0.407087290906,0.0989017074765,0.505988998382,0.0989017074765,0.0846410876582,0.0192873679743,0.482394064084,0.342821470159
 06/17  11:00:00,1.54629403224,0.946840069394,0.0,0.0,0.467072929924,0.114622097549,0.581695027473,0.114622097549,0.0793510205016,0.0180819101484,0.500839572871,0.342926501247
 06/17  12:00:00,1.87678245159,0.845705267249,0.0,0.0,0.75585641576,0.17899368503,0.93485010079,0.17899368503,0.0793510205016,0.0180819101484,0.48394962873,0.337149791425
 06/17  13:00:00,1.86974085683,0.784184917703,0.0,0.0,0.772199240204,0.185030835223,0.957230075427,0.185030835223,0.0793510205016,0.0180819101484,0.442869608595,0.348808242156
 06/17  14:00:00,1.94775877364,0.726524777214,0.0,0.0,0.845430964485,0.204575862829,1.05000682731,0.204575862829,0.0793510205016,0.0180819101484,0.408469960129,0.368449055551
 06/17  15:00:00,2.04645657745,0.734777511549,0.0,0.0,0.898604919243,0.217332995733,1.11593791498,0.217332995733,0.0846410876582,0.0192873679743,0.414260089194,0.388930117647
 06/17  16:00:00,2.55008979814,0.816081054666,0.0,0.0,1.22111466698,0.279060215021,1.500174882,0.279060215021,0.0846410876582,0.0192873679743,0.462550296506,0.460036164
 06/17  17:00:00,3.11870983989,0.975232866637,0.0,0.0,1.51254870297,0.340989265472,1.85353796844,0.340989265472,0.105801356284,0.024109211495,0.552990886172,0.558870417499
 06/17  18:00:00,3.17451337131,1.12907216771,0.0,0.0,1.463085131,0.33398113079,1.79706626179,0.33398113079,0.169282122201,0.0385747420571,0.509425651789,0.606764593477
 06/17  19:00:00,2.73558275958,1.16142695869,0.0,0.0,1.00126261708,0.251825131166,1.25308774825,0.251825131166,0.327984268436,0.0747385684626,0.430071798651,0.626300375784
 06/17  20:00:00,2.86876589001,1.0801115656,0.0,0.0,0.865501848992,0.21934277767,1.08484462666,0.21934277767,0.587197507987,0.133806139374,0.391685867232,0.647831748756
 06/17  21:00:00,3.07682758364,0.96953888397,0.0,0.0,0.799278163535,0.200793417925,1.00007158146,0.200793417925,0.851700994856,0.19407915284,0.374868582349,0.632707272132
 06/17  22:00:00,2.62197412531,0.79733389916,0.0,0.0,0.694985412164,0.172716866332,0.867702278496,0.172716866332,0.714159197669,0.162737188281,0.306448400837,0.54752706003
 06/17  23:00:00,2.02134285094,0.607627177488,0.0,0.0,0.562670898952,0.139796807868,0.70246770682,0.139796807868,0.497266390637,0.113313279977,0.209104646358,0.475790827151
 06/17  24:00:00,1.40304816364,0.406656725542,0.0,0.0,0.427393435307,0.106148430928,0.533541866235,0.106148430928,0.25392325032,0.0578620978142,0.140769463762,0.393551485504
 06/18  01:00:00,1.0897483248,0.319707308906,0.0,0.0,0.315922269955,0.0792289848801,0.395151254835,0.0792289848801,0.153412025464,0.034958353308,0.120469438723,0.362357252466
 06/18  02:00:00,0.896411318029,0.296322605587,0.0,0.0,0.228882812962,0.0578271312508,0.286709944213,0.0578271312508,0.100511289128,0.0229037506148,0.104730325114,0.358156008959
 06/18  03:00:00,0.858163099136,0.302447353241,0.0,0.0,0.21131825065,0.0529122014606,0.264230452111,0.0529122014606,0.100511289128,0.0229037506148,0.0940030905319,0.353114516751
 06/18  04:00:00,0.825645703997,0.36974228389,0.0,0.0,0.186278056525,0.0466215716707,0.232899628196,0.0466215716707,0.100511289128,0.0229037506148,0.106155467442,0.339775568616
 06/18  05:00:00,0.905627733203,0.666894627908,0.0,0.0,0.201207388632,0.0503289262855,0.251536314917,0.0503289262855,0.105801356284,0.024109211495,0.121618624013,0.379162226493
 06/18  06:00:00,1.17809840458,1.22303900584,0.0,0.0,0.282173724141,0.0705296102607,0.352703334402,0.0705296102607,0.142831786419,0.0325474376562,0.188531179431,0.438084666677
 06/18  07:00:00,1.490713886,1.3814359086,0.0,0.0,0.318246169944,0.0794646474781,0.397710817422,0.0794646474781,0.227472914537,0.0518347934133,0.28729758007,0.465497780559
 06/18  08:00:00,1.57973902952,1.34433708551,0.0,0.0,0.468638915572,0.114766826663,0.583405742236,0.114766826663,0.169282122201,0.0385747420571,0.371524937518,0.393551485504
 06/18  09:00:00,1.70939385769,1.22094572405,0.0,0.0,0.625149790519,0.151403782534,0.776553573052,0.151403782534,0.0952212348754,0.0216982927889,0.457576618389,0.334944138584
 06/18  10:00:00,1.88647241662,1.07620285294,0.0,0.0,0.751864185501,0.182064241244,0.933928426744,0.182064241244,0.0846410876582,0.0192873679743,0.482394064084,0.342821470159
 06/18  11:00:00,2.16723159429,0.944961344681,0.0,0.0,0.970325078932,0.232307510592,1.20263258952,0.232307510592,0.0793510205016,0.0180819101484,0.500839572871,0.342926501247
 06/18  12:00:00,2.23584379499,0.843884399414,0.0,0.0,1.04592107632,0.247990367865,1.29391144419,0.247990367865,0.0793510205016,0.0180819101484,0.48394962873,0.337149791425
 06/18  13:00:00,2.34562155947,0.782683908576,0.0,0.0,1.15844339996,0.274667378108,1.43311077807,0.274667378108,0.0793510205016,0.0180819101484,0.442869608595,0.348808242156
 06/18  14:00:00,2.41036131792,0.725225992225,0.0,0.0,1.22046219741,0.29214717418,1.51260937159,0.29214717418,0.0793510205016,0.0180819101484,0.408469960129,0.368449055551
 06/18  15:00:00,2.66678061121,0.733568269297,0.0,0.0,1.40348965483,0.332772293912,1.73626194874,0.332772293912,0.0846410876582,0.0192873679743,0.414260089194,0.388930117647
 06/18  16:00:00,2.46046058197,0.814169731682,0.0,0.0,1.12720800712,0.283337658714,1.41054566583,0.283337658714,0.0846410876582,0.0192873679743,0.462550296506,0.460036164
 06/18  17:00:00,2.85992787664,0.972428331677,0.0,0.0,1.27644849865,0.318307506539,1.59475600519,0.318307506539,0.105801356284,0.024109211495,0.552990886172,0.558870417499
 06/18  18:00:00,2.88290266009,1.12532935903,0.0,0.0,1.20298669515,0.30246885542,1.50545555057,0.30246885542,0.169282122201,0.0385747420571,0.509425651789,0.606764593477
 06/18  19:00:00,2.6808751771,1.15807848291,0.0,0.0,0.952678491447,0.245701674317,1.19838016576,0.245701674317,0.327984268436,0.0747385684626,0.430071798651,0.626300375784
 06/18  20:00:00,2.79060897489,1.07720361605,0.0,0.0,0.800265052274,0.206422659268,1.00668771154,0.206422659268,0.587197507987,0.133806139374,0.391685867232,0.647831748756
 06/18  21:00:00,2.86497956787,0.966610519218,0.0,0.0,0.62474763361,0.163475932087,0.788223565697,0.163475932087,0.851700994856,0.19407915284,0.374868582349,0.632707272132
 06/18  22:00:00,2.33071046283,0.795079427186,0.0,0.0,0.456226021552,0.120212594465,0.576438616017,0.120212594465,0.714159197669,0.162737188281,0.306448400837,0.54752706003
 06/18  23:00:00,1.65235930901,0.605956347349,0.0,0.0,0.26364137937,0.0698427855141,0.333484164884,0.0698427855141,0.497266390637,0.113313279977,0.209104646358,0.475790827151
 06/18  24:00:00,0.973675258094,0.405537457119,0.0,0.0,0.0822571987644,0.0219117619293,0.104168960694,0.0219117619293,0.25392325032,0.0578620978142,0.140769463762,0.393551485504
 06/19  01:00:00,0.694466307286,0.472140969274,0.0,0.161228928465,0.0,0.00447409872481,0.00447409872481,0.00447409872481,0.153412025464,0.034958353308,0.115864577324,0.362357252466
 06/19  02:00:00,0.621275002025,0.816522567702,0.0,0.526878946808,0.0,0.0146200730295,0.0146200730295,0.0146200730295,0.100511289128,0.0229037506148,0.101683880294,0.358156008959
 06/19  03:00:00,0.611464524715,0.984570874044,0.0,0.689260027932,0.0,0.0191248492124,0.0191248492124,0.0191248492124,0.100511289128,0.0229037506148,0.0924101190091,0.353114516751
 06/19  04:00:00,0.616146107138,1.31158113434,0.0,0.955705456799,0.0,0.0265163795325,0.0265163795325,0.0265163795325,0.100511289128,0.0229037506148,0.103039119246,0.339775568616
 06/19  05:00:00,0.678072779088,1.66478818531,0.0,1.0366551002,0.0,0.0287608354698,0.0287608354698,0.0287608354698,0.105801356284,0.024109211495,0.116839149346,0.379162226493
 06/19  06:00:00,0.839558568734,2.09263542379,0.0,0.95736323073,0.0,0.0265599294054,0.0265599294054,0.0265599294054,0.142831786419,0.0325474376562,0.176134748577,0.438084666677
 06/19  07:00:00,1.09471593042,2.22681181013,0.0,0.951716144993,0.0,0.0264011172672,0.0264011172672,0.0264011172672,0.227472914537,0.0518347934133,0.262609324643,0.465497780559
 06/19  08:00:00,0.984792087526,2.18165258338,0.0,0.948216300775,0.0,0.0263023177347,0.0263023177347,0.0263023177347,0.169282122201,0.0385747420571,0.333681420029,0.393551485504
 06/19  09:00:00,0.902787679635,1.92925177628,0.0,0.810626315401,0.0,0.0224836296174,0.0224836296174,0.0224836296174,0.0952212348754,0.0216982927889,0.405040383769,0.334944138584
 06/19  10:00:00,0.917153588952,1.85398385574,0.0,0.865815070311,0.0,0.0240118663285,0.0240118663285,0.0240118663285,0.0846410876582,0.0192873679743,0.422991796832,0.342821470159
 06/19  11:00:00,0.905335841825,0.942798776844,0.0,0.071171599417,0.0,0.00197372293939,0.00197372293939,0.00197372293939,0.0793510205016,0.0180819101484,0.439602686989,0.342926501247
 06/19  12:00:00,1.14726678948,0.780488068694,0.0,0.0,0.208294803823,0.0528185584225,0.261113362246,0.0528185584225,0.0793510205016,0.0180819101484,0.428170705158,0.337149791425
 06/19  13:00:00,1.35929018308,0.727653791059,0.0,0.0,0.39771305353,0.0999190525698,0.4976321061,0.0999190525698,0.0793510205016,0.0180819101484,0.392016904173,0.348808242156
 06/19  14:00:00,1.59456177607,0.675504660492,0.0,0.0,0.593371098513,0.149085231946,0.742456330458,0.149085231946,0.0793510205016,0.0180819101484,0.362823459415,0.368449055551
 06/19  15:00:00,1.94965063674,0.684011345761,0.0,0.0,0.850408275584,0.211959166871,1.06236744246,0.211959166871,0.0846410876582,0.0192873679743,0.371024621008,0.388930117647
 06/19  16:00:00,2.35229659142,0.754202776912,0.0,0.0,1.07431669924,0.269969215009,1.34428591425,0.269969215009,0.0846410876582,0.0192873679743,0.420646057535,0.460036164
 06/19  17:00:00,2.70416866196,0.900380088749,0.0,0.0,1.18292137746,0.297319331487,1.48024070895,0.297319331487,0.105801356284,0.024109211495,0.511746967733,0.558870417499
 06/19  18:00:00,2.88552884352,1.03235240058,0.0,0.0,1.23707665474,0.311033780569,1.54811043531,0.311033780569,0.169282122201,0.0385747420571,0.469396950471,0.606764593477
 06/19  19:00:00,2.86014956548,1.05433643477,0.0,0.0,1.13055606653,0.287050700697,1.41760676723,0.287050700697,0.327984268436,0.0747385684626,0.390119585571,0.626300375784
 06/19  20:00:00,2.84978557895,0.978596341371,0.0,0.0,0.878287391631,0.228241522537,1.10652891417,0.228241522537,0.587197507987,0.133806139374,0.351021268662,0.647831748756
 06/19  21:00:00,2.84788344736,0.883749529665,0.0,0.0,0.642263201752,0.170405577001,0.812668778753,0.170405577001,0.851700994856,0.19407915284,0.333327248776,0.632707272132
 06/19  22:00:00,2.27816027478,0.729835742627,0.0,0.0,0.440088981064,0.116808194045,0.556897175109,0.116808194045,0.714159197669,0.162737188281,0.273439653687,0.54752706003
 06/19  23:00:00,1.5697257349,0.56522130987,0.0,0.0,0.212294917899,0.0566796590577,0.268974576957,0.0566796590577,0.497266390637,0.113313279977,0.190980660183,0.475790827151
 06/19  24:00:00,0.8622362328,0.40447683968,0.0,0.0143749370215,0.0,0.00039923229469,0.00039923229469,0.00039923229469,0.25392325032,0.0578620978142,0.133100166867,0.393551485504
 06/20  01:00:00,0.709575893895,1.01554036039,0.0,0.705133562793,0.0,0.0195836853337,0.0195836853337,0.0195836853337,0.153412025464,0.034958353308,0.115864577324,0.362357252466
 06/20  02:00:00,0.635758629257,1.33703682692,0.0,1.04789279171,0.0,0.0291037002619,0.0291037002619,0.0291037002619,0.100511289128,0.0229037506148,0.101683880294,0.358156008959
 06/20  03:00:00,0.637772075586,1.93037821501,0.0,1.63576582497,0.0,0.0454324000839,0.0454324000839,0.0454324000839,0.100511289128,0.0229037506148,0.0924101190091,0.353114516751
 06/20  04:00:00,0.647146577423,2.42551924703,0.0,2.07071218953,0.0,0.0575168498178,0.0575168498178,0.0575168498178,0.100511289128,0.0229037506148,0.103039119246,0.339775568616
 06/20  05:00:00,0.719808116725,3.16382489656,0.0,2.53776618457,0.0,0.0704961731067,0.0704961731067,0.0704961731067,0.105801356284,0.024109211495,0.116839149346,0.379162226493
 06/20  06:00:00,0.891255676844,3.94853056071,0.0,2.81697914222,0.0,0.0782570375149,0.0782570375149,0.0782570375149,0.142831786419,0.0325474376562,0.176134748577,0.438084666677
 06/20  07:00:00,1.10348394314,2.53727961135,0.0,1.26596535627,0.0,0.0351691299866,0.0351691299866,0.0351691299866,0.227472914537,0.0518347934133,0.262609324643,0.465497780559
 06/20  08:00:00,0.96898066686,1.60818312975,0.0,0.377685950623,0.0,0.0104908970682,0.0104908970682,0.0104908970682,0.169282122201,0.0385747420571,0.333681420029,0.393551485504
 06/20  09:00:00,1.01736009211,1.11637638108,0.0,0.0,0.109103546007,0.0279524960823,0.13705604209,0.0279524960823,0.0952212348754,0.0216982927889,0.405040383769,0.334944138584
 06/20  10:00:00,1.22496628999,0.986545093893,0.0,0.0,0.265489405861,0.0663351615092,0.33182456737,0.0663351615092,0.0846410876582,0.0192873679743,0.422991796832,0.342821470159
 06/20  11:00:00,1.43882000379,0.870277747524,0.0,0.0,0.430015646987,0.105442237916,0.535457884903,0.105442237916,0.0793510205016,0.0180819101484,0.439602686989,0.342926501247
 06/20  12:00:00,1.75140382468,0.779353236253,0.0,0.0,0.697849939521,0.167400457928,0.865250397448,0.167400457928,0.0793510205016,0.0180819101484,0.428170705158,0.337149791425
 06/20  13:00:00,2.02572407077,0.726780870311,0.0,0.0,0.942677874339,0.221388119449,1.16406599379,0.221388119449,0.0793510205016,0.0180819101484,0.392016904173,0.348808242156
 06/20  14:00:00,2.30369977459,0.674732936554,0.0,0.0,1.17548509667,0.276109232298,1.45159432897,0.276109232298,0.0793510205016,0.0180819101484,0.362823459415,0.368449055551
 06/20  15:00:00,2.60205315231,0.683621498266,0.0,0.0,1.38848144227,0.326288515755,1.71476995803,0.326288515755,0.0846410876582,0.0192873679743,0.371024621008,0.388930117647
 06/20  16:00:00,3.02590855978,0.753643455633,0.0,0.0,1.64068301928,0.377214863327,2.01789788261,0.377214863327,0.0846410876582,0.0192873679743,0.420646057535,0.460036164
 06/20  17:00:00,3.30681918407,0.899301607423,0.0,0.0,1.68615643068,0.396734800383,2.08289123106,0.396734800383,0.105801356284,0.024109211495,0.511746967733,0.558870417499
 06/20  18:00:00,3.33095138484,1.03079762753,0.0,0.0,1.61005726711,0.383475709525,1.99353297663,0.383475709525,0.169282122201,0.0385747420571,0.469396950471,0.606764593477
 06/20  19:00:00,3.23212308979,1.05263384571,0.0,0.0,1.4393041927,0.350276098834,1.78958029154,0.350276098834,0.327984268436,0.0747385684626,0.390119585571,0.626300375784
 06/20  20:00:00,3.24478325456,0.97699630208,0.0,0.0,1.2027686767,0.29875791308,1.50152658978,0.29875791308,0.587197507987,0.133806139374,0.351021268662,0.647831748756
 06/20  21:00:00,3.29540816147,0.882424287582,0.0,0.0,1.00557674188,0.254616750985,1.26019349286,0.254616750985,0.851700994856,0.19407915284,0.333327248776,0.632707272132
 06/20  22:00:00,2.67631507535,0.728948965049,0.0,0.0,0.759349136101,0.19570283958,0.955051975681,0.19570283958,0.714159197669,0.162737188281,0.273439653687,0.54752706003
 06/20  23:00:00,1.91070411573,0.564735301155,0.0,0.0,0.482537049879,0.127415907901,0.60995295778,0.127415907901,0.497266390637,0.113313279977,0.190980660183,0.475790827151
 06/20  24:00:00,1.16453070497,0.390069984495,0.0,0.0,0.238793758667,0.0638999457935,0.302693704461,0.0638999457935,0.25392325032,0.0578620978142,0.133100166867,0.393551485504
 06/21  01:00:00,0.80123643982,0.310752250853,0.0,0.0,0.0876475525666,0.0235966786923,0.111244231259,0.0235966786923,0.153412025464,0.034958353308,0.115864577324,0.362357252466
 06/21  02:00:00,0.607679365425,0.32645311057,0.0,0.0368275835735,0.0,0.00102443642957,0.00102443642957,0.00102443642957,0.100511289128,0.0229037506148,0.101683880294,0.358156008959
 06/21  03:00:00,0.603385523744,0.692295367446,0.0,0.397094241409,0.0,0.0110458482416,0.0110458482416,0.0110458482416,0.100511289128,0.0229037506148,0.0924101190091,0.353114516751
 06/21  04:00:00,0.602322453232,0.811643572989,0.0,0.45630576043,0.0,0.0126927256262,0.0126927256262,0.0126927256262,0.100511289128,0.0229037506148,0.103039119246,0.339775568616
 06/21  05:00:00,0.664550430236,1.17387810363,0.0,0.54784855456,0.0,0.0152384866173,0.0152384866173,0.0152384866173,0.105801356284,0.024109211495,0.116839149346,0.379162226493
 06/21  06:00:00,0.834208736247,1.89262002731,0.0,0.762590747261,0.0,0.0212100969176,0.0212100969176,0.0212100969176,0.142831786419,0.0325474376562,0.176134748577,0.438084666677
 06/21  07:00:00,1.07695694877,1.26911590726,0.0,0.0,0.00682719786033,0.00181493775859,0.00864213561892,0.00181493775859,0.227472914537,0.0518347934133,0.262609324643,0.465497780559
 06/21  08:00:00,1.0408951377,1.22791558718,0.0,0.0,0.0654114076894,0.016993960215,0.0824053679043,0.016993960215,0.169282122201,0.0385747420571,0.333681420029,0.393551485504
 06/21  09:00:00,0.882972926412,1.20950993103,0.0,0.0959913372912,0.0,0.00266887639422,0.00266887639422,0.00266887639422,0.0952212348754,0.0216982927889,0.405040383769,0.334944138584
 06/21  10:00:00,0.898691224126,1.18333212242,0.0,0.199610235504,0.0,0.00554950150248,0.00554950150248,0.00554950150248,0.0846410876582,0.0192873679743,0.422991796832,0.342821470159
 06/21  11:00:00,0.946323323432,0.867651769956,0.0,0.0,0.0339525093995,0.00900869514648,0.042961204546,0.00900869514648,0.0793510205016,0.0180819101484,0.439602686989,0.342926501247
 06/21  12:00:00,0.947822321254,0.776730721408,0.0,0.0,0.0487421268924,0.0129267671291,0.0616688940215,0.0129267671291,0.0793510205016,0.0180819101484,0.428170705158,0.337149791425
 06/21  13:00:00,0.989277267043,0.724029454061,0.0,0.0,0.100876544199,0.0267426458648,0.127619190064,0.0267426458648,0.0793510205016,0.0180819101484,0.392016904173,0.348808242156
 06/21  14:00:00,1.20019959756,0.672232054491,0.0,0.0,0.276448125274,0.0716460266675,0.348094151942,0.0716460266675,0.0793510205016,0.0180819101484,0.362823459415,0.368449055551
 06/21  15:00:00,1.45578710296,0.680887265862,0.0,0.0,0.452345331289,0.116158577381,0.568503908671,0.116158577381,0.0846410876582,0.0192873679743,0.371024621008,0.388930117647
 06/21  16:00:00,1.81729771738,0.750503539,0.0,0.0,0.643964521723,0.165322518491,0.809287040214,0.165322518491,0.0846410876582,0.0192873679743,0.420646057535,0.460036164
 06/21  17:00:00,2.19504174848,0.895810732872,0.0,0.0,0.772745127528,0.198368667945,0.971113795473,0.198368667945,0.105801356284,0.024109211495,0.511746967733,0.558870417499
 06/21  18:00:00,2.29638087153,1.02701135913,0.0,0.0,0.760669429217,0.198293034102,0.958962463319,0.198293034102,0.169282122201,0.0385747420571,0.469396950471,0.606764593477
 06/21  19:00:00,2.24377208167,1.04891915073,0.0,0.0,0.633597906494,0.167631376928,0.801229283422,0.167631376928,0.327984268436,0.0747385684626,0.390119585571,0.626300375784
 06/21  20:00:00,2.46311426227,0.973722477963,0.0,0.0,0.569278929619,0.150578667874,0.719857597493,0.150578667874,0.587197507987,0.133806139374,0.351021268662,0.647831748756
 06/21  21:00:00,2.58362280985,0.879582894074,0.0,0.0,0.433723595199,0.114684546044,0.548408141243,0.114684546044,0.851700994856,0.19407915284,0.333327248776,0.632707272132
 06/21  22:00:00,2.01342385007,0.726576226141,0.0,0.0,0.230528876993,0.0616318734102,0.292160750403,0.0616318734102,0.714159197669,0.162737188281,0.273439653687,0.54752706003
 06/21  23:00:00,1.36928916438,0.563026840841,0.0,0.0,0.054081389127,0.0144566173048,0.0685380064319,0.0144566173048,0.497266390637,0.113313279977,0.190980660183,0.475790827151
 06/21  24:00:00,0.875645452432,0.885942230561,0.0,0.497054469402,0.0,0.0138084519263,0.0138084519263,0.0138084519263,0.25392325032,0.0578620978142,0.133100166867,0.393551485504
 06/22  01:00:00,0.718359211538,1.33088449934,0.0,1.02112506757,0.0,0.0283670029769,0.0283670029769,0.0283670029769,0.153412025464,0.034958353308,0.115864577324,0.362357252466
 06/22  02:00:00,0.651814954203,1.91416073083,0.0,1.62560066204,0.0,0.0451600252078,0.0451600252078,0.0451600252078,0.100511289128,0.0229037506148,0.101683880294,0.358156008959
 06/22  03:00:00,0.651448946497,2.42167427897,0.0,2.12764678917,0.0,0.0591092709943,0.0591092709943,0.0591092709943,0.100511289128,0.0229037506148,0.0924101190091,0.353114516751
 06/22  04:00:00,0.665193131051,3.07345962981,0.0,2.71971217991,0.0,0.0755634034458,0.0755634034458,0.0755634034458,0.100511289128,0.0229037506148,0.103039119246,0.339775568616
 06/22  05:00:00,0.730955263269,3.56184915122,0.0,2.9383453516,0.0,0.0816433196505,0.0816433196505,0.0816433196505,0.105801356284,0.024109211495,0.116839149346,0.379162226493
 06/22  06:00:00,0.90247548772,4.34606802033,0.0,3.22013833085,0.0,0.0894768483912,0.0894768483912,0.0894768483912,0.142831786419,0.0325474376562,0.176134748577,0.438084666677
 06/22  07:00:00,1.13063867977,3.50739714521,0.0,2.24285122811,0.0,0.0623238666165,0.0623238666165,0.0623238666165,0.227472914537,0.0518347934133,0.262609324643,0.465497780559
 06/22  08:00:00,1.00678720284,2.96171219124,0.0,1.73821091962,0.0,0.0482974330527,0.0482974330527,0.0482974330527,0.169282122201,0.0385747420571,0.333681420029,0.393551485504
 06/22  09:00:00,0.907715708152,2.09664745583,0.0,0.986598238588,0.0,0.0274116581344,0.0274116581344,0.0274116581344,0.0952212348754,0.0216982927889,0.405040383769,0.334944138584
 06/22  10:00:00,0.915385385076,1.78145177794,0.0,0.800581747528,0.0,0.0222436624532,0.0222436624532,0.0222436624532,0.0846410876582,0.0192873679743,0.422991796832,0.342821470159
 06/22  11:00:00,0.907465460001,1.01305006812,0.0,0.147670118951,0.0,0.00410334111537,0.00410334111537,0.00410334111537,0.0793510205016,0.0180819101484,0.439602686989,0.342926501247
 06/22  12:00:00,0.887757366131,0.832561717771,0.0,0.05771851689,0.0,0.00160393889859,0.00160393889859,0.00160393889859,0.0793510205016,0.0180819101484,0.428170705158,0.337149791425
 06/22  13:00:00,1.05249871706,0.722507903834,0.0,0.0,0.151345036923,0.0394956031588,0.190840640082,0.0394956031588,0.0793510205016,0.0180819101484,0.392016904173,0.348808242156
 06/22  14:00:00,1.19248000202,0.670725959557,0.0,0.0,0.269911208565,0.0704633478358,0.340374556401,0.0704633478358,0.0793510205016,0.0180819101484,0.362823459415,0.368449055551
 06/22  15:00:00,1.40471326709,0.679364929572,0.0,0.0,0.410290367184,0.10713970562,0.517430072805,0.10713970562,0.0846410876582,0.0192873679743,0.371024621008,0.388930117647
 06/22  16:00:00,1.71824907042,0.748741010146,0.0,0.0,0.563124606991,0.147113786259,0.71023839325,0.147113786259,0.0846410876582,0.0192873679743,0.420646057535,0.460036164
 06/22  17:00:00,1.9961101236,0.893546266162,0.0,0.0,0.611197028134,0.160985142452,0.772182170585,0.160985142452,0.105801356284,0.024109211495,0.511746967733,0.558870417499
 06/22  18:00:00,2.17280034282,1.02433884986,0.0,0.0,0.661124904199,0.174257030413,0.835381934611,0.174257030413,0.169282122201,0.0385747420571,0.469396950471,0.606764593477
 06/22  19:00:00,2.09938859102,1.04626139609,0.0,0.0,0.518322439196,0.138523353572,0.656845792768,0.138523353572,0.327984268436,0.0747385684626,0.390119585571,0.626300375784
 06/22  20:00:00,2.13878439346,0.97105582575,0.0,0.0,0.311665778446,0.0838619502359,0.395527728682,0.0838619502359,0.587197507987,0.133806139374,0.351021268662,0.647831748756
 06/22  21:00:00,2.28574928035,0.877127850954,0.0,0.0,0.197395350321,0.0531392614286,0.25053461175,0.0531392614286,0.851700994856,0.19407915284,0.333327248776,0.632707272132
 06/22  22:00:00,1.73845537586,0.724616442905,0.0,0.0,0.0135452627192,0.00364701347644,0.0171922761956,0.00364701347644,0.714159197669,0.162737188281,0.273439653687,0.54752706003
 06/22  23:00:00,1.3119829123,0.965151288095,0.0,0.403601769621,0.0,0.0112317543492,0.0112317543492,0.0112317543492,0.497266390637,0.113313279977,0.190980660183,0.475790827151
 06/22  24:00:00,0.893346001551,1.52013982055,0.0,1.13221991008,0.0,0.0315090010454,0.0315090010454,0.0315090010454,0.25392325032,0.0578620978142,0.133100166867,0.393551485504
 06/23  01:00:00,0.728228636253,1.68304083667,0.0,1.3739476418,0.0,0.0382364276919,0.0382364276919,0.0382364276919,0.153412025464,0.034958353308,0.115864577324,0.362357252466
 06/23  02:00:00,0.653612730235,1.97554374151,0.0,1.68734579611,0.0,0.0469578012399,0.0469578012399,0.0469578012399,0.100511289128,0.0229037506148,0.101683880294,0.358156008959
 06/23  03:00:00,0.643806096497,2.14318430775,0.0,1.84935419903,0.0,0.0514664209945,0.0514664209945,0.0514664209945,0.100511289128,0.0229037506148,0.0924101190091,0.353114516751
 06/23  04:00:00,0.649537188261,2.5062895429,0.0,2.15263862184,0.0,0.0599074606559,0.0599074606559,0.0599074606559,0.100511289128,0.0229037506148,0.103039119246,0.339775568616
 06/23  05:00:00,0.721504144642,3.21658640895,0.0,2.59404309388,0.0,0.0721922010237,0.0721922010237,0.0721922010237,0.105801356284,0.024109211495,0.116839149346,0.379162226493
 06/23  06:00:00,0.890579292834,3.91106330529,0.0,2.78759343665,0.0,0.0775806535052,0.0775806535052,0.0775806535052,0.142831786419,0.0325474376562,0.176134748577,0.438084666677
 06/23  07:00:00,1.12052224056,3.13746469488,0.0,1.87583255486,0.0,0.0522074274039,0.0522074274039,0.0522074274039,0.227472914537,0.0518347934133,0.262609324643,0.465497780559
 06/23  08:00:00,0.995774017286,2.56035903459,0.0,1.33972725851,0.0,0.0372842474947,0.0372842474947,0.0372842474947,0.169282122201,0.0385747420571,0.333681420029,0.393551485504
 06/23  09:00:00,0.910579036194,2.19511928676,0.0,1.08790618424,0.0,0.0302749861764,0.0302749861764,0.0302749861764,0.0952212348754,0.0216982927889,0.405040383769,0.334944138584
 06/23  10:00:00,0.919529136159,1.92648684049,0.0,0.948182521866,0.0,0.026387413536,0.026387413536,0.026387413536,0.0846410876582,0.0192873679743,0.422991796832,0.342821470159
 06/23  11:00:00,0.917855712011,1.38378538523,0.0,0.5207591196,0.0,0.0144935931255,0.0144935931255,0.0144935931255,0.0793510205016,0.0180819101484,0.439602686989,0.342926501247
 06/23  12:00:00,0.889615919254,0.897254508274,0.0,0.124400675199,0.0,0.00346249202152,0.00346249202152,0.00346249202152,0.0793510205016,0.0180819101484,0.428170705158,0.337149791425
 06/23  13:00:00,0.92472117458,0.720690661911,0.0,0.0,0.0497192313127,0.0133438662883,0.063063097601,0.0133438662883,0.0793510205016,0.0180819101484,0.392016904173,0.348808242156
 06/23  14:00:00,1.08685106021,0.66908889845,0.0,0.0,0.18528923185,0.049456382748,0.234745614598,0.049456382748,0.0793510205016,0.0180819101484,0.362823459415,0.368449055551
 06/23  15:00:00,1.34095966174,0.677789690927,0.0,0.0,0.357606650886,0.0960698165694,0.453676467455,0.0960698165694,0.0846410876582,0.0192873679743,0.371024621008,0.388930117647
 06/23  16:00:00,1.69803443366,0.747159852224,0.0,0.0,0.544522376551,0.145501379946,0.690023756497,0.145501379946,0.0846410876582,0.0192873679743,0.420646057535,0.460036164
 06/23  17:00:00,2.04335870822,0.891662386591,0.0,0.0,0.648728126413,0.170702628797,0.81943075521,0.170702628797,0.105801356284,0.024109211495,0.511746967733,0.558870417499
 06/23  18:00:00,2.21949439237,1.0221585794,0.0,0.0,0.697067488734,0.185008495426,0.882075984159,0.185008495426,0.169282122201,0.0385747420571,0.469396950471,0.606764593477
 06/23  19:00:00,2.18442763471,1.04394648472,0.0,0.0,0.583770085606,0.158114750854,0.74188483646,0.158114750854,0.327984268436,0.0747385684626,0.390119585571,0.626300375784
 06/23  20:00:00,2.23092519043,0.969055263933,0.0,0.0,0.38372183183,0.103946693821,0.487668525651,0.103946693821,0.587197507987,0.133806139374,0.351021268662,0.647831748756
 06/23  21:00:00,2.34194008235,0.875318927404,0.0,0.0,0.241341587049,0.0653838266975,0.306725413746,0.0653838266975,0.851700994856,0.19407915284,0.333327248776,0.632707272132
 06/23  22:00:00,1.79180425012,0.723219405852,0.0,0.0,0.0555040200737,0.0150371303781,0.0705411504518,0.0150371303781,0.714159197669,0.162737188281,0.273439653687,0.54752706003
 06/23  23:00:00,1.31691913717,1.14079166565,0.0,0.580332688955,0.0,0.0161679792201,0.0161679792201,0.0161679792201,0.497266390637,0.113313279977,0.190980660183,0.475790827151
 06/23  24:00:00,0.895640506015,1.6006299235,0.0,1.21329506918,0.0,0.0338035055095,0.0338035055095,0.0338035055095,0.25392325032,0.0578620978142,0.133100166867,0.393551485504
 06/24  01:00:00,0.740963745691,1.98062890518,0.0,1.6642078437,0.0,0.046366675731,0.046366675731,0.046366675731,0.153412025464,0.034958353308,0.120469438723,0.362357252466
 06/24  02:00:00,0.682368348439,2.90131994993,0.0,2.60810262223,0.0,0.0726669746227,0.0726669746227,0.0726669746227,0.100511289128,0.0229037506148,0.104730325114,0.358156008959
 06/24  03:00:00,0.676762962201,3.27183118577,0.0,2.97274359707,0.0,0.0828303151757,0.0828303151757,0.0828303151757,0.100511289128,0.0229037506148,0.0940030905319,0.353114516751
 06/24  04:00:00,0.690367717055,3.86842153801,0.0,3.50351054072,0.0,0.0976216412539,0.0976216412539,0.0976216412539,0.100511289128,0.0229037506148,0.106155467442,0.339775568616
 06/24  05:00:00,0.76017699423,4.46354204001,0.0,3.80709316247,0.0,0.106085575945,0.106085575945,0.106085575945,0.105801356284,0.024109211495,0.121618624013,0.379162226493
 06/24  06:00:00,0.923299115927,4.71581027148,0.0,3.5133304251,0.0,0.0979040457441,0.0979040457441,0.0979040457441,0.142831786419,0.0325474376562,0.188531179431,0.438084666677
 06/24  07:00:00,1.16771785469,4.03947903399,0.0,2.68137906694,0.0,0.074714786106,0.074714786106,0.074714786106,0.227472914537,0.0518347934133,0.28729758007,0.465497780559
 06/24  08:00:00,1.04196662128,2.95986992176,0.0,1.63797847574,0.0,0.0456333340037,0.0456333340037,0.0456333340037,0.169282122201,0.0385747420571,0.371524937518,0.393551485504
 06/24  09:00:00,0.953649023054,1.94783020036,0.0,0.747054189578,0.0,0.0208087384174,0.0208087384174,0.0208087384174,0.0952212348754,0.0216982927889,0.457576618389,0.334944138584
 06/24  10:00:00,0.964615742323,1.49228346007,0.0,0.433439756885,0.0,0.0120717524475,0.0120717524475,0.0120717524475,0.0846410876582,0.0192873679743,0.482394064084,0.342821470159
 06/24  11:00:00,1.06406287884,0.930063031928,0.0,0.0,0.0785995874218,0.0208642866491,0.0994638740709,0.0208642866491,0.0793510205016,0.0180819101484,0.500839572871,0.342926501247
 06/24  12:00:00,1.23497542136,0.83115701613,0.0,0.0,0.232298328103,0.0607447424473,0.293043070551,0.0607447424473,0.0793510205016,0.0180819101484,0.48394962873,0.337149791425
 06/24  13:00:00,1.46832033806,0.771436603104,0.0,0.0,0.443016706944,0.112792849715,0.555809556659,0.112792849715,0.0793510205016,0.0180819101484,0.442869608595,0.348808242156
 06/24  14:00:00,1.68729745083,0.715341902801,0.0,0.0,0.629261573679,0.16028393082,0.789545504499,0.16028393082,0.0793510205016,0.0180819101484,0.408469960129,0.368449055551
 06/24  15:00:00,2.03307998533,0.723573430721,0.0,0.0,0.882132218628,0.220429104229,1.10256132286,0.220429104229,0.0846410876582,0.0192873679743,0.414260089194,0.388930117647
 06/24  16:00:00,2.27633129829,0.803387346351,0.0,0.0,0.977336122499,0.249080259651,1.22641638215,0.249080259651,0.0846410876582,0.0192873679743,0.462550296506,0.460036164
 06/24  17:00:00,2.69852699923,0.959246957655,0.0,0.0,1.1441390829,0.289216044879,1.43335512778,0.289216044879,0.105801356284,0.024109211495,0.552990886172,0.558870417499
 06/24  18:00:00,2.80405132416,1.10973106369,0.0,0.0,1.13864380001,0.287960414622,1.42660421464,0.287960414622,0.169282122201,0.0385747420571,0.509425651789,0.606764593477
 06/24  19:00:00,2.76320408156,1.14201165469,0.0,0.0,1.01823866536,0.262470404871,1.28070907023,0.262470404871,0.327984268436,0.0747385684626,0.430071798651,0.626300375784
 06/24  20:00:00,2.76155766526,1.06246358277,0.0,0.0,0.771896333674,0.205740068241,0.977636401915,0.205740068241,0.587197507987,0.133806139374,0.391685867232,0.647831748756
 06/24  21:00:00,2.68656643821,0.953436123136,0.0,0.0,0.4793716483,0.130438787731,0.609810436031,0.130438787731,0.851700994856,0.19407915284,0.374868582349,0.632707272132
 06/24  22:00:00,2.0247285351,0.784576841415,0.0,0.0,0.212613952339,0.057842735948,0.270456688287,0.057842735948,0.714159197669,0.162737188281,0.306448400837,0.54752706003
 06/24  23:00:00,1.41274353121,0.598927159163,0.0,0.0,0.0737966491113,0.0200717379724,0.0938683870837,0.0200717379724,0.497266390637,0.113313279977,0.209104646358,0.475790827151
 06/24  24:00:00,0.884204427313,0.929225477935,0.0,0.527338905445,0.0,0.014698129912,0.014698129912,0.014698129912,0.25392325032,0.0578620978142,0.140769463762,0.393551485504
 06/25  01:00:00,0.73939111691,1.92323037844,0.0,1.60703388509,0.0,0.0447940469497,0.0447940469497,0.0447940469497,0.153412025464,0.034958353308,0.120469438723,0.362357252466
 06/25  02:00:00,0.666979019631,2.34794469541,0.0,2.05474695552,0.0,0.0572776458156,0.0572776458156,0.0572776458156,0.100511289128,0.0229037506148,0.104730325114,0.358156008959
 06/25  03:00:00,0.670061684461,3.02984997331,0.0,2.7308637711,0.0,0.076129037436,0.076129037436,0.076129037436,0.100511289128,0.0229037506148,0.0940030905319,0.353114516751
 06/25  04:00:00,0.678284539467,3.43283877837,0.0,3.06821935279,0.0,0.0855384636657,0.0855384636657,0.0855384636657,0.100511289128,0.0229037506148,0.106155467442,0.339775568616
 06/25  05:00:00,0.75068377448,4.11988386042,0.0,3.4645413806,0.0,0.0965923561946,0.0965923561946,0.0965923561946,0.105801356284,0.024109211495,0.121618624013,0.379162226493
 06/25  06:00:00,0.929803520496,4.94428389799,0.0,3.74461118619,0.0,0.104408450314,0.104408450314,0.104408450314,0.142831786419,0.0325474376562,0.188531179431,0.438084666677
 06/25  07:00:00,1.15199383152,3.47067397538,0.0,2.11578394264,0.0,0.058990762945,0.058990762945,0.058990762945,0.227472914537,0.0518347934133,0.28729758007,0.465497780559
 06/25  08:00:00,1.03485439746,2.70060262545,0.0,1.38188744696,0.0,0.038521110179,0.038521110179,0.038521110179,0.169282122201,0.0385747420571,0.371524937518,0.393551485504
 06/25  09:00:00,0.944431740123,1.61389854401,0.0,0.41590720618,0.0,0.0115914554857,0.0115914554857,0.0115914554857,0.0952212348754,0.0216982927889,0.457576618389,0.334944138584
 06/25  10:00:00,1.06144737854,1.05669895409,0.0,0.0,0.0867658205548,0.0221375681063,0.108903388661,0.0221375681063,0.0846410876582,0.0192873679743,0.482394064084,0.342821470159
 06/25  11:00:00,1.26086042512,0.928309785731,0.0,0.0,0.2369686108,0.0592928095553,0.296261420355,0.0592928095553,0.0793510205016,0.0180819101484,0.500839572871,0.342926501247
 06/25  12:00:00,1.50096475626,0.829708062755,0.0,0.0,0.448966078383,0.110066327073,0.559032405456,0.110066327073,0.0793510205016,0.0180819101484,0.48394962873,0.337149791425
 06/25  13:00:00,1.74231209444,0.770202576265,0.0,0.0,0.669252708679,0.160548604363,0.829801313042,0.160548604363,0.0793510205016,0.0180819101484,0.442869608595,0.348808242156
 06/25  14:00:00,2.00778623752,0.714202036315,0.0,0.0,0.895244756589,0.2147895346,1.11003429119,0.2147895346,0.0793510205016,0.0180819101484,0.408469960129,0.368449055551
 06/25  15:00:00,2.33470152677,0.722537567871,0.0,0.0,1.13514732347,0.269035540824,1.4041828643,0.269035540824,0.0846410876582,0.0192873679743,0.414260089194,0.388930117647
 06/25  16:00:00,2.74818861556,0.802415891864,0.0,0.0,1.37898857593,0.319285123494,1.69827369942,0.319285123494,0.0846410876582,0.0192873679743,0.462550296506,0.460036164
 06/25  17:00:00,3.10578430705,0.957734327032,0.0,0.0,1.49097083133,0.349641604275,1.8406124356,0.349641604275,0.105801356284,0.024109211495,0.552990886172,0.558870417499
 06/25  18:00:00,3.1437955202,1.10784831949,0.0,0.0,1.42795983335,0.338388577326,1.76634841067,0.338388577326,0.169282122201,0.0385747420571,0.509425651789,0.606764593477
 06/25  19:00:00,3.1002555408,1.14011245418,0.0,0.0,1.30221169099,0.315548838476,1.61776052947,0.315548838476,0.327984268436,0.0747385684626,0.430071798651,0.626300375784
 06/25  20:00:00,3.14057785246,1.06063320845,0.0,0.0,1.08704680346,0.269609785648,1.35665658911,0.269609785648,0.587197507987,0.133806139374,0.391685867232,0.647831748756
 06/25  21:00:00,3.1904863986,0.952070055038,0.0,0.0,0.887276950364,0.22645344606,1.11373039642,0.22645344606,0.851700994856,0.19407915284,0.374868582349,0.632707272132
 06/25  22:00:00,2.62268070308,0.783921199019,0.0,0.0,0.690464372708,0.177944483555,0.868408856263,0.177944483555,0.714159197669,0.162737188281,0.306448400837,0.54752706003
 06/25  23:00:00,1.94748431716,0.598815582795,0.0,0.0,0.49900541151,0.129603761529,0.628609173039,0.129603761529,0.497266390637,0.113313279977,0.209104646358,0.475790827151
 06/25  24:00:00,1.27587355286,0.402409984512,0.0,0.0,0.321986511642,0.0843807438179,0.406367255459,0.0843807438179,0.25392325032,0.0578620978142,0.140769463762,0.393551485504
 06/26  01:00:00,0.970151563543,0.309747722233,0.0,0.0,0.221987576775,0.058171778207,0.280159354982,0.058171778207,0.153412025464,0.034958353308,0.115864577324,0.362357252466
 06/26  02:00:00,0.804600072861,0.289092185722,0.0,0.0,0.156851817826,0.0410933260406,0.197945143866,0.0410933260406,0.100511289128,0.0229037506148,0.101683880294,0.358156008959
 06/26  03:00:00,0.733786116973,0.294654874545,0.0,0.0,0.112089368764,0.0293570727068,0.14144644147,0.0293570727068,0.100511289128,0.0229037506148,0.0924101190091,0.353114516751
 06/26  04:00:00,0.642636283386,0.353927798115,0.0,0.0,0.0419435124328,0.0110630433479,0.0530065557807,0.0110630433479,0.100511289128,0.0229037506148,0.103039119246,0.339775568616
 06/26  05:00:00,0.694137964881,0.620636897691,0.0,0.0,0.0354729407076,0.00935308055474,0.0448260212623,0.00935308055474,0.105801356284,0.024109211495,0.116839149346,0.379162226493
 06/26  06:00:00,0.92353091158,1.11731419659,0.0,0.0,0.087475714878,0.0230565573726,0.110532272251,0.0230565573726,0.142831786419,0.0325474376562,0.176134748577,0.438084666677
 06/26  07:00:00,1.0727535531,1.25406504822,0.0,0.0,0.00350711893467,0.000931621010413,0.00443873994509,0.000931621010413,0.227472914537,0.0518347934133,0.262609324643,0.465497780559
 06/26  08:00:00,1.12852933228,1.21295879396,0.0,0.0,0.135073135635,0.0349664268518,0.170039562486,0.0349664268518,0.169282122201,0.0385747420571,0.333681420029,0.393551485504
 06/26  09:00:00,1.11915851565,1.10034696314,0.0,0.0,0.190787114675,0.048067350954,0.238854465629,0.048067350954,0.0952212348754,0.0216982927889,0.405040383769,0.334944138584
 06/26  10:00:00,1.21186807901,0.97264429727,0.0,0.0,0.254611275283,0.0641150810996,0.318726356383,0.0641150810996,0.0846410876582,0.0192873679743,0.422991796832,0.342821470159
 06/26  11:00:00,1.31177700442,0.858373720125,0.0,0.0,0.326280423186,0.08213446235,0.408414885536,0.08213446235,0.0793510205016,0.0180819101484,0.439602686989,0.342926501247
 06/26  12:00:00,1.52433510897,0.769002111529,0.0,0.0,0.511880161951,0.126301519782,0.638181681733,0.126301519782,0.0793510205016,0.0180819101484,0.428170705158,0.337149791425
 06/26  13:00:00,1.76395114976,0.717421976671,0.0,0.0,0.728384854931,0.173908217851,0.902293072783,0.173908217851,0.0793510205016,0.0180819101484,0.392016904173,0.348808242156
 06/26  14:00:00,2.19575627965,0.666747968904,0.0,0.0,1.08938547298,0.254265361054,1.34365083404,0.254265361054,0.0793510205016,0.0180819101484,0.362823459415,0.368449055551
 06/26  15:00:00,2.44105000279,0.67523559777,0.0,0.0,1.26279476303,0.29097204548,1.55376680851,0.29097204548,0.0846410876582,0.0192873679743,0.371024621008,0.388930117647
 06/26  16:00:00,2.87798430811,0.744108869511,0.0,0.0,1.52281464034,0.347158990598,1.86997363094,0.347158990598,0.0846410876582,0.0192873679743,0.420646057535,0.460036164
 06/26  17:00:00,3.05022242902,0.887457729037,0.0,0.0,1.47799153924,0.348302936768,1.82629447601,0.348302936768,0.105801356284,0.024109211495,0.511746967733,0.558870417499
 06/26  18:00:00,2.93937241718,1.01662910325,0.0,0.0,1.28820109605,0.313752912927,1.60195400897,0.313752912927,0.169282122201,0.0385747420571,0.469396950471,0.606764593477
 06/26  19:00:00,2.93236175792,1.03821413916,0.0,0.0,1.19806408241,0.291754877255,1.48981895967,0.291754877255,0.327984268436,0.0747385684626,0.390119585571,0.626300375784
 06/26  20:00:00,2.9259708974,0.963777135524,0.0,0.0,0.945421717966,0.237292514659,1.18271423262,0.237292514659,0.587197507987,0.133806139374,0.351021268662,0.647831748756
 06/26  21:00:00,2.9967657248,0.870793686769,0.0,0.0,0.765909127745,0.195641928449,0.961551056193,0.195641928449,0.851700994856,0.19407915284,0.333327248776,0.632707272132
 06/26  22:00:00,2.47456696169,0.720167320694,0.0,0.0,0.599139883265,0.154163978755,0.75330386202,0.154163978755,0.714159197669,0.162737188281,0.273439653687,0.54752706003
 06/26  23:00:00,1.84353824012,0.558951876004,0.0,0.0,0.431732346519,0.111054735652,0.542787082171,0.111054735652,0.497266390637,0.113313279977,0.190980660183,0.475790827151
 06/26  24:00:00,1.18616331384,0.38739881623,0.0,0.0,0.2575268928,0.0667994205338,0.324326313334,0.0667994205338,0.25392325032,0.0578620978142,0.133100166867,0.393551485504
 06/27  01:00:00,0.884207422847,0.309562044189,0.0,0.0,0.154013430343,0.0402017839424,0.194215214286,0.0402017839424,0.153412025464,0.034958353308,0.115864577324,0.362357252466
 06/27  02:00:00,0.736750487361,0.288862538338,0.0,0.0,0.103320545069,0.0267750132965,0.130095558365,0.0267750132965,0.100511289128,0.0229037506148,0.101683880294,0.358156008959
 06/27  03:00:00,0.592438971618,0.298024593248,0.0,0.00357348820552,0.0,9.92961160008e-05,9.92961160008e-05,9.92961160008e-05,0.100511289128,0.0229037506148,0.0924101190091,0.353114516751
 06/27  04:00:00,0.591952755423,0.437102494659,0.0,0.0836019394385,0.0,0.00232302781788,0.00232302781788,0.00232302781788,0.100511289128,0.0229037506148,0.103039119246,0.339775568616
 06/27  05:00:00,0.652834749598,0.746290832502,0.0,0.126784212131,0.0,0.00352280597953,0.00352280597953,0.00352280597953,0.105801356284,0.024109211495,0.116839149346,0.379162226493
 06/27  06:00:00,0.832947690975,1.11482919995,0.0,0.0,0.0158740184924,0.00407503315398,0.0199490516464,0.00407503315398,0.142831786419,0.0325474376562,0.176134748577,0.438084666677
 06/27  07:00:00,1.28360972094,1.25122181202,0.0,0.0,0.172229695326,0.0430652124577,0.215294907784,0.0430652124577,0.227472914537,0.0518347934133,0.262609324643,0.465497780559
 06/27  08:00:00,1.4515657779,1.21056266378,0.0,0.0,0.39683195687,0.0962440512426,0.493076008113,0.0962440512426,0.169282122201,0.0385747420571,0.333681420029,0.393551485504
 06/27  09:00:00,1.68288384962,1.09859445882,0.0,0.0,0.650060921907,0.152518877691,0.802579799598,0.152518877691,0.0952212348754,0.0216982927889,0.405040383769,0.334944138584
 06/27  10:00:00,2.02770296772,0.971459699708,0.0,0.0,0.920763818271,0.213797426828,1.1345612451,0.213797426828,0.0846410876582,0.0192873679743,0.422991796832,0.342821470159
 06/27  11:00:00,2.29428103839,0.857669981418,0.0,0.0,1.13366576867,0.257253150831,1.3909189195,0.257253150831,0.0793510205016,0.0180819101484,0.439602686989,0.342926501247
 06/27  12:00:00,2.71706584976,0.768685319834,0.0,0.0,1.50226279642,0.328649626107,1.83091242252,0.328649626107,0.0793510205016,0.0180819101484,0.428170705158,0.337149791425
 06/27  13:00:00,3.09194940471,0.71741804945,0.0,0.0,1.83429700199,0.395994325742,2.23029132773,0.395994325742,0.0793510205016,0.0180819101484,0.392016904173,0.348808242156
 06/27  14:00:00,2.88421713029,0.666496149417,0.0,0.0,1.6494204278,0.382691256867,2.03211168467,0.382691256867,0.0793510205016,0.0180819101484,0.362823459415,0.368449055551
 06/27  15:00:00,2.87603250994,0.674599559084,0.0,0.0,1.60465326065,0.384096054999,1.98874931565,0.384096054999,0.0846410876582,0.0192873679743,0.371024621008,0.388930117647
 06/27  16:00:00,3.19537201703,0.742924250552,0.0,0.0,1.76815961543,0.419201724436,2.18736133986,0.419201724436,0.0846410876582,0.0192873679743,0.420646057535,0.460036164
 06/27  17:00:00,3.65385740732,0.885847565322,0.0,0.0,1.96863835139,0.461291102914,2.42992945431,0.461291102914,0.105801356284,0.024109211495,0.511746967733,0.558870417499
 06/27  18:00:00,3.55182179155,1.01483533524,0.0,0.0,1.78675423218,0.427649151169,2.21440338334,0.427649151169,0.169282122201,0.0385747420571,0.469396950471,0.606764593477
 06/27  19:00:00,3.27934173727,1.03609062169,0.0,0.0,1.47578004064,0.361018898374,1.83679893902,0.361018898374,0.327984268436,0.0747385684626,0.390119585571,0.626300375784
 06/27  20:00:00,3.29725044897,0.961929379716,0.0,0.0,1.24640863641,0.307585147777,1.55399378419,0.307585147777,0.587197507987,0.133806139374,0.351021268662,0.647831748756
 06/27  21:00:00,3.28215813712,0.869180993757,0.0,0.0,0.994671936639,0.252271531882,1.24694346852,0.252271531882,0.851700994856,0.19407915284,0.333327248776,0.632707272132
 06/27  22:00:00,2.69731327197,0.718959213237,0.0,0.0,0.777425785461,0.198624386838,0.976050172299,0.198624386838,0.714159197669,0.162737188281,0.273439653687,0.54752706003
 06/27  23:00:00,1.95467718794,0.558135474387,0.0,0.0,0.519252454497,0.134673575501,0.653926029997,0.134673575501,0.497266390637,0.113313279977,0.190980660183,0.475790827151
 06/27  24:00:00,1.31918426065,0.38704829314,0.0,0.0,0.36365893109,0.0936883290582,0.457347260148,0.0936883290582,0.25392325032,0.0578620978142,0.133100166867,0.393551485504
 06/28  01:00:00,0.913656284958,0.309412576286,0.0,0.0,0.177329705757,0.0463343706405,0.223664076397,0.0463343706405,0.153412025464,0.034958353308,0.115864577324,0.362357252466
 06/28  02:00:00,0.66661593057,0.288739061476,0.0,0.0,0.0474711109425,0.0124898906322,0.0599610015746,0.0124898906322,0.100511289128,0.0229037506148,0.101683880294,0.358156008959
 06/28  03:00:00,0.599098499222,0.537947493633,0.0,0.243764200316,0.0,0.00675882371964,0.00675882371964,0.00675882371964,0.100511289128,0.0229037506148,0.0924101190091,0.353114516751
 06/28  04:00:00,0.604040086746,0.872686128716,0.0,0.51971597121,0.0,0.0144103591408,0.0144103591408,0.0144103591408,0.100511289128,0.0229037506148,0.103039119246,0.339775568616
 06/28  05:00:00,0.671510401505,1.41865701622,0.0,0.800582279736,0.0,0.0221984578863,0.0221984578863,0.0221984578863,0.105801356284,0.024109211495,0.116839149346,0.379162226493
 06/28  06:00:00,0.832464367714,1.8138310072,0.0,0.702010469272,0.0,0.0194657283851,0.0194657283851,0.0194657283851,0.142831786419,0.0325474376562,0.176134748577,0.438084666677
 06/28  07:00:00,1.08107162942,1.70781377591,0.0,0.460053296807,0.0,0.0127568162637,0.0127568162637,0.0127568162637,0.227472914537,0.0518347934133,0.262609324643,0.465497780559
 06/28  08:00:00,0.967486449468,1.53143066534,0.0,0.324459255278,0.0,0.0089966796765,0.0089966796765,0.0089966796765,0.169282122201,0.0385747420571,0.333681420029,0.393551485504
 06/28  09:00:00,0.923112853295,1.09510961804,0.0,0.0,0.033994453672,0.00881434960547,0.0428088032775,0.00881434960547,0.0952212348754,0.0216982927889,0.405040383769,0.334944138584
 06/28  10:00:00,1.20340447038,0.96831465011,0.0,0.0,0.247972887218,0.0622898605375,0.310262747755,0.0622898605375,0.0846410876582,0.0192873679743,0.422991796832,0.342821470159
 06/28  11:00:00,1.33544473038,0.854749079602,0.0,0.0,0.344692251951,0.0873903595444,0.432082611495,0.0873903595444,0.0793510205016,0.0180819101484,0.439602686989,0.342926501247
 06/28  12:00:00,1.46292282885,0.765732845223,0.0,0.0,0.460114063022,0.116655338596,0.576769401618,0.116655338596,0.0793510205016,0.0180819101484,0.428170705158,0.337149791425
 06/28  13:00:00,1.702468265,0.714403431426,0.0,0.0,0.673084343784,0.167725844234,0.840810188018,0.167725844234,0.0793510205016,0.0180819101484,0.392016904173,0.348808242156
 06/28  14:00:00,1.92950977957,0.66377459533,0.0,0.0,0.864193810025,0.213210523924,1.07740433395,0.213210523924,0.0793510205016,0.0180819101484,0.362823459415,0.368449055551
 06/28  15:00:00,2.28296869746,0.672338995571,0.0,0.0,1.12374474135,0.271940761825,1.39568550317,0.271940761825,0.0846410876582,0.0192873679743,0.371024621008,0.388930117647
 06/28  16:00:00,2.735192552,0.740599160352,0.0,0.0,1.39617487939,0.33100699544,1.72718187483,0.33100699544,0.0846410876582,0.0192873679743,0.420646057535,0.460036164
 06/28  17:00:00,3.21610158205,0.883414580604,0.0,0.0,1.61030980122,0.381863827823,1.99217362904,0.381863827823,0.105801356284,0.024109211495,0.511746967733,0.558870417499
 06/28  18:00:00,2.84409246206,1.01189427952,0.0,0.0,1.19985067148,0.306823382383,1.50667405386,0.306823382383,0.169282122201,0.0385747420571,0.469396950471,0.606764593477
 06/28  19:00:00,2.81139061871,1.03326459308,0.0,0.0,1.09004583193,0.278801988526,1.36884782046,0.278801988526,0.327984268436,0.0747385684626,0.390119585571,0.626300375784
 06/28  20:00:00,2.74250591344,0.959370519624,0.0,0.0,0.791985496961,0.207263751701,0.999249248661,0.207263751701,0.587197507987,0.133806139374,0.351021268662,0.647831748756
 06/28  21:00:00,2.82411248078,0.86688965155,0.0,0.0,0.624339657069,0.164558155103,0.788897812172,0.164558155103,0.851700994856,0.19407915284,0.333327248776,0.632707272132
 06/28  22:00:00,2.25986153789,0.717095692423,0.0,0.0,0.4257791543,0.11281928392,0.538598438221,0.11281928392,0.714159197669,0.162737188281,0.273439653687,0.54752706003
 06/28  23:00:00,1.59700570567,0.556788989474,0.0,0.0,0.234465216703,0.0617893310169,0.29625454772,0.0617893310169,0.497266390637,0.113313279977,0.190980660183,0.475790827151
 06/28  24:00:00,0.981413521063,0.386129557032,0.0,0.0,0.0946397228943,0.0249367976635,0.119576520558,0.0249367976635,0.25392325032,0.0578620978142,0.133100166867,0.393551485504
 06/29  01:00:00,0.691142339746,0.350240015427,0.0,0.0414437581928,0.0,0.00115013118443,0.00115013118443,0.00115013118443,0.153412025464,0.034958353308,0.115864577324,0.362357252466
 06/29  02:00:00,0.614935732729,0.586648126381,0.0,0.298399750495,0.0,0.0082808037341,0.0082808037341,0.0082808037341,0.100511289128,0.0229037506148,0.101683880294,0.358156008959
 06/29  03:00:00,0.607655695436,0.84574413322,0.0,0.551963275656,0.0,0.0153160199333,0.0153160199333,0.0153160199333,0.100511289128,0.0229037506148,0.0924101190091,0.353114516751
 06/29  04:00:00,0.606645879095,0.965860239096,0.0,0.613298585033,0.0,0.0170161514897,0.0170161514897,0.0170161514897,0.100511289128,0.0229037506148,0.103039119246,0.339775568616
 06/29  05:00:00,0.662219523789,1.08238767158,0.0,0.465266155563,0.0,0.0129075801705,0.0129075801705,0.0129075801705,0.105801356284,0.024109211495,0.116839149346,0.379162226493
 06/29  06:00:00,0.826775599288,1.60635258464,0.0,0.496656281317,0.0,0.0137769599586,0.0137769599586,0.0137769599586,0.142831786419,0.0325474376562,0.176134748577,0.438084666677
 06/29  07:00:00,1.1081340574,1.2452814573,0.0,0.0,0.0317140080914,0.0081052361609,0.0398192442523,0.0081052361609,0.227472914537,0.0518347934133,0.262609324643,0.465497780559
 06/29  08:00:00,1.19505927883,1.2047200062,0.0,0.0,0.18905837146,0.0475111375823,0.236569509043,0.0475111375823,0.169282122201,0.0385747420571,0.333681420029,0.393551485504
 06/29  09:00:00,1.33494895254,1.09320449027,0.0,0.0,0.36528232898,0.0893625735444,0.454644902524,0.0893625735444,0.0952212348754,0.0216982927889,0.405040383769,0.334944138584
 06/29  10:00:00,1.54503479923,0.966652706687,0.0,0.0,0.522864506736,0.12902856987,0.651893076606,0.12902856987,0.0846410876582,0.0192873679743,0.422991796832,0.342821470159
 06/29  11:00:00,1.81842162677,0.853482954766,0.0,0.0,0.736758953406,0.178300554474,0.915059507879,0.178300554474,0.0793510205016,0.0180819101484,0.439602686989,0.342926501247
 06/29  12:00:00,2.03527722521,0.764856951086,0.0,0.0,0.927206791308,0.221917006674,1.14912379798,0.221917006674,0.0793510205016,0.0180819101484,0.428170705158,0.337149791425
 06/29  13:00:00,2.26815436655,0.71359191118,0.0,0.0,1.13694794473,0.269548344845,1.40649628957,0.269548344845,0.0793510205016,0.0180819101484,0.392016904173,0.348808242156
 06/29  14:00:00,2.4484612154,0.663072605786,0.0,0.0,1.29039664794,0.305959121841,1.59635576978,0.305959121841,0.0793510205016,0.0180819101484,0.362823459415,0.368449055551
 06/29  15:00:00,2.66459225059,0.671466026106,0.0,0.0,1.43401978588,0.343289270424,1.7773090563,0.343289270424,0.0846410876582,0.0192873679743,0.371024621008,0.388930117647
 06/29  16:00:00,3.07618866633,0.739714509816,0.0,0.0,1.67547870177,0.392699287395,2.06817798916,0.392699287395,0.0846410876582,0.0192873679743,0.420646057535,0.460036164
 06/29  17:00:00,3.16504534389,0.881816398913,0.0,0.0,1.56273259723,0.378384793654,1.94111739088,0.378384793654,0.105801356284,0.024109211495,0.511746967733,0.558870417499
 06/29  18:00:00,3.1241435107,1.00993621957,0.0,0.0,1.43535853309,0.3513665694,1.78672510249,0.3513665694,0.169282122201,0.0385747420571,0.469396950471,0.606764593477
 06/29  19:00:00,3.00566231262,1.03134717403,0.0,0.0,1.25100531728,0.312114197086,1.56311951436,0.312114197086,0.327984268436,0.0747385684626,0.390119585571,0.626300375784
 06/29  20:00:00,3.01333297814,0.957698082281,0.0,0.0,1.01288633128,0.257189982083,1.27007631336,0.257189982083,0.587197507987,0.133806139374,0.351021268662,0.647831748756
 06/29  21:00:00,3.05945009197,0.865473284516,0.0,0.0,0.814165073983,0.210070349381,1.02423542336,0.210070349381,0.851700994856,0.19407915284,0.333327248776,0.632707272132
 06/29  22:00:00,2.44630325606,0.715937866093,0.0,0.0,0.574638638112,0.150401518283,0.725040156395,0.150401518283,0.714159197669,0.162737188281,0.273439653687,0.54752706003
 06/29  23:00:00,1.7438083626,0.55610624545,0.0,0.0,0.350648711663,0.0924084929927,0.443057204656,0.0924084929927,0.497266390637,0.113313279977,0.190980660183,0.475790827151
 06/29  24:00:00,1.05283114806,0.385947993642,0.0,0.0,0.150990376778,0.0400037707726,0.190994147551,0.0400037707726,0.25392325032,0.0578620978142,0.133100166867,0.393551485504
 06/30  01:00:00,0.696582479637,0.308735391535,0.0,0.0,0.00520389543641,0.0013863756389,0.00659027107531,0.0013863756389,0.153412025464,0.034958353308,0.115864577324,0.362357252466
 06/30  02:00:00,0.620376999456,0.782644106208,0.0,0.494554359994,0.0,0.0137220704609,0.0137220704609,0.0137220704609,0.100511289128,0.0229037506148,0.101683880294,0.358156008959
 06/30  03:00:00,0.612943307669,1.03609641496,0.0,0.742595703848,0.0,0.0206036321668,0.0206036321668,0.0206036321668,0.100511289128,0.0229037506148,0.0924101190091,0.353114516751
 06/30  04:00:00,0.619876542421,1.44216988164,0.0,1.09017793033,0.0,0.0302468148156,0.0302468148156,0.0302468148156,0.100511289128,0.0229037506148,0.103039119246,0.339775568616
 06/30  05:00:00,0.686549626617,1.957778315,0.0,1.3421741409,0.0,0.0372376829985,0.0372376829985,0.0372376829985,0.105801356284,0.024109211495,0.116839149346,0.379162226493
 06/30  06:00:00,0.855063785266,2.62287853554,0.0,1.51620662057,0.0,0.0420651459369,0.0420651459369,0.0420651459369,0.142831786419,0.0325474376562,0.176134748577,0.438084666677
 06/30  07:00:00,1.08570304165,1.86868801691,0.0,0.626776921516,0.0,0.0173882285004,0.0173882285004,0.0173882285004,0.227472914537,0.0518347934133,0.262609324643,0.465497780559
 06/30  08:00:00,0.961718846608,1.31801628402,0.0,0.116403173272,0.0,0.00322907681625,0.00322907681625,0.00322907681625,0.169282122201,0.0385747420571,0.333681420029,0.393551485504
 06/30  09:00:00,1.01058946072,1.09026929961,0.0,0.0,0.103282722602,0.0270026881039,0.130285410706,0.0270026881039,0.0952212348754,0.0216982927889,0.405040383769,0.334944138584
 06/30  10:00:00,1.08698255841,0.963955277376,0.0,0.0,0.153899311563,0.0399415242259,0.193840835789,0.0399415242259,0.0846410876582,0.0192873679743,0.422991796832,0.342821470159
 06/30  11:00:00,1.29832461789,0.851034731887,0.0,0.0,0.313983971558,0.0809785274438,0.394962499002,0.0809785274438,0.0793510205016,0.0180819101484,0.439602686989,0.342926501247
 06/30  12:00:00,1.43713199451,0.76264045459,0.0,0.0,0.438732443373,0.112246123905,0.550978567278,0.112246123905,0.0793510205016,0.0180819101484,0.428170705158,0.337149791425
 06/30  13:00:00,1.623904138,0.711622369244,0.0,0.0,0.608956728411,0.153289332613,0.762246061024,0.153289332613,0.0793510205016,0.0180819101484,0.392016904173,0.348808242156
 06/30  14:00:00,1.80505762165,0.661116132359,0.0,0.0,0.762511224193,0.190440951844,0.952952176037,0.190440951844,0.0793510205016,0.0180819101484,0.362823459415,0.368449055551
 06/30  15:00:00,2.15065172112,0.669551942998,0.0,0.0,1.01463712185,0.248731404987,1.26336852683,0.248731404987,0.0846410876582,0.0192873679743,0.371024621008,0.388930117647
 06/30  16:00:00,2.4749750662,0.737664672597,0.0,0.0,1.17804820657,0.288916182459,1.46696438903,0.288916182459,0.0846410876582,0.0192873679743,0.420646057535,0.460036164
 06/30  17:00:00,2.79382300297,0.879564434404,0.0,0.0,1.25832805665,0.311566993313,1.56989504996,0.311566993313,0.105801356284,0.024109211495,0.511746967733,0.558870417499
 06/30  18:00:00,2.84623901465,1.00763926221,0.0,0.0,1.2067418535,0.302078752944,1.50882060645,0.302078752944,0.169282122201,0.0385747420571,0.469396950471,0.606764593477
 06/30  19:00:00,2.75885547841,1.02904523731,0.0,0.0,1.04879713817,0.26751554199,1.31631268016,0.26751554199,0.327984268436,0.0747385684626,0.390119585571,0.626300375784
 06/30  20:00:00,2.71282723603,0.955513117471,0.0,0.0,0.767388932969,0.202181638285,0.969570571254,0.202181638285,0.587197507987,0.133806139374,0.351021268662,0.647831748756
 06/30  21:00:00,2.71803207517,0.863434038308,0.0,0.0,0.538128203659,0.144689202908,0.682817406567,0.144689202908,0.851700994856,0.19407915284,0.333327248776,0.632707272132
 06/30  22:00:00,2.12687871739,0.714262350726,0.0,0.0,0.319610523356,0.0860050943647,0.405615617721,0.0860050943647,0.714159197669,0.162737188281,0.273439653687,0.54752706003
 06/30  23:00:00,1.44933746705,0.554875186263,0.0,0.0,0.117070155396,0.0315161537088,0.148586309105,0.0315161537088,0.497266390637,0.113313279977,0.190980660183,0.475790827151
 06/30  24:00:00,0.867819082679,0.600109170535,0.0,0.214994880632,0.0,0.00598208217354,0.00598208217354,0.00598208217354,0.25392325032,0.0578620978142,0.133100166867,0.393551485504
 07/01  01:00:00,0.716025355703,1.00244475167,0.0,0.687029564121,0.0,0.0191162299832,0.0191162299832,0.0191162299832,0.156561196591,0.0356759622678,0.120545118231,0.36072684863
 07/01  02:00:00,0.640401013625,1.36176465922,0.0,1.06886046533,0.0,0.0297399112833,0.0297399112833,0.0297399112833,0.102574567583,0.023373915055,0.104768111347,0.356544508356
 07/01  03:00:00,0.634616149351,1.72562636815,0.0,1.42693199887,0.0,0.0397010899211,0.0397010899211,0.0397010899211,0.102574567583,0.023373915055,0.0940408767647,0.351525700027
 07/01  04:00:00,0.643735668006,2.1571716678,0.0,1.79397357641,0.0,0.0499092687595,0.0499092687595,0.0499092687595,0.102574567583,0.023373915055,0.106231146951,0.338246769658
 07/01  05:00:00,0.711541094933,2.67569391473,0.0,2.02651648788,0.0,0.0563754299256,0.0563754299256,0.0563754299256,0.107973243613,0.0246041219143,0.121732089755,0.377456209726
 07/01  06:00:00,0.891106776667,3.24018525897,0.0,2.05576602152,0.0,0.0571888466147,0.0571888466147,0.0571888466147,0.151162506908,0.0344457798429,0.188796111233,0.436113532068
 07/01  07:00:00,1.13950060078,2.14618297801,0.0,0.809508500536,0.0,0.022517658106,0.022517658106,0.022517658106,0.248338385058,0.0565894910929,0.287751764166,0.463403302356
 07/01  08:00:00,1.03045304413,1.7049380106,0.0,0.404319976021,0.0,0.0112450034332,0.0112450034332,0.0112450034332,0.188953198156,0.0430572095321,0.372016907847,0.391780725164
 07/01  09:00:00,0.945825941876,1.35920322291,0.0,0.177965657495,0.0,0.00494899198648,0.00494899198648,0.00494899198648,0.102574567583,0.023373915055,0.458091388909,0.333437078342
 07/01  10:00:00,1.00120568927,1.04191183265,0.0,0.0,0.0376892064236,0.00992737866953,0.0476165850931,0.00992737866953,0.0863785921098,0.0196832975314,0.48284824818,0.341278966356
 07/01  11:00:00,1.19293613308,0.915545080795,0.0,0.0,0.175254088386,0.0454671937161,0.220721282102,0.0454671937161,0.0863785921098,0.0196832975314,0.501369436475,0.341383524863
 07/01  12:00:00,1.36338704739,0.818389143711,0.0,0.0,0.329103900934,0.0846332779872,0.413737178921,0.0846332779872,0.0863785921098,0.0196832975314,0.484555171843,0.335632806986
 07/01  13:00:00,1.57293859982,0.759864642347,0.0,0.0,0.52115193879,0.131724391223,0.652876330012,0.131724391223,0.0863785921098,0.0196832975314,0.443361578923,0.347238801247
 07/01  14:00:00,1.77972701312,0.704874688551,0.0,0.0,0.700674196702,0.173860447439,0.87453464414,0.173860447439,0.0863785921098,0.0196832975314,0.408939237309,0.366791242027
 07/01  15:00:00,2.01773603562,0.71298560279,0.0,0.0,0.871809351415,0.214419011398,1.08622836281,0.214419011398,0.0863785921098,0.0196832975314,0.414865632307,0.387180150863
 07/01  16:00:00,2.18301039165,0.790986772852,0.0,0.0,0.899780020698,0.225639020522,1.12541904122,0.225639020522,0.0917772418317,0.0209135043907,0.463534344206,0.45796626
 07/01  17:00:00,2.63585740919,0.94381722603,0.0,0.0,1.09668878223,0.272239769371,1.3689285516,0.272239769371,0.107973243613,0.0246041219143,0.554595677112,0.556355814945
 07/01  18:00:00,2.65444832682,1.09154049504,0.0,0.0,1.01694481049,0.257270551159,1.27421536164,0.257270551159,0.172757131604,0.0393666011715,0.510674738334,0.604034494068
 07/01  19:00:00,2.66172893365,1.1233999044,0.0,0.0,0.93968797424,0.240082456396,1.17977043064,0.240082456396,0.329318328195,0.0750425634392,0.43071523504,0.623482376342
 07/01  20:00:00,2.80041081356,1.0453665312,0.0,0.0,0.803868522779,0.206985606015,1.01085412879,0.206985606015,0.593852779805,0.135322662893,0.392064371819,0.644916870247
 07/01  21:00:00,2.89865814077,0.938587860836,0.0,0.0,0.647000257804,0.169273929791,0.816274187595,0.169273929791,0.858387231415,0.195602762346,0.375133514152,0.62986044526
 07/01  22:00:00,2.32858567579,0.773223515245,0.0,0.0,0.452531602189,0.119336212142,0.571867814331,0.119336212142,0.718022103873,0.163617408439,0.306614852939,0.545063496205
 07/01  23:00:00,1.62269227985,0.591189375223,0.0,0.0,0.24193603833,0.0646322400983,0.306568278428,0.0646322400983,0.496676901655,0.113178951643,0.209218112099,0.473650036027
 07/01  24:00:00,0.942235399831,0.397990009086,0.0,0.0,0.0536160574018,0.0144078230841,0.068023880486,0.0144078230841,0.259135764424,0.0590498864857,0.140845143271,0.391780725164
 07/02  01:00:00,0.697901552644,0.350018031087,0.0,0.035672498539,0.0,0.000992426924114,0.000992426924114,0.000992426924114,0.156561196591,0.0356759622678,0.120545118231,0.36072684863
 07/02  02:00:00,0.612903036815,0.37264672425,0.0,0.0805867995602,0.0,0.00224193447298,0.00224193447298,0.00224193447298,0.102574567583,0.023373915055,0.104768111347,0.356544508356
 07/02  03:00:00,0.60164035906,0.539718275506,0.0,0.241751867883,0.0,0.00672529962926,0.00672529962926,0.00672529962926,0.102574567583,0.023373915055,0.0940408767647,0.351525700027
 07/02  04:00:00,0.599125659517,0.552989966941,0.0,0.190506988306,0.0,0.00529926027067,0.00529926027067,0.00529926027067,0.102574567583,0.023373915055,0.106231146951,0.338246769658
 07/02  05:00:00,0.660150294721,0.827084558715,0.0,0.179214635887,0.0,0.00498462971348,0.00498462971348,0.00498462971348,0.107973243613,0.0246041219143,0.121732089755,0.377456209726
 07/02  06:00:00,0.834670848022,1.20881104359,0.0,0.0270726167244,0.0,0.000752917969666,0.000752917969666,0.000752917969666,0.151162506908,0.0344457798429,0.188796111233,0.436113532068
 07/02  07:00:00,1.12487195645,1.61687818962,0.0,0.283673703898,0.0,0.00788901377542,0.00788901377542,0.00788901377542,0.248338385058,0.0565894910929,0.287751764166,0.463403302356
 07/02  08:00:00,1.01965191845,1.31254715697,0.0,0.0159631040667,0.0,0.000443877751397,0.000443877751397,0.000443877751397,0.188953198156,0.0430572095321,0.372016907847,0.391780725164
 07/02  09:00:00,0.943301799999,1.26462044982,0.0,0.0872095938926,0.0,0.00242485010929,0.00242485010929,0.00242485010929,0.102574567583,0.023373915055,0.458091388909,0.333437078342
 07/02  10:00:00,0.957200592482,1.16814946969,0.0,0.129907386397,0.0,0.00361148830505,0.00361148830505,0.00361148830505,0.0863785921098,0.0196832975314,0.48284824818,0.341278966356
 07/02  11:00:00,0.993201013458,0.912076858573,0.0,0.0,0.0165536764291,0.00443248604919,0.0209861624782,0.00443248604919,0.0863785921098,0.0196832975314,0.501369436475,0.341383524863
 07/02  12:00:00,1.08794877087,0.815137664251,0.0,0.0,0.109380471771,0.0289184306293,0.1382989024,0.0289184306293,0.0863785921098,0.0196832975314,0.484555171843,0.335632806986
 07/02  13:00:00,1.40090767492,0.756797034411,0.0,0.0,0.382736673259,0.0981087318498,0.480845405109,0.0981087318498,0.0863785921098,0.0196832975314,0.443361578923,0.347238801247
 07/02  14:00:00,1.75574582197,0.702127488014,0.0,0.0,0.684507762805,0.166045690189,0.850553452994,0.166045690189,0.0863785921098,0.0196832975314,0.408939237309,0.366791242027
 07/02  15:00:00,2.10599733498,0.710462556879,0.0,0.0,0.945195542443,0.22929411973,1.17448966217,0.22929411973,0.0863785921098,0.0196832975314,0.414865632307,0.387180150863
 07/02  16:00:00,2.54797599093,0.788303991201,0.0,0.0,1.19939251768,0.29099212282,1.4903846405,0.29099212282,0.0917772418317,0.0209135043907,0.463534344206,0.45796626
 07/02  17:00:00,2.94197441488,0.940945267317,0.0,0.0,1.34796187212,0.327083685168,1.67504555729,0.327083685168,0.107973243613,0.0246041219143,0.554595677112,0.556355814945
 07/02  18:00:00,2.99462904111,1.08839883531,0.0,0.0,1.29404751865,0.320348557289,1.61439607593,0.320348557289,0.172757131604,0.0393666011715,0.510674738334,0.604034494068
 07/02  19:00:00,2.97083678151,1.12016006759,0.0,0.0,1.18897283566,0.299905442834,1.4888782785,0.299905442834,0.329318328195,0.0750425634392,0.43071523504,0.623482376342
 07/02  20:00:00,2.95269059898,1.04216099759,0.0,0.0,0.922617796296,0.240516117921,1.16313391422,0.240516117921,0.593852779805,0.135322662893,0.392064371819,0.644916870247
 07/02  21:00:00,2.9610222841,0.935526170788,0.0,0.0,0.693923109956,0.184715220975,0.878638330931,0.184715220975,0.858387231415,0.195602762346,0.375133514152,0.62986044526
 07/02  22:00:00,2.2166618064,0.770379831711,0.0,0.0,0.362775337628,0.0971686073181,0.459943944946,0.0971686073181,0.718022103873,0.163617408439,0.306614852939,0.545063496205
 07/02  23:00:00,1.34834221738,0.588582588042,0.0,0.0,0.0254119472029,0.00680626874923,0.0322182159521,0.00680626874923,0.496676901655,0.113178951643,0.209218112099,0.473650036027
 07/02  24:00:00,0.884199496364,0.754965685812,0.0,0.359078777634,0.0,0.00998797701935,0.00998797701935,0.00998797701935,0.259135764424,0.0590498864857,0.140845143271,0.391780725164
 07/03  01:00:00,0.729812441264,1.65310776135,0.0,1.34843813397,0.0,0.0375081769425,0.0375081769425,0.0375081769425,0.156561196591,0.0356759622678,0.115940256832,0.36072684863
 07/03  02:00:00,0.652871978513,1.91120802041,0.0,1.62695273423,0.0,0.0452573209922,0.0452573209922,0.0452573209922,0.102574567583,0.023373915055,0.101721666527,0.356544508356
 07/03  03:00:00,0.655955109155,2.54097210725,0.0,2.25150850152,0.0,0.0626330212475,0.0626330212475,0.0626330212475,0.102574567583,0.023373915055,0.0924479052419,0.351525700027
 07/03  04:00:00,0.670658793822,3.22095441584,0.0,2.87371217041,0.0,0.0799487427714,0.0799487427714,0.0799487427714,0.102574567583,0.023373915055,0.103114798755,0.338246769658
 07/03  05:00:00,0.736125168865,3.69038388949,0.0,3.08158808157,0.0,0.0857389785235,0.0857389785235,0.0857389785235,0.107973243613,0.0246041219143,0.116952615088,0.377456209726
 07/03  06:00:00,0.91773101209,4.55353400047,0.0,3.4577344773,0.0,0.0962095128917,0.0962095128917,0.0962095128917,0.151162506908,0.0344457798429,0.176399680379,0.436113532068
 07/03  07:00:00,1.14123543728,2.98889250886,0.0,1.75887785749,0.0,0.0489407500391,0.0489407500391,0.0489407500391,0.248338385058,0.0565894910929,0.263063508738,0.463403302356
 07/03  08:00:00,0.996683715655,1.74093084272,0.0,0.550640188271,0.0,0.0153191924446,0.0153191924446,0.0153191924446,0.188953198156,0.0430572095321,0.334173390357,0.391780725164
 07/03  09:00:00,0.898383957083,1.07990886105,0.0,0.0,0.00795303328573,0.00209020852745,0.0100432418132,0.00209020852745,0.102574567583,0.023373915055,0.405555154289,0.333437078342
 07/03  10:00:00,1.07297645145,0.954683724643,0.0,0.0,0.142263891443,0.0365257230851,0.178789614528,0.0365257230851,0.0863785921098,0.0196832975314,0.423445980927,0.341278966356
 07/03  11:00:00,1.30516239963,0.842728055947,0.0,0.0,0.314744973178,0.0794394613497,0.394184434528,0.0794394613497,0.0863785921098,0.0196832975314,0.440132550593,0.341383524863
 07/03  12:00:00,1.53999162504,0.755164705991,0.0,0.0,0.517806587366,0.128314092775,0.64612068014,0.128314092775,0.0863785921098,0.0196832975314,0.428776248271,0.335632806986
 07/03  13:00:00,1.75859476413,0.704682118195,0.0,0.0,0.713986670665,0.175398528072,0.889385198737,0.175398528072,0.0863785921098,0.0196832975314,0.392508874502,0.347238801247
 07/03  14:00:00,2.05312145247,0.654819834723,0.0,0.0,0.962320832105,0.231254752099,1.1935755842,0.231254752099,0.0863785921098,0.0196832975314,0.363292736595,0.366791242027
 07/03  15:00:00,2.46339775625,0.663298117689,0.0,0.0,1.27517935055,0.299946201073,1.57512555162,0.299946201073,0.0863785921098,0.0196832975314,0.371630164121,0.387180150863
 07/03  16:00:00,2.87947808415,0.730951067841,0.0,0.0,1.50537624156,0.358414731129,1.86379097269,0.358414731129,0.0917772418317,0.0209135043907,0.421630105235,0.45796626
 07/03  17:00:00,3.17300966228,0.871781337765,0.0,0.0,1.56634480652,0.380979916617,1.94732472313,0.380979916617,0.107973243613,0.0246041219143,0.513351758673,0.556355814945
 07/03  18:00:00,3.19816205402,0.998894297605,0.0,0.0,1.49115323103,0.366804559131,1.85795779016,0.366804559131,0.172757131604,0.0393666011715,0.470646037016,0.604034494068
 07/03  19:00:00,3.26759092891,1.02029952234,0.0,0.0,1.46829003382,0.357294605161,1.82558463898,0.357294605161,0.329318328195,0.0750425634392,0.39076302196,0.623482376342
 07/03  20:00:00,3.05969290576,0.946954768723,0.0,0.0,1.04051607382,0.270284745753,1.31080081957,0.270284745753,0.593852779805,0.135322662893,0.351399773249,0.644916870247
 07/03  21:00:00,3.08782485447,0.855487077989,0.0,0.0,0.828459574505,0.218522660363,1.04698223487,0.218522660363,0.858387231415,0.195602762346,0.333592180578,0.62986044526
 07/03  22:00:00,2.46446602568,0.707457118393,0.0,0.0,0.58521085603,0.155546055344,0.740756911375,0.155546055344,0.718022103873,0.163617408439,0.273606105789,0.545063496205
 07/03  23:00:00,1.72588221931,0.549214262025,0.0,0.0,0.337629904226,0.0902522998323,0.427882204058,0.0902522998323,0.496676901655,0.113178951643,0.191094125924,0.473650036027
 07/03  24:00:00,1.0262461034,0.380741837642,0.0,0.0,0.125857822769,0.0338460581804,0.15970388095,0.0338460581804,0.259135764424,0.0590498864857,0.133175846376,0.391780725164
 07/04  01:00:00,0.697982541521,0.508046720434,0.0,0.203927427682,0.0,0.00567827720017,0.00567827720017,0.00567827720017,0.156561196591,0.0356759622678,0.115940256832,0.36072684863
 07/04  02:00:00,0.627658691201,1.00353002871,0.0,0.719879032867,0.0,0.0200440336797,0.0200440336797,0.0200440336797,0.102574567583,0.023373915055,0.101721666527,0.356544508356
 07/04  03:00:00,0.620089247978,1.25038507698,0.0,0.961353973995,0.0,0.0267671600709,0.0267671600709,0.0267671600709,0.102574567583,0.023373915055,0.0924479052419,0.351525700027
 07/04  04:00:00,0.627453003109,1.66648984476,0.0,1.3196708561,0.0,0.0367429520582,0.0367429520582,0.0367429520582,0.102574567583,0.023373915055,0.103114798755,0.338246769658
 07/04  05:00:00,0.691166121122,2.07246358493,0.0,1.46472215568,0.0,0.0407799307813,0.0407799307813,0.0407799307813,0.107973243613,0.0246041219143,0.116952615088,0.377456209726
 07/04  06:00:00,0.867787388056,2.7553366046,0.0,1.66180731987,0.0,0.0462658888573,0.0462658888573,0.0462658888573,0.151162506908,0.0344457798429,0.176399680379,0.436113532068
 07/04  07:00:00,1.10985907999,1.85816633302,0.0,0.630936714708,0.0,0.0175643927433,0.0175643927433,0.0175643927433,0.248338385058,0.0565894910929,0.263063508738,0.463403302356
 07/04  08:00:00,1.04282619252,1.18731856347,0.0,0.0,0.0488051580939,0.0126565112202,0.061461669314,0.0126565112202,0.188953198156,0.0430572095321,0.334173390357,0.391780725164
 07/04  09:00:00,1.0990483447,1.07700783024,0.0,0.0,0.16733747087,0.0433701585599,0.21070762943,0.0433701585599,0.102574567583,0.023373915055,0.405555154289,0.333437078342
 07/04  10:00:00,1.24300581336,0.952043001313,0.0,0.0,0.277959308657,0.0708596677803,0.348818976438,0.0708596677803,0.0863785921098,0.0196832975314,0.423445980927,0.341278966356
 07/04  11:00:00,1.49038392869,0.840422783728,0.0,0.0,0.464332274649,0.115073688947,0.579405963596,0.115073688947,0.0863785921098,0.0196832975314,0.440132550593,0.341383524863
 07/04  12:00:00,1.67168599718,0.753043411598,0.0,0.0,0.624423697577,0.153391354703,0.77781505228,0.153391354703,0.0863785921098,0.0196832975314,0.428776248271,0.335632806986
 07/04  13:00:00,1.82662938722,0.702635494991,0.0,0.0,0.770236183554,0.187183638277,0.957419821831,0.187183638277,0.0863785921098,0.0196832975314,0.392508874502,0.347238801247
 07/04  14:00:00,2.2440357679,0.653005743945,0.0,0.0,1.12561261584,0.2588772838,1.38448989964,0.2588772838,0.0863785921098,0.0196832975314,0.363292736595,0.366791242027
 07/04  15:00:00,2.43992220313,0.661341500695,0.0,0.0,1.25610636474,0.295543633769,1.55164999851,0.295543633769,0.0863785921098,0.0196832975314,0.371630164121,0.387180150863
 07/04  16:00:00,2.98240976851,0.728841462058,0.0,0.0,1.60198936281,0.364733294244,1.96672265705,0.364733294244,0.0917772418317,0.0209135043907,0.421630105235,0.45796626
 07/04  17:00:00,3.21467475547,0.869368422567,0.0,0.0,1.61308720771,0.375902608613,1.98898981633,0.375902608613,0.107973243613,0.0246041219143,0.513351758673,0.556355814945
 07/04  18:00:00,3.1384175621,0.996056360065,0.0,0.0,1.45217141493,0.346041883313,1.79821329824,0.346041883313,0.172757131604,0.0393666011715,0.470646037016,0.604034494068
 07/04  19:00:00,3.02949900868,1.0171409966,0.0,0.0,1.2766770031,0.310815715646,1.58749271874,0.310815715646,0.329318328195,0.0750425634392,0.39076302196,0.623482376342
 07/04  20:00:00,3.13761592742,0.944438656153,0.0,0.0,1.11432414367,0.274399697562,1.38872384123,0.274399697562,0.593852779805,0.135322662893,0.351399773249,0.644916870247
 07/04  21:00:00,3.22998899572,0.853367921339,0.0,0.0,0.950451286083,0.238695090035,1.18914637612,0.238695090035,0.858387231415,0.195602762346,0.333592180578,0.62986044526
 07/04  22:00:00,2.6814867902,0.705822150666,0.0,0.0,0.764197392989,0.193580282907,0.957777675896,0.193580282907,0.718022103873,0.163617408439,0.273606105789,0.545063496205
 07/04  23:00:00,1.91548070627,0.548023410446,0.0,0.0,0.489328686657,0.128152004363,0.61748069102,0.128152004363,0.496676901655,0.113178951643,0.191094125924,0.473650036027
 07/04  24:00:00,1.28654859948,0.380045214222,0.0,0.0,0.332848430984,0.0871579460454,0.420006377029,0.0871579460454,0.259135764424,0.0590498864857,0.133175846376,0.391780725164
 07/05  01:00:00,0.976415110502,0.303755728215,0.0,0.0,0.22515961109,0.0589512350903,0.284110846181,0.0589512350903,0.156561196591,0.0356759622678,0.115940256832,0.36072684863
 07/05  02:00:00,0.684345670811,0.283432400815,0.0,0.0,0.0605416646239,0.0161893486662,0.0767310132901,0.0161893486662,0.102574567583,0.023373915055,0.101721666527,0.356544508356
 07/05  03:00:00,0.598937755544,0.288785084222,0.0,0.0,0.00443091928441,0.00118474835175,0.00561566763616,0.00118474835175,0.102574567583,0.023373915055,0.0924479052419,0.351525700027
 07/05  04:00:00,0.598346545426,0.620680162975,0.0,0.27422485752,0.0,0.00763649437542,0.00763649437542,0.00763649437542,0.102574567583,0.023373915055,0.103114798755,0.338246769658
 07/05  05:00:00,0.655895671302,0.804574791628,0.0,0.197861276693,0.0,0.00550948096126,0.00550948096126,0.00550948096126,0.107973243613,0.0246041219143,0.116952615088,0.377456209726
 07/05  06:00:00,0.823904374802,1.17699650532,0.0,0.0855797652116,0.0,0.00238287560315,0.00238287560315,0.00238287560315,0.151162506908,0.0344457798429,0.176399680379,0.436113532068
 07/05  07:00:00,1.10126816257,1.22453510691,0.0,0.0,0.00709032068958,0.00188315463342,0.008973475323,0.00188315463342,0.248338385058,0.0565894910929,0.263063508738,0.463403302356
 07/05  08:00:00,1.01422311249,1.18416368679,0.0,0.0,0.0260048152833,0.00685377399829,0.0328585892816,0.00685377399829,0.188953198156,0.0430572095321,0.334173390357,0.391780725164
 07/05  09:00:00,1.08880492071,1.07404901807,0.0,0.0,0.160012260779,0.0404519446608,0.200464205439,0.0404519446608,0.102574567583,0.023373915055,0.405555154289,0.333437078342
 07/05  10:00:00,1.23507064362,0.949523144378,0.0,0.0,0.272587900859,0.0682959058344,0.340883806693,0.0682959058344,0.0863785921098,0.0196832975314,0.423445980927,0.341278966356
 07/05  11:00:00,1.28821603543,0.83795588449,0.0,0.0,0.301182044162,0.0760560261746,0.377238070337,0.0760560261746,0.0863785921098,0.0196832975314,0.440132550593,0.341383524863
 07/05  12:00:00,1.44898901341,0.750714423065,0.0,0.0,0.44323306128,0.111885007232,0.555118068513,0.111885007232,0.0863785921098,0.0196832975314,0.428776248271,0.335632806986
 07/05  13:00:00,1.40897557406,0.700265166731,0.0,0.0,0.430155196424,0.109610812245,0.53976600867,0.109610812245,0.0863785921098,0.0196832975314,0.392508874502,0.347238801247
 07/05  14:00:00,1.43518142022,0.650348388344,0.0,0.0,0.458763744175,0.116871807781,0.575635551956,0.116871807781,0.0863785921098,0.0196832975314,0.363292736595,0.366791242027
 07/05  15:00:00,1.70892712552,0.658716875264,0.0,0.0,0.655416960328,0.165237960569,0.820654920896,0.165237960569,0.0863785921098,0.0196832975314,0.371630164121,0.387180150863
 07/05  16:00:00,2.13673859826,0.725894372181,0.0,0.0,0.898688171243,0.222363315558,1.1210514868,0.222363315558,0.0917772418317,0.0209135043907,0.421630105235,0.45796626
 07/05  17:00:00,2.46833683577,0.865998143075,0.0,0.0,0.994169156565,0.248482740055,1.24265189662,0.248482740055,0.107973243613,0.0246041219143,0.513351758673,0.556355814945
 07/05  18:00:00,2.40321142603,0.992411630692,0.0,0.0,0.846210161103,0.216797001063,1.06300716217,0.216797001063,0.172757131604,0.0393666011715,0.470646037016,0.604034494068
 07/05  19:00:00,2.42605623472,1.0137399632,0.0,0.0,0.783382300837,0.200667643943,0.98404994478,0.200667643943,0.329318328195,0.0750425634392,0.39076302196,0.623482376342
 07/05  20:00:00,2.62459485243,0.94125441353,0.0,0.0,0.698220148901,0.17748261734,0.875702766241,0.17748261734,0.593852779805,0.135322662893,0.351399773249,0.644916870247
 07/05  21:00:00,2.70631530731,0.850394386925,0.0,0.0,0.528132513584,0.137340174122,0.665472687706,0.137340174122,0.858387231415,0.195602762346,0.333592180578,0.62986044526
 07/05  22:00:00,2.11557667895,0.703186230831,0.0,0.0,0.309695166955,0.0821723976884,0.391867564643,0.0821723976884,0.718022103873,0.163617408439,0.273606105789,0.545063496205
 07/05  23:00:00,1.38178870821,0.545881041003,0.0,0.0,0.0661402304371,0.0176484625226,0.0837886929597,0.0176484625226,0.496676901655,0.113178951643,0.191094125924,0.473650036027
 07/05  24:00:00,0.886201466913,1.08513467046,0.0,0.707000296719,0.0,0.0196592444626,0.0196592444626,0.0196592444626,0.259135764424,0.0590498864857,0.133175846376,0.391780725164
 07/06  01:00:00,0.712703568559,1.03562497311,0.0,0.73359124032,0.0,0.020399304238,0.020399304238,0.020399304238,0.156561196591,0.0356759622678,0.115940256832,0.36072684863
 07/06  02:00:00,0.654780686287,1.97776972174,0.0,1.69606047128,0.0,0.0471660287658,0.0471660287658,0.0471660287658,0.102574567583,0.023373915055,0.101721666527,0.356544508356
 07/06  03:00:00,0.642732638596,2.06355039132,0.0,1.77654141651,0.0,0.0494105506885,0.0494105506885,0.0494105506885,0.102574567583,0.023373915055,0.0924479052419,0.351525700027
 07/06  04:00:00,0.657137932439,2.73251953117,0.0,2.38811342681,0.0,0.0664278813877,0.0664278813877,0.0664278813877,0.102574567583,0.023373915055,0.103114798755,0.338246769658
 07/06  05:00:00,0.729970320422,3.46452891582,0.0,2.8606960204,0.0,0.0795841300809,0.0795841300809,0.0795841300809,0.107973243613,0.0246041219143,0.116952615088,0.377456209726
 07/06  06:00:00,0.894773334317,3.71983420569,0.0,2.63268763329,0.0,0.0732518351181,0.0732518351181,0.0732518351181,0.151162506908,0.0344457798429,0.176399680379,0.436113532068
 07/06  07:00:00,1.14523024037,3.12253018774,0.0,1.90238592705,0.0,0.0529355531262,0.0529355531262,0.0529355531262,0.248338385058,0.0565894910929,0.263063508738,0.463403302356
 07/06  08:00:00,1.01882756812,2.52651678094,0.0,1.34632833006,0.0,0.0374630449074,0.0374630449074,0.0374630449074,0.188953198156,0.0430572095321,0.334173390357,0.391780725164
 07/06  09:00:00,0.902194256061,1.56849759647,0.0,0.497872538802,0.0,0.0138535407913,0.0138535407913,0.0138535407913,0.102574567583,0.023373915055,0.405555154289,0.333437078342
 07/06  10:00:00,0.904984608941,1.33435330455,0.0,0.388061393693,0.0,0.0107977720161,0.0107977720161,0.0107977720161,0.0863785921098,0.0196832975314,0.423445980927,0.341278966356
 07/06  11:00:00,0.975508179569,0.835223348727,0.0,0.0,0.0510344850795,0.0134957293917,0.0645302144712,0.0134957293917,0.0863785921098,0.0196832975314,0.440132550593,0.341383524863
 07/06  12:00:00,1.13055516073,0.748276055197,0.0,0.0,0.18743810991,0.0492461059176,0.236684215827,0.0492461059176,0.0863785921098,0.0196832975314,0.428776248271,0.335632806986
 07/06  13:00:00,1.29817927643,0.698160152358,0.0,0.0,0.340212841881,0.0887568691643,0.428969711045,0.0887568691643,0.0863785921098,0.0196832975314,0.392508874502,0.347238801247
 07/06  14:00:00,1.57178502245,0.648757226999,0.0,0.0,0.567480041029,0.144759113156,0.712239154185,0.144759113156,0.0863785921098,0.0196832975314,0.363292736595,0.366791242027
 07/06  15:00:00,1.81616582941,0.657026593893,0.0,0.0,0.738090327981,0.189803296807,0.927893624788,0.189803296807,0.0863785921098,0.0196832975314,0.371630164121,0.387180150863
 07/06  16:00:00,2.18579466141,0.724149788193,0.0,0.0,0.932137431215,0.237970118739,1.17010754995,0.237970118739,0.0917772418317,0.0209135043907,0.421630105235,0.45796626
 07/06  17:00:00,2.53009029827,0.864028493545,0.0,0.0,1.03896722696,0.265438132169,1.30440535913,0.265438132169,0.107973243613,0.0246041219143,0.513351758673,0.556355814945
 07/06  18:00:00,2.74820775433,0.990415933941,0.0,0.0,1.12535796777,0.282645522702,1.40800349047,0.282645522702,0.172757131604,0.0393666011715,0.470646037016,0.604034494068
 07/06  19:00:00,2.59078304145,1.01155794289,0.0,0.0,0.911502245017,0.237274506494,1.14877675151,0.237274506494,0.329318328195,0.0750425634392,0.39076302196,0.623482376342
 07/06  20:00:00,2.59706659331,0.939026840625,0.0,0.0,0.668855343852,0.179319163266,0.848174507118,0.179319163266,0.593852779805,0.135322662893,0.351399773249,0.644916870247
 07/06  21:00:00,2.72321741228,0.848368570499,0.0,0.0,0.538040911819,0.144333880859,0.682374792678,0.144333880859,0.858387231415,0.195602762346,0.333592180578,0.62986044526
 07/06  22:00:00,2.04204495034,0.701344317135,0.0,0.0,0.250652117567,0.0676837184674,0.318335836034,0.0676837184674,0.718022103873,0.163617408439,0.273606105789,0.545063496205
 07/06  23:00:00,1.30039882741,0.630277148174,0.0,0.0860111265867,0.0,0.00239881216275,0.00239881216275,0.00239881216275,0.496676901655,0.113178951643,0.191094125924,0.473650036027
 07/06  24:00:00,0.888652576069,1.16976050556,0.0,0.79272788436,0.0,0.0221103536189,0.0221103536189,0.0221103536189,0.259135764424,0.0590498864857,0.133175846376,0.391780725164
 07/07  01:00:00,0.730113244339,1.65657199922,0.0,1.35553571017,0.0,0.0378089800184,0.0378089800184,0.0378089800184,0.156561196591,0.0356759622678,0.115940256832,0.36072684863
 07/07  02:00:00,0.660870202292,2.19011133947,0.0,1.90930443412,0.0,0.0532555447714,0.0532555447714,0.0532555447714,0.102574567583,0.023373915055,0.101721666527,0.356544508356
 07/07  03:00:00,0.659131106097,2.64540190676,0.0,2.35933158098,0.0,0.0658090181895,0.0658090181895,0.0658090181895,0.102574567583,0.023373915055,0.0924479052419,0.351525700027
 07/07  04:00:00,0.66756006057,3.09846502579,0.0,2.75511680495,0.0,0.0768500095194,0.0768500095194,0.0768500095194,0.102574567583,0.023373915055,0.103114798755,0.338246769658
 07/07  05:00:00,0.734002877899,3.60000507885,0.0,2.99768106686,0.0,0.0836166875578,0.0836166875578,0.0836166875578,0.107973243613,0.0246041219143,0.116952615088,0.377456209726
 07/07  06:00:00,0.915769441712,4.46314615308,0.0,3.37875345123,0.0,0.0942479425133,0.0942479425133,0.0942479425133,0.151162506908,0.0344457798429,0.176399680379,0.436113532068
 07/07  07:00:00,1.14571645824,3.13228611848,0.0,1.91522037182,0.0,0.053421770998,0.053421770998,0.053421770998,0.248338385058,0.0565894910929,0.263063508738,0.463403302356
 07/07  08:00:00,1.01342081647,2.32687917097,0.0,1.14947294857,0.0,0.0320562932633,0.0320562932633,0.0320562932633,0.188953198156,0.0430572095321,0.334173390357,0.391780725164
 07/07  09:00:00,0.90368050231,1.61814319044,0.0,0.550167541501,0.0,0.0153397870399,0.0153397870399,0.0153397870399,0.102574567583,0.023373915055,0.405555154289,0.333437078342
 07/07  10:00:00,0.901027843887,1.189453722,0.0,0.245389811021,0.0,0.00684100696218,0.00684100696218,0.00684100696218,0.0863785921098,0.0196832975314,0.423445980927,0.341278966356
 07/07  11:00:00,1.14912081289,0.833457352012,0.0,0.0,0.18929327875,0.0488495690422,0.238142847792,0.0488495690422,0.0863785921098,0.0196832975314,0.440132550593,0.341383524863
 07/07  12:00:00,1.29785678408,0.746773313873,0.0,0.0,0.321624033914,0.0823618052629,0.403985839177,0.0823618052629,0.0863785921098,0.0196832975314,0.428776248271,0.335632806986
 07/07  13:00:00,1.50902631563,0.696873149694,0.0,0.0,0.511229053601,0.128587696637,0.639816750238,0.128587696637,0.0863785921098,0.0196832975314,0.392508874502,0.347238801247
 07/07  14:00:00,1.68810928798,0.647328438287,0.0,0.0,0.662029610207,0.166533809513,0.828563419721,0.166533809513,0.0863785921098,0.0196832975314,0.363292736595,0.366791242027
 07/07  15:00:00,1.97898097704,0.656008597217,0.0,0.0,0.873284722649,0.217424049762,1.09070877241,0.217424049762,0.0863785921098,0.0196832975314,0.371630164121,0.387180150863
 07/07  16:00:00,2.14451905775,0.722692687895,0.0,0.0,0.898484717986,0.230347228307,1.12883194629,0.230347228307,0.0917772418317,0.0209135043907,0.421630105235,0.45796626
 07/07  17:00:00,2.30521385844,0.861893026941,0.0,0.0,0.85780500562,0.221723913677,1.0795289193,0.221723913677,0.107973243613,0.0246041219143,0.513351758673,0.556355814945
 07/07  18:00:00,2.46201291038,0.987815332023,0.0,0.0,0.891357449229,0.230451197288,1.12180864652,0.230451197288,0.172757131604,0.0393666011715,0.470646037016,0.604034494068
 07/07  19:00:00,2.44423815279,1.0090775016,0.0,0.0,0.794788632746,0.207443230112,1.00223186286,0.207443230112,0.329318328195,0.0750425634392,0.39076302196,0.623482376342
 07/07  20:00:00,2.54506173714,0.936866917767,0.0,0.0,0.629327908147,0.1668417428,0.796169650947,0.1668417428,0.593852779805,0.135322662893,0.351399773249,0.644916870247
 07/07  21:00:00,2.67904022439,0.84642626015,0.0,0.0,0.503644557716,0.134553047075,0.638197604792,0.134553047075,0.858387231415,0.195602762346,0.333592180578,0.62986044526
 07/07  22:00:00,2.15001987419,0.700085678992,0.0,0.0,0.33601387024,0.0902968896402,0.42631075988,0.0902968896402,0.718022103873,0.163617408439,0.273606105789,0.545063496205
 07/07  23:00:00,1.58027138799,0.543617355227,0.0,0.0,0.223120161714,0.0591512110261,0.28227137274,0.0591512110261,0.496676901655,0.113178951643,0.191094125924,0.473650036027
 07/07  24:00:00,0.977924218255,0.376915302745,0.0,0.0,0.0878953187253,0.0234866770797,0.111381995805,0.0234866770797,0.259135764424,0.0590498864857,0.133175846376,0.391780725164
 07/08  01:00:00,0.730674231069,0.30864188207,0.0,0.0,0.0266448236491,0.00712028169992,0.033765105349,0.00712028169992,0.156561196591,0.0356759622678,0.120545118231,0.36072684863
 07/08  02:00:00,0.616944769388,0.286808728791,0.0,0.0,0.00498265583128,0.00130101121487,0.00628366704615,0.00130101121487,0.102574567583,0.023373915055,0.104768111347,0.356544508356
 07/08  03:00:00,0.608155395871,0.767316863874,0.0,0.474731039501,0.0,0.0132403364407,0.0132403364407,0.0132403364407,0.102574567583,0.023373915055,0.0940408767647,0.351525700027
 07/08  04:00:00,0.620716502792,1.32008262222,0.0,0.964295339003,0.0,0.0268901035453,0.0268901035453,0.0268901035453,0.102574567583,0.023373915055,0.106231146951,0.338246769658
 07/08  05:00:00,0.68020800513,1.53486602196,0.0,0.898163996424,0.0,0.0250423401227,0.0250423401227,0.0250423401227,0.107973243613,0.0246041219143,0.121732089755,0.377456209726
 07/08  06:00:00,0.846133779613,1.60071135437,0.0,0.438168192576,0.0,0.0122158495611,0.0122158495611,0.0122158495611,0.151162506908,0.0344457798429,0.188796111233,0.436113532068
 07/08  07:00:00,1.1192070065,1.39152616016,0.0,0.0797849863083,0.0,0.00222406382457,0.00222406382457,0.00222406382457,0.248338385058,0.0565894910929,0.287751764166,0.463403302356
 07/08  08:00:00,1.04668181974,1.27582505171,0.0,0.0,0.0217978079307,0.00567597111288,0.0274737790436,0.00567597111288,0.188953198156,0.0430572095321,0.372016907847,0.391780725164
 07/08  09:00:00,1.00361956002,1.15826324165,0.0,0.0,0.0498789003613,0.0128637097738,0.0627426101351,0.0128637097738,0.102574567583,0.023373915055,0.458091388909,0.333437078342
 07/08  10:00:00,1.14821403708,1.0214635915,0.0,0.0,0.154998890595,0.039626042309,0.194624932904,0.039626042309,0.0863785921098,0.0196832975314,0.48284824818,0.341278966356
 07/08  11:00:00,1.26853796088,0.897432789958,0.0,0.0,0.236052908148,0.0602702017538,0.296323109902,0.0602702017538,0.0863785921098,0.0196832975314,0.501369436475,0.341383524863
 07/08  12:00:00,1.295623988,0.801955418392,0.0,0.0,0.274723580602,0.0712505389325,0.345974119535,0.0712505389325,0.0863785921098,0.0196832975314,0.484555171843,0.335632806986
 07/08  13:00:00,1.45809011979,0.744577593024,0.0,0.0,0.428721669228,0.10930618075,0.538027849977,0.10930618075,0.0863785921098,0.0196832975314,0.443361578923,0.347238801247
 07/08  14:00:00,1.83111480257,0.690878027012,0.0,0.0,0.746617135725,0.179305297868,0.925922433593,0.179305297868,0.0863785921098,0.0196832975314,0.408939237309,0.366791242027
 07/08  15:00:00,2.17706891519,0.699253914458,0.0,0.0,1.00630625302,0.239254989361,1.24556124238,0.239254989361,0.0863785921098,0.0196832975314,0.414865632307,0.387180150863
 07/08  16:00:00,2.64230449363,0.776099578456,0.0,0.0,1.28033423063,0.30437891257,1.5847131432,0.30437891257,0.0917772418317,0.0209135043907,0.463534344206,0.45796626
 07/08  17:00:00,2.99253690152,0.926743394524,0.0,0.0,1.38852871531,0.33707932863,1.72560804394,0.33707932863,0.107973243613,0.0246041219143,0.554595677112,0.556355814945
 07/08  18:00:00,3.11101829073,1.07217269547,0.0,0.0,1.39269795668,0.338087368874,1.73078532555,0.338087368874,0.172757131604,0.0393666011715,0.510674738334,0.604034494068
 07/08  19:00:00,3.03442875372,1.10355176972,0.0,0.0,1.24181392093,0.310656329777,1.5524702507,0.310656329777,0.329318328195,0.0750425634392,0.43071523504,0.623482376342
 07/08  20:00:00,3.04455788625,1.02663629611,0.0,0.0,0.998714226702,0.256286974783,1.25500120149,0.256286974783,0.593852779805,0.135322662893,0.392064371819,0.644916870247
 07/08  21:00:00,3.10425050439,0.921580780862,0.0,0.0,0.81058192508,0.211284626138,1.02186655122,0.211284626138,0.858387231415,0.195602762346,0.375133514152,0.62986044526
 07/08  22:00:00,2.481836001,0.759091908124,0.0,0.0,0.57426339218,0.150854747362,0.725118139541,0.150854747362,0.718022103873,0.163617408439,0.306614852939,0.545063496205
 07/08  23:00:00,1.68436787824,0.580214575799,0.0,0.0,0.290491862877,0.0777520139431,0.368243876821,0.0777520139431,0.496676901655,0.113178951643,0.209218112099,0.473650036027
 07/08  24:00:00,1.02853573393,0.390414916115,0.0,0.0,0.121741382947,0.0325828316411,0.154324214588,0.0325828316411,0.259135764424,0.0590498864857,0.140845143271,0.391780725164
 07/09  01:00:00,0.698865289817,0.378480005486,0.0,0.0702686897725,0.0,0.00195616409678,0.00195616409678,0.00195616409678,0.156561196591,0.0356759622678,0.120545118231,0.36072684863
 07/09  02:00:00,0.619840110564,0.61599632179,0.0,0.329731039526,0.0,0.0091790082223,0.0091790082223,0.0091790082223,0.102574567583,0.023373915055,0.104768111347,0.356544508356
 07/09  03:00:00,0.626762784416,1.43586372811,0.0,1.14407513206,0.0,0.0318477249861,0.0318477249861,0.0318477249861,0.102574567583,0.023373915055,0.0940408767647,0.351525700027
 07/09  04:00:00,0.628767200732,1.61013879279,0.0,1.25517818165,0.0,0.034940801485,0.034940801485,0.034940801485,0.102574567583,0.023373915055,0.106231146951,0.338246769658
 07/09  05:00:00,0.694112470533,2.03441748099,0.0,1.39913075387,0.0,0.0389468055256,0.0389468055256,0.0389468055256,0.107973243613,0.0246041219143,0.121732089755,0.377456209726
 07/09  06:00:00,0.869097526064,2.42366405055,0.0,1.26387259868,0.0,0.0351795960123,0.0351795960123,0.0351795960123,0.151162506908,0.0344457798429,0.188796111233,0.436113532068
 07/09  07:00:00,1.13568718486,1.98059236819,0.0,0.672042428076,0.0,0.0187042421882,0.0187042421882,0.0187042421882,0.248338385058,0.0565894910929,0.287751764166,0.463403302356
 07/09  08:00:00,1.05540782931,1.27302390276,0.0,0.0,0.0287236037988,0.00747618480821,0.036199788607,0.00747618480821,0.188953198156,0.0430572095321,0.372016907847,0.391780725164
 07/09  09:00:00,1.15373250102,1.15595073058,0.0,0.0,0.16914040388,0.0437151472542,0.212855551134,0.0437151472542,0.102574567583,0.023373915055,0.458091388909,0.333437078342
 07/09  10:00:00,1.3097328646,1.01945626208,0.0,0.0,0.283939437088,0.0722043233304,0.356143760418,0.0722043233304,0.0863785921098,0.0196832975314,0.48284824818,0.341278966356
 07/09  11:00:00,1.52788489773,0.895778611209,0.0,0.0,0.443873754498,0.111796292253,0.55567004675,0.111796292253,0.0863785921098,0.0196832975314,0.501369436475,0.341383524863
 07/09  12:00:00,1.70928321093,0.800668875955,0.0,0.0,0.607808606287,0.151824736173,0.75963334246,0.151824736173,0.0863785921098,0.0196832975314,0.484555171843,0.335632806986
 07/09  13:00:00,1.82932950155,0.743524975673,0.0,0.0,0.727522489711,0.181744742028,0.909267231738,0.181744742028,0.0863785921098,0.0196832975314,0.443361578923,0.347238801247
 07/09  14:00:00,2.10694017086,0.689876675913,0.0,0.0,0.967195883334,0.234551918545,1.20174780188,0.234551918545,0.0863785921098,0.0196832975314,0.408939237309,0.366791242027
 07/09  15:00:00,2.29658238053,0.697888608962,0.0,0.0,1.09628228297,0.268792424756,1.36507470772,0.268792424756,0.0863785921098,0.0196832975314,0.414865632307,0.387180150863
 07/09  16:00:00,2.40354825127,0.774461637415,0.0,0.0,1.07504856462,0.270908336228,1.34595690085,0.270908336228,0.0917772418317,0.0209135043907,0.463534344206,0.45796626
 07/09  17:00:00,2.59525210685,0.924260099932,0.0,0.0,1.05887963884,0.26944361043,1.32832324927,0.26944361043,0.107973243613,0.0246041219143,0.554595677112,0.556355814945
 07/09  18:00:00,2.64881979308,1.06918930596,0.0,0.0,1.00965364299,0.258933184913,1.2685868279,0.258933184913,0.172757131604,0.0393666011715,0.510674738334,0.604034494068
 07/09  19:00:00,2.7072364,1.100750486,0.0,0.0,0.976680317062,0.248597579919,1.22527789698,0.248597579919,0.329318328195,0.0750425634392,0.43071523504,0.623482376342
 07/09  20:00:00,2.80319084008,1.02433085733,0.0,0.0,0.805294650219,0.208339505096,1.01363415532,0.208339505096,0.593852779805,0.135322662893,0.392064371819,0.644916870247
 07/09  21:00:00,2.83396029555,0.919336207796,0.0,0.0,0.59370867784,0.157867664536,0.751576342376,0.157867664536,0.858387231415,0.195602762346,0.375133514152,0.62986044526
 07/09  22:00:00,2.16800447066,0.757150105323,0.0,0.0,0.324496059926,0.0867905492729,0.411286609199,0.0867905492729,0.718022103873,0.163617408439,0.306614852939,0.545063496205
 07/09  23:00:00,1.4189582121,0.578790120094,0.0,0.0,0.0811354780402,0.0216987326369,0.102834210677,0.0216987326369,0.496676901655,0.113178951643,0.209218112099,0.473650036027
 07/09  24:00:00,0.882740855473,0.695855000995,0.0,0.306410254353,0.0,0.00852933612849,0.00852933612849,0.00852933612849,0.259135764424,0.0590498864857,0.140845143271,0.391780725164
 07/10  01:00:00,0.714464326188,1.09617612744,0.0,0.796122497824,0.0,0.0221600618667,0.0221600618667,0.0221600618667,0.156561196591,0.0356759622678,0.115940256832,0.36072684863
 07/10  02:00:00,0.645973360952,1.65811064152,0.0,1.37813686065,0.0,0.038358703431,0.038358703431,0.038358703431,0.102574567583,0.023373915055,0.101721666527,0.356544508356
 07/10  03:00:00,0.646805636235,2.20667319322,0.0,1.92152147743,0.0,0.0534835483276,0.0534835483276,0.0534835483276,0.102574567583,0.023373915055,0.0924479052419,0.351525700027
 07/10  04:00:00,0.649919105945,2.46927929271,0.0,2.12717410758,0.0,0.0592090548942,0.0592090548942,0.0592090548942,0.102574567583,0.023373915055,0.103114798755,0.338246769658
 07/10  05:00:00,0.718358692132,3.04123926186,0.0,2.44199887017,0.0,0.067972501791,0.067972501791,0.067972501791,0.107973243613,0.0246041219143,0.116952615088,0.377456209726
 07/10  06:00:00,0.893842281607,3.67599126866,0.0,2.59812229106,0.0,0.0723207824086,0.0723207824086,0.0723207824086,0.151162506908,0.0344457798429,0.176399680379,0.436113532068
 07/10  07:00:00,1.12599964662,2.42050340978,0.0,1.21088517533,0.0,0.0337049593722,0.0337049593722,0.0337049593722,0.248338385058,0.0565894910929,0.263063508738,0.463403302356
 07/10  08:00:00,0.983608555455,1.25096100464,0.0,0.0806264350621,0.0,0.00224403224523,0.00224403224523,0.00224403224523,0.188953198156,0.0430572095321,0.334173390357,0.391780725164
 07/10  09:00:00,1.09100545592,1.06165920097,0.0,0.0,0.161322103471,0.0413426371816,0.202664740652,0.0413426371816,0.102574567583,0.023373915055,0.405555154289,0.333437078342
 07/10  10:00:00,1.33480417736,0.93866038152,0.0,0.0,0.353241319145,0.0873760212872,0.440617340433,0.0873760212872,0.0863785921098,0.0196832975314,0.423445980927,0.341278966356
 07/10  11:00:00,1.66206476084,0.828857513111,0.0,0.0,0.606920556421,0.144166239316,0.751086795737,0.144166239316,0.0863785921098,0.0196832975314,0.440132550593,0.341383524863
 07/10  12:00:00,1.85666587737,0.742885038122,0.0,0.0,0.77653236261,0.186262569866,0.962794932476,0.186262569866,0.0863785921098,0.0196832975314,0.428776248271,0.335632806986
 07/10  13:00:00,2.09255470696,0.693455786718,0.0,0.0,0.988470782862,0.234874358713,1.22334514158,0.234874358713,0.0863785921098,0.0196832975314,0.392508874502,0.347238801247
 07/10  14:00:00,2.40713122127,0.644484434935,0.0,0.0,1.25325591124,0.294329441766,1.547585353,0.294329441766,0.0863785921098,0.0196832975314,0.363292736595,0.366791242027
 07/10  15:00:00,2.66500440363,0.652942647805,0.0,0.0,1.43554369627,0.341188502733,1.776732199,0.341188502733,0.0863785921098,0.0196832975314,0.371630164121,0.387180150863
 07/10  16:00:00,3.00530168866,0.719499797159,0.0,0.0,1.60748243971,0.382132137491,1.9896145772,0.382132137491,0.0917772418317,0.0209135043907,0.421630105235,0.45796626
 07/10  17:00:00,3.47689460813,0.85827541442,0.0,0.0,1.82285993718,0.428349731804,2.25120966898,0.428349731804,0.107973243613,0.0246041219143,0.513351758673,0.556355814945
 07/10  18:00:00,3.59301304775,0.983518512519,0.0,0.0,1.82757920249,0.425229581405,2.25280878389,0.425229581405,0.172757131604,0.0393666011715,0.470646037016,0.604034494068
 07/10  19:00:00,3.470346953,1.0046725361,0.0,0.0,1.63550302991,0.392837633152,2.02834066306,0.392837633152,0.329318328195,0.0750425634392,0.39076302196,0.623482376342
 07/10  20:00:00,3.33416405353,0.932563254619,0.0,0.0,1.26565849109,0.319613476243,1.58527196733,0.319613476243,0.593852779805,0.135322662893,0.351399773249,0.644916870247
 07/10  21:00:00,3.35397011182,0.842455868042,0.0,0.0,1.04466317176,0.268464320463,1.31312749222,0.268464320463,0.858387231415,0.195602762346,0.333592180578,0.62986044526
 07/10  22:00:00,2.70219452826,0.696883414177,0.0,0.0,0.77700249203,0.201482921922,0.978485413952,0.201482921922,0.718022103873,0.163617408439,0.273606105789,0.545063496205
 07/10  23:00:00,1.98570693777,0.541462919274,0.0,0.0,0.545336996231,0.142369926293,0.687706922524,0.142369926293,0.496676901655,0.113178951643,0.191094125924,0.473650036027
 07/10  24:00:00,1.22845426514,0.375700229281,0.0,0.0,0.286097846146,0.0758141965394,0.361912042686,0.0758141965394,0.259135764424,0.0590498864857,0.133175846376,0.391780725164
 07/11  01:00:00,0.857504276749,0.300419068931,0.0,0.0,0.130440268288,0.0347597441398,0.165200012428,0.0347597441398,0.156561196591,0.0356759622678,0.115940256832,0.36072684863
 07/11  02:00:00,0.645382170356,0.280474841874,0.0,0.0,0.0298212829714,0.00794622986352,0.0377675128349,0.00794622986352,0.102574567583,0.023373915055,0.101721666527,0.356544508356
 07/11  03:00:00,0.59658805731,0.403072129742,0.0,0.117286457796,0.0,0.00326596940253,0.00326596940253,0.00326596940253,0.102574567583,0.023373915055,0.0924479052419,0.351525700027
 07/11  04:00:00,0.596155371122,0.538228972511,0.0,0.195551288547,0.0,0.0054453200716,0.0054453200716,0.0054453200716,0.102574567583,0.023373915055,0.103114798755,0.338246769658
 07/11  05:00:00,0.656347050305,0.813415110005,0.0,0.214070059845,0.0,0.00596085996363,0.00596085996363,0.00596085996363,0.107973243613,0.0246041219143,0.116952615088,0.377456209726
 07/11  06:00:00,0.822299223068,1.10503212676,0.0,0.0279310166776,0.0,0.000777723869669,0.000777723869669,0.000777723869669,0.151162506908,0.0344457798429,0.176399680379,0.436113532068
 07/11  07:00:00,1.16460364637,1.20815885297,0.0,0.0,0.0574293649224,0.0148795941999,0.0723089591223,0.0148795941999,0.248338385058,0.0565894910929,0.263063508738,0.463403302356
 07/11  08:00:00,1.07167567677,1.16825957418,0.0,0.0,0.0718647694855,0.0184463840761,0.0903111535616,0.0184463840761,0.188953198156,0.0430572095321,0.334173390357,0.391780725164
 07/11  09:00:00,1.10673001993,1.0595697958,0.0,0.0,0.174405291117,0.0439840135413,0.218389304659,0.0439840135413,0.102574567583,0.023373915055,0.405555154289,0.333437078342
 07/11  10:00:00,1.35551054038,0.936931705206,0.0,0.0,0.369812683655,0.0915110197991,0.461323703454,0.0915110197991,0.0863785921098,0.0196832975314,0.423445980927,0.341278966356
 07/11  11:00:00,1.61219635825,0.827316715707,0.0,0.0,0.564358644042,0.136859749115,0.701218393157,0.136859749115,0.0863785921098,0.0196832975314,0.440132550593,0.341383524863
 07/11  12:00:00,1.8772684412,0.741561323479,0.0,0.0,0.793243079168,0.190154417136,0.983397496304,0.190154417136,0.0863785921098,0.0196832975314,0.428776248271,0.335632806986
 07/11  13:00:00,2.28261372772,0.692432246791,0.0,0.0,1.14700575294,0.266398409384,1.41340416233,0.266398409384,0.0863785921098,0.0196832975314,0.392508874502,0.347238801247
 07/11  14:00:00,2.46139855082,0.643519872573,0.0,0.0,1.29994485589,0.30190782667,1.60185268256,0.30190782667,0.0863785921098,0.0196832975314,0.363292736595,0.366791242027
 07/11  15:00:00,2.60622097155,0.651746321309,0.0,0.0,1.39152292553,0.326425841399,1.71794876693,0.326425841399,0.0863785921098,0.0196832975314,0.371630164121,0.387180150863
 07/11  16:00:00,2.78722711601,0.717983275833,0.0,0.0,1.4259697448,0.345570259754,1.77154000455,0.345570259754,0.0917772418317,0.0209135043907,0.421630105235,0.45796626
 07/11  17:00:00,3.18773831514,0.856247227938,0.0,0.0,1.58274341476,0.37930996123,1.96205337599,0.37930996123,0.107973243613,0.0246041219143,0.513351758673,0.556355814945
 07/11  18:00:00,3.58702171879,0.981389990559,0.0,0.0,1.83109759211,0.415719862814,2.24681745493,0.415719862814,0.172757131604,0.0393666011715,0.470646037016,0.604034494068
 07/11  19:00:00,3.5887869341,1.0027374789,0.0,0.0,1.74214008942,0.404640554745,2.14678064416,0.404640554745,0.329318328195,0.0750425634392,0.39076302196,0.623482376342
 07/11  20:00:00,3.26759415932,0.930701651781,0.0,0.0,1.21522441621,0.303477656918,1.51870207312,0.303477656918,0.593852779805,0.135322662893,0.351399773249,0.644916870247
 07/11  21:00:00,3.21814348088,0.84071423064,0.0,0.0,0.935612327477,0.241688533805,1.17730086128,0.241688533805,0.858387231415,0.195602762346,0.333592180578,0.62986044526
 07/11  22:00:00,2.57124816485,0.69550566981,0.0,0.0,0.671502952344,0.176036098196,0.84753905054,0.176036098196,0.718022103873,0.163617408439,0.273606105789,0.545063496205
 07/11  23:00:00,1.73900928802,0.540273197746,0.0,0.0,0.34803469853,0.0929745742364,0.441009272767,0.0929745742364,0.496676901655,0.113178951643,0.191094125924,0.473650036027
 07/11  24:00:00,1.01003539044,0.374935703667,0.0,0.0,0.113233984593,0.0302591833987,0.143493167991,0.0302591833987,0.259135764424,0.0590498864857,0.133175846376,0.391780725164
 07/12  01:00:00,0.698925089459,0.537711967128,0.0,0.237905381838,0.0,0.00662082513757,0.00662082513757,0.00662082513757,0.156561196591,0.0356759622678,0.115940256832,0.36072684863
 07/12  02:00:00,0.630063054104,1.08635570798,0.0,0.806577920811,0.0,0.0224483965826,0.0224483965826,0.0224483965826,0.102574567583,0.023373915055,0.101721666527,0.356544508356
 07/12  03:00:00,0.632912993262,1.70717618758,0.0,1.42232791206,0.0,0.0395909053544,0.0395909053544,0.0395909053544,0.102574567583,0.023373915055,0.0924479052419,0.351525700027
 07/12  04:00:00,0.641826204537,2.17754681829,0.0,1.83611429501,0.0,0.0511161534862,0.0511161534862,0.0511161534862,0.102574567583,0.023373915055,0.103114798755,0.338246769658
 07/12  05:00:00,0.715796327455,2.94644944434,0.0,2.34920670149,0.0,0.0654101371142,0.0654101371142,0.0654101371142,0.107973243613,0.0246041219143,0.116952615088,0.377456209726
 07/12  06:00:00,0.879360539138,3.15083158561,0.0,2.07704293899,0.0,0.0578390399393,0.0578390399393,0.0578390399393,0.151162506908,0.0344457798429,0.176399680379,0.436113532068
 07/12  07:00:00,1.12415227223,2.34891502146,0.0,1.14401039414,0.0,0.0318575849839,0.0318575849839,0.0318575849839,0.248338385058,0.0565894910929,0.263063508738,0.463403302356
 07/12  08:00:00,0.993208277757,1.5908481376,0.0,0.425329558772,0.0,0.0118437545468,0.0118437545468,0.0118437545468,0.188953198156,0.0430572095321,0.334173390357,0.391780725164
 07/12  09:00:00,0.926266897194,1.05725431745,0.0,0.0,0.0299888786472,0.00793730327656,0.0379261819238,0.00793730327656,0.102574567583,0.023373915055,0.405555154289,0.333437078342
 07/12  10:00:00,1.03720049625,0.934699350441,0.0,0.0,0.113429756571,0.0295839027513,0.143013659322,0.0295839027513,0.0863785921098,0.0196832975314,0.423445980927,0.341278966356
 07/12  11:00:00,1.3489464071,0.825347363086,0.0,0.0,0.349005963026,0.0889624789772,0.437968442003,0.0889624789772,0.0863785921098,0.0196832975314,0.440132550593,0.341383524863
 07/12  12:00:00,1.55807103398,0.739775916293,0.0,0.0,0.530269138109,0.133930950972,0.664200089081,0.133930950972,0.0863785921098,0.0196832975314,0.428776248271,0.335632806986
 07/12  13:00:00,1.71098674966,0.69044529567,0.0,0.0,0.672009706469,0.169767477797,0.841777184267,0.169767477797,0.0863785921098,0.0196832975314,0.392508874502,0.347238801247
 07/12  14:00:00,1.86321854911,0.641576684186,0.0,0.0,0.799678402251,0.203994278596,1.00367268085,0.203994278596,0.0863785921098,0.0196832975314,0.363292736595,0.366791242027
 07/12  15:00:00,2.06258104956,0.650003610124,0.0,0.0,0.935560008682,0.238748836253,1.17430884494,0.238748836253,0.0863785921098,0.0196832975314,0.371630164121,0.387180150863
 07/12  16:00:00,2.28303154247,0.716036727341,0.0,0.0,1.00805755889,0.259286872128,1.26734443101,0.259286872128,0.0917772418317,0.0209135043907,0.421630105235,0.45796626
 07/12  17:00:00,2.43957189051,0.853826971755,0.0,0.0,0.963730933579,0.250156017782,1.21388695136,0.250156017782,0.107973243613,0.0246041219143,0.513351758673,0.556355814945
 07/12  18:00:00,2.55382875668,0.978408634506,0.0,0.0,0.96347952632,0.250144966504,1.21362449282,0.250144966504,0.172757131604,0.0393666011715,0.470646037016,0.604034494068
 07/12  19:00:00,2.56731694778,0.999442933648,0.0,0.0,0.893321559767,0.231989098073,1.12531065784,0.231989098073,0.329318328195,0.0750425634392,0.39076302196,0.623482376342
 07/12  20:00:00,2.60229665685,0.927974557935,0.0,0.0,0.67428582624,0.179118744415,0.853404570656,0.179118744415,0.593852779805,0.135322662893,0.351399773249,0.644916870247
 07/12  21:00:00,2.59737342275,0.83831123474,0.0,0.0,0.438601260749,0.117929542404,0.556530803153,0.117929542404,0.858387231415,0.195602762346,0.333592180578,0.62986044526
 07/12  22:00:00,2.02988224681,0.693463264146,0.0,0.0,0.241294845004,0.0648782874971,0.306173132502,0.0648782874971,0.718022103873,0.163617408439,0.273606105789,0.545063496205
 07/12  23:00:00,1.38194381732,0.538839250742,0.0,0.0,0.0661564374557,0.0177873646156,0.0839438020713,0.0177873646156,0.496676901655,0.113178951643,0.191094125924,0.473650036027
 07/12  24:00:00,0.880080169327,0.859618315311,0.0,0.485662245785,0.0,0.0135379468773,0.0135379468773,0.0135379468773,0.259135764424,0.0590498864857,0.133175846376,0.391780725164
 07/13  01:00:00,0.734197698969,1.80164628879,0.0,1.50285608667,0.0,0.0418934346483,0.0418934346483,0.0418934346483,0.156561196591,0.0356759622678,0.115940256832,0.36072684863
 07/13  02:00:00,0.647185033169,1.69856418065,0.0,1.4194926746,0.0,0.0395703756477,0.0395703756477,0.0395703756477,0.102574567583,0.023373915055,0.101721666527,0.356544508356
 07/13  03:00:00,0.652925213671,2.42240558253,0.0,2.13815527083,0.0,0.0596031257639,0.0596031257639,0.0596031257639,0.102574567583,0.023373915055,0.0924479052419,0.351525700027
 07/13  04:00:00,0.66982134495,3.17836255495,0.0,2.83780020026,0.0,0.0791112938992,0.0791112938992,0.0791112938992,0.102574567583,0.023373915055,0.103114798755,0.338246769658
 07/13  05:00:00,0.735499639132,3.64886861199,0.0,3.05290754354,0.0,0.0851134487905,0.0851134487905,0.0851134487905,0.107973243613,0.0246041219143,0.116952615088,0.377456209726
 07/13  06:00:00,0.912139987275,4.32156526057,0.0,3.25015471993,0.0,0.0906184880763,0.0906184880763,0.0906184880763,0.151162506908,0.0344457798429,0.176399680379,0.436113532068
 07/13  07:00:00,1.14492467413,3.08979210862,0.0,1.88765179345,0.0,0.0526299868798,0.0526299868798,0.0526299868798,0.248338385058,0.0565894910929,0.263063508738,0.463403302356
 07/13  08:00:00,1.00034897011,1.84404707891,0.0,0.681016546082,0.0,0.0189844469001,0.0189844469001,0.0189844469001,0.188953198156,0.0430572095321,0.334173390357,0.391780725164
 07/13  09:00:00,0.919452121067,1.05514088392,0.0,0.0,0.0246210587736,0.00649034702369,0.0311114057973,0.00649034702369,0.102574567583,0.023373915055,0.405555154289,0.333437078342
 07/13  10:00:00,1.04126730677,0.932905561042,0.0,0.0,0.11676177466,0.0303186951898,0.14708046985,0.0303186951898,0.0863785921098,0.0196832975314,0.423445980927,0.341278966356
 07/13  11:00:00,1.28731101614,0.823752559611,0.0,0.0,0.299770041312,0.0765630097295,0.376333051042,0.0765630097295,0.0863785921098,0.0196832975314,0.440132550593,0.341383524863
 07/13  12:00:00,1.54047827521,0.73840539799,0.0,0.0,0.517999958239,0.128607372073,0.646607330312,0.128607372073,0.0863785921098,0.0196832975314,0.428776248271,0.335632806986
 07/13  13:00:00,1.77801814928,0.689402145461,0.0,0.0,0.730907988591,0.177900595298,0.908808583889,0.177900595298,0.0863785921098,0.0196832975314,0.392508874502,0.347238801247
 07/13  14:00:00,2.01982825157,0.640712764742,0.0,0.0,0.933134935187,0.227147448115,1.1602823833,0.227147448115,0.0863785921098,0.0196832975314,0.363292736595,0.366791242027
 07/13  15:00:00,2.33318097533,0.649405564127,0.0,0.0,1.16458317329,0.280325597417,1.4449087707,0.280325597417,0.0863785921098,0.0196832975314,0.371630164121,0.387180150863
 07/13  16:00:00,2.73816726726,0.715630112292,0.0,0.0,1.38818285634,0.334297299461,1.7224801558,0.334297299461,0.0917772418317,0.0209135043907,0.421630105235,0.45796626
 07/13  17:00:00,3.17985751727,0.853410189859,0.0,0.0,1.57778932106,0.37638325706,1.95417257812,0.37638325706,0.107973243613,0.0246041219143,0.513351758673,0.556355814945
 07/13  18:00:00,3.25131225436,0.97792033263,0.0,0.0,1.54003261484,0.371075375662,1.9111079905,0.371075375662,0.172757131604,0.0393666011715,0.470646037016,0.604034494068
 07/13  19:00:00,3.11386488432,0.998813503838,0.0,0.0,1.33881975763,0.333038836754,1.67185859438,0.333038836754,0.329318328195,0.0750425634392,0.39076302196,0.623482376342
 07/13  20:00:00,3.08335748822,0.927211875639,0.0,0.0,1.06073667653,0.273728725494,1.33446540202,0.273728725494,0.593852779805,0.135322662893,0.351399773249,0.644916870247
 07/13  21:00:00,3.15137565793,0.837783935828,0.0,0.0,0.881101103816,0.229431934514,1.11053303833,0.229431934514,0.858387231415,0.195602762346,0.333592180578,0.62986044526
 07/13  22:00:00,2.47961726514,0.69316196992,0.0,0.0,0.596895600567,0.159012550263,0.75590815083,0.159012550263,0.718022103873,0.163617408439,0.273606105789,0.545063496205
 07/13  23:00:00,1.79022944829,0.538724660972,0.0,0.0,0.388679930465,0.103549502578,0.492229433043,0.103549502578,0.496676901655,0.113178951643,0.191094125924,0.473650036027
 07/13  24:00:00,0.970619777109,0.374004453132,0.0,0.0,0.0819775924352,0.0220999622233,0.104077554659,0.0220999622233,0.259135764424,0.0590498864857,0.133175846376,0.391780725164
 07/14  01:00:00,0.697989475863,0.503077016501,0.0,0.203863807473,0.0,0.00568521154152,0.00568521154152,0.00568521154152,0.156561196591,0.0356759622678,0.115940256832,0.36072684863
 07/14  02:00:00,0.622029950152,0.796351800783,0.0,0.516930943982,0.0,0.0144152926312,0.0144152926312,0.0144152926312,0.102574567583,0.023373915055,0.101721666527,0.356544508356
 07/14  03:00:00,0.620800074583,1.27002576549,0.0,0.985440921754,0.0,0.0274779866758,0.0274779866758,0.0274779866758,0.102574567583,0.023373915055,0.0924479052419,0.351525700027
 07/14  04:00:00,0.625419994678,1.58586788516,0.0,1.24484882407,0.0,0.0347099436269,0.0347099436269,0.0347099436269,0.102574567583,0.023373915055,0.103114798755,0.338246769658
 07/14  05:00:00,0.694537696301,2.17937587361,0.0,1.58348471017,0.0,0.0441515059601,0.0441515059601,0.0441515059601,0.107973243613,0.0246041219143,0.116952615088,0.377456209726
 07/14  06:00:00,0.860615008464,2.47239941349,0.0,1.40207226504,0.0,0.0390935092655,0.0390935092655,0.0390935092655,0.151162506908,0.0344457798429,0.176399680379,0.436113532068
 07/14  07:00:00,1.11472895895,2.00529064635,0.0,0.804633865899,0.0,0.0224342717001,0.0224342717001,0.0224342717001,0.248338385058,0.0565894910929,0.263063508738,0.463403302356
 07/14  08:00:00,1.00800688069,1.16140238827,0.0,0.0,0.0211154228595,0.00552693461616,0.0266423574757,0.00552693461616,0.188953198156,0.0430572095321,0.334173390357,0.391780725164
 07/14  09:00:00,1.18297953028,1.05363306082,0.0,0.0,0.235522395867,0.0591164191473,0.294638815014,0.0591164191473,0.102574567583,0.023373915055,0.405555154289,0.333437078342
 07/14  10:00:00,1.36739201021,0.931694386272,0.0,0.0,0.379060483573,0.0941446897143,0.473205173287,0.0941446897143,0.0863785921098,0.0196832975314,0.423445980927,0.341278966356
 07/14  11:00:00,1.68242776592,0.822905657376,0.0,0.0,0.622960032945,0.148489767879,0.771449800824,0.148489767879,0.0863785921098,0.0196832975314,0.440132550593,0.341383524863
 07/14  12:00:00,1.86832036317,0.737736254029,0.0,0.0,0.786872100072,0.187577318201,0.974449418273,0.187577318201,0.0863785921098,0.0196832975314,0.428776248271,0.335632806986
 07/14  13:00:00,2.13578500777,0.688859900227,0.0,0.0,1.02707458639,0.239500855987,1.26657544238,0.239500855987,0.0863785921098,0.0196832975314,0.392508874502,0.347238801247
 07/14  14:00:00,2.46148877569,0.640570447022,0.0,0.0,1.30460927877,0.29733362866,1.60194290743,0.29733362866,0.0863785921098,0.0196832975314,0.363292736595,0.366791242027
 07/14  15:00:00,2.8451706437,0.648956746351,0.0,0.0,1.59744301174,0.359455427336,1.95689843908,0.359455427336,0.0863785921098,0.0196832975314,0.371630164121,0.387180150863
 07/14  16:00:00,3.08701352314,0.715090766582,0.0,0.0,1.68677781063,0.384548601052,2.07132641169,0.384548601052,0.0917772418317,0.0209135043907,0.421630105235,0.45796626
 07/14  17:00:00,3.46255510947,0.852503555318,0.0,0.0,1.81790521278,0.418964957546,2.23687017032,0.418964957546,0.107973243613,0.0246041219143,0.513351758673,0.556355814945
 07/14  18:00:00,3.56429579239,0.97673036114,0.0,0.0,1.80743339351,0.416658135016,2.22409152853,0.416658135016,0.172757131604,0.0393666011715,0.470646037016,0.604034494068
 07/14  19:00:00,3.3943240128,0.997618320265,0.0,0.0,1.57605195665,0.376265766219,1.95231772287,0.376265766219,0.329318328195,0.0750425634392,0.39076302196,0.623482376342
 07/14  20:00:00,3.34058565461,0.926279233775,0.0,0.0,1.27674488303,0.314948685383,1.59169356841,0.314948685383,0.593852779805,0.135322662893,0.351399773249,0.644916870247
 07/14  21:00:00,3.3807113023,0.836895074066,0.0,0.0,1.07052968117,0.269339001533,1.3398686827,0.269339001533,0.858387231415,0.195602762346,0.333592180578,0.62986044526
 07/14  22:00:00,2.78912624678,0.692631562235,0.0,0.0,0.849789131265,0.215628001204,1.06541713247,0.215628001204,0.718022103873,0.163617408439,0.273606105789,0.545063496205
 07/14  23:00:00,2.12099246053,0.538649582111,0.0,0.0,0.656437211931,0.166555233354,0.822992445285,0.166555233354,0.496676901655,0.113178951643,0.191094125924,0.473650036027
 07/14  24:00:00,1.38622005227,0.37436648459,0.0,0.0,0.412281095918,0.107396733901,0.519677829819,0.107396733901,0.259135764424,0.0590498864857,0.133175846376,0.391780725164
 07/15  01:00:00,1.06425881189,0.30701442045,0.0,0.0,0.291448207528,0.075901478639,0.367349686167,0.075901478639,0.156561196591,0.0356759622678,0.120545118231,0.36072684863
 07/15  02:00:00,0.857020247172,0.285358187752,0.0,0.0,0.195459694608,0.0508994502228,0.246359144831,0.0508994502228,0.102574567583,0.023373915055,0.104768111347,0.356544508356
 07/15  03:00:00,0.853864874219,0.291076490895,0.0,0.0,0.206572750327,0.0523770644611,0.258949814788,0.0523770644611,0.102574567583,0.023373915055,0.0940408767647,0.351525700027
 07/15  04:00:00,0.835909473851,0.353492411314,0.0,0.0,0.1934533901,0.0486296845046,0.242083074605,0.0486296845046,0.102574567583,0.023373915055,0.106231146951,0.338246769658
 07/15  05:00:00,0.909548682602,0.630295758108,0.0,0.0,0.203285775828,0.0510972417656,0.254383017594,0.0510972417656,0.107973243613,0.0246041219143,0.121732089755,0.377456209726
 07/15  06:00:00,1.2147549495,1.14792242391,0.0,0.0,0.305001102157,0.075835917289,0.380837019446,0.075835917289,0.151162506908,0.0344457798429,0.188796111233,0.436113532068
 07/15  07:00:00,1.45936062488,1.2943882982,0.0,0.0,0.273184930144,0.0691927520627,0.342377682206,0.0691927520627,0.248338385058,0.0565894910929,0.287751764166,0.463403302356
 07/15  08:00:00,1.44993350263,1.25853676808,0.0,0.0,0.345637396965,0.085088064968,0.430725461933,0.085088064968,0.188953198156,0.0430572095321,0.372016907847,0.391780725164
 07/15  09:00:00,1.51267097904,1.14271929685,0.0,0.0,0.460888344037,0.110905685118,0.571794029155,0.110905685118,0.102574567583,0.023373915055,0.458091388909,0.333437078342
 07/15  10:00:00,1.6869747941,1.00811056072,0.0,0.0,0.591153191868,0.142232498054,0.733385689922,0.142232498054,0.0863785921098,0.0196832975314,0.48284824818,0.341278966356
 07/15  11:00:00,1.54974203195,0.885937020447,0.0,0.0,0.460067191704,0.117459989262,0.577527180966,0.117459989262,0.0863785921098,0.0196832975314,0.501369436475,0.341383524863
 07/15  12:00:00,1.60021039766,0.791898997198,0.0,0.0,0.518228256704,0.13233227249,0.650560529194,0.13233227249,0.0863785921098,0.0196832975314,0.484555171843,0.335632806986
 07/15  13:00:00,2.07599516414,0.735924256469,0.0,0.0,0.935756871139,0.220176023191,1.15593289433,0.220176023191,0.0863785921098,0.0196832975314,0.443361578923,0.347238801247
 07/15  14:00:00,2.81975293016,0.683693448388,0.0,0.0,1.573942776,0.340617785187,1.91456056118,0.340617785187,0.0863785921098,0.0196832975314,0.408939237309,0.366791242027
 07/15  15:00:00,3.41330555625,0.692482551518,0.0,0.0,2.04450985938,0.43728802406,2.48179788344,0.43728802406,0.0863785921098,0.0196832975314,0.414865632307,0.387180150863
 07/15  16:00:00,3.2262198851,0.767832368769,0.0,0.0,1.76702303425,0.401605500418,2.16862853467,0.401605500418,0.0917772418317,0.0209135043907,0.463534344206,0.45796626
 07/15  17:00:00,2.93935433057,0.915391784365,0.0,0.0,1.34304697963,0.329378493357,1.67242547298,0.329378493357,0.107973243613,0.0246041219143,0.554595677112,0.556355814945
 07/15  18:00:00,3.00361642475,1.05819841062,0.0,0.0,1.30656428767,0.316819171897,1.62338345957,0.316819171897,0.172757131604,0.0393666011715,0.510674738334,0.604034494068
 07/15  19:00:00,3.03704463686,1.08943974482,0.0,0.0,1.25436393864,0.300722195198,1.55508613384,0.300722195198,0.329318328195,0.0750425634392,0.43071523504,0.623482376342
 07/15  20:00:00,3.17108253796,1.01390909741,0.0,0.0,1.11196276551,0.26956308769,1.3815258532,0.26956308769,0.593852779805,0.135322662893,0.392064371819,0.644916870247
 07/15  21:00:00,3.43834549081,0.910802726439,0.0,0.0,1.09378537142,0.262176166219,1.35596153764,0.262176166219,0.858387231415,0.195602762346,0.375133514152,0.62986044526
 07/15  22:00:00,2.92994404662,0.750721546496,0.0,0.0,0.944350222165,0.228875962998,1.17322618516,0.228875962998,0.718022103873,0.163617408439,0.306614852939,0.545063496205
 07/15  23:00:00,2.28590951461,0.574947671876,0.0,0.0,0.778976518539,0.19080899465,0.969785513189,0.19080899465,0.496676901655,0.113178951643,0.209218112099,0.473650036027
 07/15  24:00:00,1.67208238322,0.388052660368,0.0,0.0,0.640909433807,0.156961430067,0.797870863873,0.156961430067,0.259135764424,0.0590498864857,0.140845143271,0.391780725164
 07/16  01:00:00,1.38886335106,0.307246136245,0.0,0.0,0.555836711304,0.136117514038,0.691954225342,0.136117514038,0.156561196591,0.0356759622678,0.120545118231,0.36072684863
 07/16  02:00:00,1.19727885735,0.285733232162,0.0,0.0,0.470418668242,0.11619908677,0.586617755012,0.11619908677,0.102574567583,0.023373915055,0.104768111347,0.356544508356
 07/16  03:00:00,1.08153452402,0.291377657231,0.0,0.0,0.389451216159,0.0971682484356,0.486619464594,0.0971682484356,0.102574567583,0.023373915055,0.0940408767647,0.351525700027
 07/16  04:00:00,1.00944930719,0.35356595178,0.0,0.0,0.332106004262,0.0835169036801,0.415622907942,0.0835169036801,0.102574567583,0.023373915055,0.106231146951,0.338246769658
 07/16  05:00:00,1.03090676962,0.629631212829,0.0,0.0,0.299689234096,0.0760518705128,0.375741104609,0.0760518705128,0.107973243613,0.0246041219143,0.121732089755,0.377456209726
 07/16  06:00:00,1.2810920466,1.14612112377,0.0,0.0,0.356682112418,0.0904920041305,0.447174116549,0.0904920041305,0.151162506908,0.0344457798429,0.188796111233,0.436113532068
 07/16  07:00:00,1.65750097548,1.29215602312,0.0,0.0,0.432668005659,0.107850027152,0.540518032811,0.107850027152,0.248338385058,0.0565894910929,0.287751764166,0.463403302356
 07/16  08:00:00,1.61919316859,1.25647088035,0.0,0.0,0.482071725175,0.117913402715,0.59998512789,0.117913402715,0.188953198156,0.0430572095321,0.372016907847,0.391780725164
 07/16  09:00:00,1.90608017259,1.14115058554,0.0,0.0,0.780264384926,0.184938837779,0.965203222705,0.184938837779,0.102574567583,0.023373915055,0.458091388909,0.333437078342
 07/16  10:00:00,2.58178048362,1.00734445227,0.0,0.0,1.33032275991,0.297868619536,1.62819137944,0.297868619536,0.0863785921098,0.0196832975314,0.48284824818,0.341278966356
 07/16  11:00:00,2.68727913056,0.885820969499,0.0,0.0,1.39806086532,0.317003414258,1.71506427958,0.317003414258,0.0863785921098,0.0196832975314,0.501369436475,0.341383524863
 07/16  12:00:00,2.91515961428,0.792236515041,0.0,0.0,1.59914535525,0.366364390557,1.96550974581,0.366364390557,0.0863785921098,0.0196832975314,0.484555171843,0.335632806986
 07/16  13:00:00,2.80704233524,0.736099269132,0.0,0.0,1.53168817715,0.355291888278,1.88698006543,0.355291888278,0.0863785921098,0.0196832975314,0.443361578923,0.347238801247
 07/16  14:00:00,3.13990099778,0.683006549498,0.0,0.0,1.8215648685,0.413143760302,2.2347086288,0.413143760302,0.0863785921098,0.0196832975314,0.408939237309,0.366791242027
 07/16  15:00:00,3.22649787952,0.691201489114,0.0,0.0,1.87870815224,0.416282054469,2.2949902067,0.416282054469,0.0863785921098,0.0196832975314,0.414865632307,0.387180150863
 07/16  16:00:00,3.7805445785,0.766691637058,0.0,0.0,2.23949916299,0.483454065083,2.72295322807,0.483454065083,0.0917772418317,0.0209135043907,0.463534344206,0.45796626
 07/16  17:00:00,3.82997671955,0.914638402912,0.0,0.0,2.08030058329,0.482747278668,2.56304786196,0.482747278668,0.107973243613,0.0246041219143,0.554595677112,0.556355814945
 07/16  18:00:00,3.80194071579,1.05756861623,0.0,0.0,1.9617806962,0.459927054414,2.42170775062,0.459927054414,0.172757131604,0.0393666011715,0.510674738334,0.604034494068
 07/16  19:00:00,3.50619195867,1.0883311569,0.0,0.0,1.62606040944,0.398173046216,2.02423345565,0.398173046216,0.329318328195,0.0750425634392,0.43071523504,0.623482376342
 07/16  20:00:00,3.50934134371,1.01268218742,0.0,0.0,1.3790628389,0.340721820049,1.71978465895,0.340721820049,0.593852779805,0.135322662893,0.392064371819,0.644916870247
 07/16  21:00:00,3.55746365296,0.9092661933,0.0,0.0,1.18043042176,0.294649278029,1.47507969979,0.294649278029,0.858387231415,0.195602762346,0.375133514152,0.62986044526
 07/16  22:00:00,2.94069121453,0.749804272294,0.0,0.0,0.945913031972,0.2380603211,1.18397335307,0.2380603211,0.718022103873,0.163617408439,0.306614852939,0.545063496205
 07/16  23:00:00,2.24083898604,0.574220049746,0.0,0.0,0.738780794747,0.18593418987,0.924714984617,0.18593418987,0.496676901655,0.113178951643,0.209218112099,0.473650036027
 07/16  24:00:00,1.5943746877,0.387633362718,0.0,0.0,0.576297729367,0.143865438987,0.720163168354,0.143865438987,0.259135764424,0.0590498864857,0.140845143271,0.391780725164
 07/17  01:00:00,1.2695441799,0.299691017469,0.0,0.0,0.461929861967,0.115310053607,0.577239915574,0.115310053607,0.156561196591,0.0356759622678,0.115940256832,0.36072684863
 07/17  02:00:00,1.122737326,0.280091805469,0.0,0.0,0.413065884066,0.10205678441,0.515122668477,0.10205678441,0.102574567583,0.023373915055,0.101721666527,0.356544508356
 07/17  03:00:00,1.10915548412,0.285446531989,0.0,0.0,0.414377485214,0.101455911002,0.515833396216,0.101455911002,0.102574567583,0.023373915055,0.0924479052419,0.351525700027
 07/17  04:00:00,0.997496431535,0.34157493465,0.0,0.0,0.32557045244,0.081215928044,0.406786380484,0.081215928044,0.102574567583,0.023373915055,0.103114798755,0.338246769658
 07/17  05:00:00,1.04148165233,0.594960212939,0.0,0.0,0.312513694634,0.0785817673549,0.391095461989,0.0785817673549,0.107973243613,0.0246041219143,0.116952615088,0.377456209726
 07/17  06:00:00,1.28710096698,1.06660941951,0.0,0.0,0.372045680394,0.0935337873895,0.465579467784,0.0935337873895,0.151162506908,0.0344457798429,0.176399680379,0.436113532068
 07/17  07:00:00,1.71893112356,1.19587439669,0.0,0.0,0.501588810697,0.125047625613,0.62663643631,0.125047625613,0.248338385058,0.0565894910929,0.263063508738,0.463403302356
 07/17  08:00:00,1.84017666171,1.1564612215,0.0,0.0,0.688832009694,0.169980128809,0.858812138503,0.169980128809,0.188953198156,0.0430572095321,0.334173390357,0.391780725164
 07/17  09:00:00,1.95930588388,1.04927380396,0.0,0.0,0.862290492528,0.208674676079,1.07096516861,0.208674676079,0.102574567583,0.023373915055,0.405555154289,0.333437078342
 07/17  10:00:00,2.16354890988,0.9280999854,0.0,0.0,1.02424310601,0.245118966942,1.26936207296,0.245118966942,0.0863785921098,0.0196832975314,0.423445980927,0.341278966356
 07/17  11:00:00,2.31517980942,0.819838924557,0.0,0.0,1.13511991463,0.269081929701,1.40420184433,0.269081929701,0.0863785921098,0.0196832975314,0.440132550593,0.341383524863
 07/17  12:00:00,2.5171533926,0.735099449235,0.0,0.0,1.31762163936,0.305660808347,1.6232824477,0.305660808347,0.0863785921098,0.0196832975314,0.428776248271,0.335632806986
 07/17  13:00:00,2.77762314835,0.686438072272,0.0,0.0,1.55259814746,0.355815435502,1.90841358296,0.355815435502,0.0863785921098,0.0196832975314,0.392508874502,0.347238801247
 07/17  14:00:00,2.94314814116,0.638166614834,0.0,0.0,1.69511479015,0.388487482747,2.0836022729,0.388487482747,0.0863785921098,0.0196832975314,0.363292736595,0.366791242027
 07/17  15:00:00,2.64292599557,0.646263455503,0.0,0.0,1.41272360916,0.341930181787,1.75465379095,0.341930181787,0.0863785921098,0.0196832975314,0.371630164121,0.387180150863
 07/17  16:00:00,2.54427871622,0.711095591044,0.0,0.0,1.22155455322,0.307037051533,1.52859160476,0.307037051533,0.0917772418317,0.0209135043907,0.421630105235,0.45796626
 07/17  17:00:00,2.63005666304,0.847237594408,0.0,0.0,1.11503670506,0.289335018836,1.4043717239,0.289335018836,0.107973243613,0.0246041219143,0.513351758673,0.556355814945
 07/17  18:00:00,2.94957981144,0.970885576196,0.0,0.0,1.29076806825,0.318607479333,1.60937554758,0.318607479333,0.172757131604,0.0393666011715,0.470646037016,0.604034494068
 07/17  19:00:00,2.98357192624,0.991916801965,0.0,0.0,1.23637792266,0.305187713644,1.5415656363,0.305187713644,0.329318328195,0.0750425634392,0.39076302196,0.623482376342
 07/17  20:00:00,3.08873538613,0.921352993874,0.0,0.0,1.07069842635,0.269144873583,1.33984329994,0.269144873583,0.593852779805,0.135322662893,0.351399773249,0.644916870247
 07/17  21:00:00,3.22248437007,0.832665069264,0.0,0.0,0.942493936356,0.239147814113,1.18164175047,0.239147814113,0.858387231415,0.195602762346,0.333592180578,0.62986044526
 07/17  22:00:00,2.70051966457,0.689540380129,0.0,0.0,0.779118586551,0.197691963713,0.976810550264,0.197691963713,0.718022103873,0.163617408439,0.273606105789,0.545063496205
 07/17  23:00:00,1.98919844468,0.536408514278,0.0,0.0,0.549527966022,0.141670463409,0.691198429431,0.141670463409,0.496676901655,0.113178951643,0.191094125924,0.473650036027
 07/17  24:00:00,1.20228056522,0.373112554312,0.0,0.0,0.26546413417,0.0702742085961,0.335738342766,0.0702742085961,0.259135764424,0.0590498864857,0.133175846376,0.391780725164
 07/18  01:00:00,0.872675476555,0.298984050847,0.0,0.0,0.142619223863,0.03775198837,0.180371212233,0.03775198837,0.156561196591,0.0356759622678,0.115940256832,0.36072684863
 07/18  02:00:00,0.63227523601,0.279387973507,0.0,0.0,0.0194765158203,0.00518406266872,0.024660578489,0.00518406266872,0.102574567583,0.023373915055,0.101721666527,0.356544508356
 07/18  03:00:00,0.600846401651,0.55526227332,0.0,0.270711606618,0.0,0.00752431374377,0.00752431374377,0.00752431374377,0.102574567583,0.023373915055,0.0924479052419,0.351525700027
 07/18  04:00:00,0.604156191335,0.824321118414,0.0,0.483794315096,0.0,0.0134461402837,0.0134461402837,0.0134461402837,0.102574567583,0.023373915055,0.103114798755,0.338246769658
 07/18  05:00:00,0.670124230149,1.30359283096,0.0,0.710231728105,0.0,0.0197380398081,0.0197380398081,0.0197380398081,0.107973243613,0.0246041219143,0.116952615088,0.377456209726
 07/18  06:00:00,0.846313582351,1.95615724638,0.0,0.892122618974,0.0,0.0247920831521,0.0247920831521,0.0247920831521,0.151162506908,0.0344457798429,0.176399680379,0.436113532068
 07/18  07:00:00,1.12212802771,1.19321348773,0.0,0.0,0.0236540345273,0.00617930593935,0.0298333404667,0.00617930593935,0.248338385058,0.0565894910929,0.263063508738,0.463403302356
 07/18  08:00:00,1.17996880267,1.15393150012,0.0,0.0,0.15793278445,0.0406714950087,0.198604279459,0.0406714950087,0.188953198156,0.0430572095321,0.334173390357,0.391780725164
 07/18  09:00:00,1.3623363155,1.04685527752,0.0,0.0,0.378852048733,0.0951435514988,0.473995600232,0.0951435514988,0.102574567583,0.023373915055,0.405555154289,0.333437078342
 07/18  10:00:00,1.6171472713,0.925952236756,0.0,0.0,0.578778669313,0.144181765067,0.72296043438,0.144181765067,0.0863785921098,0.0196832975314,0.423445980927,0.341278966356
 07/18  11:00:00,1.9435124717,0.81807680802,0.0,0.0,0.831425766032,0.201108740571,1.0325345066,0.201108740571,0.0863785921098,0.0196832975314,0.440132550593,0.341383524863
 07/18  12:00:00,2.12893744712,0.733563838017,0.0,0.0,0.994491731811,0.240574770412,1.23506650222,0.240574770412,0.0863785921098,0.0196832975314,0.428776248271,0.335632806986
 07/18  13:00:00,2.40559605608,0.685086592384,0.0,0.0,1.24201543366,0.294371057029,1.53638649069,0.294371057029,0.0863785921098,0.0196832975314,0.392508874502,0.347238801247
 07/18  14:00:00,2.73658408937,0.637186329708,0.0,0.0,1.52359784633,0.353440374779,1.87703822111,0.353440374779,0.0863785921098,0.0196832975314,0.363292736595,0.366791242027
 07/18  15:00:00,3.03306651233,0.645455355109,0.0,0.0,1.74090351415,0.403890793554,2.1447943077,0.403890793554,0.0863785921098,0.0196832975314,0.371630164121,0.387180150863
 07/18  16:00:00,3.73044629211,0.711275017053,0.0,0.0,2.22226214542,0.492497035234,2.71475918065,0.492497035234,0.0917772418317,0.0209135043907,0.421630105235,0.45796626
 07/18  17:00:00,4.0202341197,0.847734010381,0.0,0.0,2.27769019063,0.516858989921,2.79454918056,0.516858989921,0.107973243613,0.0246041219143,0.513351758673,0.556355814945
 07/18  18:00:00,3.83076311272,0.970860405384,0.0,0.0,2.01741340289,0.473145445969,2.49055884886,0.473145445969,0.172757131604,0.0393666011715,0.470646037016,0.604034494068
 07/18  19:00:00,3.6699023676,0.991634861506,0.0,0.0,1.79715784258,0.430738235083,2.22789607767,0.430738235083,0.329318328195,0.0750425634392,0.39076302196,0.623482376342
 07/18  20:00:00,3.568497935,0.920884697717,0.0,0.0,1.45886495107,0.360740897732,1.8196058488,0.360740897732,0.593852779805,0.135322662893,0.351399773249,0.644916870247
 07/18  21:00:00,3.59588712563,0.832145570998,0.0,0.0,1.24415032422,0.310894181807,1.55504450603,0.310894181807,0.858387231415,0.195602762346,0.333592180578,0.62986044526
 07/18  22:00:00,2.95620057855,0.688992299947,0.0,0.0,0.984433435209,0.248058029032,1.23249146424,0.248058029032,0.718022103873,0.163617408439,0.273606105789,0.545063496205
 07/18  23:00:00,2.22190336117,0.5361849005,0.0,0.0,0.736530259672,0.187373086246,0.923903345918,0.187373086246,0.496676901655,0.113178951643,0.191094125924,0.473650036027
 07/18  24:00:00,1.53017309505,0.373273449206,0.0,0.0,0.528233073953,0.135397798644,0.663630872597,0.135397798644,0.259135764424,0.0590498864857,0.133175846376,0.391780725164
 07/19  01:00:00,1.14698068039,0.299252859074,0.0,0.0,0.361271698895,0.0934047171693,0.454676416064,0.0934047171693,0.156561196591,0.0356759622678,0.115940256832,0.36072684863
 07/19  02:00:00,0.951444895262,0.279663636801,0.0,0.0,0.273201440845,0.0706287968959,0.343830237741,0.0706287968959,0.102574567583,0.023373915055,0.101721666527,0.356544508356
 07/19  03:00:00,0.879867813575,0.284876615545,0.0,0.0,0.228090508773,0.058455216895,0.286545725668,0.058455216895,0.102574567583,0.023373915055,0.0924479052419,0.351525700027
 07/19  04:00:00,0.826054016685,0.340780007435,0.0,0.0,0.187338925357,0.0480050402773,0.235343965634,0.0480050402773,0.102574567583,0.023373915055,0.103114798755,0.338246769658
 07/19  05:00:00,0.903913862264,0.593261990223,0.0,0.0,0.2021286408,0.0513990311225,0.253527671923,0.0513990311225,0.107973243613,0.0246041219143,0.116952615088,0.377456209726
 07/19  06:00:00,1.10675714949,1.06316239547,0.0,0.0,0.227427340675,0.0578083096175,0.285235650293,0.0578083096175,0.151162506908,0.0344457798429,0.176399680379,0.436113532068
 07/19  07:00:00,1.44070076081,1.19178962018,0.0,0.0,0.277810749877,0.0705953236827,0.34840607356,0.0705953236827,0.248338385058,0.0565894910929,0.263063508738,0.463403302356
 07/19  08:00:00,1.2770297009,1.15224899483,0.0,0.0,0.235774159043,0.0598910186477,0.295665177691,0.0598910186477,0.188953198156,0.0430572095321,0.334173390357,0.391780725164
 07/19  09:00:00,1.2852014052,1.0450999008,0.0,0.0,0.318251340565,0.0786093493676,0.396860689933,0.0786093493676,0.102574567583,0.023373915055,0.405555154289,0.333437078342
 07/19  10:00:00,1.71994422879,0.924642131498,0.0,0.0,0.666219605587,0.159537786281,0.825757391868,0.159537786281,0.0863785921098,0.0196832975314,0.423445980927,0.341278966356
 07/19  11:00:00,1.99755604079,0.817034391111,0.0,0.0,0.880263362248,0.206314713449,1.0865780757,0.206314713449,0.0863785921098,0.0196832975314,0.440132550593,0.341383524863
 07/19  12:00:00,2.4681629948,0.732914805431,0.0,0.0,1.28619961361,0.28809243629,1.5742920499,0.28809243629,0.0863785921098,0.0196832975314,0.428776248271,0.335632806986
 07/19  13:00:00,2.88095298722,0.684798310008,0.0,0.0,1.65068202594,0.361061395886,2.01174342183,0.361061395886,0.0863785921098,0.0196832975314,0.392508874502,0.347238801247
 07/19  14:00:00,3.43616279075,0.636956491136,0.0,0.0,2.11915308079,0.457463841695,2.57661692249,0.457463841695,0.0863785921098,0.0196832975314,0.363292736595,0.366791242027
 07/19  15:00:00,3.68014882831,0.645677159579,0.0,0.0,2.30071033774,0.491166285952,2.79187662369,0.491166285952,0.0863785921098,0.0196832975314,0.371630164121,0.387180150863
 07/19  16:00:00,3.70897308301,0.710595148224,0.0,0.0,2.20990669418,0.483379277373,2.69328597155,0.483379277373,0.0917772418317,0.0209135043907,0.421630105235,0.45796626
 07/19  17:00:00,3.87406853256,0.846561826047,0.0,0.0,2.15868213634,0.489701457072,2.64838359341,0.489701457072,0.107973243613,0.0246041219143,0.513351758673,0.556355814945
 07/19  18:00:00,3.83675422677,0.969443770526,0.0,0.0,2.0348887586,0.461661204311,2.49654996291,0.461661204311,0.172757131604,0.0393666011715,0.470646037016,0.604034494068
 07/19  19:00:00,3.77514408238,0.990272070803,0.0,0.0,1.89802489958,0.435112892864,2.33313779244,0.435112892864,0.329318328195,0.0750425634392,0.39076302196,0.623482376342
 07/19  20:00:00,3.75601340788,0.919745367236,0.0,0.0,1.62906429019,0.378057031502,2.00712132169,0.378057031502,0.593852779805,0.135322662893,0.351399773249,0.644916870247
 07/19  21:00:00,3.85634375877,0.831298332898,0.0,0.0,1.47074988336,0.344751255812,1.81550113917,0.344751255812,0.858387231415,0.195602762346,0.333592180578,0.62986044526
 07/19  22:00:00,3.3390009941,0.688738136976,0.0,0.0,1.30856114592,0.306730733869,1.61529187979,0.306730733869,0.718022103873,0.163617408439,0.273606105789,0.545063496205
 07/19  23:00:00,2.67221816049,0.536259442423,0.0,0.0,1.1132715658,0.260946579445,1.37421814524,0.260946579445,0.496676901655,0.113178951643,0.191094125924,0.473650036027
 07/19  24:00:00,1.98572084462,0.373664462183,0.0,0.0,0.904641411969,0.214537210201,1.11917862217,0.214537210201,0.259135764424,0.0590498864857,0.133175846376,0.391780725164
 07/20  01:00:00,1.56713189432,0.299773536277,0.0,0.0,0.704319765735,0.170507864262,0.874827629997,0.170507864262,0.156561196591,0.0356759622678,0.115940256832,0.36072684863
 07/20  02:00:00,1.3718053478,0.280241454535,0.0,0.0,0.615253817227,0.148936873051,0.764190690278,0.148936873051,0.102574567583,0.023373915055,0.101721666527,0.356544508356
 07/20  03:00:00,1.30406876631,0.285452480534,0.0,0.0,0.573472076365,0.137274602036,0.710746678401,0.137274602036,0.102574567583,0.023373915055,0.0924479052419,0.351525700027
 07/20  04:00:00,1.22604116274,0.341223095075,0.0,0.0,0.511522364106,0.123808747588,0.635331111694,0.123808747588,0.102574567583,0.023373915055,0.103114798755,0.338246769658
 07/20  05:00:00,1.20066284753,0.593161555174,0.0,0.0,0.441364784321,0.108911872873,0.550276657194,0.108911872873,0.107973243613,0.0246041219143,0.116952615088,0.377456209726
 07/20  06:00:00,1.45490852435,1.06206169383,0.0,0.0,0.508038195014,0.125348830135,0.633387025149,0.125348830135,0.151162506908,0.0344457798429,0.176399680379,0.436113532068
 07/20  07:00:00,1.84487864813,1.19050423347,0.0,0.0,0.605963861853,0.146620099029,0.752583960882,0.146620099029,0.248338385058,0.0565894910929,0.263063508738,0.463403302356
 07/20  08:00:00,1.83726542339,1.1511041633,0.0,0.0,0.691911108268,0.163989791907,0.855900900176,0.163989791907,0.188953198156,0.0430572095321,0.334173390357,0.391780725164
 07/20  09:00:00,2.09291396732,1.04455211452,0.0,0.0,0.977801410709,0.226771841336,1.20457325205,0.226771841336,0.102574567583,0.023373915055,0.405555154289,0.333437078342
 07/20  10:00:00,2.67007294735,0.924490996158,0.0,0.0,1.4510159932,0.32487011722,1.77588611042,0.32487011722,0.0863785921098,0.0196832975314,0.423445980927,0.341278966356
 07/20  11:00:00,2.90737688881,0.817163702605,0.0,0.0,1.63436358379,0.362035339924,1.99639892372,0.362035339924,0.0863785921098,0.0196832975314,0.440132550593,0.341383524863
 07/20  12:00:00,3.04803100806,0.732816190224,0.0,0.0,1.76007563661,0.394084426551,2.15416006316,0.394084426551,0.0863785921098,0.0196832975314,0.428776248271,0.335632806986
 07/20  13:00:00,3.32555273552,0.684482968788,0.0,0.0,2.01562182897,0.440721341158,2.45634317013,0.440721341158,0.0863785921098,0.0196832975314,0.392508874502,0.347238801247
 07/20  14:00:00,3.46111684295,0.636505120562,0.0,0.0,2.13478744183,0.466783532863,2.60157097469,0.466783532863,0.0863785921098,0.0196832975314,0.363292736595,0.366791242027
 07/20  15:00:00,3.31962855355,0.644485450296,0.0,0.0,1.98655021997,0.444806128949,2.43135634892,0.444806128949,0.0863785921098,0.0196832975314,0.371630164121,0.387180150863
 07/20  16:00:00,3.71005122766,0.709526814018,0.0,0.0,2.2057213014,0.488642814803,2.6943641162,0.488642814803,0.0917772418317,0.0209135043907,0.421630105235,0.45796626
 07/20  17:00:00,3.89893223172,0.845391262942,0.0,0.0,2.18844227573,0.484805016843,2.67324729257,0.484805016843,0.107973243613,0.0246041219143,0.513351758673,0.556355814945
 07/20  18:00:00,3.80528435047,0.968057399061,0.0,0.0,2.01800123566,0.447078850953,2.46508008661,0.447078850953,0.172757131604,0.0393666011715,0.470646037016,0.604034494068
 07/20  19:00:00,3.7566201779,0.988872932002,0.0,0.0,1.89111930604,0.423494581926,2.31461388796,0.423494581926,0.329318328195,0.0750425634392,0.39076302196,0.623482376342
 07/20  20:00:00,3.66444630923,0.918309786105,0.0,0.0,1.55193621894,0.363618004094,1.91555422303,0.363618004094,0.593852779805,0.135322662893,0.351399773249,0.644916870247
 07/20  21:00:00,3.76675451495,0.830098463848,0.0,0.0,1.39262163885,0.333290256505,1.72591189535,0.333290256505,0.858387231415,0.195602762346,0.333592180578,0.62986044526
 07/20  22:00:00,3.20728742635,0.687649271399,0.0,0.0,1.19452523839,0.289053073659,1.48357831205,0.289053073659,0.718022103873,0.163617408439,0.273606105789,0.545063496205
 07/20  23:00:00,2.58961304569,0.535567914555,0.0,0.0,1.04220515986,0.249407870586,1.29161303044,0.249407870586,0.496676901655,0.113178951643,0.191094125924,0.473650036027
 07/20  24:00:00,2.02143674014,0.373222103998,0.0,0.0,0.935685932794,0.219208584895,1.15489451769,0.219208584895,0.259135764424,0.0590498864857,0.133175846376,0.391780725164
 07/21  01:00:00,1.97669286289,0.299921740292,0.0,0.0,1.04698642146,0.23740217711,1.28438859857,0.23740217711,0.156561196591,0.0356759622678,0.115940256832,0.36072684863
 07/21  02:00:00,1.98543475907,0.280704791476,0.0,0.0,1.12577733614,0.252042765409,1.37782010155,0.252042765409,0.102574567583,0.023373915055,0.101721666527,0.356544508356
 07/21  03:00:00,1.98909924771,0.286075737425,0.0,0.0,1.14046527639,0.255311883406,1.3957771598,0.255311883406,0.102574567583,0.023373915055,0.0924479052419,0.351525700027
 07/21  04:00:00,1.70411393029,0.34176766455,0.0,0.0,0.902148058278,0.211255820964,1.11340387924,0.211255820964,0.102574567583,0.023373915055,0.103114798755,0.338246769658
 07/21  05:00:00,1.60304791744,0.593089203476,0.0,0.0,0.768800759629,0.183860967472,0.952661727101,0.183860967472,0.107973243613,0.0246041219143,0.116952615088,0.377456209726
 07/21  06:00:00,1.906623501,1.06124510201,0.0,0.0,0.875689827401,0.209412174405,1.08510200181,0.209412174405,0.151162506908,0.0344457798429,0.176399680379,0.436113532068
 07/21  07:00:00,2.23779954918,1.18944278215,0.0,0.0,0.92612582295,0.219379038988,1.14550486194,0.219379038988,0.248338385058,0.0565894910929,0.263063508738,0.463403302356
 07/21  08:00:00,2.10265047697,1.14987000593,0.0,0.0,0.908568141421,0.212717812338,1.12128595376,0.212717812338,0.188953198156,0.0430572095321,0.334173390357,0.391780725164
 07/21  09:00:00,2.3373486411,1.04329953178,0.0,0.0,1.17632751383,0.272680411998,1.44900792583,0.272680411998,0.102574567583,0.023373915055,0.405555154289,0.333437078342
 07/21  10:00:00,2.81619637441,0.923419216706,0.0,0.0,1.56688371818,0.355125819304,1.92200953749,0.355125819304,0.0863785921098,0.0196832975314,0.423445980927,0.341278966356
 07/21  11:00:00,3.00954469037,0.816164307837,0.0,0.0,1.71812850548,0.380438219787,2.09856672527,0.380438219787,0.0863785921098,0.0196832975314,0.440132550593,0.341383524863
 07/21  12:00:00,3.24448672135,0.732086541793,0.0,0.0,1.92898039765,0.421635378798,2.35061577645,0.421635378798,0.0863785921098,0.0196832975314,0.428776248271,0.335632806986
 07/21  13:00:00,3.51520340705,0.683877246993,0.0,0.0,2.17644505134,0.469548790316,2.64599384166,0.469548790316,0.0863785921098,0.0196832975314,0.392508874502,0.347238801247
 07/21  14:00:00,3.83213143803,0.636119448607,0.0,0.0,2.45558290409,0.517002665682,2.97258556977,0.517002665682,0.0863785921098,0.0196832975314,0.363292736595,0.366791242027
 07/21  15:00:00,3.71168848157,0.644094774082,0.0,0.0,2.32229234823,0.501123928714,2.82341627695,0.501123928714,0.0863785921098,0.0196832975314,0.371630164121,0.387180150863
 07/21  16:00:00,3.75189546374,0.708818852302,0.0,0.0,2.23997983331,0.496228518976,2.73620835228,0.496228518976,0.0917772418317,0.0209135043907,0.421630105235,0.45796626
 07/21  17:00:00,4.16262333603,0.844556685779,0.0,0.0,2.39955303331,0.537385363583,2.93693839689,0.537385363583,0.107973243613,0.0246041219143,0.513351758673,0.556355814945
 07/21  18:00:00,4.03134001596,0.967076444674,0.0,0.0,2.19866216491,0.492473587187,2.6911357521,0.492473587187,0.172757131604,0.0393666011715,0.470646037016,0.604034494068
 07/21  19:00:00,3.71783940044,0.987659628747,0.0,0.0,1.84719701322,0.428636097289,2.27583311051,0.428636097289,0.329318328195,0.0750425634392,0.39076302196,0.623482376342
 07/21  20:00:00,3.41482018949,0.916994289128,0.0,0.0,1.33340653057,0.332521572725,1.6659281033,0.332521572725,0.593852779805,0.135322662893,0.351399773249,0.644916870247
 07/21  21:00:00,3.47863761083,0.829120942756,0.0,0.0,1.14894381293,0.288851178301,1.43779499123,0.288851178301,0.858387231415,0.195602762346,0.333592180578,0.62986044526
 07/21  22:00:00,2.89158022734,0.686524733933,0.0,0.0,0.931523092116,0.236348020917,1.16787111303,0.236348020917,0.718022103873,0.163617408439,0.273606105789,0.545063496205
 07/21  23:00:00,2.25137666765,0.534697033761,0.0,0.0,0.761871582809,0.191505069594,0.953376652402,0.191505069594,0.496676901655,0.113178951643,0.191094125924,0.473650036027
 07/21  24:00:00,1.59933163811,0.372690844196,0.0,0.0,0.585594424526,0.147194991135,0.732789415661,0.147194991135,0.259135764424,0.0590498864857,0.133175846376,0.391780725164
 07/22  01:00:00,1.26836941794,0.306257279879,0.0,0.0,0.45583062735,0.115629664874,0.571460292224,0.115629664874,0.156561196591,0.0356759622678,0.120545118231,0.36072684863
 07/22  02:00:00,1.10850675159,0.284941300564,0.0,0.0,0.397867476611,0.0999781726377,0.497845649249,0.0999781726377,0.102574567583,0.023373915055,0.104768111347,0.356544508356
 07/22  03:00:00,0.981992601317,0.290565643722,0.0,0.0,0.308775694589,0.0783018472974,0.387077541887,0.0783018472974,0.102574567583,0.023373915055,0.0940408767647,0.351525700027
 07/22  04:00:00,0.901829179379,0.352015520429,0.0,0.0,0.245337497163,0.0626652829695,0.308002780132,0.0626652829695,0.102574567583,0.023373915055,0.106231146951,0.338246769658
 07/22  05:00:00,0.936678388648,0.625059664971,0.0,0.0,0.223859660515,0.0576530631258,0.28151272364,0.0576530631258,0.107973243613,0.0246041219143,0.121732089755,0.377456209726
 07/22  06:00:00,1.17557639997,1.13585094942,0.0,0.0,0.271696357778,0.0699621121358,0.341658469914,0.0699621121358,0.151162506908,0.0344457798429,0.188796111233,0.436113532068
 07/22  07:00:00,1.39415990605,1.28012288095,0.0,0.0,0.220423706091,0.0567532572863,0.277176963378,0.0567532572863,0.248338385058,0.0565894910929,0.287751764166,0.463403302356
 07/22  08:00:00,1.32245364953,1.24439793044,0.0,0.0,0.24116571387,0.0620798949609,0.303245608831,0.0620798949609,0.188953198156,0.0430572095321,0.372016907847,0.391780725164
 07/22  09:00:00,1.20510193567,1.12979390115,0.0,0.0,0.209855466606,0.0543695191784,0.264224985784,0.0543695191784,0.102574567583,0.023373915055,0.458091388909,0.333437078342
 07/22  10:00:00,1.20685912659,0.996745082867,0.0,0.0,0.201427885274,0.0518421371416,0.253270022416,0.0518421371416,0.0863785921098,0.0196832975314,0.48284824818,0.341278966356
 07/22  11:00:00,1.34075946777,0.87630415263,0.0,0.0,0.293609706527,0.0749349102686,0.368544616795,0.0749349102686,0.0863785921098,0.0196832975314,0.501369436475,0.341383524863
 07/22  12:00:00,1.38009718987,0.783776412603,0.0,0.0,0.342347018604,0.0881003027999,0.430447321404,0.0881003027999,0.0863785921098,0.0196832975314,0.484555171843,0.335632806986
 07/22  13:00:00,1.40252623679,0.728066260657,0.0,0.0,0.383206521756,0.0992574452255,0.482463966981,0.0992574452255,0.0863785921098,0.0196832975314,0.443361578923,0.347238801247
 07/22  14:00:00,1.48056053076,0.675654210401,0.0,0.0,0.457613204859,0.117754956922,0.575368161781,0.117754956922,0.0863785921098,0.0196832975314,0.408939237309,0.366791242027
 07/22  15:00:00,1.54022764073,0.683541029954,0.0,0.0,0.483489459292,0.125230508625,0.608719967917,0.125230508625,0.0863785921098,0.0196832975314,0.414865632307,0.387180150863
 07/22  16:00:00,1.82062994437,0.758146594308,0.0,0.0,0.607907258496,0.155131335445,0.763038593942,0.155131335445,0.0917772418317,0.0209135043907,0.463534344206,0.45796626
 07/22  17:00:00,2.12375788513,0.904553997821,0.0,0.0,0.682628993088,0.174200034459,0.856829027547,0.174200034459,0.107973243613,0.0246041219143,0.554595677112,0.556355814945
 07/22  18:00:00,2.31176073952,1.04624969121,0.0,0.0,0.742141323394,0.189386450946,0.93152777434,0.189386450946,0.172757131604,0.0393666011715,0.510674738334,0.604034494068
 07/22  19:00:00,2.39907970404,1.07715543603,0.0,0.0,0.730664373145,0.186456827883,0.917121201028,0.186456827883,0.329318328195,0.0750425634392,0.43071523504,0.623482376342
 07/22  20:00:00,2.55435913548,1.00272565281,0.0,0.0,0.607458816708,0.157343634012,0.76480245072,0.157343634012,0.593852779805,0.135322662893,0.392064371819,0.644916870247
 07/22  21:00:00,2.77376714497,0.900822575513,0.0,0.0,0.549142115736,0.142241076062,0.691383191798,0.142241076062,0.858387231415,0.195602762346,0.375133514152,0.62986044526
 07/22  22:00:00,2.35539161411,0.743150416355,0.0,0.0,0.476150138567,0.122523614085,0.598673752652,0.122523614085,0.718022103873,0.163617408439,0.306614852939,0.545063496205
 07/22  23:00:00,1.75819242569,0.569675887678,0.0,0.0,0.351123620315,0.090944803948,0.442068424263,0.090944803948,0.496676901655,0.113178951643,0.209218112099,0.473650036027
 07/22  24:00:00,1.12154756068,0.385222165314,0.0,0.0,0.196154513472,0.0511815278652,0.247336041337,0.0511815278652,0.259135764424,0.0590498864857,0.140845143271,0.391780725164
 07/23  01:00:00,0.801860689556,0.305396176073,0.0,0.0,0.0832336587304,0.0217179051053,0.104951563836,0.0217179051053,0.156561196591,0.0356759622678,0.120545118231,0.36072684863
 07/23  02:00:00,0.68096524948,0.284218594789,0.0,0.0,0.0558410339141,0.0144631132239,0.070304147138,0.0144631132239,0.102574567583,0.023373915055,0.104768111347,0.356544508356
 07/23  03:00:00,0.611978305061,0.289898413473,0.0,0.0,0.0135323986411,0.00353084698925,0.0170632456304,0.00353084698925,0.102574567583,0.023373915055,0.0940408767647,0.351525700027
 07/23  04:00:00,0.5957463523,0.420561135577,0.0,0.0691765181006,0.0,0.00191995305375,0.00191995305375,0.00191995305375,0.102574567583,0.023373915055,0.106231146951,0.338246769658
 07/23  05:00:00,0.660346210695,0.810697217852,0.0,0.186668987904,0.0,0.0051805456871,0.0051805456871,0.0051805456871,0.107973243613,0.0246041219143,0.121732089755,0.377456209726
 07/23  06:00:00,0.851734306045,1.77582745342,0.0,0.642056911178,0.0,0.0178163759927,0.0178163759927,0.0178163759927,0.151162506908,0.0344457798429,0.188796111233,0.436113532068
 07/23  07:00:00,1.12098283624,1.42188115877,0.0,0.144151447353,0.0,0.00399989356942,0.00399989356942,0.00399989356942,0.248338385058,0.0565894910929,0.287751764166,0.463403302356
 07/23  08:00:00,1.02358546096,1.40008621042,0.0,0.157762669465,0.0,0.00437742026544,0.00437742026544,0.00437742026544,0.188953198156,0.0430572095321,0.372016907847,0.391780725164
 07/23  09:00:00,1.05073715405,1.12807038856,0.0,0.0,0.0872634134933,0.0225967906693,0.109860204163,0.0225967906693,0.102574567583,0.023373915055,0.458091388909,0.333437078342
 07/23  10:00:00,1.06552116884,0.995324772083,0.0,0.0,0.0889093261514,0.0230227385136,0.111932064665,0.0230227385136,0.0863785921098,0.0196832975314,0.48284824818,0.341278966356
 07/23  11:00:00,1.43138335552,0.875287029968,0.0,0.0,0.366370958703,0.0927975458409,0.459168504544,0.0927975458409,0.0863785921098,0.0196832975314,0.501369436475,0.341383524863
 07/23  12:00:00,1.63406214255,0.783061471663,0.0,0.0,0.547102874703,0.137309399377,0.684412274081,0.137309399377,0.0863785921098,0.0196832975314,0.484555171843,0.335632806986
 07/23  13:00:00,1.89233207186,0.727782055985,0.0,0.0,0.778450789455,0.193819012593,0.972269802049,0.193819012593,0.0863785921098,0.0196832975314,0.443361578923,0.347238801247
 07/23  14:00:00,1.96921245326,0.675471926118,0.0,0.0,0.848972490402,0.215047593876,1.06402008428,0.215047593876,0.0863785921098,0.0196832975314,0.408939237309,0.366791242027
 07/23  15:00:00,2.37400709195,0.683550901942,0.0,0.0,1.15722778236,0.285271636781,1.44249941914,0.285271636781,0.0863785921098,0.0196832975314,0.414865632307,0.387180150863
 07/23  16:00:00,2.51435929283,0.758238760402,0.0,0.0,1.16448152207,0.292286420334,1.4567679424,0.292286420334,0.0917772418317,0.0209135043907,0.463534344206,0.45796626
 07/23  17:00:00,2.65840032288,0.904181581526,0.0,0.0,1.10856639555,0.282905069749,1.3914714653,0.282905069749,0.107973243613,0.0246041219143,0.554595677112,0.556355814945
 07/23  18:00:00,2.85384760957,1.04557500337,0.0,0.0,1.17792719196,0.29568745244,1.4736146444,0.29568745244,0.172757131604,0.0393666011715,0.510674738334,0.604034494068
 07/23  19:00:00,2.80131628921,1.07626837271,0.0,0.0,1.05265686685,0.266700919338,1.31935778619,0.266700919338,0.329318328195,0.0750425634392,0.43071523504,0.623482376342
 07/23  20:00:00,2.88344668474,1.00170791763,0.0,0.0,0.86997713267,0.223912867308,1.09388999998,0.223912867308,0.593852779805,0.135322662893,0.392064371819,0.644916870247
 07/23  21:00:00,3.01854730408,0.899754127301,0.0,0.0,0.743518522729,0.192644828176,0.936163350905,0.192644828176,0.858387231415,0.195602762346,0.375133514152,0.62986044526
 07/23  22:00:00,2.44261012605,0.742351723487,0.0,0.0,0.543916776292,0.141975488299,0.685892264591,0.141975488299,0.718022103873,0.163617408439,0.306614852939,0.545063496205
 07/23  23:00:00,1.73261492637,0.569036797378,0.0,0.0,0.329810863901,0.0866800610417,0.416490924943,0.0866800610417,0.496676901655,0.113178951643,0.209218112099,0.473650036027
 07/23  24:00:00,0.996808261048,0.384818924683,0.0,0.0,0.0968639702948,0.025732771408,0.122596741703,0.025732771408,0.259135764424,0.0590498864857,0.140845143271,0.391780725164
 07/24  01:00:00,0.694616248163,0.381177697112,0.0,0.0832435820331,0.0,0.00231198384153,0.00231198384153,0.00231198384153,0.156561196591,0.0356759622678,0.115940256832,0.36072684863
 07/24  02:00:00,0.620492732669,0.742266548156,0.0,0.463689197629,0.0,0.0128780751477,0.0128780751477,0.0128780751477,0.102574567583,0.023373915055,0.101721666527,0.356544508356
 07/24  03:00:00,0.612024680937,0.957170981096,0.0,0.673429519621,0.0,0.0187025930296,0.0187025930296,0.0187025930296,0.102574567583,0.023373915055,0.0924479052419,0.351525700027
 07/24  04:00:00,0.621711869194,1.45533544264,0.0,1.11630206191,0.0,0.0310018181433,0.0310018181433,0.0310018181433,0.102574567583,0.023373915055,0.103114798755,0.338246769658
 07/24  05:00:00,0.685693235455,1.86059510763,0.0,1.27130986111,0.0,0.0353070451139,0.0353070451139,0.0353070451139,0.107973243613,0.0246041219143,0.116952615088,0.377456209726
 07/24  06:00:00,0.855902997355,2.29308059293,0.0,1.23797270009,0.0,0.0343814981564,0.0343814981564,0.0343814981564,0.151162506908,0.0344457798429,0.176399680379,0.436113532068
 07/24  07:00:00,1.11510235037,2.00393929344,0.0,0.821248945607,0.0,0.0228076631234,0.0228076631234,0.0228076631234,0.248338385058,0.0565894910929,0.263063508738,0.463403302356
 07/24  08:00:00,0.988693813436,1.40766027367,0.0,0.263928177841,0.0,0.00732929022583,0.00732929022583,0.00732929022583,0.188953198156,0.0430572095321,0.334173390357,0.391780725164
 07/24  09:00:00,1.06167701351,1.03771839167,0.0,0.0,0.138093755322,0.0352425429201,0.173336298242,0.0352425429201,0.102574567583,0.023373915055,0.405555154289,0.333437078342
 07/24  10:00:00,1.38217637445,0.918094668578,0.0,0.0,0.391474683984,0.0965148535426,0.487989537527,0.0965148535426,0.0863785921098,0.0196832975314,0.423445980927,0.341278966356
 07/24  11:00:00,1.70781169023,0.811340104257,0.0,0.0,0.643043531065,0.153790194071,0.796833725136,0.153790194071,0.0863785921098,0.0196832975314,0.440132550593,0.341383524863
 07/24  12:00:00,2.04926675335,0.727868141255,0.0,0.0,0.934088468901,0.22130733955,1.15539580845,0.22130733955,0.0863785921098,0.0196832975314,0.428776248271,0.335632806986
 07/24  13:00:00,2.28428472675,0.680018533539,0.0,0.0,1.14190192601,0.273173235353,1.41507516136,0.273173235353,0.0863785921098,0.0196832975314,0.392508874502,0.347238801247
 07/24  14:00:00,2.65876270449,0.63234665142,0.0,0.0,1.45452169821,0.344695138018,1.79921683623,0.344695138018,0.0863785921098,0.0196832975314,0.363292736595,0.366791242027
 07/24  15:00:00,2.76377272727,0.640807564581,0.0,0.0,1.51336484633,0.362135676313,1.87550052265,0.362135676313,0.0863785921098,0.0196832975314,0.371630164121,0.387180150863
 07/24  16:00:00,3.24409277419,0.705615857171,0.0,0.0,1.80540499949,0.423000663244,2.22840566273,0.423000663244,0.0917772418317,0.0209135043907,0.421630105235,0.45796626
 07/24  17:00:00,3.46326015684,0.840718969553,0.0,0.0,1.8087329695,0.428842248194,2.23757521769,0.428842248194,0.107973243613,0.0246041219143,0.513351758673,0.556355814945
 07/24  18:00:00,3.37018004257,0.962700854138,0.0,0.0,1.634321713,0.395654065716,2.02997577871,0.395654065716,0.172757131604,0.0393666011715,0.470646037016,0.604034494068
 07/24  19:00:00,3.22960562458,0.983145229942,0.0,0.0,1.43606904175,0.35153029289,1.78759933464,0.35153029289,0.329318328195,0.0750425634392,0.39076302196,0.623482376342
 07/24  20:00:00,3.1479936279,0.912998519556,0.0,0.0,1.11575547463,0.28334606708,1.39910154171,0.28334606708,0.593852779805,0.135322662893,0.351399773249,0.644916870247
 07/24  21:00:00,3.17563861384,0.825305392722,0.0,0.0,0.901981138053,0.232814856185,1.13479599424,0.232814856185,0.858387231415,0.195602762346,0.333592180578,0.62986044526
 07/24  22:00:00,2.56936793653,0.68369301641,0.0,0.0,0.671205940296,0.174452881926,0.845658822222,0.174452881926,0.718022103873,0.163617408439,0.273606105789,0.545063496205
 07/24  23:00:00,1.78982320784,0.532403256058,0.0,0.0,0.388726246329,0.103096946261,0.49182319259,0.103096946261,0.496676901655,0.113178951643,0.191094125924,0.473650036027
 07/24  24:00:00,1.06689067523,0.371095637377,0.0,0.0,0.158161616173,0.0421868366094,0.200348452782,0.0421868366094,0.259135764424,0.0590498864857,0.133175846376,0.391780725164
 07/25  01:00:00,0.695816316059,0.42401642848,0.0,0.126236964786,0.0,0.00351205173749,0.00351205173749,0.00351205173749,0.156561196591,0.0356759622678,0.115940256832,0.36072684863
 07/25  02:00:00,0.624393829109,0.881448148507,0.0,0.603117313408,0.0,0.016779171588,0.016779171588,0.016779171588,0.102574567583,0.023373915055,0.101721666527,0.356544508356
 07/25  03:00:00,0.62035838644,1.25522731545,0.0,0.971804584903,0.0,0.027036298532,0.027036298532,0.027036298532,0.102574567583,0.023373915055,0.0924479052419,0.351525700027
 07/25  04:00:00,0.627987567691,1.67851446461,0.0,1.33991058956,0.0,0.0372775166399,0.0372775166399,0.0372775166399,0.102574567583,0.023373915055,0.103114798755,0.338246769658
 07/25  05:00:00,0.69240307403,2.09873706282,0.0,1.51024693746,0.0,0.0420168836892,0.0420168836892,0.0420168836892,0.107973243613,0.0246041219143,0.116952615088,0.377456209726
 07/25  06:00:00,0.870160069677,2.80177827436,0.0,1.74822523879,0.0,0.0486385704785,0.0486385704785,0.0486385704785,0.151162506908,0.0344457798429,0.176399680379,0.436113532068
 07/25  07:00:00,1.12392065959,2.31757584357,0.0,1.13670055246,0.0,0.0316259723447,0.0316259723447,0.0316259723447,0.248338385058,0.0565894910929,0.263063508738,0.463403302356
 07/25  08:00:00,0.990759967774,1.47974169966,0.0,0.337712306619,0.0,0.00939544456411,0.00939544456411,0.00939544456411,0.188953198156,0.0430572095321,0.334173390357,0.391780725164
 07/25  09:00:00,0.892253739422,1.03616209989,0.0,0.0,0.00312048012884,0.000792544023065,0.00391302415191,0.000792544023065,0.102574567583,0.023373915055,0.405555154289,0.333437078342
 07/25  10:00:00,1.20805480873,0.916782093787,0.0,0.0,0.251689636234,0.0621783355731,0.313867971807,0.0621783355731,0.0863785921098,0.0196832975314,0.423445980927,0.341278966356
 07/25  11:00:00,1.47070662989,0.810180322365,0.0,0.0,0.450571703776,0.109156961017,0.559728664793,0.109156961017,0.0863785921098,0.0196832975314,0.440132550593,0.341383524863
 07/25  12:00:00,1.8519082864,0.726845680516,0.0,0.0,0.776006955536,0.182030385965,0.9580373415,0.182030385965,0.0863785921098,0.0196832975314,0.428776248271,0.335632806986
 07/25  13:00:00,2.04889498534,0.679063022381,0.0,0.0,0.955483419132,0.224202000814,1.17968541995,0.224202000814,0.0863785921098,0.0196832975314,0.392508874502,0.347238801247
 07/25  14:00:00,2.41896003095,0.631647503367,0.0,0.0,1.26540107405,0.294013088641,1.55941416269,0.294013088641,0.0863785921098,0.0196832975314,0.363292736595,0.366791242027
 07/25  15:00:00,2.81019880993,0.639955570146,0.0,0.0,1.56311550787,0.358811097433,1.92192660531,0.358811097433,0.0863785921098,0.0196832975314,0.371630164121,0.387180150863
 07/25  16:00:00,3.14994091881,0.704888133859,0.0,0.0,1.73573853232,0.398515275027,2.13425380735,0.398515275027,0.0917772418317,0.0209135043907,0.421630105235,0.45796626
 07/25  17:00:00,3.42714412775,0.839915925345,0.0,0.0,1.78274857638,0.418710612224,2.2014591886,0.418710612224,0.107973243613,0.0246041219143,0.513351758673,0.556355814945
 07/25  18:00:00,3.45198546784,0.961814349043,0.0,0.0,1.70997876056,0.401802443416,2.11178120398,0.401802443416,0.172757131604,0.0393666011715,0.470646037016,0.604034494068
 07/25  19:00:00,3.29095763573,0.982383090685,0.0,0.0,1.49086647586,0.35808486994,1.8489513458,0.35808486994,0.329318328195,0.0750425634392,0.39076302196,0.623482376342
 07/25  20:00:00,3.19193240632,0.912229639099,0.0,0.0,1.1540583755,0.288981944632,1.44304032013,0.288981944632,0.593852779805,0.135322662893,0.351399773249,0.644916870247
 07/25  21:00:00,3.24401941385,0.824604048265,0.0,0.0,0.958755489616,0.244421304635,1.20317679425,0.244421304635,0.858387231415,0.195602762346,0.333592180578,0.62986044526
 07/25  22:00:00,2.72467777564,0.683425576314,0.0,0.0,0.799170211484,0.201798449854,1.00096866134,0.201798449854,0.718022103873,0.163617408439,0.273606105789,0.545063496205
 07/25  23:00:00,2.00671609151,0.532385309993,0.0,0.0,0.563872435526,0.144843640734,0.70871607626,0.144843640734,0.496676901655,0.113178951643,0.191094125924,0.473650036027
 07/25  24:00:00,1.37078684349,0.371338606416,0.0,0.0,0.401193677321,0.103050943718,0.504244621039,0.103050943718,0.259135764424,0.0590498864857,0.133175846376,0.391780725164
 07/26  01:00:00,1.06634077143,0.298245229064,0.0,0.0,0.297598995853,0.0764375112585,0.374036507112,0.0764375112585,0.156561196591,0.0356759622678,0.115940256832,0.36072684863
 07/26  02:00:00,0.892559943262,0.278981525902,0.0,0.0,0.226717254042,0.0582280316992,0.284945285741,0.0582280316992,0.102574567583,0.023373915055,0.101721666527,0.356544508356
 07/26  03:00:00,0.769092281818,0.284163949804,0.0,0.0,0.13940757746,0.0363626164501,0.175770193911,0.0363626164501,0.102574567583,0.023373915055,0.0924479052419,0.351525700027
 07/26  04:00:00,0.724970656283,0.33935217276,0.0,0.0,0.106485394502,0.0277752107308,0.134260605233,0.0277752107308,0.102574567583,0.023373915055,0.103114798755,0.338246769658
 07/26  05:00:00,0.740727320549,0.588951080832,0.0,0.0,0.07153737942,0.0188037507875,0.0903411302075,0.0188037507875,0.107973243613,0.0246041219143,0.116952615088,0.377456209726
 07/26  06:00:00,0.99162608199,1.05340719665,0.0,0.0,0.134921389308,0.0351831934828,0.170104582791,0.0351831934828,0.151162506908,0.0344457798429,0.176399680379,0.436113532068
 07/26  07:00:00,1.33376044813,1.18051204675,0.0,0.0,0.191531480318,0.0499342805701,0.241465760889,0.0499342805701,0.248338385058,0.0565894910929,0.263063508738,0.463403302356
 07/26  08:00:00,1.247427427,1.14129440983,0.0,0.0,0.21205133946,0.054011564326,0.266062903786,0.054011564326,0.188953198156,0.0430572095321,0.334173390357,0.391780725164
 07/26  09:00:00,1.21509456184,1.03525628603,0.0,0.0,0.261360913831,0.0653929327429,0.326753846574,0.0653929327429,0.102574567583,0.023373915055,0.405555154289,0.333437078342
 07/26  10:00:00,1.57771242747,0.916122938823,0.0,0.0,0.550011899379,0.133513691167,0.683525590547,0.133513691167,0.0863785921098,0.0196832975314,0.423445980927,0.341278966356
 07/26  11:00:00,1.90152610126,0.809854606617,0.0,0.0,0.800348773241,0.190199362926,0.990548136167,0.190199362926,0.0863785921098,0.0196832975314,0.440132550593,0.341383524863
 07/26  12:00:00,2.08616188449,0.726509783198,0.0,0.0,0.965579843531,0.226711096059,1.19229093959,0.226711096059,0.0863785921098,0.0196832975314,0.428776248271,0.335632806986
 07/26  13:00:00,2.20735641172,0.678506591749,0.0,0.0,1.08126274335,0.256884102981,1.33814684633,0.256884102981,0.0863785921098,0.0196832975314,0.392508874502,0.347238801247
 07/26  14:00:00,2.42616108613,0.63114156308,0.0,0.0,1.26873920807,0.297876009804,1.56661521787,0.297876009804,0.0863785921098,0.0196832975314,0.363292736595,0.366791242027
 07/26  15:00:00,2.74214379377,0.639525991406,0.0,0.0,1.50423685483,0.349634734319,1.85387158915,0.349634734319,0.0863785921098,0.0196832975314,0.371630164121,0.387180150863
 07/26  16:00:00,2.97391327674,0.70416025125,0.0,0.0,1.58230328277,0.375922882514,1.95822616528,0.375922882514,0.0917772418317,0.0209135043907,0.421630105235,0.45796626
 07/26  17:00:00,3.05923536401,0.838645339131,0.0,0.0,1.47247136537,0.361079059501,1.83355042487,0.361079059501,0.107973243613,0.0246041219143,0.513351758673,0.556355814945
 07/26  18:00:00,2.98611577997,0.960043437007,0.0,0.0,1.3168415674,0.329069948715,1.64591151611,0.329069948715,0.172757131604,0.0393666011715,0.470646037016,0.604034494068
 07/26  19:00:00,2.82483001759,0.980420770255,0.0,0.0,1.10242127708,0.280402450565,1.38282372765,0.280402450565,0.329318328195,0.0750425634392,0.39076302196,0.623482376342
 07/26  20:00:00,2.92184622298,0.910695956322,0.0,0.0,0.93366939962,0.239284737167,1.17295413679,0.239284737167,0.593852779805,0.135322662893,0.351399773249,0.644916870247
 07/26  21:00:00,3.02454038407,0.823361195137,0.0,0.0,0.78165754777,0.202040216699,0.983697764469,0.202040216699,0.858387231415,0.195602762346,0.333592180578,0.62986044526
 07/26  22:00:00,2.50560749675,0.682379850961,0.0,0.0,0.621317773754,0.160580608686,0.78189838244,0.160580608686,0.718022103873,0.163617408439,0.273606105789,0.545063496205
 07/26  23:00:00,1.85490874891,0.531600637998,0.0,0.0,0.441934671317,0.114974062343,0.55690873366,0.114974062343,0.496676901655,0.113178951643,0.191094125924,0.473650036027
 07/26  24:00:00,1.23144431307,0.370847705475,0.0,0.0,0.289578075176,0.0753240154427,0.364902090619,0.0753240154427,0.259135764424,0.0590498864857,0.133175846376,0.391780725164
 07/27  01:00:00,0.866824797187,0.297883985918,0.0,0.0,0.138076965924,0.0364435669421,0.174520532866,0.0364435669421,0.156561196591,0.0356759622678,0.115940256832,0.36072684863
 07/27  02:00:00,0.751524464935,0.278651834685,0.0,0.0,0.114210138844,0.0296996685695,0.143909807414,0.0296996685695,0.102574567583,0.023373915055,0.101721666527,0.356544508356
 07/27  03:00:00,0.67356532578,0.283920504362,0.0,0.0,0.0636839427787,0.0165592950938,0.0802432378724,0.0165592950938,0.102574567583,0.023373915055,0.0924479052419,0.351525700027
 07/27  04:00:00,0.595591781761,0.339091295417,0.0,0.0,0.00386831631629,0.0010134143936,0.0048817307099,0.0010134143936,0.102574567583,0.023373915055,0.103114798755,0.338246769658
 07/27  05:00:00,0.653683761055,0.588337850852,0.0,0.0,0.00261303611212,0.000684534601402,0.00329757071353,0.000684534601402,0.107973243613,0.0246041219143,0.116952615088,0.377456209726
 07/27  06:00:00,0.821521499199,1.05215669619,0.0,0.0,0.0,0.0,0.0,0.0,0.151162506908,0.0344457798429,0.176399680379,0.436113532068
 07/27  07:00:00,1.26411273597,1.17907750027,0.0,0.0,0.136572504194,0.0352455445338,0.171818048728,0.0352455445338,0.248338385058,0.0565894910929,0.263063508738,0.463403302356
 07/27  08:00:00,1.20217173901,1.13995918797,0.0,0.0,0.176102298014,0.0447049177899,0.220807215804,0.0447049177899,0.188953198156,0.0430572095321,0.334173390357,0.391780725164
 07/27  09:00:00,1.29507382475,1.03425550886,0.0,0.0,0.3261930711,0.0805400383825,0.406733109483,0.0805400383825,0.102574567583,0.023373915055,0.405555154289,0.333437078342
 07/27  10:00:00,1.59266754431,0.915151166995,0.0,0.0,0.562331636676,0.136149070706,0.698480707382,0.136149070706,0.0863785921098,0.0196832975314,0.423445980927,0.341278966356
 07/27  11:00:00,2.01590939117,0.809049082131,0.0,0.0,0.898882372654,0.206049053416,1.10493142607,0.206049053416,0.0863785921098,0.0196832975314,0.440132550593,0.341383524863
 07/27  12:00:00,2.43056204953,0.726053324333,0.0,0.0,1.25545798706,0.281233117566,1.53669110463,0.281233117566,0.0863785921098,0.0196832975314,0.428776248271,0.335632806986
 07/27  13:00:00,2.76139661697,0.678559149583,0.0,0.0,1.5489039916,0.343283059974,1.89218705158,0.343283059974,0.0863785921098,0.0196832975314,0.392508874502,0.347238801247
 07/27  14:00:00,3.04825066044,0.631431366684,0.0,0.0,1.79159242904,0.397112363139,2.18870479217,0.397112363139,0.0863785921098,0.0196832975314,0.363292736595,0.366791242027
 07/27  15:00:00,3.35244869324,0.63949633852,0.0,0.0,2.01705755734,0.447118931268,2.46417648861,0.447118931268,0.0863785921098,0.0196832975314,0.371630164121,0.387180150863
 07/27  16:00:00,3.59091890548,0.704075973942,0.0,0.0,2.10790338297,0.467328411055,2.57523179402,0.467328411055,0.0917772418317,0.0209135043907,0.421630105235,0.45796626
 07/27  17:00:00,3.89367522219,0.838581465746,0.0,0.0,2.17942122422,0.488569058825,2.66799028305,0.488569058825,0.107973243613,0.0246041219143,0.513351758673,0.556355814945
 07/27  18:00:00,3.57070902281,0.959972931488,0.0,0.0,1.8026455052,0.42785925375,2.23050475895,0.42785925375,0.172757131604,0.0393666011715,0.470646037016,0.604034494068
 07/27  19:00:00,3.23319784724,0.980185903392,0.0,0.0,1.43629501278,0.354896544517,1.7911915573,0.354896544517,0.329318328195,0.0750425634392,0.39076302196,0.623482376342
 07/27  20:00:00,3.1783953421,0.910188440292,0.0,0.0,1.13991198739,0.289591268515,1.4295032559,0.289591268515,0.593852779805,0.135322662893,0.351399773249,0.644916870247
 07/27  21:00:00,3.15836197115,0.822754713504,0.0,0.0,0.885595778848,0.231923572702,1.11751935155,0.231923572702,0.858387231415,0.195602762346,0.333592180578,0.62986044526
 07/27  22:00:00,2.53579024648,0.681732942304,0.0,0.0,0.642601940795,0.169479191378,0.812081132173,0.169479191378,0.718022103873,0.163617408439,0.273606105789,0.545063496205
 07/27  23:00:00,1.8403117457,0.53123122431,0.0,0.0,0.42914356209,0.113168168359,0.542311730448,0.113168168359,0.496676901655,0.113178951643,0.191094125924,0.473650036027
 07/27  24:00:00,1.17525134999,0.370616865047,0.0,0.0,0.2442963056,0.0644128219394,0.30870912754,0.0644128219394,0.259135764424,0.0590498864857,0.133175846376,0.391780725164
 07/28  01:00:00,0.870290273789,0.297723631665,0.0,0.0,0.14085107106,0.0371349384078,0.177986009468,0.0371349384078,0.156561196591,0.0356759622678,0.115940256832,0.36072684863
 07/28  02:00:00,0.686831266459,0.278591054881,0.0,0.0,0.0626914490415,0.0165251598961,0.0792166089376,0.0165251598961,0.102574567583,0.023373915055,0.101721666527,0.356544508356
 07/28  03:00:00,0.602386733059,0.283729404431,0.0,0.0,0.00717403719042,0.00189060796101,0.00906464515143,0.00189060796101,0.102574567583,0.023373915055,0.0924479052419,0.351525700027
 07/28  04:00:00,0.59346095213,0.437728978312,0.0,0.0989288342417,0.0,0.0027509010794,0.0027509010794,0.0027509010794,0.102574567583,0.023373915055,0.103114798755,0.338246769658
 07/28  05:00:00,0.660805460269,0.587732600996,0.0,0.0,0.00825876534424,0.00216050458388,0.0104192699281,0.00216050458388,0.107973243613,0.0246041219143,0.116952615088,0.377456209726
 07/28  06:00:00,0.853281302533,1.05101822635,0.0,0.0,0.025215251833,0.00654455150146,0.0317598033344,0.00654455150146,0.151162506908,0.0344457798429,0.176399680379,0.436113532068
 07/28  07:00:00,1.29541793334,1.17777640465,0.0,0.0,0.161786550448,0.0413366956505,0.203123246099,0.0413366956505,0.248338385058,0.0565894910929,0.263063508738,0.463403302356
 07/28  08:00:00,1.14262626466,1.13861269768,0.0,0.0,0.128449388631,0.0328123528228,0.161261741454,0.0328123528228,0.188953198156,0.0430572095321,0.334173390357,0.391780725164
 07/28  09:00:00,1.03305631223,1.03271448585,0.0,0.0,0.115073542004,0.0296420549604,0.144715596964,0.0296420549604,0.102574567583,0.023373915055,0.405555154289,0.333437078342
 07/28  10:00:00,1.08106567242,0.913595040022,0.0,0.0,0.148859302734,0.0380195327563,0.186878835491,0.0380195327563,0.0863785921098,0.0196832975314,0.423445980927,0.341278966356
 07/28  11:00:00,1.18440733018,0.807203349162,0.0,0.0,0.217804494315,0.0556248707643,0.27342936508,0.0556248707643,0.0863785921098,0.0196832975314,0.440132550593,0.341383524863
 07/28  12:00:00,1.27610481048,0.723917340411,0.0,0.0,0.304478880566,0.0777549850123,0.382233865578,0.0777549850123,0.0863785921098,0.0196832975314,0.428776248271,0.335632806986
 07/28  13:00:00,1.49616154777,0.676259136765,0.0,0.0,0.500164003767,0.126787978617,0.626951982384,0.126787978617,0.0863785921098,0.0196832975314,0.392508874502,0.347238801247
 07/28  14:00:00,1.58237588731,0.628807557803,0.0,0.0,0.577732225829,0.145097793221,0.72283001905,0.145097793221,0.0863785921098,0.0196832975314,0.363292736595,0.366791242027
 07/28  15:00:00,1.69657988607,0.636845590544,0.0,0.0,0.646050396175,0.162257285269,0.808307681444,0.162257285269,0.0863785921098,0.0196832975314,0.371630164121,0.387180150863
 07/28  16:00:00,1.92104798433,0.701082441647,0.0,0.0,0.724785308407,0.180575564468,0.905360872875,0.180575564468,0.0917772418317,0.0209135043907,0.421630105235,0.45796626
 07/28  17:00:00,2.15792433019,0.835336557622,0.0,0.0,0.745108648733,0.18713074231,0.932239391043,0.18713074231,0.107973243613,0.0246041219143,0.513351758673,0.556355814945
 07/28  18:00:00,2.29325486234,0.956869702103,0.0,0.0,0.760332340806,0.192718257672,0.953050598478,0.192718257672,0.172757131604,0.0393666011715,0.470646037016,0.604034494068
 07/28  19:00:00,2.31731875433,0.977619744609,0.0,0.0,0.698317991562,0.176994472831,0.875312464393,0.176994472831,0.329318328195,0.0750425634392,0.39076302196,0.623482376342
 07/28  20:00:00,2.49909998159,0.908319736733,0.0,0.0,0.596601216853,0.153606678549,0.750207895401,0.153606678549,0.593852779805,0.135322662893,0.351399773249,0.644916870247
 07/28  21:00:00,2.73187426684,0.821490683243,0.0,0.0,0.549544488434,0.141487158801,0.691031647235,0.141487158801,0.858387231415,0.195602762346,0.333592180578,0.62986044526
 07/28  22:00:00,2.27603801429,0.68080597372,0.0,0.0,0.439244016178,0.1130848838,0.552328899978,0.1130848838,0.718022103873,0.163617408439,0.273606105789,0.545063496205
 07/28  23:00:00,1.7125386937,0.530580310027,0.0,0.0,0.329667488621,0.0848711898259,0.414538678447,0.0848711898259,0.496676901655,0.113178951643,0.191094125924,0.473650036027
 07/28  24:00:00,1.17154150365,0.37024354598,0.0,0.0,0.242971201247,0.0620280799539,0.304999281201,0.0620280799539,0.259135764424,0.0590498864857,0.133175846376,0.391780725164
 07/29  01:00:00,0.892636229122,0.304702468637,0.0,0.0,0.155657205033,0.0400698983696,0.195727103402,0.0400698983696,0.156561196591,0.0356759622678,0.120545118231,0.36072684863
 07/29  02:00:00,0.800136628315,0.283806091734,0.0,0.0,0.150944177908,0.0385313480657,0.189475525974,0.0385313480657,0.102574567583,0.023373915055,0.104768111347,0.356544508356
 07/29  03:00:00,0.702141590824,0.289493235685,0.0,0.0,0.0851625933701,0.0220639380231,0.107226531393,0.0220639380231,0.102574567583,0.023373915055,0.0940408767647,0.351525700027
 07/29  04:00:00,0.693351027779,0.350349153549,0.0,0.0,0.0791532527554,0.0203713757765,0.0995246285319,0.0203713757765,0.102574567583,0.023373915055,0.106231146951,0.338246769658
 07/29  05:00:00,0.736301570677,0.620724692483,0.0,0.0,0.0644425630035,0.0166933426653,0.0811359056688,0.0166933426653,0.107973243613,0.0246041219143,0.121732089755,0.377456209726
 07/29  06:00:00,0.995906245445,1.12632373457,0.0,0.0,0.128661406122,0.0333269092702,0.161988315392,0.0333269092702,0.151162506908,0.0344457798429,0.188796111233,0.436113532068
 07/29  07:00:00,1.33093242433,1.26896917328,0.0,0.0,0.17016523687,0.043784244785,0.213949481655,0.043784244785,0.248338385058,0.0565894910929,0.287751764166,0.463403302356
 07/29  08:00:00,1.17073464225,1.23357986867,0.0,0.0,0.12035775805,0.0311688435025,0.151526601552,0.0311688435025,0.188953198156,0.0430572095321,0.372016907847,0.391780725164
 07/29  09:00:00,1.16944000048,1.12009646987,0.0,0.0,0.18179227941,0.0467707711755,0.228563050586,0.0467707711755,0.102574567583,0.023373915055,0.458091388909,0.333437078342
 07/29  10:00:00,1.37575481604,0.988600589178,0.0,0.0,0.337469046185,0.084696665676,0.422165711861,0.084696665676,0.0863785921098,0.0196832975314,0.48284824818,0.341278966356
 07/29  11:00:00,1.75124115761,0.869708471409,0.0,0.0,0.627344816983,0.151681489644,0.779026306626,0.151681489644,0.0863785921098,0.0196832975314,0.501369436475,0.341383524863
 07/29  12:00:00,2.05099961474,0.778419792364,0.0,0.0,0.888814018077,0.212535728188,1.10134974626,0.212535728188,0.0863785921098,0.0196832975314,0.484555171843,0.335632806986
 07/29  13:00:00,2.35577041156,0.72375845517,0.0,0.0,1.160762734,0.274945407752,1.43570814175,0.274945407752,0.0863785921098,0.0196832975314,0.443361578923,0.347238801247
 07/29  14:00:00,2.56288325161,0.671941484773,0.0,0.0,1.3377946288,0.319896253829,1.65769088263,0.319896253829,0.0863785921098,0.0196832975314,0.408939237309,0.366791242027
 07/29  15:00:00,2.84956334009,0.680262615059,0.0,0.0,1.54791434598,0.370141321298,1.91805566728,0.370141321298,0.0863785921098,0.0196832975314,0.414865632307,0.387180150863
 07/29  16:00:00,3.24159449805,0.754297030572,0.0,0.0,1.76574737422,0.418255773402,2.18400314762,0.418255773402,0.0917772418317,0.0209135043907,0.463534344206,0.45796626
 07/29  17:00:00,3.41405767134,0.899315201692,0.0,0.0,1.72904370072,0.418085113028,2.14712881375,0.418085113028,0.107973243613,0.0246041219143,0.554595677112,0.556355814945
 07/29  18:00:00,3.41380172058,1.03945607122,0.0,0.0,1.63413876207,0.399429993333,2.0335687554,0.399429993333,0.172757131604,0.0393666011715,0.510674738334,0.604034494068
 07/29  19:00:00,3.18396113342,1.0696122758,0.0,0.0,1.36043956749,0.341563062909,1.7020026304,0.341563062909,0.329318328195,0.0750425634392,0.43071523504,0.623482376342
 07/29  20:00:00,3.2235304317,0.995590276804,0.0,0.0,1.14404667089,0.289927076039,1.43397374693,0.289927076039,0.593852779805,0.135322662893,0.392064371819,0.644916870247
 07/29  21:00:00,3.36877516007,0.894451381689,0.0,0.0,1.02819406855,0.258197138348,1.2863912069,0.258197138348,0.858387231415,0.195602762346,0.375133514152,0.62986044526
 07/29  22:00:00,2.75119283921,0.738381098346,0.0,0.0,0.792202751862,0.202272225896,0.994474977757,0.202272225896,0.718022103873,0.163617408439,0.306614852939,0.545063496205
 07/29  23:00:00,2.02244549206,0.566576889377,0.0,0.0,0.561695875571,0.144625615069,0.706321490639,0.144625615069,0.496676901655,0.113178951643,0.209218112099,0.473650036027
 07/29  24:00:00,1.38146013918,0.383882975688,0.0,0.0,0.403384437969,0.10386418187,0.507248619839,0.10386418187,0.259135764424,0.0590498864857,0.140845143271,0.391780725164
 07/30  01:00:00,1.00762601409,0.304847938572,0.0,0.0,0.24675799304,0.063958895335,0.310716888375,0.063958895335,0.156561196591,0.0356759622678,0.120545118231,0.36072684863
 07/30  02:00:00,0.827502374594,0.28379743354,0.0,0.0,0.172205896062,0.0446353761906,0.216841272252,0.0446353761906,0.102574567583,0.023373915055,0.104768111347,0.356544508356
 07/30  03:00:00,0.743020858025,0.289362467404,0.0,0.0,0.117620390641,0.0304854079534,0.148105798594,0.0304854079534,0.102574567583,0.023373915055,0.0940408767647,0.351525700027
 07/30  04:00:00,0.625562153177,0.350126579067,0.0,0.0,0.0251291148446,0.00660663908566,0.0317357539302,0.00660663908566,0.102574567583,0.023373915055,0.106231146951,0.338246769658
 07/30  05:00:00,0.699417920426,0.620092803903,0.0,0.0,0.0350905725771,0.0091616828409,0.044252255418,0.0091616828409,0.107973243613,0.0246041219143,0.121732089755,0.377456209726
 07/30  06:00:00,0.840080410546,1.34690241112,0.0,0.22191469715,0.0,0.00616248049416,0.00616248049416,0.00616248049416,0.151162506908,0.0344457798429,0.188796111233,0.436113532068
 07/30  07:00:00,1.12007230143,1.37851764376,0.0,0.111253371451,0.0,0.0030893587577,0.0030893587577,0.0030893587577,0.248338385058,0.0565894910929,0.287751764166,0.463403302356
 07/30  08:00:00,1.26406492629,1.2322079933,0.0,0.0,0.194471008624,0.0503858769627,0.244856885587,0.0503858769627,0.188953198156,0.0430572095321,0.372016907847,0.391780725164
 07/30  09:00:00,1.34425478914,1.11907922017,0.0,0.0,0.322431297443,0.080946541812,0.403377839255,0.080946541812,0.102574567583,0.023373915055,0.458091388909,0.333437078342
 07/30  10:00:00,1.64938608816,0.987812686642,0.0,0.0,0.558172593365,0.137624390619,0.695796983985,0.137624390619,0.0863785921098,0.0196832975314,0.48284824818,0.341278966356
 07/30  11:00:00,1.92369435693,0.869082658494,0.0,0.0,0.766183015977,0.18529648997,0.951479505947,0.18529648997,0.0863785921098,0.0196832975314,0.501369436475,0.341383524863
 07/30  12:00:00,2.21178306708,0.777913269993,0.0,0.0,1.01850802175,0.243625176857,1.26213319861,0.243625176857,0.0863785921098,0.0196832975314,0.484555171843,0.335632806986
 07/30  13:00:00,2.42725206864,0.723278536337,0.0,0.0,1.2162429495,0.290946849325,1.50718979883,0.290946849325,0.0863785921098,0.0196832975314,0.443361578923,0.347238801247
 07/30  14:00:00,2.59712671704,0.671541192563,0.0,0.0,1.36529239499,0.326641953071,1.69193434806,0.326641953071,0.0863785921098,0.0196832975314,0.408939237309,0.366791242027
 07/30  15:00:00,2.61579959545,0.679537578959,0.0,0.0,1.3533174709,0.330974451747,1.68429192264,0.330974451747,0.0863785921098,0.0196832975314,0.414865632307,0.387180150863
 07/30  16:00:00,2.97587949028,0.753452207705,0.0,0.0,1.54454890822,0.37373923164,1.91828813986,0.37373923164,0.0917772418317,0.0209135043907,0.463534344206,0.45796626
 07/30  17:00:00,3.16818883981,0.898264411682,0.0,0.0,1.52756978168,0.373690200548,1.90125998223,0.373690200548,0.107973243613,0.0246041219143,0.554595677112,0.556355814945
 07/30  18:00:00,3.19854054329,1.03827803186,0.0,0.0,1.46088944305,0.357418135072,1.81830757812,0.357418135072,0.172757131604,0.0393666011715,0.510674738334,0.604034494068
 07/30  19:00:00,3.05755975622,1.0685656665,0.0,0.0,1.2611774471,0.314423806102,1.5756012532,0.314423806102,0.329318328195,0.0750425634392,0.43071523504,0.623482376342
 07/30  20:00:00,3.08783679303,0.994515510807,0.0,0.0,1.03556846963,0.262711638636,1.29828010826,0.262711638636,0.593852779805,0.135322662893,0.392064371819,0.644916870247
 07/30  21:00:00,3.19877910014,0.893444802224,0.0,0.0,0.889152910105,0.227242236863,1.11639514697,0.227242236863,0.858387231415,0.195602762346,0.375133514152,0.62986044526
 07/30  22:00:00,2.61778669418,0.737597268643,0.0,0.0,0.684615836616,0.176452996104,0.86106883272,0.176452996104,0.718022103873,0.163617408439,0.306614852939,0.545063496205
 07/30  23:00:00,1.88836964442,0.565971688785,0.0,0.0,0.453653848806,0.118591794186,0.572245642992,0.118591794186,0.496676901655,0.113178951643,0.209218112099,0.473650036027
 07/30  24:00:00,1.1783547347,0.383468113801,0.0,0.0,0.240768794338,0.0633744210194,0.304143215358,0.0633744210194,0.259135764424,0.0590498864857,0.140845143271,0.391780725164
 07/31  01:00:00,0.821140015329,0.297418197347,0.0,0.0,0.101876880935,0.0269588700724,0.128835751008,0.0269588700724,0.156561196591,0.0356759622678,0.115940256832,0.36072684863
 07/31  02:00:00,0.626952071676,0.278292093004,0.0,0.0,0.0152911743388,0.00404623981629,0.0193374141551,0.00404623981629,0.102574567583,0.023373915055,0.101721666527,0.356544508356
 07/31  03:00:00,0.601461500147,0.57624459143,0.0,0.292836442354,0.0,0.00813941223903,0.00813941223903,0.00813941223903,0.102574567583,0.023373915055,0.0924479052419,0.351525700027
 07/31  04:00:00,0.606454790911,0.904691890985,0.0,0.566505089502,0.0,0.0157447398596,0.0157447398596,0.0157447398596,0.102574567583,0.023373915055,0.103114798755,0.338246769658
 07/31  05:00:00,0.668496001045,1.23779519555,0.0,0.65164070283,0.0,0.0181098107035,0.0181098107035,0.0181098107035,0.107973243613,0.0246041219143,0.116952615088,0.377456209726
 07/31  06:00:00,0.838396136391,1.65487099653,0.0,0.607229245138,0.0,0.0168746371919,0.0168746371919,0.0168746371919,0.151162506908,0.0344457798429,0.176399680379,0.436113532068
 07/31  07:00:00,1.10007333367,1.45380775847,0.0,0.279926634033,0.0,0.00777864642405,0.00777864642405,0.00777864642405,0.248338385058,0.0565894910929,0.263063508738,0.463403302356
 07/31  08:00:00,1.1150716539,1.13511900386,0.0,0.0,0.106179634824,0.0275274958686,0.133707130693,0.0275274958686,0.188953198156,0.0430572095321,0.334173390357,0.391780725164
 07/31  09:00:00,1.27933035253,1.0299527766,0.0,0.0,0.312504025547,0.0784856117122,0.390989637259,0.0784856117122,0.102574567583,0.023373915055,0.405555154289,0.333437078342
 07/31  10:00:00,1.53219523596,0.911391563633,0.0,0.0,0.512652700438,0.125355698598,0.638008399036,0.125355698598,0.0863785921098,0.0196832975314,0.423445980927,0.341278966356
 07/31  11:00:00,1.79899997658,0.805663218629,0.0,0.0,0.715039118801,0.172982892684,0.888022011485,0.172982892684,0.0863785921098,0.0196832975314,0.440132550593,0.341383524863
 07/31  12:00:00,2.04635767229,0.722919667126,0.0,0.0,0.929967328814,0.222519398578,1.15248672739,0.222519398578,0.0863785921098,0.0196832975314,0.428776248271,0.335632806986
 07/31  13:00:00,2.2796249157,0.675522777236,0.0,0.0,1.14013566592,0.270279684383,1.41041535031,0.270279684383,0.0863785921098,0.0196832975314,0.392508874502,0.347238801247
 07/31  14:00:00,2.3693905323,0.62831099442,0.0,0.0,1.21562621017,0.294218453859,1.50984466403,0.294218453859,0.0863785921098,0.0196832975314,0.363292736595,0.366791242027
 07/31  15:00:00,2.63444414642,0.636531734554,0.0,0.0,1.4089102854,0.337261656397,1.7461719418,0.337261656397,0.0863785921098,0.0196832975314,0.371630164121,0.387180150863
 07/31  16:00:00,3.08679386783,0.700780905552,0.0,0.0,1.68102874061,0.390078015764,2.07110675637,0.390078015764,0.0917772418317,0.0209135043907,0.421630105235,0.45796626
 07/31  17:00:00,3.52590993469,0.834986129616,0.0,0.0,1.86339521634,0.436829779209,2.30022499555,0.436829779209,0.107973243613,0.0246041219143,0.513351758673,0.556355814945
 07/31  18:00:00,3.54587036278,0.956065582017,0.0,0.0,1.7867403294,0.418925769518,2.20566609892,0.418925769518,0.172757131604,0.0393666011715,0.470646037016,0.604034494068
 07/31  19:00:00,3.44609768349,0.976561049707,0.0,0.0,1.61977576476,0.384315628796,2.00409139355,0.384315628796,0.329318328195,0.0750425634392,0.39076302196,0.623482376342
 07/31  20:00:00,3.46267082497,0.90713593631,0.0,0.0,1.37953953227,0.334239206511,1.71377873878,0.334239206511,0.593852779805,0.135322662893,0.351399773249,0.644916870247
 07/31  21:00:00,3.50989545046,0.820205459253,0.0,0.0,1.1779705597,0.291082271157,1.46905283086,0.291082271157,0.858387231415,0.195602762346,0.333592180578,0.62986044526
 07/31  22:00:00,2.84559554575,0.679870362935,0.0,0.0,0.894878902098,0.227007529342,1.12188643144,0.227007529342,0.718022103873,0.163617408439,0.273606105789,0.545063496205
 07/31  23:00:00,2.06590384466,0.530022288892,0.0,0.0,0.609641663735,0.158262165676,0.767903829411,0.158262165676,0.496676901655,0.113178951643,0.191094125924,0.473650036027
 07/31  24:00:00,1.29782687719,0.37011785818,0.0,0.0,0.341021189619,0.0902634651245,0.431284654744,0.0902634651245,0.259135764424,0.0590498864857,0.133175846376,0.391780725164
 08/01  01:00:00,0.826695735541,0.297388429908,0.0,0.0,0.11124678857,0.0296592055698,0.14090599414,0.0296592055698,0.151255659219,0.0344669767196,0.115940256832,0.36072684863
 08/01  02:00:00,0.607957540627,0.27819120539,0.0,0.0,0.0,0.0,0.0,0.0,0.102853817299,0.0234375484454,0.101721666527,0.356544508356
 08/01  03:00:00,0.593664971013,0.283411602232,0.0,0.0,0.0,0.0,0.0,0.0,0.102853817299,0.0234375484454,0.0924479052419,0.351525700027
 08/01  04:00:00,0.591052934156,0.338347434744,0.0,0.0,0.0,0.0,0.0,0.0,0.102853817299,0.0234375484454,0.103114798755,0.338246769658
 08/01  05:00:00,0.651529094025,0.58619984319,0.0,0.0,0.0,0.0,0.0,0.0,0.108904041086,0.024816228125,0.116952615088,0.377456209726
 08/01  06:00:00,0.851351396549,1.0472354452,0.0,0.0,0.0,0.0,0.0,0.0,0.175456476445,0.0399817076554,0.176399680379,0.436113532068
 08/01  07:00:00,1.16624087385,1.17331568973,0.0,0.0,0.0,0.0,0.0,0.0,0.308561426586,0.0703126361731,0.263063508738,0.463403302356
 08/01  08:00:00,1.04651022368,1.13440146861,0.0,0.0,0.0,0.0,0.0,0.0,0.242008951516,0.0551471566428,0.334173390357,0.391780725164
 08/01  09:00:00,0.910970305724,1.02926556046,0.0,0.0,0.0,0.0,0.0,0.0,0.121004488662,0.02757358443,0.405555154289,0.333437078342
 08/01  10:00:00,0.90698740956,0.910606869677,0.0,0.0,0.0,0.0,0.0,0.0,0.0968035935106,0.0220588687657,0.423445980927,0.341278966356
 08/01  11:00:00,0.923778537733,0.804599168172,0.0,0.0,0.0,0.0,0.0,0.0,0.0968035935106,0.0220588687657,0.440132550593,0.341383524863
 08/01  12:00:00,1.14760254196,0.721691536256,0.0,0.0,0.192132281302,0.0487987431236,0.240931024425,0.0487987431236,0.0968035935106,0.0220588687657,0.428776248271,0.335632806986
 08/01  13:00:00,1.45355535178,0.674231612845,0.0,0.0,0.45737479899,0.11417041477,0.57154521376,0.11417041477,0.0968035935106,0.0220588687657,0.392508874502,0.347238801247
 08/01  14:00:00,1.73750857877,0.627104794123,0.0,0.0,0.692315927884,0.172846209984,0.865162137868,0.172846209984,0.0968035935106,0.0220588687657,0.363292736595,0.366791242027
 08/01  15:00:00,2.10267619751,0.635303688644,0.0,0.0,0.963448445465,0.238154974785,1.20160342025,0.238154974785,0.0968035935106,0.0220588687657,0.371630164121,0.387180150863
 08/01  16:00:00,2.48727693735,0.69940554774,0.0,0.0,1.16896844936,0.28902075701,1.45798920637,0.28902075701,0.102853817299,0.0234375484454,0.421630105235,0.45796626
 08/01  17:00:00,2.85488956659,0.833284224617,0.0,0.0,1.28140630837,0.316939804581,1.59834611295,0.316939804581,0.133104936238,0.0303309437893,0.513351758673,0.556355814945
 08/01  18:00:00,2.9408576944,0.954127166136,0.0,0.0,1.2303390912,0.307568693185,1.53790778439,0.307568693185,0.223858239941,0.0510111389839,0.470646037016,0.604034494068
 08/01  19:00:00,2.91923858862,0.974397719223,0.0,0.0,1.07342506371,0.273287077063,1.34671214078,0.273287077063,0.435616137039,0.0992649125,0.39076302196,0.623482376342
 08/01  20:00:00,2.96164892675,0.904940756023,0.0,0.0,0.81424807489,0.213929096061,1.02817717095,0.213929096061,0.744177563625,0.169577548673,0.351399773249,0.644916870247
 08/01  21:00:00,2.86689642513,0.817967651009,0.0,0.0,0.557075062477,0.149201953901,0.706277016378,0.149201953901,0.955935460723,0.217831322189,0.333592180578,0.62986044526
 08/01  22:00:00,2.17646684055,0.677867176108,0.0,0.0,0.361046911576,0.0967396802762,0.457786591852,0.0967396802762,0.713926511704,0.162684135003,0.273606105789,0.545063496205
 08/01  23:00:00,1.47066253913,0.528256955947,0.0,0.0,0.136707941048,0.0366403519176,0.173348292965,0.0366403519176,0.496118374918,0.113051709296,0.191094125924,0.473650036027
 08/01  24:00:00,0.86037051955,0.368694453464,0.0,0.0,0.0,0.0,0.0,0.0,0.254109425899,0.0579045221107,0.133175846376,0.391780725164
 08/02  01:00:00,0.685789741401,0.296421464974,0.0,0.0,0.0,0.0,0.0,0.0,0.151255659219,0.0344669767196,0.115940256832,0.36072684863
 08/02  02:00:00,0.607957540627,0.277472534448,0.0,0.0,0.0,0.0,0.0,0.0,0.102853817299,0.0234375484454,0.101721666527,0.356544508356
 08/02  03:00:00,0.593664971013,0.282844979587,0.0,0.0,0.0,0.0,0.0,0.0,0.102853817299,0.0234375484454,0.0924479052419,0.351525700027
 08/02  04:00:00,0.591052934156,0.337895488005,0.0,0.0,0.0,0.0,0.0,0.0,0.102853817299,0.0234375484454,0.103114798755,0.338246769658
 08/02  05:00:00,0.651529094025,0.585582399406,0.0,0.0,0.0,0.0,0.0,0.0,0.108904041086,0.024816228125,0.116952615088,0.377456209726
 08/02  06:00:00,0.851351396549,1.04616256502,0.0,0.0,0.0,0.0,0.0,0.0,0.175456476445,0.0399817076554,0.176399680379,0.436113532068
 08/02  07:00:00,1.16624087385,1.17215835416,0.0,0.0,0.0,0.0,0.0,0.0,0.308561426586,0.0703126361731,0.263063508738,0.463403302356
 08/02  08:00:00,1.04651022368,1.1333432313,0.0,0.0,0.0,0.0,0.0,0.0,0.242008951516,0.0551471566428,0.334173390357,0.391780725164
 08/02  09:00:00,0.910970305724,1.02817388124,0.0,0.0,0.0,0.0,0.0,0.0,0.121004488662,0.02757358443,0.405555154289,0.333437078342
 08/02  10:00:00,0.90698740956,0.909572837124,0.0,0.0,0.0,0.0,0.0,0.0,0.0968035935106,0.0220588687657,0.423445980927,0.341278966356
 08/02  11:00:00,0.923778537733,0.803651684851,0.0,0.0,0.0,0.0,0.0,0.0,0.0968035935106,0.0220588687657,0.440132550593,0.341383524863
 08/02  12:00:00,1.00367689144,0.72066029634,0.0,0.0,0.0772952349573,0.0197101389477,0.097005373905,0.0197101389477,0.0968035935106,0.0220588687657,0.428776248271,0.335632806986
 08/02  13:00:00,1.28951546246,0.673205671575,0.0,0.0,0.326513868072,0.080991456366,0.407505324438,0.080991456366,0.0968035935106,0.0220588687657,0.392508874502,0.347238801247
 08/02  14:00:00,1.55007575286,0.626085696164,0.0,0.0,0.543011744674,0.134717567283,0.677729311958,0.134717567283,0.0968035935106,0.0220588687657,0.363292736595,0.366791242027
 08/02  15:00:00,1.8532749743,0.634203639368,0.0,0.0,0.761324397417,0.190877799625,0.952202197043,0.190877799625,0.0968035935106,0.0220588687657,0.371630164121,0.387180150863
 08/02  16:00:00,2.33441845675,0.698463233374,0.0,0.0,1.04560568093,0.259525044844,1.30513072577,0.259525044844,0.102853817299,0.0234375484454,0.421630105235,0.45796626
 08/02  17:00:00,2.73405253249,0.832179581152,0.0,0.0,1.18359919983,0.293909879025,1.47750907885,0.293909879025,0.133104936238,0.0303309437893,0.513351758673,0.556355814945
 08/02  18:00:00,2.85522225757,0.952931275937,0.0,0.0,1.15887993063,0.293392416928,1.45227234756,0.293392416928,0.223858239941,0.0510111389839,0.470646037016,0.604034494068
 08/02  19:00:00,2.88424923727,0.973239839115,0.0,0.0,1.04292804111,0.268794748319,1.31172278943,0.268794748319,0.435616137039,0.0992649125,0.39076302196,0.623482376342
 08/02  20:00:00,2.92125623271,0.90379848799,0.0,0.0,0.780196960512,0.207587516404,0.987784476916,0.207587516404,0.744177563625,0.169577548673,0.351399773249,0.644916870247
 08/02  21:00:00,2.90422617116,0.816948864376,0.0,0.0,0.585790274242,0.157816488165,0.743606762406,0.157816488165,0.955935460723,0.217831322189,0.333592180578,0.62986044526
 08/02  22:00:00,2.12762961387,0.676882182857,0.0,0.0,0.322128536066,0.0868208290976,0.408949365163,0.0868208290976,0.713926511704,0.162684135003,0.273606105789,0.545063496205
 08/02  23:00:00,1.34549578353,0.527267925985,0.0,0.0,0.0379502808136,0.0102312565453,0.0481815373589,0.0102312565453,0.496118374918,0.113051709296,0.191094125924,0.473650036027
 08/02  24:00:00,0.86037051955,0.36800545115,0.0,0.0,0.0,0.0,0.0,0.0,0.254109425899,0.0579045221107,0.133175846376,0.391780725164
 08/03  01:00:00,0.685789741401,0.295893032928,0.0,0.0,0.0,0.0,0.0,0.0,0.151255659219,0.0344669767196,0.115940256832,0.36072684863
 08/03  02:00:00,0.607957540627,0.276996984696,0.0,0.0,0.0,0.0,0.0,0.0,0.102853817299,0.0234375484454,0.101721666527,0.356544508356
 08/03  03:00:00,0.593664971013,0.282350678182,0.0,0.0,0.0,0.0,0.0,0.0,0.102853817299,0.0234375484454,0.0924479052419,0.351525700027
 08/03  04:00:00,0.591052934156,0.337415261308,0.0,0.0,0.0,0.0,0.0,0.0,0.102853817299,0.0234375484454,0.103114798755,0.338246769658
 08/03  05:00:00,0.651529094025,0.584734123442,0.0,0.0,0.0,0.0,0.0,0.0,0.108904041086,0.024816228125,0.116952615088,0.377456209726
 08/03  06:00:00,0.851351396549,1.04507038487,0.0,0.0,0.0,0.0,0.0,0.0,0.175456476445,0.0399817076554,0.176399680379,0.436113532068
 08/03  07:00:00,1.16624087385,1.17104546762,0.0,0.0,0.0,0.0,0.0,0.0,0.308561426586,0.0703126361731,0.263063508738,0.463403302356
 08/03  08:00:00,1.04651022368,1.13229986588,0.0,0.0,0.0,0.0,0.0,0.0,0.242008951516,0.0551471566428,0.334173390357,0.391780725164
 08/03  09:00:00,0.910970305724,1.02728485039,0.0,0.0,0.0,0.0,0.0,0.0,0.121004488662,0.02757358443,0.405555154289,0.333437078342
 08/03  10:00:00,0.90698740956,0.908845554514,0.0,0.0,0.0,0.0,0.0,0.0,0.0968035935106,0.0220588687657,0.423445980927,0.341278966356
 08/03  11:00:00,0.923778537733,0.803030131476,0.0,0.0,0.0,0.0,0.0,0.0,0.0968035935106,0.0220588687657,0.440132550593,0.341383524863
 08/03  12:00:00,1.11305567209,0.720224692244,0.0,0.0,0.166262862189,0.040121292372,0.206384154561,0.040121292372,0.0968035935106,0.0220588687657,0.428776248271,0.335632806986
 08/03  13:00:00,1.47259611325,0.67287658982,0.0,0.0,0.477754693833,0.112831281395,0.590585975228,0.112831281395,0.0968035935106,0.0220588687657,0.392508874502,0.347238801247
 08/03  14:00:00,1.83108784623,0.625988038323,0.0,0.0,0.775515742825,0.183225662504,0.958741405329,0.183225662504,0.0968035935106,0.0220588687657,0.363292736595,0.366791242027
 08/03  15:00:00,2.32265336831,0.634218610177,0.0,0.0,1.15212537259,0.269455218463,1.42158059105,0.269455218463,0.0968035935106,0.0220588687657,0.371630164121,0.387180150863
 08/03  16:00:00,2.72376157559,0.698458974457,0.0,0.0,1.37050395066,0.323969893954,1.69447384461,0.323969893954,0.102853817299,0.0234375484454,0.421630105235,0.45796626
 08/03  17:00:00,3.15894664876,0.832157436785,0.0,0.0,1.53856843116,0.363834763953,1.90240319511,0.363834763953,0.133104936238,0.0303309437893,0.513351758673,0.556355814945
 08/03  18:00:00,3.1794378575,0.952746738068,0.0,0.0,1.43318309065,0.343304856833,1.77648794749,0.343304856833,0.223858239941,0.0510111389839,0.470646037016,0.604034494068
 08/03  19:00:00,3.15073258994,0.972874142495,0.0,0.0,1.26771138694,0.310494755158,1.5782061421,0.310494755158,0.435616137039,0.0992649125,0.39076302196,0.623482376342
 08/03  20:00:00,3.19799942077,0.903442618509,0.0,0.0,1.00755212339,0.256975541585,1.26452766497,0.256975541585,0.744177563625,0.169577548673,0.351399773249,0.644916870247
 08/03  21:00:00,3.19694200573,0.816724032849,0.0,0.0,0.822644549047,0.213678047931,1.03632259698,0.213678047931,0.955935460723,0.217831322189,0.333592180578,0.62986044526
 08/03  22:00:00,2.3196698505,0.676629631678,0.0,0.0,0.472544544662,0.128445057139,0.600989601801,0.128445057139,0.713926511704,0.162684135003,0.273606105789,0.545063496205
 08/03  23:00:00,1.54789357832,0.527063683915,0.0,0.0,0.197029147788,0.0535501843696,0.250579332158,0.0535501843696,0.496118374918,0.113051709296,0.191094125924,0.473650036027
 08/03  24:00:00,0.86037051955,0.367657486042,0.0,0.0,0.0,0.0,0.0,0.0,0.254109425899,0.0579045221107,0.133175846376,0.391780725164
 08/04  01:00:00,0.685789741401,0.29551525708,0.0,0.0,0.0,0.0,0.0,0.0,0.151255659219,0.0344669767196,0.115940256832,0.36072684863
 08/04  02:00:00,0.607957540627,0.27665917097,0.0,0.0,0.0,0.0,0.0,0.0,0.102853817299,0.0234375484454,0.101721666527,0.356544508356
 08/04  03:00:00,0.593664971013,0.281890214248,0.0,0.0,0.0,0.0,0.0,0.0,0.102853817299,0.0234375484454,0.0924479052419,0.351525700027
 08/04  04:00:00,0.591052934156,0.336816583224,0.0,0.0,0.0,0.0,0.0,0.0,0.102853817299,0.0234375484454,0.103114798755,0.338246769658
 08/04  05:00:00,0.651529094025,0.583949692993,0.0,0.0,0.0,0.0,0.0,0.0,0.108904041086,0.024816228125,0.116952615088,0.377456209726
 08/04  06:00:00,0.851351396549,1.04377718209,0.0,0.0,0.0,0.0,0.0,0.0,0.175456476445,0.0399817076554,0.176399680379,0.436113532068
 08/04  07:00:00,1.16624087385,1.16953930623,0.0,0.0,0.0,0.0,0.0,0.0,0.308561426586,0.0703126361731,0.263063508738,0.463403302356
 08/04  08:00:00,1.04651022368,1.13074459639,0.0,0.0,0.0,0.0,0.0,0.0,0.242008951516,0.0551471566428,0.334173390357,0.391780725164
 08/04  09:00:00,0.910970305724,1.0257497807,0.0,0.0,0.0,0.0,0.0,0.0,0.121004488662,0.02757358443,0.405555154289,0.333437078342
 08/04  10:00:00,0.933487738914,0.907376885642,0.0,0.0,0.0212857916764,0.00521453767809,0.0265003293545,0.00521453767809,0.0968035935106,0.0220588687657,0.423445980927,0.341278966356
 08/04  11:00:00,1.15789350461,0.801917268935,0.0,0.0,0.189307726022,0.0448072408516,0.234114966874,0.0448072408516,0.0968035935106,0.0220588687657,0.440132550593,0.341383524863
 08/04  12:00:00,1.48937451776,0.719400820731,0.0,0.0,0.47324657083,0.109456429393,0.582703000223,0.109456429393,0.0968035935106,0.0220588687657,0.428776248271,0.335632806986
 08/04  13:00:00,1.87452753343,0.672269362355,0.0,0.0,0.807662836733,0.184854558675,0.992517395408,0.184854558675,0.0968035935106,0.0220588687657,0.392508874502,0.347238801247
 08/04  14:00:00,2.23454798658,0.625468151696,0.0,0.0,1.11115684423,0.251044701454,1.36220154568,0.251044701454,0.0968035935106,0.0220588687657,0.363292736595,0.366791242027
 08/04  15:00:00,2.52208621508,0.633757504315,0.0,0.0,1.31899569848,0.302017739345,1.62101343782,0.302017739345,0.0968035935106,0.0220588687657,0.371630164121,0.387180150863
 08/04  16:00:00,3.00571834427,0.697982050164,0.0,0.0,1.61206082625,0.364369787039,1.97643061329,0.364369787039,0.102853817299,0.0234375484454,0.421630105235,0.45796626
 08/04  17:00:00,3.4139149594,0.831645240131,0.0,0.0,1.75528334661,0.402088159142,2.15737150576,0.402088159142,0.133104936238,0.0303309437893,0.513351758673,0.556355814945
 08/04  18:00:00,3.38614842933,0.952170782164,0.0,0.0,1.60637704473,0.376821474586,1.98319851932,0.376821474586,0.223858239941,0.0510111389839,0.470646037016,0.604034494068
 08/04  19:00:00,3.39299343761,0.972339750326,0.0,0.0,1.47158372668,0.348883263087,1.82046698977,0.348883263087,0.435616137039,0.0992649125,0.39076302196,0.623482376342
 08/04  20:00:00,3.3762512398,0.90281578781,0.0,0.0,1.15372241367,0.289057070334,1.442779484,0.289057070334,0.744177563625,0.169577548673,0.351399773249,0.644916870247
 08/04  21:00:00,3.31733645957,0.816067262965,0.0,0.0,0.917922518887,0.238794531928,1.15671705082,0.238794531928,0.955935460723,0.217831322189,0.333592180578,0.62986044526
 08/04  22:00:00,2.55947267299,0.676263967115,0.0,0.0,0.664939022662,0.175853401625,0.840792424286,0.175853401625,0.713926511704,0.162684135003,0.273606105789,0.545063496205
 08/04  23:00:00,1.82106602878,0.526900844664,0.0,0.0,0.412821557148,0.110930225464,0.523751782612,0.110930225464,0.496118374918,0.113051709296,0.191094125924,0.473650036027
 08/04  24:00:00,1.08772362164,0.367563532209,0.0,0.0,0.178737078545,0.0486160235454,0.227353102091,0.0486160235454,0.254109425899,0.0579045221107,0.133175846376,0.391780725164
 08/05  01:00:00,0.741697404032,0.302226636071,0.0,0.0,0.040334849828,0.0109679514039,0.0513028012319,0.0109679514039,0.151255659219,0.0344669767196,0.120545118231,0.36072684863
 08/05  02:00:00,0.611003985447,0.281365462525,0.0,0.0,0.0,0.0,0.0,0.0,0.102853817299,0.0234375484454,0.104768111347,0.356544508356
 08/05  03:00:00,0.595257942536,0.286980560231,0.0,0.0,0.0,0.0,0.0,0.0,0.102853817299,0.0234375484454,0.0940408767647,0.351525700027
 08/05  04:00:00,0.594169282352,0.34741423414,0.0,0.0,0.0,0.0,0.0,0.0,0.102853817299,0.0234375484454,0.106231146951,0.338246769658
 08/05  05:00:00,0.656308568692,0.615887165117,0.0,0.0,0.0,0.0,0.0,0.0,0.108904041086,0.024816228125,0.121732089755,0.377456209726
 08/05  06:00:00,0.863747827402,1.11791180966,0.0,0.0,0.0,0.0,0.0,0.0,0.175456476445,0.0399817076554,0.188796111233,0.436113532068
 08/05  07:00:00,1.19092912928,1.2593497559,0.0,0.0,0.0,0.0,0.0,0.0,0.308561426586,0.0703126361731,0.287751764166,0.463403302356
 08/05  08:00:00,1.08435374117,1.2242029518,0.0,0.0,0.0,0.0,0.0,0.0,0.242008951516,0.0551471566428,0.372016907847,0.391780725164
 08/05  09:00:00,1.22479354716,1.11169780457,0.0,0.0,0.209433472391,0.05185353443,0.261287006821,0.05185353443,0.121004488662,0.02757358443,0.458091388909,0.333437078342
 08/05  10:00:00,1.65189360176,0.981381382457,0.0,0.0,0.555492864064,0.130011060881,0.685503924945,0.130011060881,0.0968035935106,0.0220588687657,0.48284824818,0.341278966356
 08/05  11:00:00,1.99421966916,0.863489569803,0.0,0.0,0.819779329468,0.189424916078,1.00920424555,0.189424916078,0.0968035935106,0.0220588687657,0.501369436475,0.341383524863
 08/05  12:00:00,2.23510061246,0.772937692971,0.0,0.0,1.03376209558,0.238888075768,1.27265017135,0.238888075768,0.0968035935106,0.0220588687657,0.484555171843,0.335632806986
 08/05  13:00:00,2.35997539046,0.718616228255,0.0,0.0,1.15916205497,0.267950493045,1.42711254802,0.267950493045,0.0968035935106,0.0220588687657,0.443361578923,0.347238801247
 08/05  14:00:00,2.77962807151,0.667622128752,0.0,0.0,1.52553551763,0.336099612268,1.86163512989,0.336099612268,0.0968035935106,0.0220588687657,0.408939237309,0.366791242027
 08/05  15:00:00,2.95455466722,0.675607955244,0.0,0.0,1.6432472435,0.366999178274,2.01024642177,0.366999178274,0.0968035935106,0.0220588687657,0.414865632307,0.387180150863
 08/05  16:00:00,3.03992899511,0.74913541033,0.0,0.0,1.59501408598,0.373722939184,1.96873702516,0.373722939184,0.102853817299,0.0234375484454,0.463534344206,0.45796626
 08/05  17:00:00,3.41208994603,0.893102146311,0.0,0.0,1.71704164135,0.397260932604,2.11430257395,0.397260932604,0.133104936238,0.0303309437893,0.554595677112,0.556355814945
 08/05  18:00:00,3.21401764923,1.03214440179,0.0,0.0,1.42858535872,0.342453679182,1.77103903791,0.342453679182,0.223858239941,0.0510111389839,0.510674738334,0.604034494068
 08/05  19:00:00,3.19511958323,1.06186382333,0.0,0.0,1.27415433274,0.308486589574,1.58264092231,0.308486589574,0.435616137039,0.0992649125,0.43071523504,0.623482376342
 08/05  20:00:00,3.28843094757,0.988159330802,0.0,0.0,1.05138910443,0.262905488771,1.3142945932,0.262905488771,0.744177563625,0.169577548673,0.392064371819,0.644916870247
 08/05  21:00:00,3.32784275067,0.887587296107,0.0,0.0,0.897014173009,0.228667835341,1.12568200835,0.228667835341,0.955935460723,0.217831322189,0.375133514152,0.62986044526
 08/05  22:00:00,2.68484555487,0.732729968623,0.0,0.0,0.743613569386,0.189542989627,0.933156559014,0.189542989627,0.713926511704,0.162684135003,0.306614852939,0.545063496205
 08/05  23:00:00,1.96337660442,0.562096562894,0.0,0.0,0.513471687383,0.134466684699,0.647938372083,0.134466684699,0.496118374918,0.113051709296,0.209218112099,0.473650036027
 08/05  24:00:00,1.30340253119,0.380635964644,0.0,0.0,0.344502972972,0.0908597417716,0.435362714743,0.0908597417716,0.254109425899,0.0579045221107,0.140845143271,0.391780725164
 08/06  01:00:00,0.99020941424,0.302081448466,0.0,0.0,0.237251436381,0.0625633750592,0.29981481144,0.0625633750592,0.151255659219,0.0344669767196,0.120545118231,0.36072684863
 08/06  02:00:00,0.822301262844,0.281209240359,0.0,0.0,0.167209642733,0.0440876346632,0.211297277397,0.0440876346632,0.102853817299,0.0234375484454,0.104768111347,0.356544508356
 08/06  03:00:00,0.747298827943,0.286699321869,0.0,0.0,0.120317726659,0.0317231587482,0.152040885407,0.0317231587482,0.102853817299,0.0234375484454,0.0940408767647,0.351525700027
 08/06  04:00:00,0.700969737462,0.347009681349,0.0,0.0,0.0845194800425,0.0222809750669,0.106800455109,0.0222809750669,0.102853817299,0.0234375484454,0.106231146951,0.338246769658
 08/06  05:00:00,0.722809900458,0.615219012603,0.0,0.0,0.052538796421,0.0139625353454,0.0665013317664,0.0139625353454,0.108904041086,0.024816228125,0.121732089755,0.377456209726
 08/06  06:00:00,0.863747827402,1.11665943462,0.0,0.0,0.0,0.0,0.0,0.0,0.175456476445,0.0399817076554,0.188796111233,0.436113532068
 08/06  07:00:00,1.34356475932,1.25783647386,0.0,0.0,0.120598267163,0.0320373628762,0.152635630039,0.0320373628762,0.308561426586,0.0703126361731,0.287751764166,0.463403302356
 08/06  08:00:00,1.27022202077,1.22280312629,0.0,0.0,0.147630719583,0.0382375600199,0.185868279603,0.0382375600199,0.242008951516,0.0551471566428,0.372016907847,0.391780725164
 08/06  09:00:00,1.41653383604,1.11035226933,0.0,0.0,0.362550686326,0.0904766093661,0.453027295692,0.0904766093661,0.121004488662,0.02757358443,0.458091388909,0.333437078342
 08/06  10:00:00,1.70867424369,0.980166344437,0.0,0.0,0.597833055105,0.144451511773,0.742284566879,0.144451511773,0.0968035935106,0.0220588687657,0.48284824818,0.341278966356
 08/06  11:00:00,1.98323371261,0.86230652817,0.0,0.0,0.807418488928,0.190799800068,0.998218288996,0.190799800068,0.0968035935106,0.0220588687657,0.501369436475,0.341383524863
 08/06  12:00:00,2.11649255606,0.771580521806,0.0,0.0,0.933465522544,0.220576592413,1.15404211496,0.220576592413,0.0968035935106,0.0220588687657,0.484555171843,0.335632806986
 08/06  13:00:00,2.3816056918,0.717544226009,0.0,0.0,1.17415331916,0.274589530195,1.44874284935,0.274589530195,0.0968035935106,0.0220588687657,0.443361578923,0.347238801247
 08/06  14:00:00,2.38286638753,0.666153927034,0.0,0.0,1.18488071806,0.279992727858,1.46487344592,0.279992727858,0.0968035935106,0.0220588687657,0.408939237309,0.366791242027
 08/06  15:00:00,2.7793429716,0.674339251622,0.0,0.0,1.49373808069,0.341296645461,1.83503472616,0.341296645461,0.0968035935106,0.0220588687657,0.414865632307,0.387180150863
 08/06  16:00:00,2.97943581452,0.747948726112,0.0,0.0,1.55021209256,0.358031752014,1.90824384457,0.358031752014,0.102853817299,0.0234375484454,0.463534344206,0.45796626
 08/06  17:00:00,3.47885717154,0.892045501876,0.0,0.0,1.77184629081,0.409223508654,2.18106979946,0.409223508654,0.133104936238,0.0303309437893,0.554595677112,0.556355814945
 08/06  18:00:00,3.35048957128,1.0311206951,0.0,0.0,1.54289169453,0.364619265424,1.90751095995,0.364619265424,0.223858239941,0.0510111389839,0.510674738334,0.604034494068
 08/06  19:00:00,3.36393738008,1.06100841733,0.0,0.0,1.41339744166,0.338061277495,1.75145871916,0.338061277495,0.435616137039,0.0992649125,0.43071523504,0.623482376342
 08/06  20:00:00,3.46185131872,0.98732338131,0.0,0.0,1.19558065732,0.292134307031,1.48771496435,0.292134307031,0.744177563625,0.169577548673,0.392064371819,0.644916870247
 08/06  21:00:00,3.52753123151,0.887131838926,0.0,0.0,1.06279369672,0.262576792469,1.32537048919,0.262576792469,0.955935460723,0.217831322189,0.375133514152,0.62986044526
 08/06  22:00:00,2.84748957014,0.732165685142,0.0,0.0,0.877132701036,0.218667873248,1.09580057428,0.218667873248,0.713926511704,0.162684135003,0.306614852939,0.545063496205
 08/06  23:00:00,2.16873976513,0.5616487673,0.0,0.0,0.681599644952,0.171701887842,0.853301532793,0.171701887842,0.496118374918,0.113051709296,0.209218112099,0.473650036027
 08/06  24:00:00,1.49726848561,0.380351215272,0.0,0.0,0.501783395062,0.127445274101,0.629228669163,0.127445274101,0.254109425899,0.0579045221107,0.140845143271,0.391780725164
 08/07  01:00:00,1.18749669578,0.294871711353,0.0,0.0,0.400099215814,0.101607738569,0.501706954383,0.101607738569,0.151255659219,0.0344669767196,0.115940256832,0.36072684863
 08/07  02:00:00,0.842000796966,0.275706044485,0.0,0.0,0.185060940561,0.0489823157784,0.234043256339,0.0489823157784,0.102853817299,0.0234375484454,0.101721666527,0.356544508356
 08/07  03:00:00,0.780838379254,0.280732846602,0.0,0.0,0.148008852143,0.0391645560979,0.18717340824,0.0391645560979,0.102853817299,0.0234375484454,0.0924479052419,0.351525700027
 08/07  04:00:00,0.726452265767,0.335197733913,0.0,0.0,0.107074918606,0.0283244130052,0.135399331611,0.0283244130052,0.102853817299,0.0234375484454,0.103114798755,0.338246769658
 08/07  05:00:00,0.772866383009,0.581649092366,0.0,0.0,0.0959616636426,0.025375625341,0.121337288984,0.025375625341,0.108904041086,0.024816228125,0.116952615088,0.377456209726
 08/07  06:00:00,1.05157575092,1.0402437602,0.0,0.0,0.15862748903,0.0415968653375,0.200224354367,0.0415968653375,0.175456476445,0.0399817076554,0.176399680379,0.436113532068
 08/07  07:00:00,1.4028482714,1.16553312399,0.0,0.0,0.18775679176,0.0488506057885,0.236607397548,0.0488506057885,0.308561426586,0.0703126361731,0.263063508738,0.463403302356
 08/07  08:00:00,1.27575497223,1.12652674725,0.0,0.0,0.18227354542,0.0469712031249,0.229244748545,0.0469712031249,0.242008951516,0.0551471566428,0.334173390357,0.391780725164
 08/07  09:00:00,1.17170109279,1.02170873766,0.0,0.0,0.207655494473,0.0530752925928,0.260730787066,0.0530752925928,0.121004488662,0.02757358443,0.405555154289,0.333437078342
 08/07  10:00:00,1.32894679794,0.903774978915,0.0,0.0,0.33732660221,0.0846327861674,0.421959388378,0.0846327861674,0.0968035935106,0.0220588687657,0.423445980927,0.341278966356
 08/07  11:00:00,1.39886284447,0.798486280686,0.0,0.0,0.379821188373,0.0952631183681,0.475084306742,0.0952631183681,0.0968035935106,0.0220588687657,0.440132550593,0.341383524863
 08/07  12:00:00,1.58295970607,0.716129257271,0.0,0.0,0.541837123248,0.134451065285,0.676288188534,0.134451065285,0.0968035935106,0.0220588687657,0.428776248271,0.335632806986
 08/07  13:00:00,1.61699707347,0.66880994068,0.0,0.0,0.588892068752,0.146094866696,0.734986935448,0.146094866696,0.0968035935106,0.0220588687657,0.392508874502,0.347238801247
 08/07  14:00:00,1.52040612072,0.621889764527,0.0,0.0,0.515514270865,0.132545408956,0.648059679821,0.132545408956,0.0968035935106,0.0220588687657,0.363292736595,0.366791242027
 08/07  15:00:00,1.94994117127,0.630017267401,0.0,0.0,0.84201373833,0.206854655684,1.04886839401,0.206854655684,0.0968035935106,0.0220588687657,0.371630164121,0.387180150863
 08/07  16:00:00,2.36194376593,0.693946517935,0.0,0.0,1.07216999968,0.260486035278,1.33265603495,0.260486035278,0.102853817299,0.0234375484454,0.421630105235,0.45796626
 08/07  17:00:00,2.51997657012,0.827052245606,0.0,0.0,1.01252708678,0.250906029696,1.26343311648,0.250906029696,0.133104936238,0.0303309437893,0.513351758673,0.556355814945
 08/07  18:00:00,2.62032950335,0.947260339426,0.0,0.0,0.973691638409,0.243687954929,1.21737959334,0.243687954929,0.223858239941,0.0510111389839,0.470646037016,0.604034494068
 08/07  19:00:00,2.72488037477,0.967843729861,0.0,0.0,0.921720212314,0.230633714612,1.15235392693,0.230633714612,0.435616137039,0.0992649125,0.39076302196,0.623482376342
 08/07  20:00:00,2.95423941808,0.899006652765,0.0,0.0,0.81514826131,0.205619400972,1.02076766228,0.205619400972,0.744177563625,0.169577548673,0.351399773249,0.644916870247
 08/07  21:00:00,3.06189439262,0.81284262219,0.0,0.0,0.718362593506,0.182912390364,0.90127498387,0.182912390364,0.955935460723,0.217831322189,0.333592180578,0.62986044526
 08/07  22:00:00,2.4245591985,0.673529144504,0.0,0.0,0.56176976237,0.144109187427,0.705878949797,0.144109187427,0.713926511704,0.162684135003,0.273606105789,0.545063496205
 08/07  23:00:00,1.80120527194,0.524749917094,0.0,0.0,0.400324146856,0.103566878919,0.503891025776,0.103566878919,0.496118374918,0.113051709296,0.191094125924,0.473650036027
 08/07  24:00:00,1.18672935436,0.365934897261,0.0,0.0,0.259292317483,0.0670665173284,0.326358834811,0.0670665173284,0.254109425899,0.0579045221107,0.133175846376,0.391780725164
 08/08  01:00:00,0.9178260998,0.294051309582,0.0,0.0,0.184355230389,0.04768112801,0.232036358399,0.04768112801,0.151255659219,0.0344669767196,0.115940256832,0.36072684863
 08/08  02:00:00,0.771692604136,0.275051422642,0.0,0.0,0.130096358159,0.0336387053504,0.16373506351,0.0336387053504,0.102853817299,0.0234375484454,0.101721666527,0.356544508356
 08/08  03:00:00,0.70292790691,0.280198853344,0.0,0.0,0.0868187609724,0.0224441749245,0.109262935897,0.0224441749245,0.102853817299,0.0234375484454,0.0924479052419,0.351525700027
 08/08  04:00:00,0.658328139179,0.334691671442,0.0,0.0,0.0533858940711,0.0138893109516,0.0672752050227,0.0138893109516,0.102853817299,0.0234375484454,0.103114798755,0.338246769658
 08/08  05:00:00,0.722816198081,0.581033087238,0.0,0.0,0.0565744782678,0.0147126257877,0.0712871040555,0.0147126257877,0.108904041086,0.024816228125,0.116952615088,0.377456209726
 08/08  06:00:00,0.982840080292,1.03937793199,0.0,0.0,0.104356818042,0.0271318657018,0.131488683743,0.0271318657018,0.175456476445,0.0399817076554,0.176399680379,0.436113532068
 08/08  07:00:00,1.40881615127,1.16458789487,0.0,0.0,0.192804985639,0.0497702917818,0.242575277421,0.0497702917818,0.308561426586,0.0703126361731,0.263063508738,0.463403302356
 08/08  08:00:00,1.40760463166,1.12577168315,0.0,0.0,0.288500609826,0.0725937981521,0.361094407979,0.0725937981521,0.242008951516,0.0551471566428,0.334173390357,0.391780725164
 08/08  09:00:00,1.48529746373,1.02123838468,0.0,0.0,0.459609013162,0.114718144843,0.574327158004,0.114718144843,0.121004488662,0.02757358443,0.405555154289,0.333437078342
 08/08  10:00:00,1.75355686858,0.903537334447,0.0,0.0,0.680000998993,0.166568460024,0.846569459017,0.166568460024,0.0968035935106,0.0220588687657,0.423445980927,0.341278966356
 08/08  11:00:00,2.02117999879,0.798585652738,0.0,0.0,0.885234901635,0.212166559426,1.09740146106,0.212166559426,0.0968035935106,0.0220588687657,0.440132550593,0.341383524863
 08/08  12:00:00,2.33171070244,0.716538705953,0.0,0.0,1.15418328308,0.270855901826,1.42503918491,0.270855901826,0.0968035935106,0.0220588687657,0.428776248271,0.335632806986
 08/08  13:00:00,2.5042515315,0.66954981984,0.0,0.0,1.31629182682,0.305949566651,1.62224139348,0.305949566651,0.0968035935106,0.0220588687657,0.392508874502,0.347238801247
 08/08  14:00:00,2.74460964664,0.622972592006,0.0,0.0,1.52253315124,0.349730054505,1.87226320574,0.349730054505,0.0968035935106,0.0220588687657,0.363292736595,0.366791242027
 08/08  15:00:00,3.01744603993,0.631027129975,0.0,0.0,1.72097783504,0.39539542763,2.11637326267,0.39539542763,0.0968035935106,0.0220588687657,0.371630164121,0.387180150863
 08/08  16:00:00,3.36462978147,0.694977662484,0.0,0.0,1.89896191326,0.43638013723,2.33534205049,0.43638013723,0.102853817299,0.0234375484454,0.421630105235,0.45796626
 08/08  17:00:00,3.808536931,0.828275574536,0.0,0.0,2.0749963788,0.476997098555,2.55199347736,0.476997098555,0.133104936238,0.0303309437893,0.513351758673,0.556355814945
 08/08  18:00:00,3.71153821158,0.948490866046,0.0,0.0,1.8690386168,0.439549684773,2.30858830157,0.439549684773,0.223858239941,0.0510111389839,0.470646037016,0.604034494068
 08/08  19:00:00,3.57986189609,0.968638838127,0.0,0.0,1.6182786935,0.389056754746,2.00733544825,0.389056754746,0.435616137039,0.0992649125,0.39076302196,0.623482376342
 08/08  20:00:00,3.56849250932,0.899387839636,0.0,0.0,1.30993590738,0.325084846142,1.63502075352,0.325084846142,0.744177563625,0.169577548673,0.351399773249,0.644916870247
 08/08  21:00:00,3.51615723197,0.812832638617,0.0,0.0,1.08184310298,0.27369472024,1.35553782322,0.27369472024,0.955935460723,0.217831322189,0.333592180578,0.62986044526
 08/08  22:00:00,2.70010787683,0.673408371652,0.0,0.0,0.779060851122,0.202366777009,0.98142762813,0.202366777009,0.713926511704,0.162684135003,0.273606105789,0.545063496205
 08/08  23:00:00,1.9597133581,0.524546005864,0.0,0.0,0.524197894721,0.138201217211,0.662399111932,0.138201217211,0.496118374918,0.113051709296,0.191094125924,0.473650036027
 08/08  24:00:00,1.21556731135,0.36570829084,0.0,0.0,0.280323000015,0.074873791784,0.355196791799,0.074873791784,0.254109425899,0.0579045221107,0.133175846376,0.391780725164
 08/09  01:00:00,0.826155018128,0.29357083502,0.0,0.0,0.110637434075,0.0297278426518,0.140365276727,0.0297278426518,0.151255659219,0.0344669767196,0.115940256832,0.36072684863
 08/09  02:00:00,0.607957540627,0.274518538139,0.0,0.0,0.0,0.0,0.0,0.0,0.102853817299,0.0234375484454,0.101721666527,0.356544508356
 08/09  03:00:00,0.593664971013,0.279650037949,0.0,0.0,0.0,0.0,0.0,0.0,0.102853817299,0.0234375484454,0.0924479052419,0.351525700027
 08/09  04:00:00,0.591052934156,0.334142277025,0.0,0.0,0.0,0.0,0.0,0.0,0.102853817299,0.0234375484454,0.103114798755,0.338246769658
 08/09  05:00:00,0.651529094025,0.580464645527,0.0,0.0,0.0,0.0,0.0,0.0,0.108904041086,0.024816228125,0.116952615088,0.377456209726
 08/09  06:00:00,0.851351396549,1.03859677296,0.0,0.0,0.0,0.0,0.0,0.0,0.175456476445,0.0399817076554,0.176399680379,0.436113532068
 08/09  07:00:00,1.16624087385,1.16370178369,0.0,0.0,0.0,0.0,0.0,0.0,0.308561426586,0.0703126361731,0.263063508738,0.463403302356
 08/09  08:00:00,1.04651022368,1.12485680969,0.0,0.0,0.0,0.0,0.0,0.0,0.242008951516,0.0551471566428,0.334173390357,0.391780725164
 08/09  09:00:00,1.10116729907,1.02036589117,0.0,0.0,0.152064409086,0.0381325842586,0.190196993345,0.0381325842586,0.121004488662,0.02757358443,0.405555154289,0.333437078342
 08/09  10:00:00,1.50717648596,0.902862791123,0.0,0.0,0.483840597776,0.11634847862,0.600189076396,0.11634847862,0.0968035935106,0.0220588687657,0.423445980927,0.341278966356
 08/09  11:00:00,1.87928592212,0.798084762523,0.0,0.0,0.773500871392,0.182006512991,0.955507384382,0.182006512991,0.0968035935106,0.0220588687657,0.440132550593,0.341383524863
 08/09  12:00:00,2.35578642092,0.716296151891,0.0,0.0,1.17805947494,0.271055428444,1.44911490338,0.271055428444,0.0968035935106,0.0220588687657,0.428776248271,0.335632806986
 08/09  13:00:00,2.82974140975,0.669816906799,0.0,0.0,1.59020734391,0.357523927807,1.94773127172,0.357523927807,0.0968035935106,0.0220588687657,0.392508874502,0.347238801247
 08/09  14:00:00,3.17546998679,0.623234960171,0.0,0.0,1.88402068657,0.41910285932,2.30312354589,0.41910285932,0.0968035935106,0.0220588687657,0.363292736595,0.366791242027
 08/09  15:00:00,3.43164092327,0.631396924287,0.0,0.0,2.07004503696,0.460523109052,2.53056814601,0.460523109052,0.0968035935106,0.0220588687657,0.371630164121,0.387180150863
 08/09  16:00:00,3.72682676418,0.695217927024,0.0,0.0,2.20655184061,0.490987192589,2.6975390332,0.490987192589,0.102853817299,0.0234375484454,0.421630105235,0.45796626
 08/09  17:00:00,4.06773137408,0.828281434893,0.0,0.0,2.29941883055,0.511769089879,2.81118792043,0.511769089879,0.133104936238,0.0303309437893,0.513351758673,0.556355814945
 08/09  18:00:00,3.91852408362,0.948315218275,0.0,0.0,2.05342674324,0.462147430373,2.51557417361,0.462147430373,0.223858239941,0.0510111389839,0.470646037016,0.604034494068
 08/09  19:00:00,3.79094243024,0.968467314124,0.0,0.0,1.80289617607,0.415519806328,2.2184159824,0.415519806328,0.435616137039,0.0992649125,0.39076302196,0.623482376342
 08/09  20:00:00,3.61885361402,0.899250065832,0.0,0.0,1.34958380127,0.335798056964,1.68538185823,0.335798056964,0.744177563625,0.169577548673,0.351399773249,0.644916870247
 08/09  21:00:00,3.64180369477,0.812673568973,0.0,0.0,1.186011405,0.295172881018,1.48118428602,0.295172881018,0.955935460723,0.217831322189,0.333592180578,0.62986044526
 08/09  22:00:00,2.7269578465,0.67318345339,0.0,0.0,0.798737414761,0.209540183042,1.0082775978,0.209540183042,0.713926511704,0.162684135003,0.273606105789,0.545063496205
 08/09  23:00:00,1.96124927122,0.524312288897,0.0,0.0,0.524266237935,0.139668787122,0.663935025057,0.139668787122,0.496118374918,0.113051709296,0.191094125924,0.473650036027
 08/09  24:00:00,1.16734129716,0.365447916979,0.0,0.0,0.241791574626,0.0651792029794,0.306970777605,0.0651792029794,0.254109425899,0.0579045221107,0.133175846376,0.391780725164
 08/10  01:00:00,0.808983751362,0.293362834643,0.0,0.0,0.0970403613485,0.0261536486128,0.123194009961,0.0261536486128,0.151255659219,0.0344669767196,0.115940256832,0.36072684863
 08/10  02:00:00,0.607957540627,0.274345916283,0.0,0.0,0.0,0.0,0.0,0.0,0.102853817299,0.0234375484454,0.101721666527,0.356544508356
 08/10  03:00:00,0.593664971013,0.279493871837,0.0,0.0,0.0,0.0,0.0,0.0,0.102853817299,0.0234375484454,0.0924479052419,0.351525700027
 08/10  04:00:00,0.591052934156,0.333949926884,0.0,0.0,0.0,0.0,0.0,0.0,0.102853817299,0.0234375484454,0.103114798755,0.338246769658
 08/10  05:00:00,0.651529094025,0.580219137835,0.0,0.0,0.0,0.0,0.0,0.0,0.108904041086,0.024816228125,0.116952615088,0.377456209726
 08/10  06:00:00,0.851351396549,1.03808364876,0.0,0.0,0.0,0.0,0.0,0.0,0.175456476445,0.0399817076554,0.176399680379,0.436113532068
 08/10  07:00:00,1.16624087385,1.16312052425,0.0,0.0,0.0,0.0,0.0,0.0,0.308561426586,0.0703126361731,0.263063508738,0.463403302356
 08/10  08:00:00,1.08867138805,1.12432423085,0.0,0.0,0.0335176983803,0.00864346598979,0.0421611643701,0.00864346598979,0.242008951516,0.0551471566428,0.334173390357,0.391780725164
 08/10  09:00:00,1.25765990075,1.01998665387,0.0,0.0,0.278798053016,0.0678915420094,0.346689595025,0.0678915420094,0.121004488662,0.02757358443,0.405555154289,0.333437078342
 08/10  10:00:00,1.77885911327,0.902661566408,0.0,0.0,0.708716951502,0.163154752206,0.871871703708,0.163154752206,0.0968035935106,0.0220588687657,0.423445980927,0.341278966356
 08/10  11:00:00,2.12636568381,0.79800143091,0.0,0.0,0.981835250481,0.220751895591,1.20258714607,0.220751895591,0.0968035935106,0.0220588687657,0.440132550593,0.341383524863
 08/10  12:00:00,2.65622972189,0.716314226522,0.0,0.0,1.43469116577,0.314867038589,1.74955820436,0.314867038589,0.0968035935106,0.0220588687657,0.428776248271,0.335632806986
 08/10  13:00:00,2.77818855457,0.669133345619,0.0,0.0,1.54816308941,0.348015327138,1.89617841655,0.348015327138,0.0968035935106,0.0220588687657,0.392508874502,0.347238801247
 08/10  14:00:00,3.25391115164,0.622908752032,0.0,0.0,1.95759760074,0.423967110001,2.38156471074,0.423967110001,0.0968035935106,0.0220588687657,0.363292736595,0.366791242027
 08/10  15:00:00,3.46340153256,0.631271513234,0.0,0.0,2.10111379557,0.461214959722,2.5623287553,0.461214959722,0.0968035935106,0.0220588687657,0.371630164121,0.387180150863
 08/10  16:00:00,3.74588821958,0.694974878182,0.0,0.0,2.22224115105,0.494359337549,2.7166004886,0.494359337549,0.102853817299,0.0234375484454,0.421630105235,0.45796626
 08/10  17:00:00,3.92836436579,0.827813562929,0.0,0.0,2.17603749103,0.495783421123,2.67182091215,0.495783421123,0.133104936238,0.0303309437893,0.513351758673,0.556355814945
 08/10  18:00:00,3.74156769465,0.947643063116,0.0,0.0,1.89642404783,0.44219373681,2.33861778464,0.44219373681,0.223858239941,0.0510111389839,0.470646037016,0.604034494068
 08/10  19:00:00,3.55487401108,0.967733049549,0.0,0.0,1.59769023473,0.384657328505,1.98234756323,0.384657328505,0.435616137039,0.0992649125,0.39076302196,0.623482376342
 08/10  20:00:00,3.71250257682,0.898698078981,0.0,0.0,1.43381229769,0.345218523331,1.77903082102,0.345218523331,0.744177563625,0.169577548673,0.351399773249,0.644916870247
 08/10  21:00:00,3.81590899241,0.812420304911,0.0,0.0,1.33658473037,0.318704853283,1.65528958366,0.318704853283,0.955935460723,0.217831322189,0.333592180578,0.62986044526
 08/10  22:00:00,3.12477572327,0.673470316877,0.0,0.0,1.13322417779,0.272871296779,1.40609547457,0.272871296779,0.713926511704,0.162684135003,0.273606105789,0.545063496205
 08/10  23:00:00,2.2618321153,0.524678056374,0.0,0.0,0.76814220901,0.196375660128,0.964517869138,0.196375660128,0.496118374918,0.113051709296,0.191094125924,0.473650036027
 08/10  24:00:00,1.64929316308,0.366047073454,0.0,0.0,0.62957241307,0.159350230461,0.788922643532,0.159350230461,0.254109425899,0.0579045221107,0.133175846376,0.391780725164
 08/11  01:00:00,1.20684741849,0.293927530697,0.0,0.0,0.413623032666,0.107434644419,0.521057677085,0.107434644419,0.151255659219,0.0344669767196,0.115940256832,0.36072684863
 08/11  02:00:00,0.952172615279,0.274775005564,0.0,0.0,0.272435559077,0.0717795155757,0.344215074653,0.0717795155757,0.102853817299,0.0234375484454,0.101721666527,0.356544508356
 08/11  03:00:00,0.761308742495,0.279731546874,0.0,0.0,0.13233126298,0.035312508501,0.167643771481,0.035312508501,0.102853817299,0.0234375484454,0.0924479052419,0.351525700027
 08/11  04:00:00,0.707253627876,0.334028077211,0.0,0.0,0.0917283979528,0.0244722957669,0.11620069372,0.0244722957669,0.102853817299,0.0234375484454,0.103114798755,0.338246769658
 08/11  05:00:00,0.651529094025,0.579862563094,0.0,0.0,0.0,0.0,0.0,0.0,0.108904041086,0.024816228125,0.116952615088,0.377456209726
 08/11  06:00:00,0.851351396549,1.03741196879,0.0,0.0,0.0,0.0,0.0,0.0,0.175456476445,0.0399817076554,0.176399680379,0.436113532068
 08/11  07:00:00,1.21790709604,1.16235727774,0.0,0.0,0.0407357601621,0.0109304620221,0.0516662221842,0.0109304620221,0.308561426586,0.0703126361731,0.263063508738,0.463403302356
 08/11  08:00:00,1.08960739152,1.12343232313,0.0,0.0,0.0340248850205,0.00907228281513,0.0430971678356,0.00907228281513,0.242008951516,0.0551471566428,0.334173390357,0.391780725164
 08/11  09:00:00,1.11152185036,1.01890618541,0.0,0.0,0.15877489059,0.0417766540469,0.200551544637,0.0417766540469,0.121004488662,0.02757358443,0.405555154289,0.333437078342
 08/11  10:00:00,1.25480620422,0.901339544769,0.0,0.0,0.275817824078,0.07200097058,0.347818794658,0.07200097058,0.0968035935106,0.0220588687657,0.423445980927,0.341278966356
 08/11  11:00:00,1.59110992488,0.796564154758,0.0,0.0,0.531719723965,0.135611663182,0.667331387147,0.135611663182,0.0968035935106,0.0220588687657,0.440132550593,0.341383524863
 08/11  12:00:00,1.85717960596,0.714615101301,0.0,0.0,0.760053518118,0.19045457031,0.950508088428,0.19045457031,0.0968035935106,0.0220588687657,0.428776248271,0.335632806986
 08/11  13:00:00,2.06148327629,0.667734673333,0.0,0.0,0.945029399327,0.234443738938,1.17947313827,0.234443738938,0.0968035935106,0.0220588687657,0.392508874502,0.347238801247
 08/11  14:00:00,2.28475648391,0.621240986204,0.0,0.0,1.13356587912,0.278844163888,1.41241004301,0.278844163888,0.0968035935106,0.0220588687657,0.363292736595,0.366791242027
 08/11  15:00:00,2.59444545822,0.629467721244,0.0,0.0,1.3619545353,0.331418145664,1.69337268096,0.331418145664,0.0968035935106,0.0220588687657,0.371630164121,0.387180150863
 08/11  16:00:00,2.94016214872,0.693491563685,0.0,0.0,1.53676715663,0.374107261104,1.91087441774,0.374107261104,0.102853817299,0.0234375484454,0.421630105235,0.45796626
 08/11  17:00:00,3.24647120418,0.826376071739,0.0,0.0,1.60017718284,0.389750567692,1.98992775053,0.389750567692,0.133104936238,0.0303309437893,0.513351758673,0.556355814945
 08/11  18:00:00,3.18431277344,0.946340725808,0.0,0.0,1.42663899624,0.354723867188,1.78136286343,0.354723867188,0.223858239941,0.0510111389839,0.470646037016,0.604034494068
 08/11  19:00:00,3.06488567182,0.966275614781,0.0,0.0,1.18822182944,0.304137394538,1.49235922398,0.304137394538,0.435616137039,0.0992649125,0.39076302196,0.623482376342
 08/11  20:00:00,3.07249064949,0.897060530726,0.0,0.0,0.900887468252,0.238131425447,1.1390188937,0.238131425447,0.744177563625,0.169577548673,0.351399773249,0.644916870247
 08/11  21:00:00,3.03136876387,0.810685939169,0.0,0.0,0.686735587385,0.184013767734,0.870749355119,0.184013767734,0.955935460723,0.217831322189,0.333592180578,0.62986044526
 08/11  22:00:00,2.24837905594,0.671494494852,0.0,0.0,0.417213599824,0.112485207417,0.529698807241,0.112485207417,0.713926511704,0.162684135003,0.273606105789,0.545063496205
 08/11  23:00:00,1.49535376359,0.522866218982,0.0,0.0,0.155987058212,0.0420524592098,0.198039517421,0.0420524592098,0.496118374918,0.113051709296,0.191094125924,0.473650036027
 08/11  24:00:00,0.86037051955,0.364405814104,0.0,0.0,0.0,0.0,0.0,0.0,0.254109425899,0.0579045221107,0.133175846376,0.391780725164
 08/12  01:00:00,0.663846554205,0.225556217414,0.0,0.0,0.0,0.0,0.0,0.0,0.151255659219,0.0344669767196,0.0939970696368,0.36072684863
 08/12  02:00:00,0.593323836261,0.225622735683,0.0,0.0,0.0,0.0,0.0,0.0,0.102853817299,0.0234375484454,0.0870879621612,0.356544508356
 08/12  03:00:00,0.585869051825,0.22546342355,0.0,0.0,0.0,0.0,0.0,0.0,0.102853817299,0.0234375484454,0.0846519860538,0.351525700027
 08/12  04:00:00,0.576438090814,0.224929752884,0.0,0.0,0.0,0.0,0.0,0.0,0.102853817299,0.0234375484454,0.0884999554121,0.338246769658
 08/12  05:00:00,0.628138829355,0.227781730145,0.0,0.0,0.0,0.0,0.0,0.0,0.108904041086,0.024816228125,0.0935623504171,0.377456209726
 08/12  06:00:00,0.791867807911,0.232013840552,0.0,0.0,0.0,0.0,0.0,0.0,0.175456476445,0.0399817076554,0.116916091742,0.436113532068
 08/12  07:00:00,1.0497383599,0.234041120414,0.0,0.0,0.0,0.0,0.0,0.0,0.308561426586,0.0703126361731,0.14656099478,0.463403302356
 08/12  08:00:00,0.865792594516,0.229378503066,0.0,0.0,0.0,0.0,0.0,0.0,0.242008951516,0.0551471566428,0.153455761193,0.391780725164
 08/12  09:00:00,0.663154325615,0.225746555686,0.0,0.0,0.0,0.0,0.0,0.0,0.121004488662,0.02757358443,0.15773917418,0.333437078342
 08/12  10:00:00,0.630102423412,0.226433828796,0.0,0.0,0.0,0.0,0.0,0.0,0.0968035935106,0.0220588687657,0.14656099478,0.341278966356
 08/12  11:00:00,0.640346112992,0.226438055763,0.0,0.0,0.0,0.0,0.0,0.0,0.0968035935106,0.0220588687657,0.156700125852,0.341383524863
 08/12  12:00:00,0.725987153618,0.226022431709,0.0,0.0,0.0615218922201,0.0154623876949,0.076984279915,0.0154623876949,0.0968035935106,0.0220588687657,0.17110760444,0.335632806986
 08/12  13:00:00,1.0423921272,0.227074210823,0.0,0.0,0.317936540273,0.0790625861038,0.396999126377,0.0790625861038,0.0968035935106,0.0220588687657,0.155891737301,0.347238801247
 08/12  14:00:00,1.41164663906,0.228715574783,0.0,0.0,0.602448293322,0.148500418749,0.750948712071,0.148500418749,0.0968035935106,0.0220588687657,0.151644222687,0.366791242027
 08/12  15:00:00,1.84425147616,0.230416031575,0.0,0.0,0.919508803534,0.224192455041,1.14370125858,0.224192455041,0.0968035935106,0.0220588687657,0.17110760444,0.387180150863
 08/12  16:00:00,2.2735597077,0.235627139568,0.0,0.0,1.1570221143,0.282147299951,1.43916941425,0.282147299951,0.102853817299,0.0234375484454,0.226732667701,0.45796626
 08/12  17:00:00,2.65198781267,0.242628344711,0.0,0.0,1.27800159211,0.311714623043,1.58971621515,0.311714623043,0.133104936238,0.0303309437893,0.319079902546,0.556355814945
 08/12  18:00:00,2.63626069067,0.245527002317,0.0,0.0,1.14213478642,0.287336340731,1.42947112716,0.287336340731,0.223858239941,0.0510111389839,0.274485690517,0.604034494068
 08/12  19:00:00,2.49520559787,0.245841648555,0.0,0.0,0.88960571752,0.233553632768,1.12315935029,0.233553632768,0.435616137039,0.0992649125,0.190282821696,0.623482376342
 08/12  20:00:00,2.50747418125,0.24607187146,0.0,0.0,0.609160481079,0.164514163327,0.773674644407,0.164514163327,0.744177563625,0.169577548673,0.151727554294,0.644916870247
 08/12  21:00:00,2.46996187182,0.244006492215,0.0,0.0,0.400132457923,0.108144427291,0.508276885214,0.108144427291,0.955935460723,0.217831322189,0.134657758435,0.62986044526
 08/12  22:00:00,1.72715144309,0.237782481475,0.0,0.0,0.129774766777,0.035106899827,0.164881666604,0.035106899827,0.713926511704,0.162684135003,0.117195633569,0.545063496205
 08/12  23:00:00,1.21019465172,0.232858467089,0.0,0.0,0.0,0.0,0.0,0.0,0.496118374918,0.113051709296,0.103974531478,0.473650036027
 08/12  24:00:00,0.82304567153,0.227530208686,0.0,0.0,0.0,0.0,0.0,0.0,0.254109425899,0.0579045221107,0.0958509983557,0.391780725164
 08/13  01:00:00,0.663846554205,0.225675906519,0.0,0.0,0.0,0.0,0.0,0.0,0.151255659219,0.0344669767196,0.0939970696368,0.36072684863
 08/13  02:00:00,0.593323836261,0.225763339744,0.0,0.0,0.0,0.0,0.0,0.0,0.102853817299,0.0234375484454,0.0870879621612,0.356544508356
 08/13  03:00:00,0.585869051825,0.225615961675,0.0,0.0,0.0,0.0,0.0,0.0,0.102853817299,0.0234375484454,0.0846519860538,0.351525700027
 08/13  04:00:00,0.576438090814,0.225213894483,0.0,0.0,0.0,0.0,0.0,0.0,0.102853817299,0.0234375484454,0.0884999554121,0.338246769658
 08/13  05:00:00,0.628138829355,0.228005526805,0.0,0.0,0.0,0.0,0.0,0.0,0.108904041086,0.024816228125,0.0935623504171,0.377456209726
 08/13  06:00:00,0.791867807911,0.232283815056,0.0,0.0,0.0,0.0,0.0,0.0,0.175456476445,0.0399817076554,0.116916091742,0.436113532068
 08/13  07:00:00,1.0497383599,0.234267076946,0.0,0.0,0.0,0.0,0.0,0.0,0.308561426586,0.0703126361731,0.14656099478,0.463403302356
 08/13  08:00:00,0.865792594516,0.229627488498,0.0,0.0,0.0,0.0,0.0,0.0,0.242008951516,0.0551471566428,0.153455761193,0.391780725164
 08/13  09:00:00,0.663154325615,0.225893592917,0.0,0.0,0.0,0.0,0.0,0.0,0.121004488662,0.02757358443,0.15773917418,0.333437078342
 08/13  10:00:00,0.630102423412,0.226571371704,0.0,0.0,0.0,0.0,0.0,0.0,0.0968035935106,0.0220588687657,0.14656099478,0.341278966356
 08/13  11:00:00,0.915727832508,0.226861643963,0.0,0.0,0.223711031544,0.0516706879726,0.275381719517,0.0516706879726,0.0968035935106,0.0220588687657,0.156700125852,0.341383524863
 08/13  12:00:00,1.489109462,0.227027388219,0.0,0.0,0.685566004917,0.154540583383,0.8401065883,0.154540583383,0.0968035935106,0.0220588687657,0.17110760444,0.335632806986
 08/13  13:00:00,2.13967108167,0.228591912864,0.0,0.0,1.22498249636,0.269295584492,1.49427808085,0.269295584492,0.0968035935106,0.0220588687657,0.155891737301,0.347238801247
 08/13  14:00:00,2.41817714482,0.230312119193,0.0,0.0,1.44085526384,0.316623953993,1.75747921783,0.316623953993,0.0968035935106,0.0220588687657,0.151644222687,0.366791242027
 08/13  15:00:00,2.85269303371,0.231995888417,0.0,0.0,1.7644816406,0.387661175529,2.15214281613,0.387661175529,0.0968035935106,0.0220588687657,0.17110760444,0.387180150863
 08/13  16:00:00,3.11018621329,0.237458187111,0.0,0.0,1.86144439592,0.414351523922,2.27579591984,0.414351523922,0.102853817299,0.0234375484454,0.226732667701,0.45796626
 08/13  17:00:00,3.07699862964,0.243794678178,0.0,0.0,1.63394124845,0.380785783676,2.01472703212,0.380785783676,0.133104936238,0.0303309437893,0.319079902546,0.556355814945
 08/13  18:00:00,3.07568320041,0.246506100258,0.0,0.0,1.51286861704,0.356025019859,1.8688936369,0.356025019859,0.223858239941,0.0510111389839,0.274485690517,0.604034494068
 08/13  19:00:00,2.95820074479,0.246711925027,0.0,0.0,1.2787834864,0.307371010808,1.58615449721,0.307371010808,0.435616137039,0.0992649125,0.190282821696,0.623482376342
 08/13  20:00:00,3.11183616698,0.24709045667,0.0,0.0,1.10865259913,0.269384031016,1.37803663014,0.269384031016,0.744177563625,0.169577548673,0.151727554294,0.644916870247
 08/13  21:00:00,3.15725167172,0.245482586287,0.0,0.0,0.959840441146,0.235726243963,1.19556668511,0.235726243963,0.955935460723,0.217831322189,0.134657758435,0.62986044526
 08/13  22:00:00,2.57474638677,0.23937931315,0.0,0.0,0.812871653104,0.199604957187,1.01247661029,0.199604957187,0.713926511704,0.162684135003,0.117195633569,0.545063496205
 08/13  23:00:00,2.03812441302,0.234394464668,0.0,0.0,0.664737311581,0.163192449723,0.827929761304,0.163192449723,0.496118374918,0.113051709296,0.103974531478,0.473650036027
 08/13  24:00:00,1.43853462531,0.228788600076,0.0,0.0,0.493333838929,0.122155114848,0.615488953777,0.122155114848,0.254109425899,0.0579045221107,0.0958509983557,0.391780725164
 08/14  01:00:00,1.16653174416,0.22671653206,0.0,0.0,0.402937417893,0.0997477720575,0.502685189951,0.0997477720575,0.151255659219,0.0344669767196,0.0939970696368,0.36072684863
 08/14  02:00:00,1.01928535442,0.226501284176,0.0,0.0,0.341449329518,0.0845121886457,0.425961518164,0.0845121886457,0.102853817299,0.0234375484454,0.0870879621612,0.356544508356
 08/14  03:00:00,0.959883320102,0.226233661984,0.0,0.0,0.299820955284,0.0741933129927,0.374014268277,0.0741933129927,0.102853817299,0.0234375484454,0.0846519860538,0.351525700027
 08/14  04:00:00,0.888157629927,0.225358574007,0.0,0.0,0.249396224697,0.0623233144172,0.311719539114,0.0623233144172,0.102853817299,0.0234375484454,0.0884999554121,0.338246769658
 08/14  05:00:00,0.908868091792,0.228068874915,0.0,0.0,0.224261074054,0.0564681883831,0.280729262437,0.0564681883831,0.108904041086,0.024816228125,0.0935623504171,0.377456209726
 08/14  06:00:00,1.11335450399,0.232086381074,0.0,0.0,0.256837729507,0.0646489665741,0.321486696081,0.0646489665741,0.175456476445,0.0399817076554,0.116916091742,0.436113532068
 08/14  07:00:00,1.43128106796,0.233906468801,0.0,0.0,0.305326899563,0.076215808501,0.381542708064,0.076215808501,0.308561426586,0.0703126361731,0.14656099478,0.463403302356
 08/14  08:00:00,1.33066141268,0.228987302948,0.0,0.0,0.373430046337,0.0914387718264,0.464868818163,0.0914387718264,0.242008951516,0.0551471566428,0.153455761193,0.391780725164
 08/14  09:00:00,1.17864247526,0.225284787494,0.0,0.0,0.41411527761,0.101372872037,0.515488149647,0.101372872037,0.121004488662,0.02757358443,0.15773917418,0.333437078342
 08/14  10:00:00,1.2323217638,0.22596847788,0.0,0.0,0.482979753932,0.119239586453,0.602219340385,0.119239586453,0.0968035935106,0.0220588687657,0.14656099478,0.341278966356
 08/14  11:00:00,1.44239529133,0.226217069472,0.0,0.0,0.644368539691,0.157680638648,0.802049178339,0.157680638648,0.0968035935106,0.0220588687657,0.156700125852,0.341383524863
 08/14  12:00:00,1.85152487271,0.226287207211,0.0,0.0,0.974205423299,0.228316575709,1.20252199901,0.228316575709,0.0968035935106,0.0220588687657,0.17110760444,0.335632806986
 08/14  13:00:00,1.99197396026,0.227543964395,0.0,0.0,1.08847293828,0.258108021154,1.34658095943,0.258108021154,0.0968035935106,0.0220588687657,0.155891737301,0.347238801247
 08/14  14:00:00,2.40110123828,0.229337850013,0.0,0.0,1.41857804661,0.321825264683,1.74040331129,0.321825264683,0.0968035935106,0.0220588687657,0.151644222687,0.366791242027
 08/14  15:00:00,2.72307782112,0.23102612207,0.0,0.0,1.64535247362,0.377175129921,2.02252760354,0.377175129921,0.0968035935106,0.0220588687657,0.17110760444,0.387180150863
 08/14  16:00:00,3.03716262864,0.236447541921,0.0,0.0,1.79197249613,0.410799839068,2.20277233519,0.410799839068,0.102853817299,0.0234375484454,0.226732667701,0.45796626
 08/14  17:00:00,3.30551109023,0.243171353319,0.0,0.0,1.8206807303,0.422558762404,2.24323949271,0.422558762404,0.133104936238,0.0303309437893,0.319079902546,0.556355814945
 08/14  18:00:00,3.24379906119,0.246064048081,0.0,0.0,1.64647326251,0.390536235165,2.03700949768,0.390536235165,0.223858239941,0.0510111389839,0.274485690517,0.604034494068
 08/14  19:00:00,3.10100501438,0.246405401908,0.0,0.0,1.39189251097,0.337066255839,1.7289587668,0.337066255839,0.435616137039,0.0992649125,0.190282821696,0.623482376342
 08/14  20:00:00,3.22851140302,0.246803220698,0.0,0.0,1.200748661,0.293963205177,1.49471186618,0.293963205177,0.744177563625,0.169577548673,0.151727554294,0.644916870247
 08/14  21:00:00,3.29401604776,0.244991846591,0.0,0.0,1.07030832188,0.262022739267,1.33233106115,0.262022739267,0.955935460723,0.217831322189,0.134657758435,0.62986044526
 08/14  22:00:00,2.62812122199,0.239040990265,0.0,0.0,0.854764845395,0.211086600117,1.06585144551,0.211086600117,0.713926511704,0.162684135003,0.117195633569,0.545063496205
 08/14  23:00:00,2.06710466348,0.234057026907,0.0,0.0,0.687206244487,0.16970376727,0.856910011757,0.16970376727,0.496118374918,0.113051709296,0.103974531478,0.473650036027
 08/14  24:00:00,1.52144670036,0.228385890146,0.0,0.0,0.561058632556,0.13734239628,0.698401028835,0.13734239628,0.254109425899,0.0579045221107,0.0958509983557,0.391780725164
 08/15  01:00:00,1.24888399205,0.226440636649,0.0,0.0,0.46999115484,0.115046283001,0.585037437842,0.115046283001,0.151255659219,0.0344669767196,0.0939970696368,0.36072684863
 08/15  02:00:00,1.00607797046,0.226295907463,0.0,0.0,0.329819282025,0.082934852175,0.4127541342,0.082934852175,0.102853817299,0.0234375484454,0.0870879621612,0.356544508356
 08/15  03:00:00,0.925869292961,0.22595127425,0.0,0.0,0.27168606352,0.0683141776157,0.340000241136,0.0683141776157,0.102853817299,0.0234375484454,0.0846519860538,0.351525700027
 08/15  04:00:00,0.831240552619,0.225043876551,0.0,0.0,0.203225116681,0.0515773451241,0.254802461805,0.0515773451241,0.102853817299,0.0234375484454,0.0884999554121,0.338246769658
 08/15  05:00:00,0.883781766534,0.227754867669,0.0,0.0,0.204284215234,0.0513587219448,0.255642937179,0.0513587219448,0.108904041086,0.024816228125,0.0935623504171,0.377456209726
 08/15  06:00:00,1.06500428481,0.231809070186,0.0,0.0,0.21785711805,0.0552793588461,0.273136476896,0.0552793588461,0.175456476445,0.0399817076554,0.116916091742,0.436113532068
 08/15  07:00:00,1.3857527141,0.233582112067,0.0,0.0,0.268519594148,0.0674947600544,0.336014354203,0.0674947600544,0.308561426586,0.0703126361731,0.14656099478,0.463403302356
 08/15  08:00:00,1.34137173673,0.228775745232,0.0,0.0,0.38143541635,0.0941437258616,0.475579142211,0.0941437258616,0.242008951516,0.0551471566428,0.153455761193,0.391780725164
 08/15  09:00:00,1.52626374687,0.225312984469,0.0,0.0,0.69769516339,0.165414257869,0.863109421258,0.165414257869,0.121004488662,0.02757358443,0.15773917418,0.333437078342
 08/15  10:00:00,1.71577726296,0.226237042794,0.0,0.0,0.879582908626,0.206091930922,1.08567483955,0.206091930922,0.0968035935106,0.0220588687657,0.14656099478,0.341278966356
 08/15  11:00:00,1.95253364931,0.226571273827,0.0,0.0,1.06311295841,0.249074577908,1.31218753632,0.249074577908,0.0968035935106,0.0220588687657,0.156700125852,0.341383524863
 08/15  12:00:00,2.17364989351,0.226792079464,0.0,0.0,1.23526977936,0.289377240447,1.52464701981,0.289377240447,0.0968035935106,0.0220588687657,0.17110760444,0.335632806986
 08/15  13:00:00,2.53722789483,0.227959873597,0.0,0.0,1.53920248565,0.352632408351,1.89183489401,0.352632408351,0.0968035935106,0.0220588687657,0.155891737301,0.347238801247
 08/15  14:00:00,2.30397164701,0.229377533548,0.0,0.0,1.32846129274,0.314812427272,1.64327372002,0.314812427272,0.0968035935106,0.0220588687657,0.151644222687,0.366791242027
 08/15  15:00:00,2.1869136254,0.230632790737,0.0,0.0,1.18990697493,0.296456432894,1.48636340782,0.296456432894,0.0968035935106,0.0220588687657,0.17110760444,0.387180150863
 08/15  16:00:00,2.25253462903,0.235194187757,0.0,0.0,1.13135532442,0.286789011166,1.41814433559,0.286789011166,0.102853817299,0.0234375484454,0.226732667701,0.45796626
 08/15  17:00:00,2.22653457141,0.241402477854,0.0,0.0,0.924572841754,0.239690132138,1.16426297389,0.239690132138,0.133104936238,0.0303309437893,0.319079902546,0.556355814945
 08/15  18:00:00,2.0847958064,0.243807486802,0.0,0.0,0.693587827602,0.184418415283,0.878006242885,0.184418415283,0.223858239941,0.0510111389839,0.274485690517,0.604034494068
 08/15  19:00:00,2.10192962899,0.244455132193,0.0,0.0,0.576573578185,0.153309803233,0.729883381417,0.153309803233,0.435616137039,0.0992649125,0.190282821696,0.623482376342
 08/15  20:00:00,2.35217559737,0.24542563097,0.0,0.0,0.489061747564,0.129314312966,0.61837606053,0.129314312966,0.744177563625,0.169577548673,0.151727554294,0.644916870247
 08/15  21:00:00,2.41347570357,0.243556879453,0.0,0.0,0.356894482771,0.0948962341876,0.451790716959,0.0948962341876,0.955935460723,0.217831322189,0.134657758435,0.62986044526
 08/15  22:00:00,1.83737855391,0.237691086232,0.0,0.0,0.217326671437,0.0577821059943,0.275108777432,0.0577821059943,0.713926511704,0.162684135003,0.117195633569,0.545063496205
 08/15  23:00:00,1.28935861578,0.232793310246,0.0,0.0,0.0625366458002,0.0166273182585,0.0791639640588,0.0166273182585,0.496118374918,0.113051709296,0.103974531478,0.473650036027
 08/15  24:00:00,0.82304567153,0.22743181749,0.0,0.0,0.0,0.0,0.0,0.0,0.254109425899,0.0579045221107,0.0958509983557,0.391780725164
 08/16  01:00:00,0.663846554205,0.225633967559,0.0,0.0,0.0,0.0,0.0,0.0,0.151255659219,0.0344669767196,0.0939970696368,0.36072684863
 08/16  02:00:00,0.593323836261,0.225438257928,0.0,0.0,0.0,0.0,0.0,0.0,0.102853817299,0.0234375484454,0.0870879621612,0.356544508356
 08/16  03:00:00,0.585869051825,0.225385213668,0.0,0.0,0.0,0.0,0.0,0.0,0.102853817299,0.0234375484454,0.0846519860538,0.351525700027
 08/16  04:00:00,0.576438090814,0.224812264091,0.0,0.0,0.0,0.0,0.0,0.0,0.102853817299,0.0234375484454,0.0884999554121,0.338246769658
 08/16  05:00:00,0.628138829355,0.227695878826,0.0,0.0,0.0,0.0,0.0,0.0,0.108904041086,0.024816228125,0.0935623504171,0.377456209726
 08/16  06:00:00,0.791867807911,0.231755782976,0.0,0.0,0.0,0.0,0.0,0.0,0.175456476445,0.0399817076554,0.116916091742,0.436113532068
 08/16  07:00:00,1.0497383599,0.23365801457,0.0,0.0,0.0,0.0,0.0,0.0,0.308561426586,0.0703126361731,0.14656099478,0.463403302356
 08/16  08:00:00,0.865792594516,0.228916345767,0.0,0.0,0.0,0.0,0.0,0.0,0.242008951516,0.0551471566428,0.153455761193,0.391780725164
 08/16  09:00:00,0.663154325615,0.225216963922,0.0,0.0,0.0,0.0,0.0,0.0,0.121004488662,0.02757358443,0.15773917418,0.333437078342
 08/16  10:00:00,0.630102423412,0.225808849888,0.0,0.0,0.0,0.0,0.0,0.0,0.0968035935106,0.0220588687657,0.14656099478,0.341278966356
 08/16  11:00:00,0.842338631737,0.225941237337,0.0,0.0,0.16170467123,0.0402878475153,0.201992518745,0.0402878475153,0.0968035935106,0.0220588687657,0.156700125852,0.341383524863
 08/16  12:00:00,1.2537335854,0.225918915817,0.0,0.0,0.485899802824,0.118830908873,0.604730711697,0.118830908873,0.0968035935106,0.0220588687657,0.17110760444,0.335632806986
 08/16  13:00:00,1.63689903388,0.227104892915,0.0,0.0,0.798319672119,0.193186360933,0.991506033052,0.193186360933,0.0968035935106,0.0220588687657,0.155891737301,0.347238801247
 08/16  14:00:00,2.03380806806,0.228939578285,0.0,0.0,1.10789228137,0.265217859698,1.37311014107,0.265217859698,0.0968035935106,0.0220588687657,0.151644222687,0.366791242027
 08/16  15:00:00,2.52711342547,0.230672919934,0.0,0.0,1.47972327272,0.346839935169,1.82656320789,0.346839935169,0.0968035935106,0.0220588687657,0.17110760444,0.387180150863
 08/16  16:00:00,2.84518261662,0.236049397032,0.0,0.0,1.62522248183,0.385569841351,2.01079232318,0.385569841351,0.102853817299,0.0234375484454,0.226732667701,0.45796626
 08/16  17:00:00,3.17795952242,0.242984086196,0.0,0.0,1.7098255648,0.4058623601,2.1156879249,0.4058623601,0.133104936238,0.0303309437893,0.319079902546,0.556355814945
 08/16  18:00:00,3.07366685862,0.245860814889,0.0,0.0,1.50254695802,0.364330337083,1.86687729511,0.364330337083,0.223858239941,0.0510111389839,0.274485690517,0.604034494068
 08/16  19:00:00,2.98179477111,0.246172636447,0.0,0.0,1.2927144701,0.317034053428,1.60974852353,0.317034053428,0.435616137039,0.0992649125,0.190282821696,0.623482376342
 08/16  20:00:00,3.02463187732,0.246503940285,0.0,0.0,1.0308675143,0.25996482618,1.29083234048,0.25996482618,0.744177563625,0.169577548673,0.151727554294,0.644916870247
 08/16  21:00:00,2.94924194703,0.244486787376,0.0,0.0,0.784461027965,0.203095932453,0.987556960418,0.203095932453,0.955935460723,0.217831322189,0.134657758435,0.62986044526
 08/16  22:00:00,2.23163382897,0.238309912198,0.0,0.0,0.530061176817,0.139302875674,0.66936405249,0.139302875674,0.713926511704,0.162684135003,0.117195633569,0.545063496205
 08/16  23:00:00,1.525969634,0.23320082394,0.0,0.0,0.249057477155,0.0667175051253,0.31577498228,0.0667175051253,0.496118374918,0.113051709296,0.103974531478,0.473650036027
 08/16  24:00:00,0.840246786961,0.227525746915,0.0,0.0,0.0135665465056,0.00363456892537,0.017201115431,0.00363456892537,0.254109425899,0.0579045221107,0.0958509983557,0.391780725164
 08/17  01:00:00,0.663846554205,0.225605188713,0.0,0.0,0.0,0.0,0.0,0.0,0.151255659219,0.0344669767196,0.0939970696368,0.36072684863
 08/17  02:00:00,0.593323836261,0.225569321388,0.0,0.0,0.0,0.0,0.0,0.0,0.102853817299,0.0234375484454,0.0870879621612,0.356544508356
 08/17  03:00:00,0.585869051825,0.225395322163,0.0,0.0,0.0,0.0,0.0,0.0,0.102853817299,0.0234375484454,0.0846519860538,0.351525700027
 08/17  04:00:00,0.576438090814,0.224723205774,0.0,0.0,0.0,0.0,0.0,0.0,0.102853817299,0.0234375484454,0.0884999554121,0.338246769658
 08/17  05:00:00,0.628138829355,0.227648149615,0.0,0.0,0.0,0.0,0.0,0.0,0.108904041086,0.024816228125,0.0935623504171,0.377456209726
 08/17  06:00:00,0.791867807911,0.231844488848,0.0,0.0,0.0,0.0,0.0,0.0,0.175456476445,0.0399817076554,0.116916091742,0.436113532068
 08/17  07:00:00,1.0497383599,0.233901198707,0.0,0.0,0.0,0.0,0.0,0.0,0.308561426586,0.0703126361731,0.14656099478,0.463403302356
 08/17  08:00:00,0.865792594516,0.229317722444,0.0,0.0,0.0,0.0,0.0,0.0,0.242008951516,0.0551471566428,0.153455761193,0.391780725164
 08/17  09:00:00,0.663154325615,0.225644794888,0.0,0.0,0.0,0.0,0.0,0.0,0.121004488662,0.02757358443,0.15773917418,0.333437078342
 08/17  10:00:00,0.630102423412,0.226267114502,0.0,0.0,0.0,0.0,0.0,0.0,0.0968035935106,0.0220588687657,0.14656099478,0.341278966356
 08/17  11:00:00,0.90837528666,0.226490213842,0.0,0.0,0.216997951884,0.0510312217843,0.268029173668,0.0510312217843,0.0968035935106,0.0220588687657,0.156700125852,0.341383524863
 08/17  12:00:00,1.34462432884,0.226478229724,0.0,0.0,0.564226923184,0.131394531951,0.695621455135,0.131394531951,0.0968035935106,0.0220588687657,0.17110760444,0.335632806986
 08/17  13:00:00,1.80106448885,0.22775356919,0.0,0.0,0.941334070888,0.214337417141,1.15567148803,0.214337417141,0.0968035935106,0.0220588687657,0.155891737301,0.347238801247
 08/17  14:00:00,2.23315431184,0.22970635761,0.0,0.0,1.28372829267,0.288728092184,1.57245638485,0.288728092184,0.0968035935106,0.0220588687657,0.151644222687,0.366791242027
 08/17  15:00:00,2.6348061796,0.231500236141,0.0,0.0,1.57901686481,0.355239097203,1.93425596202,0.355239097203,0.0968035935106,0.0220588687657,0.17110760444,0.387180150863
 08/17  16:00:00,3.11600503793,0.237028236515,0.0,0.0,1.8624401528,0.419174591687,2.28161474448,0.419174591687,0.102853817299,0.0234375484454,0.226732667701,0.45796626
 08/17  17:00:00,3.34768748191,0.243785330093,0.0,0.0,1.85287881418,0.432537070218,2.2854158844,0.432537070218,0.133104936238,0.0303309437893,0.319079902546,0.556355814945
 08/17  18:00:00,3.09535082532,0.246408260083,0.0,0.0,1.51811903645,0.370442225355,1.88856126181,0.370442225355,0.223858239941,0.0510111389839,0.274485690517,0.604034494068
 08/17  19:00:00,2.90088874594,0.246707793262,0.0,0.0,1.22132102599,0.307521472366,1.52884249836,0.307521472366,0.435616137039,0.0992649125,0.190282821696,0.623482376342
 08/17  20:00:00,2.92693980571,0.246770450011,0.0,0.0,0.947972043925,0.245168224949,1.19314026887,0.245168224949,0.744177563625,0.169577548673,0.151727554294,0.644916870247
 08/17  21:00:00,2.86787342025,0.244648442254,0.0,0.0,0.717489133638,0.188699300002,0.90618843364,0.188699300002,0.955935460723,0.217831322189,0.134657758435,0.62986044526
 08/17  22:00:00,2.10746204278,0.238370797299,0.0,0.0,0.429644682285,0.115547584011,0.545192266296,0.115547584011,0.713926511704,0.162684135003,0.117195633569,0.545063496205
 08/17  23:00:00,1.47037303048,0.233273917304,0.0,0.0,0.204745420211,0.0554329585455,0.260178378757,0.0554329585455,0.496118374918,0.113051709296,0.103974531478,0.473650036027
 08/17  24:00:00,0.854433595261,0.227668359766,0.0,0.0,0.0247004098572,0.00668751387478,0.0313879237319,0.00668751387478,0.254109425899,0.0579045221107,0.0958509983557,0.391780725164
 08/18  01:00:00,0.663846554205,0.225684760787,0.0,0.0,0.0,0.0,0.0,0.0,0.151255659219,0.0344669767196,0.0939970696368,0.36072684863
 08/18  02:00:00,0.593323836261,0.225693685409,0.0,0.0,0.0,0.0,0.0,0.0,0.102853817299,0.0234375484454,0.0870879621612,0.356544508356
 08/18  03:00:00,0.585869051825,0.225421212485,0.0,0.0,0.0,0.0,0.0,0.0,0.102853817299,0.0234375484454,0.0846519860538,0.351525700027
 08/18  04:00:00,0.576438090814,0.224769577346,0.0,0.0,0.0,0.0,0.0,0.0,0.102853817299,0.0234375484454,0.0884999554121,0.338246769658
 08/18  05:00:00,0.628138829355,0.227769878424,0.0,0.0,0.0,0.0,0.0,0.0,0.108904041086,0.024816228125,0.0935623504171,0.377456209726
 08/18  06:00:00,0.791867807911,0.231840336006,0.0,0.0,0.0,0.0,0.0,0.0,0.175456476445,0.0399817076554,0.116916091742,0.436113532068
 08/18  07:00:00,1.0497383599,0.233772915987,0.0,0.0,0.0,0.0,0.0,0.0,0.308561426586,0.0703126361731,0.14656099478,0.463403302356
 08/18  08:00:00,0.865792594516,0.229075387839,0.0,0.0,0.0,0.0,0.0,0.0,0.242008951516,0.0551471566428,0.153455761193,0.391780725164
 08/18  09:00:00,0.663154325615,0.225316220106,0.0,0.0,0.0,0.0,0.0,0.0,0.121004488662,0.02757358443,0.15773917418,0.333437078342
 08/18  10:00:00,1.00371487932,0.226296307953,0.0,0.0,0.301486626355,0.0721258295542,0.373612455909,0.0721258295542,0.0968035935106,0.0220588687657,0.14656099478,0.341278966356
 08/18  11:00:00,1.28120222057,0.226665325024,0.0,0.0,0.519419912942,0.121436194639,0.64085610758,0.121436194639,0.0968035935106,0.0220588687657,0.156700125852,0.341383524863
 08/18  12:00:00,1.79513786162,0.226811994959,0.0,0.0,0.935329968969,0.210805018947,1.14613498792,0.210805018947,0.0968035935106,0.0220588687657,0.17110760444,0.335632806986
 08/18  13:00:00,2.17415919139,0.228274029726,0.0,0.0,1.25014156183,0.27862462873,1.52876619056,0.27862462873,0.0968035935106,0.0220588687657,0.155891737301,0.347238801247
 08/18  14:00:00,2.58258469021,0.230296866119,0.0,0.0,1.57545602373,0.346430739487,1.92188676322,0.346430739487,0.0968035935106,0.0220588687657,0.151644222687,0.366791242027
 08/18  15:00:00,2.95008209964,0.231831439663,0.0,0.0,1.84405134544,0.405480536625,2.24953188207,0.405480536625,0.0968035935106,0.0220588687657,0.17110760444,0.387180150863
 08/18  16:00:00,3.17750070374,0.237025144843,0.0,0.0,1.91612133868,0.426989071606,2.34311041029,0.426989071606,0.102853817299,0.0234375484454,0.226732667701,0.45796626
 08/18  17:00:00,3.64749182681,0.243997331481,0.0,0.0,2.1141261373,0.471094091997,2.58522022929,0.471094091997,0.133104936238,0.0303309437893,0.319079902546,0.556355814945
 08/18  18:00:00,3.38827899503,0.246699938189,0.0,0.0,1.77615782725,0.405331604276,2.18148943152,0.405331604276,0.223858239941,0.0510111389839,0.274485690517,0.604034494068
 08/18  19:00:00,3.20213650556,0.247108990945,0.0,0.0,1.4772864182,0.35280383978,1.83009025798,0.35280383978,0.435616137039,0.0992649125,0.190282821696,0.623482376342
 08/18  20:00:00,3.15410962725,0.24719317735,0.0,0.0,1.13721222672,0.28309786369,1.42031009041,0.28309786369,0.744177563625,0.169577548673,0.151727554294,0.644916870247
 08/18  21:00:00,3.10446602788,0.245036256136,0.0,0.0,0.911537677708,0.231243363564,1.14278104127,0.231243363564,0.955935460723,0.217831322189,0.134657758435,0.62986044526
 08/18  22:00:00,2.37627968528,0.238790701241,0.0,0.0,0.646986374055,0.167023534738,0.814009908794,0.167023534738,0.713926511704,0.162684135003,0.117195633569,0.545063496205
 08/18  23:00:00,1.80099258749,0.233829030768,0.0,0.0,0.469590284885,0.121207650888,0.590797935773,0.121207650888,0.496118374918,0.113051709296,0.103974531478,0.473650036027
 08/18  24:00:00,1.19715435398,0.228210026573,0.0,0.0,0.296819750088,0.0772889323614,0.374108682449,0.0772889323614,0.254109425899,0.0579045221107,0.0958509983557,0.391780725164
 08/19  01:00:00,1.0544098585,0.300158917081,0.0,0.0,0.28936531901,0.0746499366949,0.364015255704,0.0746499366949,0.151255659219,0.0344669767196,0.120545118231,0.36072684863
 08/19  02:00:00,0.802841100791,0.279528521589,0.0,0.0,0.151746170859,0.0400909444848,0.191837115344,0.0400909444848,0.102853817299,0.0234375484454,0.104768111347,0.356544508356
 08/19  03:00:00,0.750533149267,0.28495148476,0.0,0.0,0.123037895849,0.0322373108822,0.155275206731,0.0322373108822,0.102853817299,0.0234375484454,0.0940408767647,0.351525700027
 08/19  04:00:00,0.701508734199,0.345051575602,0.0,0.0,0.0850581510001,0.0222813008471,0.107339451847,0.0222813008471,0.102853817299,0.0234375484454,0.106231146951,0.338246769658
 08/19  05:00:00,0.739687112302,0.612320908488,0.0,0.0,0.0660754562899,0.0173030873197,0.0833785436096,0.0173030873197,0.108904041086,0.024816228125,0.121732089755,0.377456209726
 08/19  06:00:00,0.863747827402,1.11188620565,0.0,0.0,0.0,0.0,0.0,0.0,0.175456476445,0.0399817076554,0.188796111233,0.436113532068
 08/19  07:00:00,1.19092912928,1.25259007532,0.0,0.0,0.0,0.0,0.0,0.0,0.308561426586,0.0703126361731,0.287751764166,0.463403302356
 08/19  08:00:00,1.31704207263,1.2175831834,0.0,0.0,0.18416922545,0.0485191060058,0.232688331456,0.0485191060058,0.242008951516,0.0551471566428,0.372016907847,0.391780725164
 08/19  09:00:00,1.35707384418,1.10552491817,0.0,0.0,0.312505184051,0.081062119786,0.393567303837,0.081062119786,0.121004488662,0.02757358443,0.458091388909,0.333437078342
 08/19  10:00:00,1.57321721313,0.975579230305,0.0,0.0,0.483464925243,0.123362611078,0.606827536321,0.123362611078,0.0968035935106,0.0220588687657,0.48284824818,0.341278966356
 08/19  11:00:00,1.84450585261,0.858125987933,0.0,0.0,0.687190498747,0.172299930246,0.859490428993,0.172299930246,0.0968035935106,0.0220588687657,0.501369436475,0.341383524863
 08/19  12:00:00,2.08088338554,0.767865853043,0.0,0.0,0.896022968948,0.222409975486,1.11843294443,0.222409975486,0.0968035935106,0.0220588687657,0.484555171843,0.335632806986
 08/19  13:00:00,2.19837707525,0.713813786313,0.0,0.0,1.01381245615,0.251701776657,1.2655142328,0.251701776657,0.0968035935106,0.0220588687657,0.443361578923,0.347238801247
 08/19  14:00:00,2.35513795294,0.662749682602,0.0,0.0,1.15127024396,0.285874767368,1.43714501133,0.285874767368,0.0968035935106,0.0220588687657,0.408939237309,0.366791242027
 08/19  15:00:00,2.37726056833,0.670733747277,0.0,0.0,1.14543487979,0.287517443093,1.43295232288,0.287517443093,0.0968035935106,0.0220588687657,0.414865632307,0.387180150863
 08/19  16:00:00,2.58560560247,0.743886091774,0.0,0.0,1.2083768236,0.30603680892,1.51441363252,0.30603680892,0.102853817299,0.0234375484454,0.463534344206,0.45796626
 08/19  17:00:00,2.74716358251,0.887147188402,0.0,0.0,1.15413810521,0.29523810521,1.44937621042,0.29523810521,0.133104936238,0.0303309437893,0.554595677112,0.556355814945
 08/19  18:00:00,2.64997933188,1.02549850151,0.0,0.0,0.957813017825,0.24918770273,1.20700072055,0.24918770273,0.223858239941,0.0510111389839,0.510674738334,0.604034494068
 08/19  19:00:00,2.66690901836,1.05526310492,0.0,0.0,0.835474555797,0.218955801638,1.05443035743,0.218955801638,0.435616137039,0.0992649125,0.43071523504,0.623482376342
 08/19  20:00:00,2.7972638641,0.982020061289,0.0,0.0,0.651088722224,0.172038787513,0.823127509738,0.172038787513,0.744177563625,0.169577548673,0.392064371819,0.644916870247
 08/19  21:00:00,2.86606693975,0.881943573786,0.0,0.0,0.523670641927,0.140235555496,0.663906197423,0.140235555496,0.955935460723,0.217831322189,0.375133514152,0.62986044526
 08/19  22:00:00,2.23635420266,0.72784996619,0.0,0.0,0.382283592741,0.102381614063,0.484665206804,0.102381614063,0.713926511704,0.162684135003,0.306614852939,0.545063496205
 08/19  23:00:00,1.61200930346,0.558176723108,0.0,0.0,0.23391539645,0.0626556746741,0.296571071124,0.0626556746741,0.496118374918,0.113051709296,0.209218112099,0.473650036027
 08/19  24:00:00,0.943908475738,0.377575181406,0.0,0.0,0.0597597356288,0.0161089236646,0.0758686592934,0.0161089236646,0.254109425899,0.0579045221107,0.140845143271,0.391780725164
 08/20  01:00:00,0.6903946028,0.299507371983,0.0,0.0,0.0,0.0,0.0,0.0,0.151255659219,0.0344669767196,0.120545118231,0.36072684863
 08/20  02:00:00,0.611003985447,0.279008108717,0.0,0.0,0.0,0.0,0.0,0.0,0.102853817299,0.0234375484454,0.104768111347,0.356544508356
 08/20  03:00:00,0.595257942536,0.284584650403,0.0,0.0,0.0,0.0,0.0,0.0,0.102853817299,0.0234375484454,0.0940408767647,0.351525700027
 08/20  04:00:00,0.594169282352,0.344830785993,0.0,0.0,0.0,0.0,0.0,0.0,0.102853817299,0.0234375484454,0.106231146951,0.338246769658
 08/20  05:00:00,0.656308568692,0.612340711705,0.0,0.0,0.0,0.0,0.0,0.0,0.108904041086,0.024816228125,0.121732089755,0.377456209726
 08/20  06:00:00,0.863747827402,1.11218055894,0.0,0.0,0.0,0.0,0.0,0.0,0.175456476445,0.0399817076554,0.188796111233,0.436113532068
 08/20  07:00:00,1.19092912928,1.25305281363,0.0,0.0,0.0,0.0,0.0,0.0,0.308561426586,0.0703126361731,0.287751764166,0.463403302356
 08/20  08:00:00,1.08435374117,1.21804280948,0.0,0.0,0.0,0.0,0.0,0.0,0.242008951516,0.0551471566428,0.372016907847,0.391780725164
 08/20  09:00:00,0.963506540343,1.10582348866,0.0,0.0,0.0,0.0,0.0,0.0,0.121004488662,0.02757358443,0.458091388909,0.333437078342
 08/20  10:00:00,0.966389676812,0.975657811406,0.0,0.0,0.0,0.0,0.0,0.0,0.0968035935106,0.0220588687657,0.48284824818,0.341278966356
 08/20  11:00:00,0.985015423615,0.857800576684,0.0,0.0,0.0,0.0,0.0,0.0,0.0968035935106,0.0220588687657,0.501369436475,0.341383524863
 08/20  12:00:00,1.02601103418,0.767169649271,0.0,0.0,0.0504322175221,0.0131283755515,0.0635605930735,0.0131283755515,0.0968035935106,0.0220588687657,0.484555171843,0.335632806986
 08/20  13:00:00,1.30777291074,0.713041533172,0.0,0.0,0.299087121563,0.0758229467337,0.374910068297,0.0758229467337,0.0968035935106,0.0220588687657,0.443361578923,0.347238801247
 08/20  14:00:00,1.43690640791,0.661888006896,0.0,0.0,0.41313339076,0.105780075534,0.518913466293,0.105780075534,0.0968035935106,0.0220588687657,0.408939237309,0.366791242027
 08/20  15:00:00,1.44021242842,0.669606699602,0.0,0.0,0.392866226577,0.103037956397,0.495904182975,0.103037956397,0.0968035935106,0.0220588687657,0.414865632307,0.387180150863
 08/20  16:00:00,1.66624081654,0.742558647847,0.0,0.0,0.471376973513,0.123671873075,0.595048846587,0.123671873075,0.102853817299,0.0234375484454,0.463534344206,0.45796626
 08/20  17:00:00,1.99311029142,0.886015288593,0.0,0.0,0.550779822722,0.144543096615,0.695322919336,0.144543096615,0.133104936238,0.0303309437893,0.554595677112,0.556355814945
 08/20  18:00:00,2.1459297302,1.0248122261,0.0,0.0,0.555859579386,0.147091539482,0.702951118868,0.147091539482,0.223858239941,0.0510111389839,0.510674738334,0.604034494068
 08/20  19:00:00,2.22357698715,1.05496431355,0.0,0.0,0.482451450758,0.128646875475,0.611098326233,0.128646875475,0.435616137039,0.0992649125,0.43071523504,0.623482376342
 08/20  20:00:00,2.49765849517,0.981847491987,0.0,0.0,0.412792065515,0.110730075286,0.523522140801,0.110730075286,0.744177563625,0.169577548673,0.392064371819,0.644916870247
 08/20  21:00:00,2.66123301876,0.882165573877,0.0,0.0,0.361983211097,0.0970890653376,0.459072276435,0.0970890653376,0.955935460723,0.217831322189,0.375133514152,0.62986044526
 08/20  22:00:00,2.03850323176,0.727768673618,0.0,0.0,0.225860058459,0.0609541774547,0.286814235913,0.0609541774547,0.713926511704,0.162684135003,0.306614852939,0.545063496205
 08/20  23:00:00,1.46271530669,0.558125738779,0.0,0.0,0.115979080021,0.0312979943243,0.147277074345,0.0312979943243,0.496118374918,0.113051709296,0.209218112099,0.473650036027
 08/20  24:00:00,0.868039816445,0.377651410959,0.0,0.0,0.0,0.0,0.0,0.0,0.254109425899,0.0579045221107,0.140845143271,0.391780725164
 08/21  01:00:00,0.685789741401,0.292758523613,0.0,0.0,0.0,0.0,0.0,0.0,0.151255659219,0.0344669767196,0.115940256832,0.36072684863
 08/21  02:00:00,0.607957540627,0.273966121863,0.0,0.0,0.0,0.0,0.0,0.0,0.102853817299,0.0234375484454,0.101721666527,0.356544508356
 08/21  03:00:00,0.593664971013,0.279216081382,0.0,0.0,0.0,0.0,0.0,0.0,0.102853817299,0.0234375484454,0.0924479052419,0.351525700027
 08/21  04:00:00,0.591052934156,0.333857020015,0.0,0.0,0.0,0.0,0.0,0.0,0.102853817299,0.0234375484454,0.103114798755,0.338246769658
 08/21  05:00:00,0.651529094025,0.579875499507,0.0,0.0,0.0,0.0,0.0,0.0,0.108904041086,0.024816228125,0.116952615088,0.377456209726
 08/21  06:00:00,0.851351396549,1.03735782495,0.0,0.0,0.0,0.0,0.0,0.0,0.175456476445,0.0399817076554,0.176399680379,0.436113532068
 08/21  07:00:00,1.16624087385,1.16239637719,0.0,0.0,0.0,0.0,0.0,0.0,0.308561426586,0.0703126361731,0.263063508738,0.463403302356
 08/21  08:00:00,1.04651022368,1.12366249024,0.0,0.0,0.0,0.0,0.0,0.0,0.242008951516,0.0551471566428,0.334173390357,0.391780725164
 08/21  09:00:00,0.910970305724,1.01917893869,0.0,0.0,0.0,0.0,0.0,0.0,0.121004488662,0.02757358443,0.405555154289,0.333437078342
 08/21  10:00:00,0.90698740956,0.901587182124,0.0,0.0,0.0,0.0,0.0,0.0,0.0968035935106,0.0220588687657,0.423445980927,0.341278966356
 08/21  11:00:00,0.923778537733,0.796515808143,0.0,0.0,0.0,0.0,0.0,0.0,0.0968035935106,0.0220588687657,0.440132550593,0.341383524863
 08/21  12:00:00,0.906671517534,0.714200935408,0.0,0.0,0.0,0.0,0.0,0.0,0.0968035935106,0.0220588687657,0.428776248271,0.335632806986
 08/21  13:00:00,0.882010138024,0.66688298032,0.0,0.0,0.0,0.0,0.0,0.0,0.0968035935106,0.0220588687657,0.392508874502,0.347238801247
 08/21  14:00:00,0.872346440899,0.619947340449,0.0,0.0,0.0,0.0,0.0,0.0,0.0968035935106,0.0220588687657,0.363292736595,0.366791242027
 08/21  15:00:00,1.04852858486,0.627795394702,0.0,0.0,0.11682411986,0.0306316877383,0.147455807598,0.0306316877383,0.0968035935106,0.0220588687657,0.371630164121,0.387180150863
 08/21  16:00:00,1.34206016665,0.691246223633,0.0,0.0,0.247824526765,0.0649479089025,0.312772435668,0.0649479089025,0.102853817299,0.0234375484454,0.421630105235,0.45796626
 08/21  17:00:00,1.67406206089,0.823932840669,0.0,0.0,0.330832703896,0.0866859033504,0.417518607247,0.0866859033504,0.133104936238,0.0303309437893,0.513351758673,0.556355814945
 08/21  18:00:00,1.89743815077,0.944027096474,0.0,0.0,0.391145704355,0.103342536404,0.494488240758,0.103342536404,0.223858239941,0.0510111389839,0.470646037016,0.604034494068
 08/21  19:00:00,2.01435607064,0.964450869964,0.0,0.0,0.348930117614,0.0928995051876,0.441829622802,0.0928995051876,0.435616137039,0.0992649125,0.39076302196,0.623482376342
 08/21  20:00:00,2.2719010224,0.89582796269,0.0,0.0,0.266587186803,0.0718420798066,0.33842926661,0.0718420798066,0.744177563625,0.169577548673,0.351399773249,0.644916870247
 08/21  21:00:00,2.45009379184,0.810093988585,0.0,0.0,0.228030459321,0.0614439237668,0.289474383087,0.0614439237668,0.955935460723,0.217831322189,0.333592180578,0.62986044526
 08/21  22:00:00,1.79600991699,0.671034776007,0.0,0.0,0.0609168264704,0.0164128418144,0.0773296682847,0.0164128418144,0.713926511704,0.162684135003,0.273606105789,0.545063496205
 08/21  23:00:00,1.29731424617,0.522801960652,0.0,0.0,0.0,0.0,0.0,0.0,0.496118374918,0.113051709296,0.191094125924,0.473650036027
 08/21  24:00:00,0.86037051955,0.364607633641,0.0,0.0,0.0,0.0,0.0,0.0,0.254109425899,0.0579045221107,0.133175846376,0.391780725164
 08/22  01:00:00,0.685789741401,0.293072290437,0.0,0.0,0.0,0.0,0.0,0.0,0.151255659219,0.0344669767196,0.115940256832,0.36072684863
 08/22  02:00:00,0.607957540627,0.274392222549,0.0,0.0,0.0,0.0,0.0,0.0,0.102853817299,0.0234375484454,0.101721666527,0.356544508356
 08/22  03:00:00,0.593664971013,0.279613370714,0.0,0.0,0.0,0.0,0.0,0.0,0.102853817299,0.0234375484454,0.0924479052419,0.351525700027
 08/22  04:00:00,0.591052934156,0.334435380888,0.0,0.0,0.0,0.0,0.0,0.0,0.102853817299,0.0234375484454,0.103114798755,0.338246769658
 08/22  05:00:00,0.651529094025,0.580434385467,0.0,0.0,0.0,0.0,0.0,0.0,0.108904041086,0.024816228125,0.116952615088,0.377456209726
 08/22  06:00:00,0.851351396549,1.03825357484,0.0,0.0,0.0,0.0,0.0,0.0,0.175456476445,0.0399817076554,0.176399680379,0.436113532068
 08/22  07:00:00,1.16624087385,1.16340029594,0.0,0.0,0.0,0.0,0.0,0.0,0.308561426586,0.0703126361731,0.263063508738,0.463403302356
 08/22  08:00:00,1.04651022368,1.12468090396,0.0,0.0,0.0,0.0,0.0,0.0,0.242008951516,0.0551471566428,0.334173390357,0.391780725164
 08/22  09:00:00,0.910970305724,1.02018530672,0.0,0.0,0.0,0.0,0.0,0.0,0.121004488662,0.02757358443,0.405555154289,0.333437078342
 08/22  10:00:00,0.90698740956,0.902485988285,0.0,0.0,0.0,0.0,0.0,0.0,0.0968035935106,0.0220588687657,0.423445980927,0.341278966356
 08/22  11:00:00,0.923778537733,0.797361569393,0.0,0.0,0.0,0.0,0.0,0.0,0.0968035935106,0.0220588687657,0.440132550593,0.341383524863
 08/22  12:00:00,0.906671517534,0.714891002984,0.0,0.0,0.0,0.0,0.0,0.0,0.0968035935106,0.0220588687657,0.428776248271,0.335632806986
 08/22  13:00:00,0.994578889921,0.667553934899,0.0,0.0,0.0896282409688,0.0229405109275,0.112568751896,0.0229405109275,0.0968035935106,0.0220588687657,0.392508874502,0.347238801247
 08/22  14:00:00,1.26635122999,0.620733286553,0.0,0.0,0.314323800725,0.0796809883701,0.394004789096,0.0796809883701,0.0968035935106,0.0220588687657,0.363292736595,0.366791242027
 08/22  15:00:00,1.63431972944,0.628957485575,0.0,0.0,0.585906134294,0.14734081789,0.733246952184,0.14734081789,0.0968035935106,0.0220588687657,0.371630164121,0.387180150863
 08/22  16:00:00,2.03232768679,0.692654973631,0.0,0.0,0.799999286781,0.203040669034,1.00303995581,0.203040669034,0.102853817299,0.0234375484454,0.421630105235,0.45796626
 08/22  17:00:00,2.31114098837,0.825434797513,0.0,0.0,0.839324778869,0.215272755856,1.05459753472,0.215272755856,0.133104936238,0.0303309437893,0.513351758673,0.556355814945
 08/22  18:00:00,2.46191617058,0.945491674191,0.0,0.0,0.841366805821,0.217599454749,1.05896626057,0.217599454749,0.223858239941,0.0510111389839,0.470646037016,0.604034494068
 08/22  19:00:00,2.4334292872,0.965618221899,0.0,0.0,0.680491466739,0.180411372619,0.860902839358,0.180411372619,0.435616137039,0.0992649125,0.39076302196,0.623482376342
 08/22  20:00:00,2.56252560246,0.896617302559,0.0,0.0,0.495091416787,0.133962429881,0.629053846667,0.133962429881,0.744177563625,0.169577548673,0.351399773249,0.644916870247
 08/22  21:00:00,2.66210166314,0.810570851272,0.0,0.0,0.394656009199,0.106826245191,0.50148225439,0.106826245191,0.955935460723,0.217831322189,0.333592180578,0.62986044526
 08/22  22:00:00,1.92794630722,0.671512356025,0.0,0.0,0.164683192315,0.0445828662038,0.209266058519,0.0445828662038,0.713926511704,0.162684135003,0.273606105789,0.545063496205
 08/22  23:00:00,1.29731424617,0.523039100826,0.0,0.0,0.0,0.0,0.0,0.0,0.496118374918,0.113051709296,0.191094125924,0.473650036027
 08/22  24:00:00,0.86037051955,0.364881667446,0.0,0.0,0.0,0.0,0.0,0.0,0.254109425899,0.0579045221107,0.133175846376,0.391780725164
 08/23  01:00:00,0.685789741401,0.293199096379,0.0,0.0,0.0,0.0,0.0,0.0,0.151255659219,0.0344669767196,0.115940256832,0.36072684863
 08/23  02:00:00,0.607957540627,0.274632331706,0.0,0.0,0.0,0.0,0.0,0.0,0.102853817299,0.0234375484454,0.101721666527,0.356544508356
 08/23  03:00:00,0.593664971013,0.279906771564,0.0,0.0,0.0,0.0,0.0,0.0,0.102853817299,0.0234375484454,0.0924479052419,0.351525700027
 08/23  04:00:00,0.591052934156,0.334546168005,0.0,0.0,0.0,0.0,0.0,0.0,0.102853817299,0.0234375484454,0.103114798755,0.338246769658
 08/23  05:00:00,0.651529094025,0.580820823586,0.0,0.0,0.0,0.0,0.0,0.0,0.108904041086,0.024816228125,0.116952615088,0.377456209726
 08/23  06:00:00,0.851351396549,1.03888417813,0.0,0.0,0.0,0.0,0.0,0.0,0.175456476445,0.0399817076554,0.176399680379,0.436113532068
 08/23  07:00:00,1.16624087385,1.16415903121,0.0,0.0,0.0,0.0,0.0,0.0,0.308561426586,0.0703126361731,0.263063508738,0.463403302356
 08/23  08:00:00,1.04651022368,1.12552697518,0.0,0.0,0.0,0.0,0.0,0.0,0.242008951516,0.0551471566428,0.334173390357,0.391780725164
 08/23  09:00:00,0.910970305724,1.02112552687,0.0,0.0,0.0,0.0,0.0,0.0,0.121004488662,0.02757358443,0.405555154289,0.333437078342
 08/23  10:00:00,0.90698740956,0.903355108195,0.0,0.0,0.0,0.0,0.0,0.0,0.0968035935106,0.0220588687657,0.423445980927,0.341278966356
 08/23  11:00:00,0.923778537733,0.798280259017,0.0,0.0,0.0,0.0,0.0,0.0,0.0968035935106,0.0220588687657,0.440132550593,0.341383524863
 08/23  12:00:00,0.906671517534,0.715809673011,0.0,0.0,0.0,0.0,0.0,0.0,0.0968035935106,0.0220588687657,0.428776248271,0.335632806986
 08/23  13:00:00,0.936006737683,0.668354093057,0.0,0.0,0.0432122344866,0.0107843651724,0.053996599659,0.0107843651724,0.0968035935106,0.0220588687657,0.392508874502,0.347238801247
 08/23  14:00:00,1.15270691731,0.621471454014,0.0,0.0,0.22475648194,0.055603994472,0.280360476412,0.055603994472,0.0968035935106,0.0220588687657,0.363292736595,0.366791242027
 08/23  15:00:00,1.27771740396,0.62936704465,0.0,0.0,0.301379017867,0.0752656088379,0.376644626704,0.0752656088379,0.0968035935106,0.0220588687657,0.371630164121,0.387180150863
 08/23  16:00:00,1.58042333895,0.692773172575,0.0,0.0,0.439260867425,0.111874740544,0.551135607969,0.111874740544,0.102853817299,0.0234375484454,0.421630105235,0.45796626
 08/23  17:00:00,1.84932095195,0.825444926805,0.0,0.0,0.471474811533,0.121302686771,0.592777498304,0.121302686771,0.133104936238,0.0303309437893,0.513351758673,0.556355814945
 08/23  18:00:00,2.01864686979,0.945527163479,0.0,0.0,0.488887976831,0.126808982946,0.615696959777,0.126808982946,0.223858239941,0.0510111389839,0.470646037016,0.604034494068
 08/23  19:00:00,2.13877888555,0.965884127196,0.0,0.0,0.448789847545,0.117462590164,0.566252437709,0.117462590164,0.435616137039,0.0992649125,0.39076302196,0.623482376342
 08/23  20:00:00,2.44001760369,0.897242441946,0.0,0.0,0.400881638546,0.105664209354,0.5065458479,0.105664209354,0.744177563625,0.169577548673,0.351399773249,0.644916870247
 08/23  21:00:00,2.52070804092,0.811156651981,0.0,0.0,0.283680813878,0.0764078182913,0.36008863217,0.0764078182913,0.955935460723,0.217831322189,0.333592180578,0.62986044526
 08/23  22:00:00,1.83859059357,0.672063665869,0.0,0.0,0.0943416403038,0.0255687045679,0.119910344872,0.0255687045679,0.713926511704,0.162684135003,0.273606105789,0.545063496205
 08/23  23:00:00,1.29731424617,0.523638788896,0.0,0.0,0.0,0.0,0.0,0.0,0.496118374918,0.113051709296,0.191094125924,0.473650036027
 08/23  24:00:00,0.86037051955,0.365314983961,0.0,0.0,0.0,0.0,0.0,0.0,0.254109425899,0.0579045221107,0.133175846376,0.391780725164
 08/24  01:00:00,0.685789741401,0.293554119654,0.0,0.0,0.0,0.0,0.0,0.0,0.151255659219,0.0344669767196,0.115940256832,0.36072684863
 08/24  02:00:00,0.607957540627,0.274850692964,0.0,0.0,0.0,0.0,0.0,0.0,0.102853817299,0.0234375484454,0.101721666527,0.356544508356
 08/24  03:00:00,0.593664971013,0.280109377222,0.0,0.0,0.0,0.0,0.0,0.0,0.102853817299,0.0234375484454,0.0924479052419,0.351525700027
 08/24  04:00:00,0.591052934156,0.334732843967,0.0,0.0,0.0,0.0,0.0,0.0,0.102853817299,0.0234375484454,0.103114798755,0.338246769658
 08/24  05:00:00,0.651529094025,0.581081046469,0.0,0.0,0.0,0.0,0.0,0.0,0.108904041086,0.024816228125,0.116952615088,0.377456209726
 08/24  06:00:00,0.851351396549,1.03925913142,0.0,0.0,0.0,0.0,0.0,0.0,0.175456476445,0.0399817076554,0.176399680379,0.436113532068
 08/24  07:00:00,1.16624087385,1.16442011234,0.0,0.0,0.0,0.0,0.0,0.0,0.308561426586,0.0703126361731,0.263063508738,0.463403302356
 08/24  08:00:00,1.04651022368,1.12537683245,0.0,0.0,0.0,0.0,0.0,0.0,0.242008951516,0.0551471566428,0.334173390357,0.391780725164
 08/24  09:00:00,0.910970305724,1.02084906456,0.0,0.0,0.0,0.0,0.0,0.0,0.121004488662,0.02757358443,0.405555154289,0.333437078342
 08/24  10:00:00,0.90698740956,0.903145523881,0.0,0.0,0.0,0.0,0.0,0.0,0.0968035935106,0.0220588687657,0.423445980927,0.341278966356
 08/24  11:00:00,0.923778537733,0.798059416989,0.0,0.0,0.0,0.0,0.0,0.0,0.0968035935106,0.0220588687657,0.440132550593,0.341383524863
 08/24  12:00:00,0.906671517534,0.715622806662,0.0,0.0,0.0,0.0,0.0,0.0,0.0968035935106,0.0220588687657,0.428776248271,0.335632806986
 08/24  13:00:00,0.991686933009,0.66829600167,0.0,0.0,0.0877920210222,0.0218847739624,0.109676794985,0.0218847739624,0.0968035935106,0.0220588687657,0.392508874502,0.347238801247
 08/24  14:00:00,1.3310129224,0.621621250949,0.0,0.0,0.367923822638,0.0907426588634,0.458666481501,0.0907426588634,0.0968035935106,0.0220588687657,0.363292736595,0.366791242027
 08/24  15:00:00,1.63094729815,0.6296511922,0.0,0.0,0.586796809032,0.14307771186,0.729874520892,0.14307771186,0.0968035935106,0.0220588687657,0.371630164121,0.387180150863
 08/24  16:00:00,1.84403274461,0.693186411851,0.0,0.0,0.652414239509,0.162330774126,0.814745013635,0.162330774126,0.102853817299,0.0234375484454,0.421630105235,0.45796626
 08/24  17:00:00,2.17851575669,0.826001299349,0.0,0.0,0.736759574999,0.185212728049,0.921972303048,0.185212728049,0.133104936238,0.0303309437893,0.513351758673,0.556355814945
 08/24  18:00:00,2.31371197895,0.946126760794,0.0,0.0,0.726609395718,0.184152673218,0.910762068936,0.184152673218,0.223858239941,0.0510111389839,0.470646037016,0.604034494068
 08/24  19:00:00,2.2652378322,0.96632118429,0.0,0.0,0.548922548879,0.143788835478,0.692711384357,0.143788835478,0.435616137039,0.0992649125,0.39076302196,0.623482376342
 08/24  20:00:00,2.49641404226,0.897769711045,0.0,0.0,0.444156159012,0.118786127451,0.562942286463,0.118786127451,0.744177563625,0.169577548673,0.351399773249,0.644916870247
 08/24  21:00:00,2.63765552416,0.811670564431,0.0,0.0,0.376410119125,0.100625996282,0.477036115407,0.100625996282,0.955935460723,0.217831322189,0.333592180578,0.62986044526
 08/24  22:00:00,2.01258309628,0.672535880702,0.0,0.0,0.231626496551,0.0622763510307,0.293902847582,0.0622763510307,0.713926511704,0.162684135003,0.273606105789,0.545063496205
 08/24  23:00:00,1.45031043098,0.523983795732,0.0,0.0,0.120580983435,0.0324152013808,0.152996184816,0.0324152013808,0.496118374918,0.113051709296,0.191094125924,0.473650036027
 08/24  24:00:00,0.871572020847,0.365393568741,0.0,0.0,0.00882855644903,0.0023729448483,0.0112015012973,0.0023729448483,0.254109425899,0.0579045221107,0.133175846376,0.391780725164
 08/25  01:00:00,0.685789741401,0.293752403625,0.0,0.0,0.0,0.0,0.0,0.0,0.151255659219,0.0344669767196,0.115940256832,0.36072684863
 08/25  02:00:00,0.607957540627,0.274974481221,0.0,0.0,0.0,0.0,0.0,0.0,0.102853817299,0.0234375484454,0.101721666527,0.356544508356
 08/25  03:00:00,0.593664971013,0.280091986812,0.0,0.0,0.0,0.0,0.0,0.0,0.102853817299,0.0234375484454,0.0924479052419,0.351525700027
 08/25  04:00:00,0.591052934156,0.334695484119,0.0,0.0,0.0,0.0,0.0,0.0,0.102853817299,0.0234375484454,0.103114798755,0.338246769658
 08/25  05:00:00,0.651529094025,0.581118548978,0.0,0.0,0.0,0.0,0.0,0.0,0.108904041086,0.024816228125,0.116952615088,0.377456209726
 08/25  06:00:00,0.851351396549,1.03945836582,0.0,0.0,0.0,0.0,0.0,0.0,0.175456476445,0.0399817076554,0.176399680379,0.436113532068
 08/25  07:00:00,1.16624087385,1.16462665676,0.0,0.0,0.0,0.0,0.0,0.0,0.308561426586,0.0703126361731,0.263063508738,0.463403302356
 08/25  08:00:00,1.04651022368,1.12565514554,0.0,0.0,0.0,0.0,0.0,0.0,0.242008951516,0.0551471566428,0.334173390357,0.391780725164
 08/25  09:00:00,0.910970305724,1.02085221257,0.0,0.0,0.0,0.0,0.0,0.0,0.121004488662,0.02757358443,0.405555154289,0.333437078342
 08/25  10:00:00,0.984227963573,0.902947540278,0.0,0.0,0.0615492048862,0.0156913491268,0.077240554013,0.0156913491268,0.0968035935106,0.0220588687657,0.423445980927,0.341278966356
 08/25  11:00:00,1.22427073651,0.797912566953,0.0,0.0,0.240408033679,0.0600841651015,0.300492198781,0.0600841651015,0.0968035935106,0.0220588687657,0.440132550593,0.341383524863
 08/25  12:00:00,1.340095452,0.715460456788,0.0,0.0,0.346788000247,0.0866359342153,0.433423934463,0.0866359342153,0.0968035935106,0.0220588687657,0.428776248271,0.335632806986
 08/25  13:00:00,1.57330982104,0.668316739369,0.0,0.0,0.554249477701,0.137050205315,0.691299683016,0.137050205315,0.0968035935106,0.0220588687657,0.392508874502,0.347238801247
 08/25  14:00:00,1.9079961593,0.621750322534,0.0,0.0,0.835369080788,0.200280637616,1.0356497184,0.200280637616,0.0968035935106,0.0220588687657,0.363292736595,0.366791242027
 08/25  15:00:00,2.10490398872,0.629833911725,0.0,0.0,0.968909319439,0.234921892024,1.20383121146,0.234921892024,0.0968035935106,0.0220588687657,0.371630164121,0.387180150863
 08/25  16:00:00,2.45469927786,0.693574580256,0.0,0.0,1.1472492032,0.278162343681,1.42541154688,0.278162343681,0.102853817299,0.0234375484454,0.421630105235,0.45796626
 08/25  17:00:00,2.76796301042,0.826686478095,0.0,0.0,1.216450495,0.29496906177,1.51141955677,0.29496906177,0.133104936238,0.0303309437893,0.513351758673,0.556355814945
 08/25  18:00:00,2.70540297752,0.946809147927,0.0,0.0,1.03839214798,0.264060919533,1.30245306751,0.264060919533,0.223858239941,0.0510111389839,0.470646037016,0.604034494068
 08/25  19:00:00,2.5870673637,0.966830907011,0.0,0.0,0.805093475049,0.20944744081,1.01454091586,0.20944744081,0.435616137039,0.0992649125,0.39076302196,0.623482376342
 08/25  20:00:00,2.79277129765,0.897889836743,0.0,0.0,0.680858047066,0.178441494794,0.859299541861,0.178441494794,0.744177563625,0.169577548673,0.351399773249,0.644916870247
 08/25  21:00:00,2.88757765079,0.811959289449,0.0,0.0,0.576026465143,0.150931776894,0.726958242037,0.150931776894,0.955935460723,0.217831322189,0.333592180578,0.62986044526
 08/25  22:00:00,2.21321779311,0.672721826534,0.0,0.0,0.391293075032,0.103244469374,0.494537544405,0.103244469374,0.713926511704,0.162684135003,0.273606105789,0.545063496205
 08/25  23:00:00,1.58428097823,0.524021180299,0.0,0.0,0.226807635606,0.0601590964532,0.286966732059,0.0601590964532,0.496118374918,0.113051709296,0.191094125924,0.473650036027
 08/25  24:00:00,0.942224818628,0.365400602771,0.0,0.0,0.064621122153,0.0172331769255,0.0818542990785,0.0172331769255,0.254109425899,0.0579045221107,0.133175846376,0.391780725164
 08/26  01:00:00,0.6903946028,0.300445088466,0.0,0.0,0.0,0.0,0.0,0.0,0.151255659219,0.0344669767196,0.120545118231,0.36072684863
 08/26  02:00:00,0.611003985447,0.279726747261,0.0,0.0,0.0,0.0,0.0,0.0,0.102853817299,0.0234375484454,0.104768111347,0.356544508356
 08/26  03:00:00,0.595257942536,0.285350520377,0.0,0.0,0.0,0.0,0.0,0.0,0.102853817299,0.0234375484454,0.0940408767647,0.351525700027
 08/26  04:00:00,0.594169282352,0.345784159286,0.0,0.0,0.0,0.0,0.0,0.0,0.102853817299,0.0234375484454,0.106231146951,0.338246769658
 08/26  05:00:00,0.656308568692,0.61391152228,0.0,0.0,0.0,0.0,0.0,0.0,0.108904041086,0.024816228125,0.121732089755,0.377456209726
 08/26  06:00:00,0.863747827402,1.11514604284,0.0,0.0,0.0,0.0,0.0,0.0,0.175456476445,0.0399817076554,0.188796111233,0.436113532068
 08/26  07:00:00,1.19092912928,1.25634524389,0.0,0.0,0.0,0.0,0.0,0.0,0.308561426586,0.0703126361731,0.287751764166,0.463403302356
 08/26  08:00:00,1.08435374117,1.22114697236,0.0,0.0,0.0,0.0,0.0,0.0,0.242008951516,0.0551471566428,0.372016907847,0.391780725164
 08/26  09:00:00,1.09667367953,1.10861463909,0.0,0.0,0.106414853607,0.0267522855788,0.133167139186,0.0267522855788,0.121004488662,0.02757358443,0.458091388909,0.333437078342
 08/26  10:00:00,1.36832649611,0.978389325523,0.0,0.0,0.322949868323,0.078986950978,0.4019368193,0.078986950978,0.0968035935106,0.0220588687657,0.48284824818,0.341278966356
 08/26  11:00:00,1.71643276521,0.860559941396,0.0,0.0,0.591289208636,0.140128132957,0.731417341593,0.140128132957,0.0968035935106,0.0220588687657,0.501369436475,0.341383524863
 08/26  12:00:00,2.10532151624,0.770114437789,0.0,0.0,0.927721677137,0.215149397995,1.14287107513,0.215149397995,0.0968035935106,0.0220588687657,0.484555171843,0.335632806986
 08/26  13:00:00,2.22471545073,0.715773837541,0.0,0.0,1.04019883956,0.251653768731,1.29185260829,0.251653768731,0.0968035935106,0.0220588687657,0.443361578923,0.347238801247
 08/26  14:00:00,2.2998487813,0.664474193464,0.0,0.0,1.11265967723,0.269196162453,1.38185583968,0.269196162453,0.0968035935106,0.0220588687657,0.408939237309,0.366791242027
 08/26  15:00:00,2.75273210419,0.672561760411,0.0,0.0,1.4679556122,0.340468246539,1.80842385874,0.340468246539,0.0968035935106,0.0220588687657,0.414865632307,0.387180150863
 08/26  16:00:00,2.26897402228,0.745378424926,0.0,0.0,0.951146019157,0.246636033172,1.19778205233,0.246636033172,0.102853817299,0.0234375484454,0.463534344206,0.45796626
 08/26  17:00:00,2.80698543402,0.889172199216,0.0,0.0,1.20813037815,0.301067683782,1.50919806194,0.301067683782,0.133104936238,0.0303309437893,0.554595677112,0.556355814945
 08/26  18:00:00,2.80184785959,1.02819053048,0.0,0.0,1.0860428697,0.272826378572,1.35886924827,0.272826378572,0.223858239941,0.0510111389839,0.510674738334,0.604034494068
 08/26  19:00:00,2.76851159045,1.05811175752,0.0,0.0,0.922213608057,0.233819321468,1.15603292953,0.233819321468,0.435616137039,0.0992649125,0.43071523504,0.623482376342
 08/26  20:00:00,2.96201460748,0.984774834375,0.0,0.0,0.786898556512,0.200979696603,0.987878253115,0.200979696603,0.744177563625,0.169577548673,0.392064371819,0.644916870247
 08/26  21:00:00,3.0705001813,0.884790708332,0.0,0.0,0.691684930768,0.176654508204,0.868339438973,0.176654508204,0.955935460723,0.217831322189,0.375133514152,0.62986044526
 08/26  22:00:00,2.42708957318,0.730078218879,0.0,0.0,0.537999127396,0.137401449933,0.675400577329,0.137401449933,0.713926511704,0.162684135003,0.306614852939,0.545063496205
 08/26  23:00:00,1.82551101373,0.559810995232,0.0,0.0,0.406308181921,0.103764599471,0.510072781393,0.103764599471,0.496118374918,0.113051709296,0.209218112099,0.473650036027
 08/26  24:00:00,1.17478752653,0.378794298941,0.0,0.0,0.243931600175,0.0628161099093,0.306747710084,0.0628161099093,0.254109425899,0.0579045221107,0.140845143271,0.391780725164
 08/27  01:00:00,0.871658151872,0.300609795123,0.0,0.0,0.143951398974,0.0373121500983,0.181263549072,0.0373121500983,0.151255659219,0.0344669767196,0.120545118231,0.36072684863
 08/27  02:00:00,0.705375365769,0.279853402178,0.0,0.0,0.0749475216371,0.0194238586851,0.0943713803222,0.0194238586851,0.102853817299,0.0234375484454,0.104768111347,0.356544508356
 08/27  03:00:00,0.595257942536,0.285320204435,0.0,0.0,0.0,0.0,0.0,0.0,0.102853817299,0.0234375484454,0.0940408767647,0.351525700027
 08/27  04:00:00,0.594169282352,0.345680431865,0.0,0.0,0.0,0.0,0.0,0.0,0.102853817299,0.0234375484454,0.106231146951,0.338246769658
 08/27  05:00:00,0.656308568692,0.613942305284,0.0,0.0,0.0,0.0,0.0,0.0,0.108904041086,0.024816228125,0.121732089755,0.377456209726
 08/27  06:00:00,0.863747827402,1.115386175,0.0,0.0,0.0,0.0,0.0,0.0,0.175456476445,0.0399817076554,0.188796111233,0.436113532068
 08/27  07:00:00,1.19092912928,1.25671515067,0.0,0.0,0.0,0.0,0.0,0.0,0.308561426586,0.0703126361731,0.287751764166,0.463403302356
 08/27  08:00:00,1.08435374117,1.2215086455,0.0,0.0,0.0,0.0,0.0,0.0,0.242008951516,0.0551471566428,0.372016907847,0.391780725164
 08/27  09:00:00,0.963506540343,1.1088241439,0.0,0.0,0.0,0.0,0.0,0.0,0.121004488662,0.02757358443,0.458091388909,0.333437078342
 08/27  10:00:00,1.01046331544,0.978268738837,0.0,0.0,0.0350515972099,0.00902204141755,0.0440736386275,0.00902204141755,0.0968035935106,0.0220588687657,0.48284824818,0.341278966356
 08/27  11:00:00,1.26295863468,0.860230285135,0.0,0.0,0.221429750049,0.0565134610187,0.277943211068,0.0565134610187,0.0968035935106,0.0220588687657,0.501369436475,0.341383524863
 08/27  12:00:00,1.50218419871,0.769578606971,0.0,0.0,0.430630240901,0.109103516708,0.539733757609,0.109103516708,0.0968035935106,0.0220588687657,0.484555171843,0.335632806986
 08/27  13:00:00,1.8155844853,0.715345647795,0.0,0.0,0.706721284553,0.176000358297,0.88272164285,0.176000358297,0.0968035935106,0.0220588687657,0.443361578923,0.347238801247
 08/27  14:00:00,2.0895366438,0.664256707182,0.0,0.0,0.939808619206,0.231735082984,1.17154370219,0.231735082984,0.0968035935106,0.0220588687657,0.408939237309,0.366791242027
 08/27  15:00:00,2.35025764903,0.672117263763,0.0,0.0,1.12783240193,0.278117001657,1.40594940359,0.278117001657,0.0968035935106,0.0220588687657,0.414865632307,0.387180150863
 08/27  16:00:00,2.6065835614,0.745727872296,0.0,0.0,1.22919328023,0.30619831122,1.53539159145,0.30619831122,0.102853817299,0.0234375484454,0.463534344206,0.45796626
 08/27  17:00:00,2.7785230043,0.889474981296,0.0,0.0,1.18131118321,0.299424449008,1.48073563222,0.299424449008,0.133104936238,0.0303309437893,0.554595677112,0.556355814945
 08/27  18:00:00,2.82214864936,1.02842990694,0.0,0.0,1.10026406335,0.278905974683,1.37917003803,0.278905974683,0.223858239941,0.0510111389839,0.510674738334,0.604034494068
 08/27  19:00:00,2.63743941785,1.05827834712,0.0,0.0,0.815062270862,0.209898486066,1.02496075693,0.209898486066,0.435616137039,0.0992649125,0.43071523504,0.623482376342
 08/27  20:00:00,2.85947210695,0.984824692231,0.0,0.0,0.703072463096,0.182263289493,0.885335752589,0.182263289493,0.744177563625,0.169577548673,0.392064371819,0.644916870247
 08/27  21:00:00,2.91751909423,0.884748488793,0.0,0.0,0.567217200972,0.148141150932,0.715358351903,0.148141150932,0.955935460723,0.217831322189,0.375133514152,0.62986044526
 08/27  22:00:00,2.28365588905,0.729932931453,0.0,0.0,0.421807881065,0.110159012131,0.531966893197,0.110159012131,0.713926511704,0.162684135003,0.306614852939,0.545063496205
 08/27  23:00:00,1.60913032265,0.559625736437,0.0,0.0,0.232542453214,0.0611496370935,0.293692090308,0.0611496370935,0.496118374918,0.113051709296,0.209218112099,0.473650036027
 08/27  24:00:00,1.02516824172,0.378313558084,0.0,0.0,0.124592230767,0.0325361945038,0.157128425271,0.0325361945038,0.254109425899,0.0579045221107,0.140845143271,0.391780725164
 08/28  01:00:00,0.772056869402,0.293181209684,0.0,0.0,0.0685097483922,0.017757379609,0.0862671280012,0.017757379609,0.151255659219,0.0344669767196,0.115940256832,0.36072684863
 08/28  02:00:00,0.607957540627,0.274350804598,0.0,0.0,0.0,0.0,0.0,0.0,0.102853817299,0.0234375484454,0.101721666527,0.356544508356
 08/28  03:00:00,0.593664971013,0.279505145051,0.0,0.0,0.0,0.0,0.0,0.0,0.102853817299,0.0234375484454,0.0924479052419,0.351525700027
 08/28  04:00:00,0.591052934156,0.334181824661,0.0,0.0,0.0,0.0,0.0,0.0,0.102853817299,0.0234375484454,0.103114798755,0.338246769658
 08/28  05:00:00,0.651529094025,0.581097376573,0.0,0.0,0.0,0.0,0.0,0.0,0.108904041086,0.024816228125,0.116952615088,0.377456209726
 08/28  06:00:00,0.851351396549,1.04035024219,0.0,0.0,0.0,0.0,0.0,0.0,0.175456476445,0.0399817076554,0.176399680379,0.436113532068
 08/28  07:00:00,1.16624087385,1.16580332738,0.0,0.0,0.0,0.0,0.0,0.0,0.308561426586,0.0703126361731,0.263063508738,0.463403302356
 08/28  08:00:00,1.06263663084,1.12672237366,0.0,0.0,0.0128073558937,0.00331905126515,0.0161264071588,0.00331905126515,0.242008951516,0.0551471566428,0.334173390357,0.391780725164
 08/28  09:00:00,1.06488823354,1.02184723381,0.0,0.0,0.122804125516,0.0311138023011,0.153917927818,0.0311138023011,0.121004488662,0.02757358443,0.405555154289,0.333437078342
 08/28  10:00:00,1.2931596138,0.903938253369,0.0,0.0,0.309183330416,0.0769888738214,0.386172204238,0.0769888738214,0.0968035935106,0.0220588687657,0.423445980927,0.341278966356
 08/28  11:00:00,1.54538002283,0.798677471912,0.0,0.0,0.497675721264,0.123925763831,0.621601485095,0.123925763831,0.0968035935106,0.0220588687657,0.440132550593,0.341383524863
 08/28  12:00:00,1.81756006327,0.716210939127,0.0,0.0,0.730738636653,0.18014990908,0.910888545733,0.18014990908,0.0968035935106,0.0220588687657,0.428776248271,0.335632806986
 08/28  13:00:00,2.17645814802,0.668942678422,0.0,0.0,1.04239286305,0.252055146946,1.29444800999,0.252055146946,0.0968035935106,0.0220588687657,0.392508874502,0.347238801247
 08/28  14:00:00,2.16588839901,0.622317367028,0.0,0.0,1.03948132667,0.254060631438,1.29354195811,0.254060631438,0.0968035935106,0.0220588687657,0.363292736595,0.366791242027
 08/28  15:00:00,2.49911189613,0.630415554178,0.0,0.0,1.28687119289,0.31116792598,1.59803911887,0.31116792598,0.0968035935106,0.0220588687657,0.371630164121,0.387180150863
 08/28  16:00:00,2.31389223566,0.693887287246,0.0,0.0,1.02849839804,0.256106106644,1.28460450469,0.256106106644,0.102853817299,0.0234375484454,0.421630105235,0.45796626
 08/28  17:00:00,2.21196743797,0.826520270347,0.0,0.0,0.758861000239,0.196562984083,0.955423984322,0.196562984083,0.133104936238,0.0303309437893,0.513351758673,0.556355814945
 08/28  18:00:00,2.36767691009,0.946914473959,0.0,0.0,0.76727928075,0.197447719327,0.964727000077,0.197447719327,0.223858239941,0.0510111389839,0.470646037016,0.604034494068
 08/28  19:00:00,2.42818277142,0.967384757168,0.0,0.0,0.681690904612,0.17396541897,0.855656323581,0.17396541897,0.435616137039,0.0992649125,0.39076302196,0.623482376342
 08/28  20:00:00,2.65662847651,0.898391112373,0.0,0.0,0.574383474654,0.148773246067,0.723156720721,0.148773246067,0.744177563625,0.169577548673,0.351399773249,0.644916870247
 08/28  21:00:00,2.8334289483,0.812499420189,0.0,0.0,0.534395373161,0.138414166384,0.672809539546,0.138414166384,0.955935460723,0.217831322189,0.333592180578,0.62986044526
 08/28  22:00:00,2.19058597349,0.672927114599,0.0,0.0,0.374253787401,0.0976519373827,0.471905724784,0.0976519373827,0.713926511704,0.162684135003,0.273606105789,0.545063496205
 08/28  23:00:00,1.57660372977,0.524066865738,0.0,0.0,0.221183099666,0.0581063839414,0.279289483607,0.0581063839414,0.496118374918,0.113051709296,0.191094125924,0.473650036027
 08/28  24:00:00,0.869112793091,0.365078112627,0.0,0.0,0.00690801220607,0.00183426133487,0.00874227354094,0.00183426133487,0.254109425899,0.0579045221107,0.133175846376,0.391780725164
 08/29  01:00:00,0.685789741401,0.293179231634,0.0,0.0,0.0,0.0,0.0,0.0,0.151255659219,0.0344669767196,0.115940256832,0.36072684863
 08/29  02:00:00,0.607957540627,0.274284726703,0.0,0.0,0.0,0.0,0.0,0.0,0.102853817299,0.0234375484454,0.101721666527,0.356544508356
 08/29  03:00:00,0.593664971013,0.27955237744,0.0,0.0,0.0,0.0,0.0,0.0,0.102853817299,0.0234375484454,0.0924479052419,0.351525700027
 08/29  04:00:00,0.591052934156,0.334293606305,0.0,0.0,0.0,0.0,0.0,0.0,0.102853817299,0.0234375484454,0.103114798755,0.338246769658
 08/29  05:00:00,0.651529094025,0.581595148456,0.0,0.0,0.0,0.0,0.0,0.0,0.108904041086,0.024816228125,0.116952615088,0.377456209726
 08/29  06:00:00,0.851351396549,1.04125947334,0.0,0.0,0.0,0.0,0.0,0.0,0.175456476445,0.0399817076554,0.176399680379,0.436113532068
 08/29  07:00:00,1.16624087385,1.16686518836,0.0,0.0,0.0,0.0,0.0,0.0,0.308561426586,0.0703126361731,0.263063508738,0.463403302356
 08/29  08:00:00,1.04651022368,1.12798490717,0.0,0.0,0.0,0.0,0.0,0.0,0.242008951516,0.0551471566428,0.334173390357,0.391780725164
 08/29  09:00:00,0.910970305724,1.02306301508,0.0,0.0,0.0,0.0,0.0,0.0,0.121004488662,0.02757358443,0.405555154289,0.333437078342
 08/29  10:00:00,0.90698740956,0.904837876592,0.0,0.0,0.0,0.0,0.0,0.0,0.0968035935106,0.0220588687657,0.423445980927,0.341278966356
 08/29  11:00:00,0.923778537733,0.799258256882,0.0,0.0,0.0,0.0,0.0,0.0,0.0968035935106,0.0220588687657,0.440132550593,0.341383524863
 08/29  12:00:00,0.906671517534,0.716474300727,0.0,0.0,0.0,0.0,0.0,0.0,0.0968035935106,0.0220588687657,0.428776248271,0.335632806986
 08/29  13:00:00,0.899476666895,0.66888376329,0.0,0.0,0.0138520941379,0.00361443473305,0.0174665288709,0.00361443473305,0.0968035935106,0.0220588687657,0.392508874502,0.347238801247
 08/29  14:00:00,1.01338372763,0.621732592934,0.0,0.0,0.111848457221,0.02918882951,0.141037286731,0.02918882951,0.0968035935106,0.0220588687657,0.363292736595,0.366791242027
 08/29  15:00:00,1.16782951998,0.629672894642,0.0,0.0,0.21154534211,0.0552114006048,0.266756742715,0.0552114006048,0.0968035935106,0.0220588687657,0.371630164121,0.387180150863
 08/29  16:00:00,1.44982913656,0.693418658117,0.0,0.0,0.334004294702,0.0865371108828,0.420541405584,0.0865371108828,0.102853817299,0.0234375484454,0.421630105235,0.45796626
 08/29  17:00:00,1.81193472579,0.826726662251,0.0,0.0,0.442454098658,0.112937173491,0.55539127215,0.112937173491,0.133104936238,0.0303309437893,0.513351758673,0.556355814945
 08/29  18:00:00,2.06954491459,0.947377877467,0.0,0.0,0.531042609695,0.135552394888,0.666595004583,0.135552394888,0.223858239941,0.0510111389839,0.470646037016,0.604034494068
 08/29  19:00:00,2.18355140728,0.967973712774,0.0,0.0,0.485941884546,0.125083074892,0.611024959437,0.125083074892,0.435616137039,0.0992649125,0.39076302196,0.623482376342
 08/29  20:00:00,2.52505682129,0.899091151891,0.0,0.0,0.470482673012,0.121102392486,0.591585065498,0.121102392486,0.744177563625,0.169577548673,0.351399773249,0.644916870247
 08/29  21:00:00,2.69819672782,0.813045945955,0.0,0.0,0.426954964833,0.11062235424,0.537577319073,0.11062235424,0.955935460723,0.217831322189,0.333592180578,0.62986044526
 08/29  22:00:00,2.11246877458,0.673507992389,0.0,0.0,0.312278008609,0.0815105172643,0.393788525874,0.0815105172643,0.713926511704,0.162684135003,0.273606105789,0.545063496205
 08/29  23:00:00,1.56546184111,0.524489153948,0.0,0.0,0.212642747474,0.0555048474654,0.268147594939,0.0555048474654,0.496118374918,0.113051709296,0.191094125924,0.473650036027
 08/29  24:00:00,1.00055306358,0.365568652408,0.0,0.0,0.11116599817,0.0290165458644,0.140182544035,0.0290165458644,0.254109425899,0.0579045221107,0.133175846376,0.391780725164
 08/30  01:00:00,0.741491468712,0.29354951836,0.0,0.0,0.0441719446049,0.0115297827066,0.0557017273115,0.0115297827066,0.151255659219,0.0344669767196,0.115940256832,0.36072684863
 08/30  02:00:00,0.607957540627,0.274502817941,0.0,0.0,0.0,0.0,0.0,0.0,0.102853817299,0.0234375484454,0.101721666527,0.356544508356
 08/30  03:00:00,0.593664971013,0.279701610657,0.0,0.0,0.0,0.0,0.0,0.0,0.102853817299,0.0234375484454,0.0924479052419,0.351525700027
 08/30  04:00:00,0.591052934156,0.334462033144,0.0,0.0,0.0,0.0,0.0,0.0,0.102853817299,0.0234375484454,0.103114798755,0.338246769658
 08/30  05:00:00,0.651529094025,0.581780099061,0.0,0.0,0.0,0.0,0.0,0.0,0.108904041086,0.024816228125,0.116952615088,0.377456209726
 08/30  06:00:00,0.851351396549,1.04180338099,0.0,0.0,0.0,0.0,0.0,0.0,0.175456476445,0.0399817076554,0.176399680379,0.436113532068
 08/30  07:00:00,1.16624087385,1.16748444719,0.0,0.0,0.0,0.0,0.0,0.0,0.308561426586,0.0703126361731,0.263063508738,0.463403302356
 08/30  08:00:00,1.04651022368,1.12834958282,0.0,0.0,0.0,0.0,0.0,0.0,0.242008951516,0.0551471566428,0.334173390357,0.391780725164
 08/30  09:00:00,0.910970305724,1.0232076986,0.0,0.0,0.0,0.0,0.0,0.0,0.121004488662,0.02757358443,0.405555154289,0.333437078342
 08/30  10:00:00,0.90698740956,0.904756621048,0.0,0.0,0.0,0.0,0.0,0.0,0.0968035935106,0.0220588687657,0.423445980927,0.341278966356
 08/30  11:00:00,0.923778537733,0.799101880882,0.0,0.0,0.0,0.0,0.0,0.0,0.0968035935106,0.0220588687657,0.440132550593,0.341383524863
 08/30  12:00:00,0.906671517534,0.716272527718,0.0,0.0,0.0,0.0,0.0,0.0,0.0968035935106,0.0220588687657,0.428776248271,0.335632806986
 08/30  13:00:00,0.913677128762,0.668679500284,0.0,0.0,0.0250200543815,0.00664693635601,0.0316669907375,0.00664693635601,0.0968035935106,0.0220588687657,0.392508874502,0.347238801247
 08/30  14:00:00,1.16827517922,0.621705263284,0.0,0.0,0.234695746368,0.061232991955,0.295928738323,0.061232991955,0.0968035935106,0.0220588687657,0.363292736595,0.366791242027
 08/30  15:00:00,1.38982184431,0.629848151872,0.0,0.0,0.388212825771,0.100536241281,0.488749067052,0.100536241281,0.0968035935106,0.0220588687657,0.371630164121,0.387180150863
 08/30  16:00:00,1.19021758753,0.693175121464,0.0,0.0,0.127169685278,0.0337601712693,0.160929856547,0.0337601712693,0.102853817299,0.0234375484454,0.421630105235,0.45796626
 08/30  17:00:00,1.25654345365,0.826134667719,0.0,0.0,0.0,0.0,0.0,0.0,0.133104936238,0.0303309437893,0.513351758673,0.556355814945
 08/30  18:00:00,1.40294991001,0.946754076919,0.0,0.0,0.0,0.0,0.0,0.0,0.223858239941,0.0510111389839,0.470646037016,0.604034494068
 08/30  19:00:00,1.57252644784,0.967517994417,0.0,0.0,0.0,0.0,0.0,0.0,0.435616137039,0.0992649125,0.39076302196,0.623482376342
 08/30  20:00:00,1.93347175579,0.898815486107,0.0,0.0,0.0,0.0,0.0,0.0,0.744177563625,0.169577548673,0.351399773249,0.644916870247
 08/30  21:00:00,2.16061940875,0.812722643477,0.0,0.0,0.0,0.0,0.0,0.0,0.955935460723,0.217831322189,0.333592180578,0.62986044526
 08/30  22:00:00,1.7186802487,0.673221506143,0.0,0.0,0.0,0.0,0.0,0.0,0.713926511704,0.162684135003,0.273606105789,0.545063496205
 08/30  23:00:00,1.29731424617,0.524578280197,0.0,0.0,0.0,0.0,0.0,0.0,0.496118374918,0.113051709296,0.191094125924,0.473650036027
 08/30  24:00:00,0.86037051955,0.365351247215,0.0,0.0,0.0,0.0,0.0,0.0,0.254109425899,0.0579045221107,0.133175846376,0.391780725164
 08/31  01:00:00,0.685789741401,0.29357964271,0.0,0.0,0.0,0.0,0.0,0.0,0.151255659219,0.0344669767196,0.115940256832,0.36072684863
 08/31  02:00:00,0.607957540627,0.275132392751,0.0,0.0,0.0,0.0,0.0,0.0,0.102853817299,0.0234375484454,0.101721666527,0.356544508356
 08/31  03:00:00,0.593664971013,0.280692429961,0.0,0.0,0.0,0.0,0.0,0.0,0.102853817299,0.0234375484454,0.0924479052419,0.351525700027
 08/31  04:00:00,0.591052934156,0.335941022052,0.0,0.0,0.0,0.0,0.0,0.0,0.102853817299,0.0234375484454,0.103114798755,0.338246769658
 08/31  05:00:00,0.651529094025,0.583688559354,0.0,0.0,0.0,0.0,0.0,0.0,0.108904041086,0.024816228125,0.116952615088,0.377456209726
 08/31  06:00:00,0.851351396549,1.04420540915,0.0,0.0,0.0,0.0,0.0,0.0,0.175456476445,0.0399817076554,0.176399680379,0.436113532068
 08/31  07:00:00,1.16624087385,1.1702933224,0.0,0.0,0.0,0.0,0.0,0.0,0.308561426586,0.0703126361731,0.263063508738,0.463403302356
 08/31  08:00:00,1.04651022368,1.13149083701,0.0,0.0,0.0,0.0,0.0,0.0,0.242008951516,0.0551471566428,0.334173390357,0.391780725164
 08/31  09:00:00,0.910970305724,1.02652267189,0.0,0.0,0.0,0.0,0.0,0.0,0.121004488662,0.02757358443,0.405555154289,0.333437078342
 08/31  10:00:00,0.90698740956,0.908022428421,0.0,0.0,0.0,0.0,0.0,0.0,0.0968035935106,0.0220588687657,0.423445980927,0.341278966356
 08/31  11:00:00,0.923778537733,0.802416080401,0.0,0.0,0.0,0.0,0.0,0.0,0.0968035935106,0.0220588687657,0.440132550593,0.341383524863
 08/31  12:00:00,0.906671517534,0.719686244826,0.0,0.0,0.0,0.0,0.0,0.0,0.0968035935106,0.0220588687657,0.428776248271,0.335632806986
 08/31  13:00:00,0.882010138024,0.672139283428,0.0,0.0,0.0,0.0,0.0,0.0,0.0968035935106,0.0220588687657,0.392508874502,0.347238801247
 08/31  14:00:00,0.872346440899,0.624941599681,0.0,0.0,0.0,0.0,0.0,0.0,0.0968035935106,0.0220588687657,0.363292736595,0.366791242027
 08/31  15:00:00,0.90107277726,0.632822106754,0.0,0.0,0.0,0.0,0.0,0.0,0.0968035935106,0.0220588687657,0.371630164121,0.387180150863
 08/31  16:00:00,1.02928773098,0.696588550241,0.0,0.0,0.0,0.0,0.0,0.0,0.102853817299,0.0234375484454,0.421630105235,0.45796626
 08/31  17:00:00,1.25654345365,0.829772109384,0.0,0.0,0.0,0.0,0.0,0.0,0.133104936238,0.0303309437893,0.513351758673,0.556355814945
 08/31  18:00:00,1.40294991001,0.95049639842,0.0,0.0,0.0,0.0,0.0,0.0,0.223858239941,0.0510111389839,0.470646037016,0.604034494068
 08/31  19:00:00,1.57252644784,0.971038228065,0.0,0.0,0.0,0.0,0.0,0.0,0.435616137039,0.0992649125,0.39076302196,0.623482376342
 08/31  20:00:00,1.93347175579,0.902164007786,0.0,0.0,0.0,0.0,0.0,0.0,0.744177563625,0.169577548673,0.351399773249,0.644916870247
 08/31  21:00:00,2.16061940875,0.815993691422,0.0,0.0,0.0,0.0,0.0,0.0,0.955935460723,0.217831322189,0.333592180578,0.62986044526
 08/31  22:00:00,1.7186802487,0.676380763083,0.0,0.0,0.0,0.0,0.0,0.0,0.713926511704,0.162684135003,0.273606105789,0.545063496205
 08/31  23:00:00,1.29731424617,0.527226041358,0.0,0.0,0.0,0.0,0.0,0.0,0.496118374918,0.113051709296,0.191094125924,0.473650036027
 08/31  24:00:00,0.86037051955,0.368034500104,0.0,0.0,0.0,0.0,0.0,0.0,0.254109425899,0.0579045221107,0.133175846376,0.391780725164
 09/01  01:00:00,0.816477999752,4.62953870386,0.0,4.33492002087,0.00475037227641,0.121617382915,0.126367755191,0.121617382915,0.153508131553,0.0349802832179,0.115864577324,0.362357252466
 09/01  02:00:00,0.745742294563,5.22396592181,0.0,4.94887048142,0.0,0.136843452653,0.136843452653,0.136843452653,0.10233877199,0.0233201806671,0.101683880294,0.358156008959
 09/01  03:00:00,0.718396821696,4.72986833557,0.0,4.44967192426,0.0,0.123813233279,0.123813233279,0.123813233279,0.10233877199,0.0233201806671,0.0924101190091,0.353114516751
 09/01  04:00:00,0.699761027019,4.21128089744,0.0,3.87616539018,0.0,0.107887386498,0.107887386498,0.107887386498,0.10233877199,0.0233201806671,0.103039119246,0.339775568616
 09/01  05:00:00,0.755982258853,4.24566024295,0.0,3.66285185608,0.0,0.101946283436,0.101946283436,0.101946283436,0.109648689538,0.0249859100393,0.116839149346,0.379162226493
 09/01  06:00:00,0.998651160241,4.98550267889,0.0,3.94198554259,0.0,0.109713781946,0.109713781946,0.109713781946,0.204677595598,0.0466403674428,0.176134748577,0.438084666677
 09/01  07:00:00,1.36702444822,4.84470488019,0.0,3.6755203168,0.0,0.102308441364,0.102308441364,0.102308441364,0.387425345726,0.0882835559321,0.262609324643,0.465497780559
 09/01  08:00:00,1.23024857686,4.17197196365,0.0,3.04204862037,0.0,0.0846874483214,0.0846874483214,0.0846874483214,0.321636203932,0.0732920190715,0.333681420029,0.393551485504
 09/01  09:00:00,1.02783106612,3.43109715075,0.0,2.40621923719,0.0,0.0669824980349,0.0669824980349,0.0669824980349,0.160818036197,0.0366460095358,0.405040383769,0.334944138584
 09/01  10:00:00,0.985958556541,2.4930764158,0.0,1.58645190831,0.0,0.0441594143961,0.0441594143961,0.0441594143961,0.124268512479,0.028317362675,0.422991796832,0.342821470159
 09/01  11:00:00,0.978461498434,1.5176423857,0.0,0.716599973275,0.0,0.0199464350443,0.0199464350443,0.0199464350443,0.124268512479,0.028317362675,0.439602686989,0.342926501247
 09/01  12:00:00,0.94975087692,1.02160857974,0.0,0.30337310574,0.0,0.00844450518292,0.00844450518292,0.00844450518292,0.124268512479,0.028317362675,0.428170705158,0.337149791425
 09/01  13:00:00,1.06383592817,0.67075925368,0.0,0.0,0.116082190482,0.0309427162075,0.14702490669,0.0309427162075,0.124268512479,0.028317362675,0.392016904173,0.348808242156
 09/01  14:00:00,1.1549238726,0.623506887942,0.0,0.0,0.19553488918,0.0521305932995,0.247665482479,0.0521305932995,0.124268512479,0.028317362675,0.362823459415,0.368449055551
 09/01  15:00:00,1.50250483274,0.631645261198,0.0,0.0,0.44782022487,0.118743994058,0.566564218928,0.118743994058,0.124268512479,0.028317362675,0.371024621008,0.388930117647
 09/01  16:00:00,1.70539369633,0.695651328873,0.0,0.0,0.499117746313,0.131656575637,0.630774321951,0.131656575637,0.138888322266,0.0316488305822,0.420646057535,0.460036164
 09/01  17:00:00,1.9168439725,0.829161008383,0.0,0.0,0.45111286039,0.120395763841,0.571508624232,0.120395763841,0.204677595598,0.0466403674428,0.511746967733,0.558870417499
 09/01  18:00:00,2.09865596402,0.949783533277,0.0,0.0,0.396497796502,0.105863352876,0.502361149378,0.105863352876,0.380115441082,0.0866178296143,0.469396950471,0.606764593477
 09/01  19:00:00,2.1874286377,0.969892650282,0.0,0.0,0.232749961798,0.06217301389,0.294922975688,0.06217301389,0.694441608831,0.158244091825,0.390119585571,0.626300375784
 09/01  20:00:00,2.41527520693,0.900628446742,0.0,0.0,0.0934952819247,0.0249860910399,0.118481372965,0.0249860910399,1.03800752669,0.23653328985,0.351021268662,0.647831748756
 09/01  21:00:00,2.18386237762,1.16009572528,0.0,0.345907959917,0.0,0.0096433497784,0.0096433497784,0.0096433497784,0.964908480258,0.219876026671,0.333327248776,0.632707272132
 09/01  22:00:00,1.75816352477,1.57836069415,0.0,0.904041353485,0.0,0.025208452513,0.025208452513,0.025208452513,0.723681361442,0.164906997096,0.273439653687,0.54752706003
 09/01  23:00:00,1.35102780295,2.01421520612,0.0,1.48942540086,0.0,0.0415371845417,0.0415371845417,0.0415371845417,0.50438395406,0.114935177018,0.190980660183,0.475790827151
 09/01  24:00:00,0.928505770285,2.67078736338,0.0,2.30565517873,0.0,0.0643067356452,0.0643067356452,0.0643067356452,0.2558469306,0.0583004516678,0.133100166867,0.393551485504
 09/02  01:00:00,0.769691810011,2.98787427099,0.0,2.68809022468,0.0,0.0749767040514,0.0749767040514,0.0749767040514,0.153508131553,0.0349802832179,0.120469438723,0.362357252466
 09/02  02:00:00,0.695177433375,3.26278897249,0.0,2.98389797811,0.0,0.0832321466444,0.0832321466444,0.0832321466444,0.10233877199,0.0233201806671,0.104730325114,0.358156008959
 09/02  03:00:00,0.692818072109,3.74857918536,0.0,3.46425445934,0.0,0.0966415121688,0.0966415121688,0.0966415121688,0.10233877199,0.0233201806671,0.0940030905319,0.353114516751
 09/02  04:00:00,0.700557491974,4.12853820595,0.0,3.78366061137,0.0,0.105567503258,0.105567503258,0.105567503258,0.10233877199,0.0233201806671,0.106155467442,0.339775568616
 09/02  05:00:00,0.768045008126,4.52899870607,0.0,3.91451741679,0.0,0.109229558042,0.109229558042,0.109229558042,0.109648689538,0.0249859100393,0.121618624013,0.379162226493
 09/02  06:00:00,1.03216166086,5.80648158125,0.0,4.688052199,0.0,0.130827851714,0.130827851714,0.130827851714,0.204677595598,0.0466403674428,0.188531179431,0.438084666677
 09/02  07:00:00,1.38559388882,4.70697502373,0.0,3.44630071316,0.0,0.0961896265314,0.0961896265314,0.0961896265314,0.387425345726,0.0882835559321,0.28729758007,0.465497780559
 09/02  08:00:00,1.25504901144,3.79282035979,0.0,2.56705224545,0.0,0.0716443654143,0.0716443654143,0.0716443654143,0.321636203932,0.0732920190715,0.371524937518,0.393551485504
 09/02  09:00:00,1.06431753315,2.93809893251,0.0,1.82513121311,0.0,0.0509327304479,0.0509327304479,0.0509327304479,0.160818036197,0.0366460095358,0.457576618389,0.334944138584
 09/02  10:00:00,1.03139208742,2.0639047328,0.0,1.08191777886,0.0,0.0301906780208,0.0301906780208,0.0301906780208,0.124268512479,0.028317362675,0.482394064084,0.342821470159
 09/02  11:00:00,1.02230642735,0.955051744289,0.0,0.0915403995833,0.0,0.00255447807616,0.00255447807616,0.00255447807616,0.124268512479,0.028317362675,0.500839572871,0.342926501247
 09/02  12:00:00,1.07281520038,0.7722673173,0.0,0.0,0.0596938109333,0.0160360941368,0.0757299050701,0.0160360941368,0.124268512479,0.028317362675,0.48394962873,0.337149791425
 09/02  13:00:00,1.4043496991,0.71771972871,0.0,0.0,0.344152056323,0.0925339168682,0.436685973191,0.0925339168682,0.124268512479,0.028317362675,0.442869608595,0.348808242156
 09/02  14:00:00,1.58284507296,0.666112950684,0.0,0.0,0.496403425995,0.133536756127,0.629940182122,0.133536756127,0.124268512479,0.028317362675,0.408469960129,0.368449055551
 09/02  15:00:00,1.71485716959,0.674153438335,0.0,0.0,0.579661178136,0.156019909462,0.735681087598,0.156019909462,0.124268512479,0.028317362675,0.414260089194,0.388930117647
 09/02  16:00:00,2.07739011036,0.748022948544,0.0,0.0,0.757929927411,0.202936569599,0.96086649701,0.202936569599,0.138888322266,0.0316488305822,0.462550296506,0.460036164
 09/02  17:00:00,2.17976922379,0.892401554827,0.0,0.0,0.624754007617,0.168435949464,0.793189957081,0.168435949464,0.204677595598,0.0466403674428,0.552990886172,0.558870417499
 09/02  18:00:00,2.36462105532,1.03201907094,0.0,0.0,0.57355988596,0.154737653401,0.728297539361,0.154737653401,0.380115441082,0.0866178296143,0.509425651789,0.606764593477
 09/02  19:00:00,2.33680818124,1.06167463432,0.0,0.0,0.318391056803,0.085959249349,0.404350306152,0.085959249349,0.694441608831,0.158244091825,0.430071798651,0.626300375784
 09/02  20:00:00,2.38650304994,0.987587418371,0.0,0.0,0.0386137663131,0.0104308510983,0.0490446174114,0.0104308510983,1.03800752669,0.23653328985,0.391685867232,0.647831748756
 09/02  21:00:00,2.23884191514,1.71255135379,0.0,0.825812941528,0.0,0.0230815537343,0.0230815537343,0.0230815537343,0.964908480258,0.219876026671,0.374868582349,0.632707272132
 09/02  22:00:00,1.80658771936,2.18409426837,0.0,1.45302056784,0.0,0.0406238999572,0.0406238999572,0.0406238999572,0.723681361442,0.164906997096,0.306448400837,0.54752706003
 09/02  23:00:00,1.39379790611,2.92647571783,0.0,2.36678170434,0.0,0.0661833015256,0.0661833015256,0.0661833015256,0.50438395406,0.114935177018,0.209104646358,0.475790827151
 09/02  24:00:00,0.959571897856,3.51351615508,0.0,3.13610560734,0.0,0.0877035663218,0.0877035663218,0.0877035663218,0.2558469306,0.0583004516678,0.140769463762,0.393551485504
 09/03  01:00:00,0.806097918734,4.28089299618,0.0,3.98243321248,0.0,0.111382812775,0.111382812775,0.111382812775,0.153508131553,0.0349802832179,0.120469438723,0.362357252466
 09/03  02:00:00,0.736929457543,4.74577972264,0.0,4.46836611623,0.0,0.124984170812,0.124984170812,0.124984170812,0.10233877199,0.0233201806671,0.104730325114,0.358156008959
 09/03  03:00:00,0.736450450938,5.29751688244,0.0,5.01468939178,0.0,0.140273890998,0.140273890998,0.140273890998,0.10233877199,0.0233201806671,0.0940030905319,0.353114516751
 09/03  04:00:00,0.741709686881,5.58805216341,0.0,5.24459875598,0.0,0.146719698165,0.146719698165,0.146719698165,0.10233877199,0.0233201806671,0.106155467442,0.339775568616
 09/03  05:00:00,0.814835106769,6.1895931695,0.0,5.57630725196,0.0,0.156019656685,0.156019656685,0.156019656685,0.109648689538,0.0249859100393,0.121618624013,0.379162226493
 09/03  06:00:00,1.05642989331,6.66049376388,0.0,5.54241803732,0.0,0.155096084161,0.155096084161,0.155096084161,0.204677595598,0.0466403674428,0.188531179431,0.438084666677
 09/03  07:00:00,1.42727087035,6.1864579558,0.0,4.92601039044,0.0,0.137866608065,0.137866608065,0.137866608065,0.387425345726,0.0882835559321,0.28729758007,0.465497780559
 09/03  08:00:00,1.30301942506,5.49923794579,0.0,4.27382425322,0.0,0.119614779036,0.119614779036,0.119614779036,0.321636203932,0.0732920190715,0.371524937518,0.393551485504
 09/03  09:00:00,1.07903593842,3.45897374652,0.0,2.34608822672,0.0,0.0656511357146,0.0656511357146,0.0656511357146,0.160818036197,0.0366460095358,0.457576618389,0.334944138584
 09/03  10:00:00,1.03437412932,2.1678218318,0.0,1.18571761299,0.0,0.0331727199265,0.0331727199265,0.0331727199265,0.124268512479,0.028317362675,0.482394064084,0.342821470159
 09/03  11:00:00,1.02103694895,0.909584058561,0.0,0.0459344192469,0.0,0.00128499967819,0.00128499967819,0.00128499967819,0.124268512479,0.028317362675,0.500839572871,0.342926501247
 09/03  12:00:00,1.16716946351,0.772461078128,0.0,0.0,0.133702783894,0.0363813843081,0.170084168202,0.0363813843081,0.124268512479,0.028317362675,0.48394962873,0.337149791425
 09/03  13:00:00,1.44922682127,0.717885194637,0.0,0.0,0.379533822823,0.102029272538,0.481563095361,0.102029272538,0.124268512479,0.028317362675,0.442869608595,0.348808242156
 09/03  14:00:00,1.53165979194,0.666100497708,0.0,0.0,0.455514626714,0.12324027439,0.578754901104,0.12324027439,0.124268512479,0.028317362675,0.408469960129,0.368449055551
 09/03  15:00:00,1.63331031398,0.674034479726,0.0,0.0,0.514793916907,0.139340315082,0.654134231988,0.139340315082,0.124268512479,0.028317362675,0.414260089194,0.388930117647
 09/03  16:00:00,1.9077881878,0.747942814822,0.0,0.0,0.621791173842,0.169473400604,0.791264574446,0.169473400604,0.138888322266,0.0316488305822,0.462550296506,0.460036164
 09/03  17:00:00,2.1479062459,0.892608353532,0.0,0.0,0.599081970166,0.162245009023,0.761326979188,0.162245009023,0.204677595598,0.0466403674428,0.552990886172,0.558870417499
 09/03  18:00:00,2.29937503015,1.03234791063,0.0,0.0,0.520986381197,0.142065132987,0.663051514184,0.142065132987,0.380115441082,0.0866178296143,0.509425651789,0.606764593477
 09/03  19:00:00,2.38171770984,1.06218638011,0.0,0.0,0.352989817772,0.0962700169733,0.449259834745,0.0962700169733,0.694441608831,0.158244091825,0.430071798651,0.626300375784
 09/03  20:00:00,2.51666547191,0.988117042566,0.0,0.0,0.140809711912,0.0383973274683,0.179207039381,0.0383973274683,1.03800752669,0.23653328985,0.391685867232,0.647831748756
 09/03  21:00:00,2.22123458898,1.08284285178,0.0,0.195569599333,0.0,0.0054742275735,0.0054742275735,0.0054742275735,0.964908480258,0.219876026671,0.374868582349,0.632707272132
 09/03  22:00:00,1.79435376092,1.74545692454,0.0,1.01407865279,0.0,0.0283899415185,0.0283899415185,0.0283899415185,0.723681361442,0.164906997096,0.306448400837,0.54752706003
 09/03  23:00:00,1.38024693317,2.43955058732,0.0,1.8797551678,0.0,0.0526323285811,0.0526323285811,0.0526323285811,0.50438395406,0.114935177018,0.209104646358,0.475790827151
 09/03  24:00:00,0.94864048592,3.11899279694,0.0,2.74171474374,0.0,0.0767721543857,0.0767721543857,0.0767721543857,0.2558469306,0.0583004516678,0.140769463762,0.393551485504
 09/04  01:00:00,0.786441111992,3.73130069596,0.0,3.44006687448,0.0,0.096330867432,0.096330867432,0.096330867432,0.153508131553,0.0349802832179,0.115864577324,0.362357252466
 09/04  02:00:00,0.718931098409,4.20128714217,0.0,3.92926623591,0.0,0.110032256499,0.110032256499,0.110032256499,0.10233877199,0.0233201806671,0.101683880294,0.358156008959
 09/04  03:00:00,0.718547235716,4.7037358888,0.0,4.42666282776,0.0,0.123963647298,0.123963647298,0.123963647298,0.10233877199,0.0233201806671,0.0924101190091,0.353114516751
 09/04  04:00:00,0.73441399128,5.42153674291,0.0,5.0897318181,0.0,0.14254035076,0.14254035076,0.14254035076,0.10233877199,0.0233201806671,0.103039119246,0.339775568616
 09/04  05:00:00,0.800864126528,5.82272368998,0.0,5.24244808793,0.0,0.146828151111,0.146828151111,0.146828151111,0.109648689538,0.0249859100393,0.116839149346,0.379162226493
 09/04  06:00:00,1.06440008888,7.30690954519,0.0,6.26448801016,0.0,0.175462710587,0.175462710587,0.175462710587,0.204677595598,0.0466403674428,0.176134748577,0.438084666677
 09/04  07:00:00,1.3919267064,5.70997945956,0.0,4.54095795796,0.0,0.127210699543,0.127210699543,0.127210699543,0.387425345726,0.0882835559321,0.262609324643,0.465497780559
 09/04  08:00:00,1.23236596539,4.22965715152,0.0,3.09907177193,0.0,0.0868048368565,0.0868048368565,0.0868048368565,0.321636203932,0.0732920190715,0.333681420029,0.393551485504
 09/04  09:00:00,1.00792263871,2.70672135967,0.0,1.68106647866,0.0,0.0470740706218,0.0470740706218,0.0470740706218,0.160818036197,0.0366460095358,0.405040383769,0.334944138584
 09/04  10:00:00,0.969914489473,1.91132208752,0.0,1.00427538379,0.0,0.028115347328,0.028115347328,0.028115347328,0.124268512479,0.028317362675,0.422991796832,0.342821470159
 09/04  11:00:00,1.00432160095,0.801293932524,0.0,0.0,0.0360346671329,0.00977187042724,0.0458065375601,0.00977187042724,0.124268512479,0.028317362675,0.439602686989,0.342926501247
 09/04  12:00:00,1.21216608986,0.718409252006,0.0,0.0,0.213070581004,0.0577891371155,0.27085971812,0.0577891371155,0.124268512479,0.028317362675,0.428170705158,0.337149791425
 09/04  13:00:00,1.43109073075,0.670904156329,0.0,0.0,0.405071640001,0.109208069264,0.514279709265,0.109208069264,0.124268512479,0.028317362675,0.392016904173,0.348808242156
 09/04  14:00:00,1.53563646278,0.623517184064,0.0,0.0,0.493559481496,0.134818591167,0.628378072663,0.134818591167,0.124268512479,0.028317362675,0.362823459415,0.368449055551
 09/04  15:00:00,1.82109241507,0.631840791436,0.0,0.0,0.696187868807,0.188963932453,0.885151801261,0.188963932453,0.124268512479,0.028317362675,0.371024621008,0.388930117647
 09/04  16:00:00,1.99897535378,0.696152967367,0.0,0.0,0.725951097262,0.198404882137,0.924355979398,0.198404882137,0.138888322266,0.0316488305822,0.420646057535,0.460036164
 09/04  17:00:00,2.21667702766,0.830096641134,0.0,0.0,0.684298937635,0.187042741757,0.871341679392,0.187042741757,0.204677595598,0.0466403674428,0.511746967733,0.558870417499
 09/04  18:00:00,2.29771470705,0.950937668767,0.0,0.0,0.550849136368,0.150570756043,0.701419892411,0.150570756043,0.380115441082,0.0866178296143,0.469396950471,0.606764593477
 09/04  19:00:00,2.26312322537,0.970665424942,0.0,0.0,0.291050076788,0.0795674865712,0.370617563359,0.0795674865712,0.694441608831,0.158244091825,0.390119585571,0.626300375784
 09/04  20:00:00,2.40388935671,0.900979283759,0.0,0.0,0.0841061856292,0.022989337116,0.107095522745,0.022989337116,1.03800752669,0.23653328985,0.351021268662,0.647831748756
 09/04  21:00:00,2.19243882999,1.46466226832,0.0,0.650548652841,0.0,0.01821980215,0.01821980215,0.01821980215,0.964908480258,0.219876026671,0.333327248776,0.632707272132
 09/04  22:00:00,1.77184390965,2.06188340305,0.0,1.38823896108,0.0,0.0388888373951,0.0388888373951,0.0388888373951,0.723681361442,0.164906997096,0.273439653687,0.54752706003
 09/04  23:00:00,1.37316552214,2.79623324696,0.0,2.27272391891,0.0,0.0636749037322,0.0636749037322,0.0636749037322,0.50438395406,0.114935177018,0.190980660183,0.475790827151
 09/04  24:00:00,0.9543007015,3.57897562384,0.0,3.21569883837,0.0,0.0901016668609,0.0901016668609,0.0901016668609,0.2558469306,0.0583004516678,0.133100166867,0.393551485504
 09/05  01:00:00,0.800050064368,4.21411279872,0.0,3.92354714733,0.0,0.109939819808,0.109939819808,0.109939819808,0.153508131553,0.0349802832179,0.115864577324,0.362357252466
 09/05  02:00:00,0.736570659607,4.82737505967,0.0,4.55610356577,0.0,0.127671817696,0.127671817696,0.127671817696,0.10233877199,0.0233201806671,0.101683880294,0.358156008959
 09/05  03:00:00,0.739903060219,5.46184842015,0.0,5.18557850626,0.0,0.145319471802,0.145319471802,0.145319471802,0.10233877199,0.0233201806671,0.0924101190091,0.353114516751
 09/05  04:00:00,0.749769870347,5.96518730204,0.0,5.63401130456,0.0,0.157896229826,0.157896229826,0.157896229826,0.10233877199,0.0233201806671,0.103039119246,0.339775568616
 09/05  05:00:00,0.81675184072,6.38561238055,0.0,5.80566526686,0.0,0.162715865303,0.162715865303,0.162715865303,0.109648689538,0.0249859100393,0.116839149346,0.379162226493
 09/05  06:00:00,1.08040126859,7.87367413307,0.0,6.83098587026,0.0,0.19146389029,0.19146389029,0.19146389029,0.204677595598,0.0466403674428,0.176134748577,0.438084666677
 09/05  07:00:00,1.41605076679,6.56737425538,0.0,5.39804053352,0.0,0.151334759935,0.151334759935,0.151334759935,0.387425345726,0.0882835559321,0.262609324643,0.465497780559
 09/05  08:00:00,1.25990863081,5.20978956589,0.0,4.07911794478,0.0,0.114347502277,0.114347502277,0.114347502277,0.321636203932,0.0732920190715,0.333681420029,0.393551485504
 09/05  09:00:00,1.02616107037,3.35633038576,0.0,2.3304840423,0.0,0.0653125022847,0.0653125022847,0.0653125022847,0.160818036197,0.0366460095358,0.405040383769,0.334944138584
 09/05  10:00:00,0.982227974299,2.35018372769,0.0,1.44295895392,0.0,0.0404288321546,0.0404288321546,0.0404288321546,0.124268512479,0.028317362675,0.422991796832,0.342821470159
 09/05  11:00:00,0.969079893083,1.17845686189,0.0,0.377126977508,0.0,0.0105648296937,0.0105648296937,0.0105648296937,0.124268512479,0.028317362675,0.439602686989,0.342926501247
 09/05  12:00:00,1.00002979642,0.718293722986,0.0,0.0,0.0460752268718,0.0126481978104,0.0587234246822,0.0126481978104,0.124268512479,0.028317362675,0.428170705158,0.337149791425
 09/05  13:00:00,1.27015716029,0.670807839322,0.0,0.0,0.278004047187,0.075342091616,0.353346138803,0.075342091616,0.124268512479,0.028317362675,0.392016904173,0.348808242156
 09/05  14:00:00,1.46631102032,0.623675716023,0.0,0.0,0.439193505816,0.119859124387,0.559052630203,0.119859124387,0.124268512479,0.028317362675,0.362823459415,0.368449055551
 09/05  15:00:00,1.75973227246,0.63198049743,0.0,0.0,0.648007276645,0.17578438201,0.823791658655,0.17578438201,0.124268512479,0.028317362675,0.371024621008,0.388930117647
 09/05  16:00:00,2.11185120085,0.696525805659,0.0,0.0,0.817302619843,0.219929206626,1.03723182647,0.219929206626,0.138888322266,0.0316488305822,0.420646057535,0.460036164
 09/05  17:00:00,2.29749336104,0.830701128647,0.0,0.0,0.748898559761,0.203259453011,0.952158012772,0.203259453011,0.204677595598,0.0466403674428,0.511746967733,0.558870417499
 09/05  18:00:00,2.407959079,0.951598052362,0.0,0.0,0.636547710904,0.175116553448,0.811664264353,0.175116553448,0.380115441082,0.0866178296143,0.469396950471,0.606764593477
 09/05  19:00:00,2.39972029277,0.971515478378,0.0,0.0,0.397809565903,0.109405064853,0.507214630756,0.109405064853,0.694441608831,0.158244091825,0.390119585571,0.626300375784
 09/05  20:00:00,2.514697275,0.901662374103,0.0,0.0,0.170915800691,0.0469876403421,0.217903441033,0.0469876403421,1.03800752669,0.23653328985,0.351021268662,0.647831748756
 09/05  21:00:00,2.18360005477,1.14941988889,0.0,0.33476019986,0.0,0.00938102693453,0.00938102693453,0.00938102693453,0.964908480258,0.219876026671,0.333327248776,0.632707272132
 09/05  22:00:00,1.76716111534,1.89438133444,0.0,1.2204369445,0.0,0.0342060430801,0.0342060430801,0.0342060430801,0.723681361442,0.164906997096,0.273439653687,0.54752706003
 09/05  23:00:00,1.36939870492,2.66080149428,0.0,2.13722133834,0.0,0.0599080865097,0.0599080865097,0.0599080865097,0.50438395406,0.114935177018,0.190980660183,0.475790827151
 09/05  24:00:00,0.946661554578,3.30490802422,0.0,2.94170565562,0.0,0.0824625199388,0.0824625199388,0.0824625199388,0.2558469306,0.0583004516678,0.133100166867,0.393551485504
 09/06  01:00:00,0.790855177867,3.88427286824,0.0,3.59383745023,0.0,0.100744933307,0.100744933307,0.100744933307,0.153508131553,0.0349802832179,0.115864577324,0.362357252466
 09/06  02:00:00,0.732666889938,4.68595985627,0.0,4.41491346142,0.0,0.123768048027,0.123768048027,0.123768048027,0.10233877199,0.0233201806671,0.101683880294,0.358156008959
 09/06  03:00:00,0.736320106302,5.33158506411,0.0,5.05553482086,0.0,0.141736517884,0.141736517884,0.141736517884,0.10233877199,0.0233201806671,0.0924101190091,0.353114516751
 09/06  04:00:00,0.748548416123,5.91901546275,0.0,5.58800483785,0.0,0.156674775603,0.156674775603,0.156674775603,0.10233877199,0.0233201806671,0.103039119246,0.339775568616
 09/06  05:00:00,0.822106409628,6.5741303561,0.0,5.99407228713,0.0,0.168070434211,0.168070434211,0.168070434211,0.109648689538,0.0249859100393,0.116839149346,0.379162226493
 09/06  06:00:00,1.08008446576,7.85992024066,0.0,6.81653440302,0.0,0.191147087461,0.191147087461,0.191147087461,0.204677595598,0.0466403674428,0.176134748577,0.438084666677
 09/06  07:00:00,1.41726162229,6.60902190412,0.0,5.43877766478,0.0,0.15254561543,0.15254561543,0.15254561543,0.387425345726,0.0882835559321,0.262609324643,0.465497780559
 09/06  08:00:00,1.25702016857,5.10594462458,0.0,3.97434060353,0.0,0.111459040031,0.111459040031,0.111459040031,0.321636203932,0.0732920190715,0.333681420029,0.393551485504
 09/06  09:00:00,1.02310566414,3.24716428725,0.0,2.22050503519,0.0,0.062257096053,0.062257096053,0.062257096053,0.160818036197,0.0366460095358,0.405040383769,0.334944138584
 09/06  10:00:00,0.987516822168,2.53874407352,0.0,1.6309911859,0.0,0.0457176800229,0.0457176800229,0.0457176800229,0.124268512479,0.028317362675,0.422991796832,0.342821470159
 09/06  11:00:00,0.971156119836,1.25278876962,0.0,0.451030201455,0.0,0.0126410564459,0.0126410564459,0.0126410564459,0.124268512479,0.028317362675,0.439602686989,0.342926501247
 09/06  12:00:00,0.94400839971,0.814868945406,0.0,0.0964145292585,0.0,0.00270202797333,0.00270202797333,0.00270202797333,0.124268512479,0.028317362675,0.428170705158,0.337149791425
 09/06  13:00:00,0.91705207767,0.679175882272,0.0,0.00860161268728,0.0,0.000241056186217,0.000241056186217,0.000241056186217,0.124268512479,0.028317362675,0.392016904173,0.348808242156
 09/06  14:00:00,0.914510007782,0.881756045741,0.0,0.25877485627,0.0,0.007251617663,0.007251617663,0.007251617663,0.124268512479,0.028317362675,0.362823459415,0.368449055551
 09/06  15:00:00,0.93922009896,0.747971038151,0.0,0.117032355105,0.0,0.00327948515183,0.00327948515183,0.00327948515183,0.124268512479,0.028317362675,0.371024621008,0.388930117647
 09/06  16:00:00,1.07487471684,0.704304628709,0.0,0.00911238008577,0.0,0.000255342452634,0.000255342452634,0.000255342452634,0.138888322266,0.0316488305822,0.420646057535,0.460036164
 09/06  17:00:00,1.35290212209,1.09943826608,0.0,0.270046124832,0.0,0.00756677381791,0.00756677381791,0.00756677381791,0.204677595598,0.0466403674428,0.511746967733,0.558870417499
 09/06  18:00:00,1.63463785956,0.951021573905,0.0,0.0,0.0300609316485,0.00828211326793,0.0383430449164,0.00828211326793,0.380115441082,0.0866178296143,0.469396950471,0.606764593477
 09/06  19:00:00,1.89482844169,1.05454927279,0.0,0.0828996162259,0.0,0.00232277967519,0.00232277967519,0.00232277967519,0.694441608831,0.158244091825,0.390119585571,0.626300375784
 09/06  20:00:00,2.30609837192,1.2342902214,0.0,0.332060834706,0.0,0.0093045379572,0.0093045379572,0.0093045379572,1.03800752669,0.23653328985,0.351021268662,0.647831748756
 09/06  21:00:00,2.18837580986,1.32070883323,0.0,0.505185275125,0.0,0.0141567820196,0.0141567820196,0.0141567820196,0.964908480258,0.219876026671,0.333327248776,0.632707272132
 09/06  22:00:00,1.75503197773,1.46258380881,0.0,0.787760733827,0.0,0.0220769054769,0.0220769054769,0.0220769054769,0.723681361442,0.164906997096,0.273439653687,0.54752706003
 09/06  23:00:00,1.34022261568,1.62116464967,0.0,1.09659200633,0.0,0.0307319972641,0.0307319972641,0.0307319972641,0.50438395406,0.114935177018,0.190980660183,0.475790827151
 09/06  24:00:00,0.903125095262,1.75343144441,0.0,1.38912981474,0.0,0.0389260606222,0.0389260606222,0.0389260606222,0.2558469306,0.0583004516678,0.133100166867,0.393551485504
 09/07  01:00:00,0.739461518042,2.05307050559,0.0,1.7615451806,0.0,0.0493512734815,0.0493512734815,0.0493512734815,0.153508131553,0.0349802832179,0.115864577324,0.362357252466
 09/07  02:00:00,0.662140488214,2.17308339714,0.0,1.90072386027,0.0,0.0532416463036,0.0532416463036,0.0532416463036,0.10233877199,0.0233201806671,0.101683880294,0.358156008959
 09/07  03:00:00,0.651081439022,2.29513974208,0.0,2.01748233966,0.0,0.0564978506049,0.0564978506049,0.0564978506049,0.10233877199,0.0233201806671,0.0924101190091,0.353114516751
 09/07  04:00:00,0.658376343042,2.70798607824,0.0,2.37512569733,0.0,0.0665027025218,0.0665027025218,0.0665027025218,0.10233877199,0.0233201806671,0.103039119246,0.339775568616
 09/07  05:00:00,0.728406382789,3.23855805979,0.0,2.6562743122,0.0,0.0743704073722,0.0743704073722,0.0743704073722,0.109648689538,0.0249859100393,0.116839149346,0.379162226493
 09/07  06:00:00,0.983234596175,4.41433156589,0.0,3.36798737104,0.0,0.0942972178803,0.0942972178803,0.0942972178803,0.204677595598,0.0466403674428,0.176134748577,0.438084666677
 09/07  07:00:00,1.34416559485,4.01071989974,0.0,2.83751122628,0.0,0.0794495879882,0.0794495879882,0.0794495879882,0.387425345726,0.0882835559321,0.262609324643,0.465497780559
 09/07  08:00:00,1.22310436234,3.90330834155,0.0,2.76941792376,0.0,0.0775432338067,0.0775432338067,0.0775432338067,0.321636203932,0.0732920190715,0.333681420029,0.393551485504
 09/07  09:00:00,1.02454245452,3.30309055387,0.0,2.27507822501,0.0,0.0636938864368,0.0636938864368,0.0636938864368,0.160818036197,0.0366460095358,0.405040383769,0.334944138584
 09/07  10:00:00,0.992008641212,2.70257639913,0.0,1.79374087824,0.0,0.0502094990671,0.0502094990671,0.0502094990671,0.124268512479,0.028317362675,0.422991796832,0.342821470159
 09/07  11:00:00,0.983097280692,1.68090065074,0.0,0.878351384806,0.0,0.0245822173028,0.0245822173028,0.0245822173028,0.124268512479,0.028317362675,0.439602686989,0.342926501247
 09/07  12:00:00,0.953898675704,1.16920291433,0.0,0.449998255677,0.0,0.0125923039669,0.0125923039669,0.0125923039669,0.124268512479,0.028317362675,0.428170705158,0.337149791425
 09/07  13:00:00,1.12456101494,0.671599958624,0.0,0.0,0.164522816338,0.0432271771164,0.207749993455,0.0432271771164,0.124268512479,0.028317362675,0.392016904173,0.348808242156
 09/07  14:00:00,1.22682856215,0.624072836105,0.0,0.0,0.252228507261,0.06734166477,0.319570172031,0.06734166477,0.124268512479,0.028317362675,0.362823459415,0.368449055551
 09/07  15:00:00,1.52202327328,0.63229445457,0.0,0.0,0.464098980004,0.121983679471,0.586082659475,0.121983679471,0.124268512479,0.028317362675,0.371024621008,0.388930117647
 09/07  16:00:00,1.86370222931,0.696876511652,0.0,0.0,0.624812122688,0.164270732238,0.789082854925,0.164270732238,0.138888322266,0.0316488305822,0.420646057535,0.460036164
 09/07  17:00:00,2.12288516991,0.831581125513,0.0,0.0,0.615636161688,0.16191365995,0.777549821638,0.16191365995,0.204677595598,0.0466403674428,0.511746967733,0.558870417499
 09/07  18:00:00,2.29928889718,0.953062842452,0.0,0.0,0.554686670618,0.148307411915,0.702994082534,0.148307411915,0.380115441082,0.0866178296143,0.469396950471,0.606764593477
 09/07  19:00:00,2.43953481473,0.973332613311,0.0,0.0,0.430286086901,0.116743065821,0.547029152722,0.116743065821,0.694441608831,0.158244091825,0.390119585571,0.626300375784
 09/07  20:00:00,2.74252845744,0.903667754555,0.0,0.0,0.350598919418,0.0951357040581,0.445734623476,0.0951357040581,1.03800752669,0.23653328985,0.351021268662,0.647831748756
 09/07  21:00:00,2.47189561183,0.816897361346,0.0,0.0,0.23413891666,0.0635376673342,0.297676583994,0.0635376673342,0.964908480258,0.219876026671,0.333327248776,0.632707272132
 09/07  22:00:00,1.88904373175,0.675977647404,0.0,0.0,0.122770375181,0.0333182843119,0.156088659493,0.0333182843119,0.723681361442,0.164906997096,0.273439653687,0.54752706003
 09/07  23:00:00,1.31691667675,0.790498952876,0.0,0.265208490357,0.0,0.00742605833758,0.00742605833758,0.00742605833758,0.50438395406,0.114935177018,0.190980660183,0.475790827151
 09/07  24:00:00,0.874912553289,0.747194421437,0.0,0.38261819602,0.0,0.0107135186495,0.0107135186495,0.0107135186495,0.2558469306,0.0583004516678,0.133100166867,0.393551485504
 09/08  01:00:00,0.704136520434,0.793126826812,0.0,0.500963488178,0.0,0.0140262758735,0.0140262758735,0.0140262758735,0.153508131553,0.0349802832179,0.115864577324,0.362357252466
 09/08  02:00:00,0.630440846741,1.04248091562,0.0,0.769512844485,0.0,0.0215420048308,0.0215420048308,0.0215420048308,0.10233877199,0.0233201806671,0.101683880294,0.358156008959
 09/08  03:00:00,0.627714652416,1.46181748598,0.0,1.18371516001,0.0,0.0331310639985,0.0331310639985,0.0331310639985,0.10233877199,0.0233201806671,0.0924101190091,0.353114516751
 09/08  04:00:00,0.6270281464,1.58943013325,0.0,1.25609959375,0.0,0.03515450588,0.03515450588,0.03515450588,0.10233877199,0.0233201806671,0.103039119246,0.339775568616
 09/08  05:00:00,0.686472452226,1.74231972741,0.0,1.1590264677,0.0,0.0324364768093,0.0324364768093,0.0324364768093,0.109648689538,0.0249859100393,0.116839149346,0.379162226493
 09/08  06:00:00,0.916364867647,2.02855209288,0.0,0.980085187189,0.0,0.0274274893519,0.0274274893519,0.0274274893519,0.204677595598,0.0466403674428,0.176134748577,0.438084666677
 09/08  07:00:00,1.2867803316,1.96422539456,0.0,0.788543519666,0.0,0.0220643247377,0.0220643247377,0.0220643247377,0.387425345726,0.0882835559321,0.262609324643,0.465497780559
 09/08  08:00:00,1.15768822454,1.5699012132,0.0,0.433435839784,0.0,0.0121270960015,0.0121270960015,0.0121270960015,0.321636203932,0.0732920190715,0.333681420029,0.393551485504
 09/08  09:00:00,0.962492232508,1.08922417437,0.0,0.0587494699051,0.0,0.00164366442234,0.00164366442234,0.00164366442234,0.160818036197,0.0366460095358,0.405040383769,0.334944138584
 09/08  10:00:00,1.09872909016,0.911116946163,0.0,0.0,0.124569944084,0.0323600039292,0.156929948013,0.0323600039292,0.124268512479,0.028317362675,0.422991796832,0.342821470159
 09/08  11:00:00,1.33589831874,0.804506321609,0.0,0.0,0.300078570486,0.077304684868,0.377383255354,0.077304684868,0.124268512479,0.028317362675,0.439602686989,0.342926501247
 09/08  12:00:00,1.55069214683,0.72098263137,0.0,0.0,0.485574802178,0.123810972911,0.609385775089,0.123810972911,0.124268512479,0.028317362675,0.428170705158,0.337149791425
 09/08  13:00:00,1.61790004133,0.672929016631,0.0,0.0,0.557526077005,0.143562942838,0.701089019843,0.143562942838,0.124268512479,0.028317362675,0.392016904173,0.348808242156
 09/08  14:00:00,1.83965863932,0.625513251651,0.0,0.0,0.74304469087,0.189355558335,0.932400249205,0.189355558335,0.124268512479,0.028317362675,0.362823459415,0.368449055551
 09/08  15:00:00,2.04552560685,0.633772256498,0.0,0.0,0.884285253543,0.225299739497,1.10958499304,0.225299739497,0.124268512479,0.028317362675,0.371024621008,0.388930117647
 09/08  16:00:00,2.26863257723,0.698598143656,0.0,0.0,0.951637216087,0.242375986765,1.19401320285,0.242375986765,0.138888322266,0.0316488305822,0.420646057535,0.460036164
 09/08  17:00:00,2.3970404729,0.833092678344,0.0,0.0,0.835304806396,0.216400318228,1.05170512462,0.216400318228,0.204677595598,0.0466403674428,0.511746967733,0.558870417499
 09/08  18:00:00,2.50842768901,0.954511129142,0.0,0.0,0.723159716601,0.188973157762,0.912132874363,0.188973157762,0.380115441082,0.0866178296143,0.469396950471,0.606764593477
 09/08  19:00:00,2.68887349412,0.974678949832,0.0,0.0,0.631430425491,0.164937406618,0.796367832109,0.164937406618,0.694441608831,0.158244091825,0.390119585571,0.626300375784
 09/08  20:00:00,2.99458739792,0.905218719412,0.0,0.0,0.55329615545,0.14449740851,0.697793563961,0.14449740851,1.03800752669,0.23653328985,0.351021268662,0.647831748756
 09/08  21:00:00,2.76651967969,0.818270689544,0.0,0.0,0.469662563007,0.122638088846,0.592300651853,0.122638088846,0.964908480258,0.219876026671,0.333327248776,0.632707272132
 09/08  22:00:00,2.18576766508,0.67704291668,0.0,0.0,0.358532284122,0.0942803087006,0.452812592823,0.0942803087006,0.723681361442,0.164906997096,0.273439653687,0.54752706003
 09/08  23:00:00,1.52981560151,0.526179727625,0.0,0.0,0.173670263145,0.046654719958,0.220324983103,0.046654719958,0.50438395406,0.114935177018,0.190980660183,0.475790827151
 09/08  24:00:00,1.00102511193,0.365239753017,0.0,0.0,0.108348874458,0.0284772028372,0.136826077296,0.0284772028372,0.2558469306,0.0583004516678,0.133100166867,0.393551485504
 09/09  01:00:00,0.697712053812,0.299694316827,0.0,0.0,0.00236928954196,0.000627658310518,0.00299694785248,0.000627658310518,0.153508131553,0.0349802832179,0.120469438723,0.362357252466
 09/09  02:00:00,0.618801241149,0.523794747923,0.0,0.245290358687,0.0,0.00685595441778,0.00685595441778,0.00685595441778,0.10233877199,0.0233201806671,0.104730325114,0.358156008959
 09/09  03:00:00,0.61226725577,0.859956410391,0.0,0.575835702924,0.0,0.0160906958294,0.0160906958294,0.0160906958294,0.10233877199,0.0233201806671,0.0940030905319,0.353114516751
 09/09  04:00:00,0.615622577846,1.08390652455,0.0,0.73852946172,0.0,0.0206325891303,0.0206325891303,0.0206325891303,0.10233877199,0.0233201806671,0.106155467442,0.339775568616
 09/09  05:00:00,0.681217648948,1.41949830711,0.0,0.801962182743,0.0,0.022402198864,0.022402198864,0.022402198864,0.109648689538,0.0249859100393,0.121618624013,0.379162226493
 09/09  06:00:00,0.937144416198,2.4084509883,0.0,1.28208768457,0.0,0.0358106070497,0.0358106070497,0.0358106070497,0.204677595598,0.0466403674428,0.188531179431,0.438084666677
 09/09  07:00:00,1.3109507533,2.04137418236,0.0,0.771410863523,0.0,0.021546491014,0.021546491014,0.021546491014,0.387425345726,0.0882835559321,0.28729758007,0.465497780559
 09/09  08:00:00,1.19018328989,1.47741134275,0.0,0.242702631452,0.0,0.00677864386435,0.00677864386435,0.00677864386435,0.321636203932,0.0732920190715,0.371524937518,0.393551485504
 09/09  09:00:00,1.04424196684,1.12076541734,0.0,0.0,0.0243472479614,0.00650991617705,0.0308571641384,0.00650991617705,0.160818036197,0.0366460095358,0.457576618389,0.334944138584
 09/09  10:00:00,1.26863646185,0.98847729854,0.0,0.0,0.212260029046,0.0551750234073,0.267435052453,0.0551750234073,0.124268512479,0.028317362675,0.482394064084,0.342821470159
 09/09  11:00:00,1.57525176064,0.868784799301,0.0,0.0,0.440869291878,0.114630519492,0.55549981137,0.114630519492,0.124268512479,0.028317362675,0.500839572871,0.342926501247
 09/09  12:00:00,1.67191644034,0.776570511362,0.0,0.0,0.53738655428,0.137444590747,0.674831145027,0.137444590747,0.124268512479,0.028317362675,0.48394962873,0.337149791425
 09/09  13:00:00,1.86030832063,0.721482595162,0.0,0.0,0.708365466611,0.184279128117,0.892644594728,0.184279128117,0.124268512479,0.028317362675,0.442869608595,0.348808242156
 09/09  14:00:00,2.08486000077,0.669531506814,0.0,0.0,0.903051244557,0.228903865377,1.13195510993,0.228903865377,0.124268512479,0.028317362675,0.408469960129,0.368449055551
 09/09  15:00:00,2.11442165024,0.677519743044,0.0,0.0,0.899435418227,0.235810150024,1.13524556825,0.235810150024,0.124268512479,0.028317362675,0.414260089194,0.388930117647
 09/09  16:00:00,2.36342591187,0.751954687356,0.0,0.0,0.989313480876,0.257588817637,1.24690229851,0.257588817637,0.138888322266,0.0316488305822,0.462550296506,0.460036164
 09/09  17:00:00,2.55832535153,0.897667143219,0.0,0.0,0.928233064752,0.243513020064,1.17174608482,0.243513020064,0.204677595598,0.0466403674428,0.552990886172,0.558870417499
 09/09  18:00:00,2.56527267204,1.03829370876,0.0,0.0,0.731561415631,0.197387740451,0.928949156082,0.197387740451,0.380115441082,0.0866178296143,0.509425651789,0.606764593477
 09/09  19:00:00,2.58365154989,1.0680539864,0.0,0.0,0.512795396907,0.138398277888,0.651193674795,0.138398277888,0.694441608831,0.158244091825,0.430071798651,0.626300375784
 09/09  20:00:00,2.68406343669,0.993361670088,0.0,0.0,0.272921772841,0.0736832313171,0.346605004159,0.0736832313171,1.03800752669,0.23653328985,0.391685867232,0.647831748756
 09/09  21:00:00,2.26500469975,0.891701379091,0.0,0.0,0.0387722688949,0.0104720694459,0.0492443383408,0.0104720694459,0.964908480258,0.219876026671,0.374868582349,0.632707272132
 09/09  22:00:00,1.78570628338,1.44054030358,0.0,0.706026864982,0.0,0.0197424639759,0.0197424639759,0.0197424639759,0.723681361442,0.164906997096,0.306448400837,0.54752706003
 09/09  23:00:00,1.3647008178,1.88762720698,0.0,1.32601858963,0.0,0.037086213218,0.037086213218,0.037086213218,0.50438395406,0.114935177018,0.209104646358,0.475790827151
 09/09  24:00:00,0.932353772706,2.54005988505,0.0,2.16237969444,0.0,0.0604854411711,0.0604854411711,0.0604854411711,0.2558469306,0.0583004516678,0.140769463762,0.393551485504
 09/10  01:00:00,0.778494542006,3.29295334687,0.0,2.99490963219,0.0,0.083779436047,0.083779436047,0.083779436047,0.153508131553,0.0349802832179,0.120469438723,0.362357252466
 09/10  02:00:00,0.703568145747,3.5519821327,0.0,3.27513496521,0.0,0.0916228590166,0.0916228590166,0.0916228590166,0.10233877199,0.0233201806671,0.104730325114,0.358156008959
 09/10  03:00:00,0.706124458176,4.21233574274,0.0,3.92999673354,0.0,0.109947898236,0.109947898236,0.109947898236,0.10233877199,0.0233201806671,0.0940030905319,0.353114516751
 09/10  04:00:00,0.713031290103,4.56267487726,0.0,4.21904122449,0.0,0.118041301387,0.118041301387,0.118041301387,0.10233877199,0.0233201806671,0.106155467442,0.339775568616
 09/10  05:00:00,0.781163045642,4.98898652726,0.0,4.37280455162,0.0,0.122347595559,0.122347595559,0.122347595559,0.109648689538,0.0249859100393,0.121618624013,0.379162226493
 09/10  06:00:00,1.05349261672,6.56348771374,0.0,5.43784877601,0.0,0.152158807573,0.152158807573,0.152158807573,0.204677595598,0.0466403674428,0.188531179431,0.438084666677
 09/10  07:00:00,1.40014560336,5.2267745339,0.0,3.95710668751,0.0,0.110741341071,0.110741341071,0.110741341071,0.387425345726,0.0882835559321,0.28729758007,0.465497780559
 09/10  08:00:00,1.25689103813,3.86092419112,0.0,2.6261956002,0.0,0.0734863921083,0.0734863921083,0.0734863921083,0.321636203932,0.0732920190715,0.371524937518,0.393551485504
 09/10  09:00:00,1.07146902743,3.19691471413,0.0,2.07609136627,0.0,0.0580842247259,0.0580842247259,0.0580842247259,0.160818036197,0.0366460095358,0.457576618389,0.334944138584
 09/10  10:00:00,1.04479041028,2.54642214891,0.0,1.55810964166,0.0,0.0435890008866,0.0435890008866,0.0435890008866,0.124268512479,0.028317362675,0.482394064084,0.342821470159
 09/10  11:00:00,1.03388567946,1.37370341492,0.0,0.505216103208,0.0,0.0141337301895,0.0141337301895,0.0141337301895,0.124268512479,0.028317362675,0.500839572871,0.342926501247
 09/10  12:00:00,1.06682844025,0.776422006575,0.0,0.0,0.0548502379061,0.0148929070399,0.069743144946,0.0148929070399,0.124268512479,0.028317362675,0.48394962873,0.337149791425
 09/10  13:00:00,1.26315122106,0.721144642606,0.0,0.0,0.232341998856,0.0631454962997,0.295487495156,0.0631454962997,0.124268512479,0.028317362675,0.442869608595,0.348808242156
 09/10  14:00:00,1.45238152587,0.668962841724,0.0,0.0,0.392677900662,0.106798734375,0.499476635037,0.106798734375,0.124268512479,0.028317362675,0.408469960129,0.368449055551
 09/10  15:00:00,1.69811016179,0.677067752951,0.0,0.0,0.56515567185,0.153778407948,0.718934079799,0.153778407948,0.124268512479,0.028317362675,0.414260089194,0.388930117647
 09/10  16:00:00,1.98765373074,0.7518472961,0.0,0.0,0.684705176858,0.186424940528,0.871130117386,0.186424940528,0.138888322266,0.0316488305822,0.462550296506,0.460036164
 09/10  17:00:00,2.00993701369,0.897486508054,0.0,0.0,0.4899108638,0.133446883181,0.623357746981,0.133446883181,0.204677595598,0.0466403674428,0.552990886172,0.558870417499
 09/10  18:00:00,2.23000316915,1.03836401306,0.0,0.0,0.466509145653,0.12717050754,0.593679653193,0.12717050754,0.380115441082,0.0866178296143,0.509425651789,0.606764593477
 09/10  19:00:00,2.25099348874,1.06858961632,0.0,0.0,0.250272258451,0.0682633552009,0.318535613652,0.0682633552009,0.694441608831,0.158244091825,0.430071798651,0.626300375784
 09/10  20:00:00,2.36576543919,0.99382234497,0.0,0.0,0.0222399383269,0.0060670683333,0.0283070066602,0.0060670683333,1.03800752669,0.23653328985,0.391685867232,0.647831748756
 09/10  21:00:00,2.24021047915,1.7649586683,0.0,0.872992107367,0.0,0.0244501177433,0.0244501177433,0.0244501177433,0.964908480258,0.219876026671,0.374868582349,0.632707272132
 09/10  22:00:00,1.81067509533,2.33057274195,0.0,1.59599241503,0.0,0.0447112759213,0.0447112759213,0.0447112759213,0.723681361442,0.164906997096,0.306448400837,0.54752706003
 09/10  23:00:00,1.38820697746,2.72410996559,0.0,2.1626620034,0.0,0.0605923728734,0.0605923728734,0.0605923728734,0.50438395406,0.114935177018,0.209104646358,0.475790827151
 09/10  24:00:00,0.948296393174,3.10516547323,0.0,2.72784487072,0.0,0.07642806164,0.07642806164,0.07642806164,0.2558469306,0.0583004516678,0.140769463762,0.393551485504
 09/11  01:00:00,0.783609466567,3.62780565631,0.0,3.33721534401,0.0,0.093499222007,0.093499222007,0.093499222007,0.153508131553,0.0349802832179,0.115864577324,0.362357252466
 09/11  02:00:00,0.70017086985,3.52904420174,0.0,3.25773144843,0.0,0.0912720279394,0.0912720279394,0.0912720279394,0.10233877199,0.0233201806671,0.101683880294,0.358156008959
 09/11  03:00:00,0.69976717015,4.03116312522,0.0,3.75446986611,0.0,0.105183581733,0.105183581733,0.105183581733,0.10233877199,0.0233201806671,0.0924101190091,0.353114516751
 09/11  04:00:00,0.699391519774,4.17008002847,0.0,3.8379221413,0.0,0.107517879253,0.107517879253,0.107517879253,0.10233877199,0.0233201806671,0.103039119246,0.339775568616
 09/11  05:00:00,0.761646926525,4.42451620986,0.0,3.84121033726,0.0,0.107610951108,0.107610951108,0.107610951108,0.109648689538,0.0249859100393,0.116839149346,0.379162226493
 09/11  06:00:00,1.00641928382,5.24424594691,0.0,4.19370774966,0.0,0.117481905528,0.117481905528,0.117481905528,0.204677595598,0.0466403674428,0.176134748577,0.438084666677
 09/11  07:00:00,1.35986567838,4.57473439444,0.0,3.3963473384,0.0,0.0951496715216,0.0951496715216,0.0951496715216,0.387425345726,0.0882835559321,0.262609324643,0.465497780559
 09/11  08:00:00,1.21906394015,3.76314206026,0.0,2.62384437859,0.0,0.0735028116118,0.0735028116118,0.0735028116118,0.321636203932,0.0732920190715,0.333681420029,0.393551485504
 09/11  09:00:00,1.01644066466,3.01778420474,0.0,1.98472087402,0.0,0.0555920965715,0.0555920965715,0.0555920965715,0.160818036197,0.0366460095358,0.405040383769,0.334944138584
 09/11  10:00:00,0.9981434042,2.92449728463,0.0,2.01169547644,0.0,0.0563442620556,0.0563442620556,0.0563442620556,0.124268512479,0.028317362675,0.422991796832,0.342821470159
 09/11  11:00:00,0.978629495838,1.52405928969,0.0,0.718173038115,0.0,0.0201144324479,0.0201144324479,0.0201144324479,0.124268512479,0.028317362675,0.439602686989,0.342926501247
 09/11  12:00:00,0.949804507751,1.02548299349,0.0,0.3034349066,0.0,0.00849813601428,0.00849813601428,0.00849813601428,0.124268512479,0.028317362675,0.428170705158,0.337149791425
 09/11  13:00:00,1.09987334108,0.674002519962,0.0,0.0,0.143735652143,0.0393266674575,0.183062319601,0.0393266674575,0.124268512479,0.028317362675,0.392016904173,0.348808242156
 09/11  14:00:00,1.32355870405,0.62641544702,0.0,0.0,0.326826704464,0.0894736094688,0.416300313933,0.0894736094688,0.124268512479,0.028317362675,0.362823459415,0.368449055551
 09/11  15:00:00,1.54358937261,0.634594706638,0.0,0.0,0.477021156761,0.130627602045,0.607648758805,0.130627602045,0.124268512479,0.028317362675,0.371024621008,0.388930117647
 09/11  16:00:00,1.85167608976,0.699613189193,0.0,0.0,0.609945921453,0.167110793923,0.777056715376,0.167110793923,0.138888322266,0.0316488305822,0.420646057535,0.460036164
 09/11  17:00:00,2.08640739887,0.834928893044,0.0,0.0,0.581675834299,0.159396216301,0.741072050599,0.159396216301,0.204677595598,0.0466403674428,0.511746967733,0.558870417499
 09/11  18:00:00,2.24983403163,0.957040268383,0.0,0.0,0.512931614696,0.14060760229,0.653539216986,0.14060760229,0.380115441082,0.0866178296143,0.469396950471,0.606764593477
 09/11  19:00:00,2.26606142947,0.977154908932,0.0,0.0,0.293186635623,0.0803691318348,0.373555767458,0.0803691318348,0.694441608831,0.158244091825,0.390119585571,0.626300375784
 09/11  20:00:00,2.47345157437,0.906897857794,0.0,0.0,0.138657992945,0.0379997474629,0.176657740408,0.0379997474629,1.03800752669,0.23653328985,0.351021268662,0.647831748756
 09/11  21:00:00,2.17482747092,0.841126295345,0.0,0.0217136670592,0.0,0.000608443082037,0.000608443082037,0.000608443082037,0.964908480258,0.219876026671,0.333327248776,0.632707272132
 09/11  22:00:00,1.75630932857,1.5109031652,0.0,0.833361052738,0.0,0.0233542563177,0.0233542563177,0.0233542563177,0.723681361442,0.164906997096,0.273439653687,0.54752706003
 09/11  23:00:00,1.35603663659,2.18668119518,0.0,1.66079689752,0.0,0.0465460181829,0.0465460181829,0.0465460181829,0.50438395406,0.114935177018,0.190980660183,0.475790827151
 09/11  24:00:00,0.93496385886,2.88898463962,0.0,2.52487917069,0.0,0.0707648242201,0.0707648242201,0.0707648242201,0.2558469306,0.0583004516678,0.133100166867,0.393551485504
 09/12  01:00:00,0.778920641471,3.45944891774,0.0,3.16872124803,0.0,0.0888103969108,0.0888103969108,0.0888103969108,0.153508131553,0.0349802832179,0.115864577324,0.362357252466
 09/12  02:00:00,0.715228298941,4.06497237555,0.0,3.79372256662,0.0,0.106329457031,0.106329457031,0.106329457031,0.10233877199,0.0233201806671,0.101683880294,0.358156008959
 09/12  03:00:00,0.714688383536,4.56138241062,0.0,4.28504558373,0.0,0.120104795118,0.120104795118,0.120104795118,0.10233877199,0.0233201806671,0.0924101190091,0.353114516751
 09/12  04:00:00,0.726246445017,5.12582243254,0.0,4.79392105609,0.0,0.134372804496,0.134372804496,0.134372804496,0.10233877199,0.0233201806671,0.103039119246,0.339775568616
 09/12  05:00:00,0.7872375185,5.33519636774,0.0,4.751897933,0.0,0.133201543083,0.133201543083,0.133201543083,0.109648689538,0.0249859100393,0.116839149346,0.379162226493
 09/12  06:00:00,1.01789084093,5.65165169188,0.0,4.60024740154,0.0,0.12895346263,0.12895346263,0.12895346263,0.204677595598,0.0466403674428,0.176134748577,0.438084666677
 09/12  07:00:00,1.38477782271,5.46257632681,0.0,4.28306609242,0.0,0.120061815849,0.120061815849,0.120061815849,0.387425345726,0.0882835559321,0.262609324643,0.465497780559
 09/12  08:00:00,1.2334583754,4.27642269819,0.0,3.13598449322,0.0,0.0878972468588,0.0878972468588,0.0878972468588,0.321636203932,0.0732920190715,0.333681420029,0.393551485504
 09/12  09:00:00,1.00717978501,2.68795226911,0.0,1.6534590633,0.0,0.0463312169238,0.0463312169238,0.0463312169238,0.160818036197,0.0366460095358,0.405040383769,0.334944138584
 09/12  10:00:00,0.966790686954,1.80661555133,0.0,0.892096890147,0.0,0.0249915448088,0.0249915448088,0.0249915448088,0.124268512479,0.028317362675,0.422991796832,0.342821470159
 09/12  11:00:00,1.01082623067,0.807439954216,0.0,0.0,0.0413250312083,0.0109861360728,0.0523111672811,0.0109861360728,0.124268512479,0.028317362675,0.439602686989,0.342926501247
 09/12  12:00:00,1.20378806559,0.723515422333,0.0,0.0,0.207337776214,0.0551439176347,0.262481693848,0.0551439176347,0.124268512479,0.028317362675,0.428170705158,0.337149791425
 09/12  13:00:00,1.37723894741,0.675191068927,0.0,0.0,0.364288481817,0.0961394441142,0.460427925931,0.0961394441142,0.124268512479,0.028317362675,0.392016904173,0.348808242156
 09/12  14:00:00,1.56418055269,0.627302567123,0.0,0.0,0.519760083813,0.137162078753,0.656922162566,0.137162078753,0.124268512479,0.028317362675,0.362823459415,0.368449055551
 09/12  15:00:00,1.79707527253,0.635870645159,0.0,0.0,0.682735656673,0.17839900205,0.861134658723,0.17839900205,0.124268512479,0.028317362675,0.371024621008,0.388930117647
 09/12  16:00:00,1.89273599172,0.700623426597,0.0,0.0,0.646472876024,0.171643741311,0.818116617334,0.171643741311,0.138888322266,0.0316488305822,0.420646057535,0.460036164
 09/12  17:00:00,2.09560475919,0.835936906861,0.0,0.0,0.591893373838,0.158376037083,0.750269410922,0.158376037083,0.204677595598,0.0466403674428,0.511746967733,0.558870417499
 09/12  18:00:00,2.28719555558,0.958112074645,0.0,0.0,0.545157187057,0.145743553883,0.69090074094,0.145743553883,0.380115441082,0.0866178296143,0.469396950471,0.606764593477
 09/12  19:00:00,2.47508439602,0.978677734915,0.0,0.0,0.459735617158,0.12284311685,0.582578734009,0.12284311685,0.694441608831,0.158244091825,0.390119585571,0.626300375784
 09/12  20:00:00,2.76242428785,0.908708899878,0.0,0.0,0.366857793803,0.0987726600843,0.465630453887,0.0987726600843,1.03800752669,0.23653328985,0.351021268662,0.647831748756
 09/12  21:00:00,2.54833020782,0.821208771009,0.0,0.0,0.294769766441,0.0793414135411,0.374111179982,0.0793414135411,0.964908480258,0.219876026671,0.333327248776,0.632707272132
 09/12  22:00:00,1.87089692786,0.679046542674,0.0,0.0,0.108401628513,0.0295402270941,0.137941855607,0.0295402270941,0.723681361442,0.164906997096,0.273439653687,0.54752706003
 09/12  23:00:00,1.31964153032,0.527251767583,0.0,0.0,0.00797738596121,0.00217352595098,0.0101509119122,0.00217352595098,0.50438395406,0.114935177018,0.190980660183,0.475790827151
 09/12  24:00:00,0.872877580818,0.675306819697,0.0,0.30996612637,0.0,0.00867854617808,0.00867854617808,0.00867854617808,0.2558469306,0.0583004516678,0.133100166867,0.393551485504
 09/13  01:00:00,0.703435083227,0.768077793843,0.0,0.475953097089,0.0,0.0133248386672,0.0133248386672,0.0133248386672,0.153508131553,0.0349802832179,0.115864577324,0.362357252466
 09/13  02:00:00,0.627636734276,0.942227971224,0.0,0.669369002546,0.0,0.018737892366,0.018737892366,0.018737892366,0.10233877199,0.0233201806671,0.101683880294,0.358156008959
 09/13  03:00:00,0.619545984682,1.17005875151,0.0,0.891827151245,0.0,0.0249623962646,0.0249623962646,0.0249623962646,0.10233877199,0.0233201806671,0.0924101190091,0.353114516751
 09/13  04:00:00,0.616981055884,1.23116707157,0.0,0.897133614246,0.0,0.0251074153639,0.0251074153639,0.0251074153639,0.10233877199,0.0233201806671,0.103039119246,0.339775568616
 09/13  05:00:00,0.679698039352,1.5031565598,0.0,0.917073570409,0.0,0.0256620639353,0.0256620639353,0.0256620639353,0.109648689538,0.0249859100393,0.116839149346,0.379162226493
 09/13  06:00:00,0.915910361381,2.01909225428,0.0,0.964095606771,0.0,0.0269729830857,0.0269729830857,0.0269729830857,0.204677595598,0.0466403674428,0.176134748577,0.438084666677
 09/13  07:00:00,1.27442882807,1.53061933396,0.0,0.347208864836,0.0,0.00971282121359,0.00971282121359,0.00971282121359,0.387425345726,0.0882835559321,0.262609324643,0.465497780559
 09/13  08:00:00,1.15580703762,1.51021467963,0.0,0.366299755186,0.0,0.0102459090832,0.0102459090832,0.0102459090832,0.321636203932,0.0732920190715,0.333681420029,0.393551485504
 09/13  09:00:00,0.967616228762,1.2789799638,0.0,0.241978047519,0.0,0.00676766067662,0.00676766067662,0.00676766067662,0.160818036197,0.0366460095358,0.405040383769,0.334944138584
 09/13  10:00:00,1.03560239745,0.916595904187,0.0,0.0,0.0745022428943,0.0193010124095,0.0938032553038,0.0193010124095,0.124268512479,0.028317362675,0.422991796832,0.342821470159
 09/13  11:00:00,1.35045167152,0.809271699425,0.0,0.0,0.312496967684,0.0794396404491,0.391936608134,0.0794396404491,0.124268512479,0.028317362675,0.439602686989,0.342926501247
 09/13  12:00:00,1.56760608432,0.725132357235,0.0,0.0,0.499465898652,0.126833813929,0.626299712581,0.126833813929,0.124268512479,0.028317362675,0.428170705158,0.337149791425
 09/13  13:00:00,1.65485395317,0.676584930447,0.0,0.0,0.587457832451,0.150585099234,0.738042931684,0.150585099234,0.124268512479,0.028317362675,0.392016904173,0.348808242156
 09/13  14:00:00,1.81240227064,0.628585717582,0.0,0.0,0.720482843668,0.18466103685,0.905143880518,0.18466103685,0.124268512479,0.028317362675,0.362823459415,0.368449055551
 09/13  15:00:00,1.81730915308,0.636801113682,0.0,0.0,0.701582346709,0.179786192565,0.881368539274,0.179786192565,0.124268512479,0.028317362675,0.371024621008,0.388930117647
 09/13  16:00:00,1.96087021515,0.701622317555,0.0,0.0,0.705582722156,0.18066811861,0.886250840766,0.18066811861,0.138888322266,0.0316488305822,0.420646057535,0.460036164
 09/13  17:00:00,2.17062681847,0.837121844837,0.0,0.0,0.656077849073,0.16921362112,0.825291470193,0.16921362112,0.204677595598,0.0466403674428,0.511746967733,0.558870417499
 09/13  18:00:00,2.38306695457,0.959762888137,0.0,0.0,0.625553098929,0.161219040997,0.786772139925,0.161219040997,0.380115441082,0.0866178296143,0.469396950471,0.606764593477
 09/13  19:00:00,2.62999994046,0.980568194062,0.0,0.0,0.586415244287,0.15107903416,0.737494278447,0.15107903416,0.694441608831,0.158244091825,0.390119585571,0.626300375784
 09/13  20:00:00,3.02889084255,0.910685162162,0.0,0.0,0.583068036487,0.149028972103,0.73209700859,0.149028972103,1.03800752669,0.23653328985,0.351021268662,0.647831748756
 09/13  21:00:00,2.82846103074,0.822635055245,0.0,0.0,0.521077385501,0.1331646174,0.654242002901,0.1331646174,0.964908480258,0.219876026671,0.333327248776,0.632707272132
 09/13  22:00:00,2.3256191539,0.680431106056,0.0,0.0,0.473007857141,0.119656224501,0.592664081642,0.119656224501,0.723681361442,0.164906997096,0.273439653687,0.54752706003
 09/13  23:00:00,1.767086229,0.528558339567,0.0,0.0,0.363964024449,0.0936315861394,0.457595610588,0.0936315861394,0.50438395406,0.114935177018,0.190980660183,0.475790827151
 09/13  24:00:00,1.18246524612,0.366636018029,0.0,0.0,0.253156885203,0.0651093262725,0.318266211476,0.0651093262725,0.2558469306,0.0583004516678,0.133100166867,0.393551485504
 09/14  01:00:00,0.901374447975,0.293215485509,0.0,0.0,0.167754475974,0.043509727441,0.211264203415,0.043509727441,0.153508131553,0.0349802832179,0.115864577324,0.362357252466
 09/14  02:00:00,0.767992936835,0.273745158914,0.0,0.0,0.126342778919,0.0327513160055,0.159094094925,0.0327513160055,0.10233877199,0.0233201806671,0.101683880294,0.358156008959
 09/14  03:00:00,0.730810195169,0.279077967082,0.0,0.0,0.108036995329,0.0281896114235,0.136226606752,0.0281896114235,0.10233877199,0.0233201806671,0.0924101190091,0.353114516751
 09/14  04:00:00,0.697574440502,0.335047198597,0.0,0.0,0.08383694284,0.0218638571414,0.105700799981,0.0218638571414,0.10233877199,0.0233201806671,0.103039119246,0.339775568616
 09/14  05:00:00,0.743576892,0.587514862473,0.0,0.0,0.0710263039545,0.0185146126279,0.0895409165824,0.0185146126279,0.109648689538,0.0249859100393,0.116839149346,0.379162226493
 09/14  06:00:00,1.06183294063,1.05727045682,0.0,0.0,0.137161842306,0.0357337200307,0.172895562336,0.0357337200307,0.204677595598,0.0466403674428,0.176134748577,0.438084666677
 09/14  07:00:00,1.36984591725,1.18591947308,0.0,0.0,0.0834130886977,0.021716821691,0.105129910389,0.021716821691,0.387425345726,0.0882835559321,0.262609324643,0.465497780559
 09/14  08:00:00,1.27115354174,1.14597993286,0.0,0.0,0.0996589897299,0.0259334234772,0.125592413207,0.0259334234772,0.321636203932,0.0732920190715,0.333681420029,0.393551485504
 09/14  09:00:00,1.06330411562,1.0387698695,0.0,0.0,0.0811854269923,0.021270120539,0.102455547531,0.021270120539,0.160818036197,0.0366460095358,0.405040383769,0.334944138584
 09/14  10:00:00,1.0997424748,0.918080584894,0.0,0.0,0.125757968193,0.0321853644608,0.157943332654,0.0321853644608,0.124268512479,0.028317362675,0.422991796832,0.342821470159
 09/14  11:00:00,1.36493317722,0.810428359618,0.0,0.0,0.324112684538,0.0823054292945,0.406418113832,0.0823054292945,0.124268512479,0.028317362675,0.439602686989,0.342926501247
 09/14  12:00:00,1.45218445353,0.725974605703,0.0,0.0,0.407434878054,0.103443203741,0.510878081795,0.103443203741,0.124268512479,0.028317362675,0.428170705158,0.337149791425
 09/14  13:00:00,1.57976146421,0.67734611059,0.0,0.0,0.52971049068,0.13323995205,0.66295044273,0.13323995205,0.124268512479,0.028317362675,0.392016904173,0.348808242156
 09/14  14:00:00,1.58104798325,0.629186856612,0.0,0.0,0.536544490669,0.137245102463,0.673789593132,0.137245102463,0.124268512479,0.028317362675,0.362823459415,0.368449055551
 09/14  15:00:00,1.68434509491,0.63725740684,0.0,0.0,0.596862299454,0.151542181649,0.748404481104,0.151542181649,0.124268512479,0.028317362675,0.371024621008,0.388930117647
 09/14  16:00:00,1.92563347154,0.702366162036,0.0,0.0,0.681083829153,0.169930268007,0.85101409716,0.169930268007,0.138888322266,0.0316488305822,0.420646057535,0.460036164
 09/14  17:00:00,2.09504254857,0.838219101453,0.0,0.0,0.595966776246,0.153740424048,0.749707200294,0.153740424048,0.204677595598,0.0466403674428,0.511746967733,0.558870417499
 09/14  18:00:00,2.41485134735,0.96118829676,0.0,0.0,0.650714021903,0.167842510804,0.818556532707,0.167842510804,0.380115441082,0.0866178296143,0.469396950471,0.606764593477
 09/14  19:00:00,2.59315033395,0.981916859052,0.0,0.0,0.555351376602,0.145293295334,0.700644671936,0.145293295334,0.694441608831,0.158244091825,0.390119585571,0.626300375784
 09/14  20:00:00,2.91433858266,0.911625569711,0.0,0.0,0.488782687009,0.128762061692,0.617544748701,0.128762061692,1.03800752669,0.23653328985,0.351021268662,0.647831748756
 09/14  21:00:00,2.6926772397,0.823796941394,0.0,0.0,0.410361843122,0.108096368737,0.518458211859,0.108096368737,0.964908480258,0.219876026671,0.333327248776,0.632707272132
 09/14  22:00:00,2.12710022933,0.681306958674,0.0,0.0,0.311970843046,0.08217431403,0.394145157076,0.08217431403,0.723681361442,0.164906997096,0.273439653687,0.54752706003
 09/14  23:00:00,1.57377721427,0.529076117573,0.0,0.0,0.209188596334,0.0550979995294,0.264286595863,0.0550979995294,0.50438395406,0.114935177018,0.190980660183,0.475790827151
 09/14  24:00:00,0.948989703544,0.366590684498,0.0,0.0,0.0670395715996,0.0177510973051,0.0847906689047,0.0177510973051,0.2558469306,0.0583004516678,0.133100166867,0.393551485504
 09/15  01:00:00,0.693354327328,0.409571475477,0.0,0.116443180006,0.0,0.00324408276769,0.00324408276769,0.00324408276769,0.153508131553,0.0349802832179,0.115864577324,0.362357252466
 09/15  02:00:00,0.61494001201,0.490466800667,0.0,0.21685252199,0.0,0.00604117009998,0.00604117009998,0.00604117009998,0.10233877199,0.0233201806671,0.101683880294,0.358156008959
 09/15  03:00:00,0.604449696203,0.633165909439,0.0,0.354178400393,0.0,0.00986610778593,0.00986610778593,0.00986610778593,0.10233877199,0.0233201806671,0.0924101190091,0.353114516751
 09/15  04:00:00,0.605287197318,0.816641183363,0.0,0.48158783797,0.0,0.0134135567978,0.0134135567978,0.0134135567978,0.10233877199,0.0233201806671,0.103039119246,0.339775568616
 09/15  05:00:00,0.667893254728,1.08555726536,0.0,0.497590139075,0.0,0.0138572793108,0.0138572793108,0.0138572793108,0.109648689538,0.0249859100393,0.116839149346,0.379162226493
 09/15  06:00:00,0.898887053722,1.41594125143,0.0,0.357318775664,0.0,0.00994967542685,0.00994967542685,0.00994967542685,0.204677595598,0.0466403674428,0.176134748577,0.438084666677
 09/15  07:00:00,1.28268725192,1.8329785829,0.0,0.645453511708,0.0,0.0179712450624,0.0179712450624,0.0179712450624,0.387425345726,0.0882835559321,0.262609324643,0.465497780559
 09/15  08:00:00,1.15361289302,1.43686930056,0.0,0.289219451863,0.0,0.00805176448522,0.00805176448522,0.00805176448522,0.321636203932,0.0732920190715,0.333681420029,0.393551485504
 09/15  09:00:00,1.0893604678,1.04063732569,0.0,0.0,0.102193801673,0.0263180980454,0.128511899718,0.0263180980454,0.160818036197,0.0366460095358,0.405040383769,0.334944138584
 09/15  10:00:00,1.37208850309,0.919958757752,0.0,0.0,0.344467897678,0.0858214632667,0.430289360944,0.0858214632667,0.124268512479,0.028317362675,0.422991796832,0.342821470159
 09/15  11:00:00,1.77823320762,0.812200334375,0.0,0.0,0.657540863326,0.162177280901,0.819718144226,0.162177280901,0.124268512479,0.028317362675,0.439602686989,0.342926501247
 09/15  12:00:00,2.32088851595,0.728083171898,0.0,0.0,1.11528648323,0.26429566099,1.37958214422,0.26429566099,0.124268512479,0.028317362675,0.428170705158,0.337149791425
 09/15  13:00:00,2.40379919583,0.679484695629,0.0,0.0,1.1973298027,0.289658371643,1.48698817435,0.289658371643,0.124268512479,0.028317362675,0.392016904173,0.348808242156
 09/15  14:00:00,2.51832642063,0.631371023373,0.0,0.0,1.30001891701,0.311049113496,1.61106803051,0.311049113496,0.124268512479,0.028317362675,0.362823459415,0.368449055551
 09/15  15:00:00,2.47067700738,0.639495837387,0.0,0.0,1.23314074379,0.301595649781,1.53473639357,0.301595649781,0.124268512479,0.028317362675,0.371024621008,0.388930117647
 09/15  16:00:00,2.55686186976,0.704526183492,0.0,0.0,1.1865278191,0.295714676277,1.48224249537,0.295714676277,0.138888322266,0.0316488305822,0.420646057535,0.460036164
 09/15  17:00:00,2.79518639907,0.840634018749,0.0,0.0,1.16058498237,0.28926606843,1.4498510508,0.28926606843,0.204677595598,0.0466403674428,0.511746967733,0.558870417499
 09/15  18:00:00,2.87748827738,0.963458699903,0.0,0.0,1.02199476046,0.259198702273,1.28119346274,0.259198702273,0.380115441082,0.0866178296143,0.469396950471,0.606764593477
 09/15  19:00:00,3.03020700824,0.983838467193,0.0,0.0,0.906158404448,0.231542941779,1.13770134623,0.231542941779,0.694441608831,0.158244091825,0.390119585571,0.626300375784
 09/15  20:00:00,3.37124879407,0.913298725619,0.0,0.0,0.857061201442,0.217393758663,1.0744549601,0.217393758663,1.03800752669,0.23653328985,0.351021268662,0.647831748756
 09/15  21:00:00,3.09191040253,0.825477786786,0.0,0.0,0.730911166794,0.1867802079,0.917691374693,0.1867802079,0.964908480258,0.219876026671,0.333327248776,0.632707272132
 09/15  22:00:00,2.43648972337,0.682620845079,0.0,0.0,0.559381896038,0.144152755074,0.703534651112,0.144152755074,0.723681361442,0.164906997096,0.273439653687,0.54752706003
 09/15  23:00:00,1.83863589535,0.530048249187,0.0,0.0,0.420731507685,0.108413769253,0.529145276938,0.108413769253,0.50438395406,0.114935177018,0.190980660183,0.475790827151
 09/15  24:00:00,1.21918315027,0.367269098774,0.0,0.0,0.282257794718,0.0727263209086,0.354984115627,0.0727263209086,0.2558469306,0.0583004516678,0.133100166867,0.393551485504
 09/16  01:00:00,0.93951204221,0.300776857273,0.0,0.0,0.194647298786,0.0501496374648,0.244796936251,0.0501496374648,0.153508131553,0.0349802832179,0.120469438723,0.362357252466
 09/16  02:00:00,0.782036438204,0.279576963091,0.0,0.0,0.135247955947,0.0348431955261,0.170091151474,0.0348431955261,0.10233877199,0.0233201806671,0.104730325114,0.358156008959
 09/16  03:00:00,0.706775116764,0.285250747178,0.0,0.0,0.0879448002863,0.0226537565373,0.110598556824,0.0226537565373,0.10233877199,0.0233201806671,0.0940030905319,0.353114516751
 09/16  04:00:00,0.596043760568,0.347369607428,0.0,0.0,0.000835514640607,0.000218257211798,0.00105377185241,0.000218257211798,0.10233877199,0.0233201806671,0.106155467442,0.339775568616
 09/16  05:00:00,0.701347780119,0.622857690355,0.0,0.0,0.0338210958105,0.00871123422475,0.0425323300352,0.00871123422475,0.109648689538,0.0249859100393,0.121618624013,0.379162226493
 09/16  06:00:00,0.981512267871,1.13825043049,0.0,0.0,0.0638683312409,0.0163101274816,0.0801784587225,0.0163101274816,0.204677595598,0.0466403674428,0.188531179431,0.438084666677
 09/16  07:00:00,1.49049709049,1.28388554541,0.0,0.0,0.16019244127,0.0409003869355,0.201092828206,0.0409003869355,0.387425345726,0.0882835559321,0.28729758007,0.465497780559
 09/16  08:00:00,1.5882552243,1.24833708291,0.0,0.0,0.323595762955,0.0812548153152,0.40485057827,0.0812548153152,0.321636203932,0.0732920190715,0.371524937518,0.393551485504
 09/16  09:00:00,1.5437782405,1.13308946063,0.0,0.0,0.425470548294,0.104922889506,0.5303934378,0.104922889506,0.160818036197,0.0366460095358,0.457576618389,0.334944138584
 09/16  10:00:00,1.58892212499,0.998876111323,0.0,0.0,0.471456067336,0.116264648253,0.587720715589,0.116264648253,0.124268512479,0.028317362675,0.482394064084,0.342821470159
 09/16  11:00:00,2.15989897034,0.87779685754,0.0,0.0,0.921741795684,0.21840522538,1.14014702106,0.21840522538,0.124268512479,0.028317362675,0.500839572871,0.342926501247
 09/16  12:00:00,2.49108815356,0.78504435524,0.0,0.0,1.21048219326,0.283520664986,1.49400285825,0.283520664986,0.124268512479,0.028317362675,0.48394962873,0.337149791425
 09/16  13:00:00,2.74323945398,0.729123579669,0.0,0.0,1.44130936843,0.334266359643,1.77557572807,0.334266359643,0.124268512479,0.028317362675,0.442869608595,0.348808242156
 09/16  14:00:00,3.00514833678,0.676583766922,0.0,0.0,1.66585897403,0.386384471912,2.05224344595,0.386384471912,0.124268512479,0.028317362675,0.408469960129,0.368449055551
 09/16  15:00:00,3.01084295605,0.684605980841,0.0,0.0,1.64603213102,0.385634743031,2.03166687405,0.385634743031,0.124268512479,0.028317362675,0.414260089194,0.388930117647
 09/16  16:00:00,3.31299346177,0.759948533872,0.0,0.0,1.77950761775,0.416962230665,2.19646984842,0.416962230665,0.138888322266,0.0316488305822,0.462550296506,0.460036164
 09/16  17:00:00,3.49352223689,0.907436125371,0.0,0.0,1.70312357976,0.403819390421,2.10694297018,0.403819390421,0.204677595598,0.0466403674428,0.552990886172,0.558870417499
 09/16  18:00:00,3.42915977857,1.0497091429,0.0,0.0,1.4434109891,0.349425273505,1.79283626261,0.349425273505,0.380115441082,0.0866178296143,0.509425651789,0.606764593477
 09/16  19:00:00,3.44563145013,1.07975794822,0.0,0.0,1.21354678731,0.299626787725,1.51317357504,0.299626787725,0.694441608831,0.158244091825,0.430071798651,0.626300375784
 09/16  20:00:00,3.72274837584,1.0046898372,0.0,0.0,1.11096260392,0.274327339387,1.38528994331,0.274327339387,1.03800752669,0.23653328985,0.391685867232,0.647831748756
 09/16  21:00:00,3.45031274875,0.902036360257,0.0,0.0,0.990065057167,0.24448733017,1.23455238734,0.24448733017,0.964908480258,0.219876026671,0.374868582349,0.632707272132
 09/16  22:00:00,2.82185663263,0.742950825427,0.0,0.0,0.846781612937,0.209111200292,1.05589281323,0.209111200292,0.723681361442,0.164906997096,0.306448400837,0.54752706003
 09/16  23:00:00,2.24823033202,0.567829187327,0.0,0.0,0.739559869453,0.181055857986,0.920615727439,0.181055857986,0.50438395406,0.114935177018,0.209104646358,0.475790827151
 09/16  24:00:00,1.59432017797,0.381778761869,0.0,0.0,0.579367170357,0.143084676077,0.722451846435,0.143084676077,0.2558469306,0.0583004516678,0.140769463762,0.393551485504
 09/17  01:00:00,1.32006116817,0.301520360414,0.0,0.0,0.5014930587,0.123853003508,0.625346062209,0.123853003508,0.153508131553,0.0349802832179,0.120469438723,0.362357252466
 09/17  02:00:00,1.16979926884,0.280202644472,0.0,0.0,0.447363350955,0.110490631159,0.557853982114,0.110490631159,0.10233877199,0.0233201806671,0.104730325114,0.358156008959
 09/17  03:00:00,1.10188877893,0.285979969257,0.0,0.0,0.405549519489,0.100162699497,0.505712218986,0.100162699497,0.10233877199,0.0233201806671,0.0940030905319,0.353114516751
 09/17  04:00:00,1.03344905548,0.348221797055,0.0,0.0,0.350910611369,0.0875484553989,0.438459066768,0.0875484553989,0.10233877199,0.0233201806671,0.106155467442,0.339775568616
 09/17  05:00:00,1.06732220566,0.624274953314,0.0,0.0,0.326411245963,0.0820955096113,0.408506755574,0.0820955096113,0.109648689538,0.0249859100393,0.121618624013,0.379162226493
 09/17  06:00:00,1.30013257699,1.14051706831,0.0,0.0,0.318061115649,0.0807376521885,0.398798767837,0.0807376521885,0.204677595598,0.0466403674428,0.188531179431,0.438084666677
 09/17  07:00:00,1.70874423673,1.28645311436,0.0,0.0,0.334459201966,0.0848807724763,0.419339974442,0.0848807724763,0.387425345726,0.0882835559321,0.28729758007,0.465497780559
 09/17  08:00:00,1.53620730576,1.25041338917,0.0,0.0,0.280977706662,0.0718249530707,0.352802659732,0.0718249530707,0.321636203932,0.0732920190715,0.371524937518,0.393551485504
 09/17  09:00:00,1.35694817658,1.13459563917,0.0,0.0,0.273642400367,0.069920973512,0.343563373879,0.069920973512,0.160818036197,0.0366460095358,0.457576618389,0.334944138584
 09/17  10:00:00,1.31012445261,1.00028160596,0.0,0.0,0.246060510868,0.0628625323406,0.308923043208,0.0628625323406,0.124268512479,0.028317362675,0.482394064084,0.342821470159
 09/17  11:00:00,1.44856721852,0.878470007386,0.0,0.0,0.342079990824,0.0867352784238,0.428815269247,0.0867352784238,0.124268512479,0.028317362675,0.500839572871,0.342926501247
 09/17  12:00:00,1.46764304056,0.784819237046,0.0,0.0,0.375380942102,0.0951768031448,0.470557745247,0.0951768031448,0.124268512479,0.028317362675,0.48394962873,0.337149791425
 09/17  13:00:00,1.52731273589,0.728526394069,0.0,0.0,0.447290386027,0.112358623956,0.559649009983,0.112358623956,0.124268512479,0.028317362675,0.442869608595,0.348808242156
 09/17  14:00:00,1.53148211609,0.675510545459,0.0,0.0,0.461557548792,0.117019676461,0.578577225253,0.117019676461,0.124268512479,0.028317362675,0.408469960129,0.368449055551
 09/17  15:00:00,1.64284909127,0.683430701211,0.0,0.0,0.530430947971,0.13324206131,0.663673009281,0.13324206131,0.124268512479,0.028317362675,0.414260089194,0.388930117647
 09/17  16:00:00,1.94525410143,0.758939768432,0.0,0.0,0.66110875149,0.167621736586,0.828730488077,0.167621736586,0.138888322266,0.0316488305822,0.462550296506,0.460036164
 09/17  17:00:00,2.31129753369,0.906854906399,0.0,0.0,0.739046934336,0.185671332644,0.92471826698,0.185671332644,0.204677595598,0.0466403674428,0.552990886172,0.558870417499
 09/17  18:00:00,2.50394433584,1.0496671641,0.0,0.0,0.689871868622,0.177748951259,0.867620819881,0.177748951259,0.380115441082,0.0866178296143,0.509425651789,0.606764593477
 09/17  19:00:00,2.59606027945,1.08036092248,0.0,0.0,0.526114943925,0.137487460433,0.663602404358,0.137487460433,0.694441608831,0.158244091825,0.430071798651,0.626300375784
 09/17  20:00:00,2.78772853808,1.0047075553,0.0,0.0,0.355649396224,0.0946207093246,0.450270105549,0.0946207093246,1.03800752669,0.23653328985,0.391685867232,0.647831748756
 09/17  21:00:00,2.41931510528,0.901777083484,0.0,0.0,0.160775809785,0.0427789340798,0.203554743865,0.0427789340798,0.964908480258,0.219876026671,0.374868582349,0.632707272132
 09/17  22:00:00,1.76865803038,0.839229599787,0.0,0.096737910204,0.0,0.00269421097622,0.00269421097622,0.00269421097622,0.723681361442,0.164906997096,0.306448400837,0.54752706003
 09/17  23:00:00,1.33933373764,0.987902840245,0.0,0.420762656942,0.0,0.01171913305,0.01171913305,0.01171913305,0.50438395406,0.114935177018,0.209104646358,0.475790827151
 09/17  24:00:00,0.903228365673,1.50655231535,0.0,1.12584620724,0.0,0.0313600341388,0.0313600341388,0.0313600341388,0.2558469306,0.0583004516678,0.140769463762,0.393551485504
 09/18  01:00:00,0.724747264177,1.53633164714,0.0,1.24342041133,0.0,0.0346370196166,0.0346370196166,0.0346370196166,0.153508131553,0.0349802832179,0.115864577324,0.362357252466
 09/18  02:00:00,0.661615084907,2.16567144541,0.0,1.89233457387,0.0,0.0527162429963,0.0527162429963,0.0527162429963,0.10233877199,0.0233201806671,0.101683880294,0.358156008959
 09/18  03:00:00,0.666264100228,2.85123229528,0.0,2.57279170756,0.0,0.0716805118104,0.0716805118104,0.0716805118104,0.10233877199,0.0233201806671,0.0924101190091,0.353114516751
 09/18  04:00:00,0.68067514959,3.52122579438,0.0,3.18669409633,0.0,0.0888015090701,0.0888015090701,0.0888015090701,0.10233877199,0.0233201806671,0.103039119246,0.339775568616
 09/18  05:00:00,0.759709242997,4.37980358179,0.0,3.79120533447,0.0,0.10567326758,0.10567326758,0.10567326758,0.109648689538,0.0249859100393,0.116839149346,0.379162226493
 09/18  06:00:00,1.0103395724,5.41631855345,0.0,4.3546083902,0.0,0.121402194106,0.121402194106,0.121402194106,0.204677595598,0.0466403674428,0.176134748577,0.438084666677
 09/18  07:00:00,1.35138229024,4.29970763618,0.0,3.10823205359,0.0,0.0866662833829,0.0866662833829,0.0866662833829,0.387425345726,0.0882835559321,0.262609324643,0.465497780559
 09/18  08:00:00,1.20224222605,3.18521861225,0.0,2.03294737143,0.0,0.0566810975162,0.0566810975162,0.0566810975162,0.321636203932,0.0732920190715,0.333681420029,0.393551485504
 09/18  09:00:00,0.995735967994,2.29631234767,0.0,1.25139564242,0.0,0.0348873999089,0.0348873999089,0.0348873999089,0.160818036197,0.0366460095358,0.405040383769,0.334944138584
 09/18  10:00:00,0.961901360421,1.64443875953,0.0,0.721069251103,0.0,0.020102218276,0.020102218276,0.020102218276,0.124268512479,0.028317362675,0.422991796832,0.342821470159
 09/18  11:00:00,1.02370688668,0.814843477934,0.0,0.0,0.0514520022601,0.013739821027,0.0651918232871,0.013739821027,0.124268512479,0.028317362675,0.439602686989,0.342926501247
 09/18  12:00:00,1.47354039775,0.730136662883,0.0,0.0,0.419983370174,0.112250655844,0.532234026018,0.112250655844,0.124268512479,0.028317362675,0.428170705158,0.337149791425
 09/18  13:00:00,1.66195418311,0.681357098575,0.0,0.0,0.588609048309,0.156534113318,0.745143161626,0.156534113318,0.124268512479,0.028317362675,0.392016904173,0.348808242156
 09/18  14:00:00,1.59917567881,0.632633940496,0.0,0.0,0.54582669338,0.146090595312,0.691917288692,0.146090595312,0.124268512479,0.028317362675,0.362823459415,0.368449055551
 09/18  15:00:00,1.71373122672,0.640748196526,0.0,0.0,0.613508648027,0.16428196488,0.777790612907,0.16428196488,0.124268512479,0.028317362675,0.371024621008,0.388930117647
 09/18  16:00:00,1.68156443282,0.705960341815,0.0,0.0,0.478711815884,0.128233242556,0.60694505844,0.128233242556,0.138888322266,0.0316488305822,0.420646057535,0.460036164
 09/18  17:00:00,1.84393005663,0.842544999178,0.0,0.0,0.393707525764,0.10488718259,0.498594708354,0.10488718259,0.204677595598,0.0466403674428,0.511746967733,0.558870417499
 09/18  18:00:00,2.03838037775,0.966187397825,0.0,0.0,0.348616035292,0.0934695278139,0.442085563106,0.0934695278139,0.380115441082,0.0866178296143,0.469396950471,0.606764593477
 09/18  19:00:00,2.21921425773,0.987206349837,0.0,0.0,0.257623224087,0.0690853716374,0.326708595724,0.0690853716374,0.694441608831,0.158244091825,0.390119585571,0.626300375784
 09/18  20:00:00,2.55534712243,0.916363184037,0.0,0.0,0.203885759041,0.0546675294284,0.258553288469,0.0546675294284,1.03800752669,0.23653328985,0.351021268662,0.647831748756
 09/18  21:00:00,2.20672467683,0.827750583052,0.0,0.0,0.0256327301407,0.00687291885412,0.0325056489948,0.00687291885412,0.964908480258,0.219876026671,0.333327248776,0.632707272132
 09/18  22:00:00,1.75189991391,1.36244986207,0.0,0.678504426868,0.0,0.0189448416537,0.0189448416537,0.0189448416537,0.723681361442,0.164906997096,0.273439653687,0.54752706003
 09/18  23:00:00,1.34061552276,1.64503237974,0.0,1.11459658307,0.0,0.0311249043446,0.0311249043446,0.0311249043446,0.50438395406,0.114935177018,0.190980660183,0.475790827151
 09/18  24:00:00,0.915848205333,2.21613561543,0.0,1.84947732497,0.0,0.0516491706939,0.0516491706939,0.0516491706939,0.2558469306,0.0583004516678,0.133100166867,0.393551485504
 09/19  01:00:00,0.750275250795,2.4468362666,0.0,2.15436660989,0.0,0.0601650062347,0.0601650062347,0.0601650062347,0.153508131553,0.0349802832179,0.115864577324,0.362357252466
 09/19  02:00:00,0.680614250651,2.84081528047,0.0,2.56792833815,0.0,0.0717154087405,0.0717154087405,0.0717154087405,0.10233877199,0.0233201806671,0.101683880294,0.358156008959
 09/19  03:00:00,0.67779340967,3.25752058206,0.0,2.97935864915,0.0,0.0832098212526,0.0832098212526,0.0832098212526,0.10233877199,0.0233201806671,0.0924101190091,0.353114516751
 09/19  04:00:00,0.687537305844,3.7594289359,0.0,3.42489992569,0.0,0.0956636653235,0.0956636653235,0.0956636653235,0.10233877199,0.0233201806671,0.103039119246,0.339775568616
 09/19  05:00:00,0.757475686021,4.29216028038,0.0,3.70289217573,0.0,0.103439710604,0.103439710604,0.103439710604,0.109648689538,0.0249859100393,0.116839149346,0.379162226493
 09/19  06:00:00,1.012377142,5.48203798719,0.0,4.41854443092,0.0,0.123439763703,0.123439763703,0.123439763703,0.204677595598,0.0466403674428,0.176134748577,0.438084666677
 09/19  07:00:00,1.36209495423,4.67841416647,0.0,3.48522702419,0.0,0.0973789473734,0.0973789473734,0.0973789473734,0.387425345726,0.0882835559321,0.262609324643,0.465497780559
 09/19  08:00:00,1.21675186714,3.70174189253,0.0,2.54782891847,0.0,0.0711907386032,0.0711907386032,0.0711907386032,0.321636203932,0.0732920190715,0.333681420029,0.393551485504
 09/19  09:00:00,1.00525868302,2.63590756446,0.0,1.5895206519,0.0,0.0444101149395,0.0444101149395,0.0444101149395,0.160818036197,0.0366460095358,0.405040383769,0.334944138584
 09/19  10:00:00,0.965539747927,1.77440090263,0.0,0.849743746339,0.0,0.023740605782,0.023740605782,0.023740605782,0.124268512479,0.028317362675,0.422991796832,0.342821470159
 09/19  11:00:00,1.06357551941,0.816035555562,0.0,0.0,0.0827572502167,0.0223032058054,0.105060456022,0.0223032058054,0.124268512479,0.028317362675,0.439602686989,0.342926501247
 09/19  12:00:00,1.40593482744,0.731096221227,0.0,0.0,0.366381330674,0.0982471250314,0.464628455706,0.0982471250314,0.124268512479,0.028317362675,0.428170705158,0.337149791425
 09/19  13:00:00,1.66315734286,0.682294343509,0.0,0.0,0.589119995771,0.157226325602,0.746346321373,0.157226325602,0.124268512479,0.028317362675,0.392016904173,0.348808242156
 09/19  14:00:00,1.96741509316,0.634134543478,0.0,0.0,0.837930025755,0.222226677288,1.06015670304,0.222226677288,0.124268512479,0.028317362675,0.362823459415,0.368449055551
 09/19  15:00:00,2.22424234074,0.642478292865,0.0,0.0,1.0214438964,0.266857830538,1.28830172693,0.266857830538,0.124268512479,0.028317362675,0.371024621008,0.388930117647
 09/19  16:00:00,2.33250336715,0.708289804439,0.0,0.0,0.994011245295,0.26387274747,1.25788399276,0.26387274747,0.138888322266,0.0316488305822,0.420646057535,0.460036164
 09/19  17:00:00,2.32314201381,0.844964077407,0.0,0.0,0.77038750124,0.207419164301,0.977806665541,0.207419164301,0.204677595598,0.0466403674428,0.511746967733,0.558870417499
 09/19  18:00:00,2.34839243055,0.96820547921,0.0,0.0,0.591688740044,0.160408875858,0.752097615902,0.160408875858,0.380115441082,0.0866178296143,0.469396950471,0.606764593477
 09/19  19:00:00,2.49742335522,0.988828328571,0.0,0.0,0.475868429676,0.129049263536,0.604917693211,0.129049263536,0.694441608831,0.158244091825,0.390119585571,0.626300375784
 09/19  20:00:00,2.77233269115,0.917974773742,0.0,0.0,0.374087109161,0.101451748024,0.475538857186,0.101451748024,1.03800752669,0.23653328985,0.351021268662,0.647831748756
 09/19  21:00:00,2.44603243573,0.829026071262,0.0,0.0,0.213829023986,0.0579843839031,0.271813407889,0.0579843839031,0.964908480258,0.219876026671,0.333327248776,0.632707272132
 09/19  22:00:00,1.73589548433,0.790135431206,0.0,0.105094522983,0.0,0.00294041207946,0.00294041207946,0.00294041207946,0.723681361442,0.164906997096,0.273439653687,0.54752706003
 09/19  23:00:00,1.32856122375,1.21270639699,0.0,0.681587310192,0.0,0.0190706053406,0.0190706053406,0.0190706053406,0.50438395406,0.114935177018,0.190980660183,0.475790827151
 09/19  24:00:00,0.900681405676,1.67090531064,0.0,1.30387909403,0.0,0.0364823710362,0.0364823710362,0.0364823710362,0.2558469306,0.0583004516678,0.133100166867,0.393551485504
 09/20  01:00:00,0.748257837176,2.37080822872,0.0,2.07820848368,0.0,0.058147592616,0.058147592616,0.058147592616,0.153508131553,0.0349802832179,0.115864577324,0.362357252466
 09/20  02:00:00,0.675053927759,2.63727562956,0.0,2.36438354904,0.0,0.066155085849,0.066155085849,0.066155085849,0.10233877199,0.0233201806671,0.101683880294,0.358156008959
 09/20  03:00:00,0.673534469831,3.09993255725,0.0,2.82173899554,0.0,0.0789508814142,0.0789508814142,0.0789508814142,0.10233877199,0.0233201806671,0.0924101190091,0.353114516751
 09/20  04:00:00,0.681585273604,3.54100978784,0.0,3.20632339531,0.0,0.0897116330841,0.0897116330841,0.0897116330841,0.10233877199,0.0233201806671,0.103039119246,0.339775568616
 09/20  05:00:00,0.75551815224,4.21690199368,0.0,3.62691474912,0.0,0.101482176823,0.101482176823,0.101482176823,0.109648689538,0.0249859100393,0.116839149346,0.379162226493
 09/20  06:00:00,1.01445445899,5.55053781135,0.0,4.48556158344,0.0,0.125517080693,0.125517080693,0.125517080693,0.204677595598,0.0466403674428,0.176134748577,0.438084666677
 09/20  07:00:00,1.38569190504,5.51761554373,0.0,4.32256288136,0.0,0.120975898185,0.120975898185,0.120975898185,0.387425345726,0.0882835559321,0.262609324643,0.465497780559
 09/20  08:00:00,1.21601584542,3.67320947891,0.0,2.51751197931,0.0,0.0704547168824,0.0704547168824,0.0704547168824,0.321636203932,0.0732920190715,0.333681420029,0.393551485504
 09/20  09:00:00,0.994220680811,2.2409924855,0.0,1.19274374342,0.0,0.0333721127259,0.0333721127259,0.0333721127259,0.160818036197,0.0366460095358,0.405040383769,0.334944138584
 09/20  10:00:00,0.947678539727,1.13662131889,0.0,0.210165343842,0.0,0.00587939758272,0.00587939758272,0.00587939758272,0.124268512479,0.028317362675,0.422991796832,0.342821470159
 09/20  11:00:00,1.36501428801,0.817780729072,0.0,0.0,0.323306773479,0.0831924511457,0.406499224625,0.0831924511457,0.124268512479,0.028317362675,0.439602686989,0.342926501247
 09/20  12:00:00,1.74780835035,0.732766392907,0.0,0.0,0.643823389467,0.162678589144,0.806501978612,0.162678589144,0.124268512479,0.028317362675,0.428170705158,0.337149791425
 09/20  13:00:00,2.02462205012,0.68400724642,0.0,0.0,0.884239445149,0.223571583487,1.10781102864,0.223571583487,0.124268512479,0.028317362675,0.392016904173,0.348808242156
 09/20  14:00:00,2.36209272364,0.635671350984,0.0,0.0,1.16578497011,0.289049363418,1.45483433352,0.289049363418,0.124268512479,0.028317362675,0.362823459415,0.368449055551
 09/20  15:00:00,2.54685139456,0.64415214574,0.0,0.0,1.28840835654,0.322502424213,1.61091078075,0.322502424213,0.124268512479,0.028317362675,0.371024621008,0.388930117647
 09/20  16:00:00,2.72827954002,0.71012892555,0.0,0.0,1.32252891676,0.331131248873,1.65366016563,0.331131248873,0.138888322266,0.0316488305822,0.420646057535,0.460036164
 09/20  17:00:00,2.8895296957,0.847505886107,0.0,0.0,1.23225755264,0.311936794791,1.54419434743,0.311936794791,0.204677595598,0.0466403674428,0.511746967733,0.558870417499
 09/20  18:00:00,2.85399211579,0.971312107367,0.0,0.0,0.998130512628,0.259566788516,1.25769730114,0.259566788516,0.380115441082,0.0866178296143,0.469396950471,0.606764593477
 09/20  19:00:00,2.83667806297,0.991294924641,0.0,0.0,0.744184195363,0.1999882056,0.944172400963,0.1999882056,0.694441608831,0.158244091825,0.390119585571,0.626300375784
 09/20  20:00:00,3.00824412467,0.919665932364,0.0,0.0,0.559274144665,0.15217614604,0.711450290704,0.15217614604,1.03800752669,0.23653328985,0.351021268662,0.647831748756
 09/20  21:00:00,2.5900742883,0.830576422167,0.0,0.0,0.326936586946,0.0889186735209,0.415855260467,0.0889186735209,0.964908480258,0.219876026671,0.333327248776,0.632707272132
 09/20  22:00:00,1.8652837549,0.686217296834,0.0,0.0,0.104044857227,0.0282838254227,0.132328682649,0.0282838254227,0.723681361442,0.164906997096,0.273439653687,0.54752706003
 09/20  23:00:00,1.31732270395,0.811795684678,0.0,0.279844505902,0.0,0.00783208553771,0.00783208553771,0.00783208553771,0.50438395406,0.114935177018,0.190980660183,0.475790827151
 09/20  24:00:00,0.889828181837,1.28328425201,0.0,0.915776217786,0.0,0.0256291471971,0.0256291471971,0.0256291471971,0.2558469306,0.0583004516678,0.133100166867,0.393551485504
 09/21  01:00:00,0.730091277024,1.72173161315,0.0,1.42870262695,0.0,0.0399810324636,0.0399810324636,0.0399810324636,0.153508131553,0.0349802832179,0.115864577324,0.362357252466
 09/21  02:00:00,0.666956694306,2.34792045964,0.0,2.07474739975,0.0,0.0580578523953,0.0580578523953,0.0580578523953,0.10233877199,0.0233201806671,0.101683880294,0.358156008959
 09/21  03:00:00,0.661510645058,2.67015246513,0.0,2.39170248065,0.0,0.066927056641,0.066927056641,0.066927056641,0.10233877199,0.0233201806671,0.0924101190091,0.353114516751
 09/21  04:00:00,0.671670064637,3.18671406484,0.0,2.85162061472,0.0,0.0797964241168,0.0797964241168,0.0797964241168,0.10233877199,0.0233201806671,0.103039119246,0.339775568616
 09/21  05:00:00,0.737876777322,3.5871711305,0.0,2.99618362456,0.0,0.0838408019053,0.0838408019053,0.0838408019053,0.109648689538,0.0249859100393,0.116839149346,0.379162226493
 09/21  06:00:00,0.974503398295,4.12532517391,0.0,3.05787981519,0.0,0.0855660199999,0.0855660199999,0.0855660199999,0.204677595598,0.0466403674428,0.176134748577,0.438084666677
 09/21  07:00:00,1.34433449077,4.04332888487,0.0,2.84536466015,0.0,0.0796184839097,0.0796184839097,0.0796184839097,0.387425345726,0.0882835559321,0.262609324643,0.465497780559
 09/21  08:00:00,1.19455499881,2.90937885742,0.0,1.75102336483,0.0,0.0489938702707,0.0489938702707,0.0489938702707,0.321636203932,0.0732920190715,0.333681420029,0.393551485504
 09/21  09:00:00,0.972238395568,1.45773788218,0.0,0.407137928436,0.0,0.0113898274822,0.0113898274822,0.0113898274822,0.160818036197,0.0366460095358,0.405040383769,0.334944138584
 09/21  10:00:00,1.15216211719,0.928539002122,0.0,0.0,0.167065739242,0.0432972357997,0.210362975041,0.0432972357997,0.124268512479,0.028317362675,0.422991796832,0.342821470159
 09/21  11:00:00,1.56762489448,0.819513510768,0.0,0.0,0.485515585489,0.123594245606,0.609109831095,0.123594245606,0.124268512479,0.028317362675,0.439602686989,0.342926501247
 09/21  12:00:00,2.03691249343,0.734414546411,0.0,0.0,0.878283411807,0.217322709885,1.09560612169,0.217322709885,0.124268512479,0.028317362675,0.428170705158,0.337149791425
 09/21  13:00:00,2.36917104521,0.685753342081,0.0,0.0,1.16681618852,0.285543835212,1.45236002373,0.285543835212,0.124268512479,0.028317362675,0.392016904173,0.348808242156
 09/21  14:00:00,2.69216561534,0.63747643294,0.0,0.0,1.43718308923,0.347724135996,1.78490722522,0.347724135996,0.124268512479,0.028317362675,0.362823459415,0.368449055551
 09/21  15:00:00,2.99473329935,0.645849268833,0.0,0.0,1.6608403672,0.397952318342,2.05879268554,0.397952318342,0.124268512479,0.028317362675,0.371024621008,0.388930117647
 09/21  16:00:00,3.20879842863,0.711978314301,0.0,0.0,1.72156924881,0.412609805433,2.13417905424,0.412609805433,0.138888322266,0.0316488305822,0.420646057535,0.460036164
 09/21  17:00:00,3.42112625327,0.849689918696,0.0,0.0,1.67115494376,0.404635961243,2.075790905,0.404635961243,0.204677595598,0.0466403674428,0.511746967733,0.558870417499
 09/21  18:00:00,3.27655485563,0.973784204898,0.0,0.0,1.34118384949,0.3390761915,1.68026004099,0.3390761915,0.380115441082,0.0866178296143,0.469396950471,0.606764593477
 09/21  19:00:00,3.22152674533,0.993963006189,0.0,0.0,1.05304837819,0.27597270513,1.32902108332,0.27597270513,0.694441608831,0.158244091825,0.390119585571,0.626300375784
 09/21  20:00:00,3.35141722258,0.92193117028,0.0,0.0,0.832942406362,0.221680982252,1.05462338861,0.221680982252,1.03800752669,0.23653328985,0.351021268662,0.647831748756
 09/21  21:00:00,2.90145429367,0.832456111696,0.0,0.0,0.571967637707,0.155267628129,0.727235265836,0.155267628129,0.964908480258,0.219876026671,0.333327248776,0.632707272132
 09/21  22:00:00,2.14433851727,0.687725532834,0.0,0.0,0.323599874423,0.0877835705889,0.411383445011,0.0877835705889,0.723681361442,0.164906997096,0.273439653687,0.54752706003
 09/21  23:00:00,1.45124294715,0.533043016761,0.0,0.0,0.111520465954,0.0302318627868,0.14175232874,0.0302318627868,0.50438395406,0.114935177018,0.190980660183,0.475790827151
 09/21  24:00:00,0.877558205368,0.845735297957,0.0,0.477599529604,0.0,0.0133591707283,0.0133591707283,0.0133591707283,0.2558469306,0.0583004516678,0.133100166867,0.393551485504
 09/22  01:00:00,0.714999493184,1.1832913122,0.0,0.889835483987,0.0,0.0248892486234,0.0248892486234,0.0248892486234,0.153508131553,0.0349802832179,0.115864577324,0.362357252466
 09/22  02:00:00,0.649535686013,1.72650555069,0.0,1.45290373755,0.0,0.0406368441028,0.0406368441028,0.0406368441028,0.10233877199,0.0233201806671,0.101683880294,0.358156008959
 09/22  03:00:00,0.644452023969,2.06188809499,0.0,1.7829929304,0.0,0.0498684355516,0.0498684355516,0.0498684355516,0.10233877199,0.0233201806671,0.0924101190091,0.353114516751
 09/22  04:00:00,0.651874921844,2.48098995555,0.0,2.14530367468,0.0,0.0600012813232,0.0600012813232,0.0600012813232,0.10233877199,0.0233201806671,0.103039119246,0.339775568616
 09/22  05:00:00,0.718304946333,2.89010964405,0.0,2.29790967785,0.0,0.0642689709163,0.0642689709163,0.0642689709163,0.109648689538,0.0249859100393,0.116839149346,0.379162226493
 09/22  06:00:00,0.973440334086,4.09087687931,0.0,3.02138062392,0.0,0.0845029557917,0.0845029557917,0.0845029557917,0.204677595598,0.0466403674428,0.176134748577,0.438084666677
 09/22  07:00:00,1.34808907984,4.18093799091,0.0,2.98076903999,0.0,0.0833730729803,0.0833730729803,0.0833730729803,0.387425345726,0.0882835559321,0.262609324643,0.465497780559
 09/22  08:00:00,1.19733001466,3.0112641571,0.0,1.85083233005,0.0,0.0517688861253,0.0517688861253,0.0517688861253,0.321636203932,0.0732920190715,0.333681420029,0.393551485504
 09/22  09:00:00,0.991575311061,2.15094879962,0.0,1.09872344819,0.0,0.0307267429759,0.0307267429759,0.0307267429759,0.160818036197,0.0366460095358,0.405040383769,0.334944138584
 09/22  10:00:00,0.949701731082,1.21239967413,0.0,0.282621963814,0.0,0.00790258893728,0.00790258893728,0.00790258893728,0.124268512479,0.028317362675,0.422991796832,0.342821470159
 09/22  11:00:00,1.27778243848,0.820504070526,0.0,0.0,0.254035501863,0.0652318732234,0.319267375087,0.0652318732234,0.124268512479,0.028317362675,0.439602686989,0.342926501247
 09/22  12:00:00,1.61039948814,0.734999493304,0.0,0.0,0.533447232405,0.135645883999,0.669093116405,0.135645883999,0.124268512479,0.028317362675,0.428170705158,0.337149791425
 09/22  13:00:00,1.95001653336,0.685987701354,0.0,0.0,0.823663263033,0.209542248848,1.03320551188,0.209542248848,0.124268512479,0.028317362675,0.392016904173,0.348808242156
 09/22  14:00:00,2.25091972534,0.637555571695,0.0,0.0,1.07519661205,0.268464723177,1.34366133522,0.268464723177,0.124268512479,0.028317362675,0.362823459415,0.368449055551
 09/22  15:00:00,2.34076134896,0.645709246864,0.0,0.0,1.12407434463,0.28074639052,1.40482073515,0.28074639052,0.124268512479,0.028317362675,0.371024621008,0.388930117647
 09/22  16:00:00,2.41878937418,0.71175931402,0.0,0.0,1.07550630574,0.26866369405,1.34416999979,0.26866369405,0.138888322266,0.0316488305822,0.420646057535,0.460036164
 09/22  17:00:00,2.62335360929,0.849629392873,0.0,0.0,1.02032898991,0.257689271107,1.27801826102,0.257689271107,0.204677595598,0.0466403674428,0.511746967733,0.558870417499
 09/22  18:00:00,2.60345726964,0.973742380951,0.0,0.0,0.798135857861,0.20902659714,1.007162455,0.20902659714,0.380115441082,0.0866178296143,0.469396950471,0.606764593477
 09/22  19:00:00,2.60918101729,0.994159773804,0.0,0.0,0.564368713099,0.152306642184,0.716675355283,0.152306642184,0.694441608831,0.158244091825,0.390119585571,0.626300375784
 09/22  20:00:00,2.79174830003,0.922396425008,0.0,0.0,0.389180514328,0.105773951736,0.494954466063,0.105773951736,1.03800752669,0.23653328985,0.351021268662,0.647831748756
 09/22  21:00:00,2.4486660598,0.833056573908,0.0,0.0,0.215776378969,0.0586706529909,0.27444703196,0.0586706529909,0.964908480258,0.219876026671,0.333327248776,0.632707272132
 09/22  22:00:00,1.79153220874,0.688224192107,0.0,0.0,0.0460543189493,0.0125228175353,0.0585771364846,0.0125228175353,0.723681361442,0.164906997096,0.273439653687,0.54752706003
 09/22  23:00:00,1.32413160773,1.05633475678,0.0,0.523101345196,0.0,0.0146409893154,0.0146409893154,0.0146409893154,0.50438395406,0.114935177018,0.190980660183,0.475790827151
 09/22  24:00:00,0.885408322759,1.12593997156,0.0,0.757773550713,0.0,0.0212092881197,0.0212092881197,0.0212092881197,0.2558469306,0.0583004516678,0.133100166867,0.393551485504
 09/23  01:00:00,0.731495330374,1.6150130499,0.0,1.31417389269,0.0,0.0367802244151,0.0367802244151,0.0367802244151,0.153508131553,0.0349802832179,0.120469438723,0.362357252466
 09/23  02:00:00,0.656609656791,1.87503135416,0.0,1.59595277592,0.0,0.0446643700604,0.0446643700604,0.0446643700604,0.10233877199,0.0233201806671,0.104730325114,0.358156008959
 09/23  03:00:00,0.652669305157,2.30347652616,0.0,2.0186672542,0.0,0.0564927452167,0.0564927452167,0.0564927452167,0.10233877199,0.0233201806671,0.0940030905319,0.353114516751
 09/23  04:00:00,0.65728898673,2.5739682178,0.0,2.22615010772,0.0,0.0622989980143,0.0622989980143,0.0622989980143,0.10233877199,0.0233201806671,0.106155467442,0.339775568616
 09/23  05:00:00,0.724751263063,2.98355302966,0.0,2.35609655781,0.0,0.0659358129796,0.0659358129796,0.0659358129796,0.109648689538,0.0249859100393,0.121618624013,0.379162226493
 09/23  06:00:00,0.968539689136,3.55209025987,0.0,2.40150952422,0.0,0.0672058799881,0.0672058799881,0.0672058799881,0.204677595598,0.0466403674428,0.188531179431,0.438084666677
 09/23  07:00:00,1.37126671694,4.22388523646,0.0,2.92529921773,0.0,0.0818624546539,0.0818624546539,0.0818624546539,0.387425345726,0.0882835559321,0.28729758007,0.465497780559
 09/23  08:00:00,1.24493192538,3.46097062104,0.0,2.19863846623,0.0,0.061527279356,0.061527279356,0.061527279356,0.321636203932,0.0732920190715,0.371524937518,0.393551485504
 09/23  09:00:00,1.08456650296,3.68900919707,0.0,2.54377184178,0.0,0.0711817002587,0.0711817002587,0.0711817002587,0.160818036197,0.0366460095358,0.457576618389,0.334944138584
 09/23  10:00:00,1.07089184165,3.49969954924,0.0,2.4906700514,0.0,0.0696904322535,0.0696904322535,0.0696904322535,0.124268512479,0.028317362675,0.482394064084,0.342821470159
 09/23  11:00:00,1.07551934693,2.8788928517,0.0,1.99321202327,0.0,0.0557673976626,0.0557673976626,0.0557673976626,0.124268512479,0.028317362675,0.500839572871,0.342926501247
 09/23  12:00:00,1.03746735084,2.2346302688,0.0,1.44356689926,0.0,0.0403820555327,0.0403820555327,0.0403820555327,0.124268512479,0.028317362675,0.48394962873,0.337149791425
 09/23  13:00:00,1.00276794686,1.98900825608,0.0,1.255032204,0.0,0.0351042209515,0.0351042209515,0.0351042209515,0.124268512479,0.028317362675,0.442869608595,0.348808242156
 09/23  14:00:00,0.975628675041,1.49288018827,0.0,0.812516024769,0.0,0.0227237842075,0.0227237842075,0.0227237842075,0.124268512479,0.028317362675,0.408469960129,0.368449055551
 09/23  15:00:00,0.997620244034,1.34791700749,0.0,0.659541394521,0.0,0.0184441620395,0.0184441620395,0.0184441620395,0.124268512479,0.028317362675,0.414260089194,0.388930117647
 09/23  16:00:00,1.13232140208,1.32962672474,0.0,0.564943478119,0.0,0.0157977887219,0.0157977887219,0.0157977887219,0.138888322266,0.0316488305822,0.462550296506,0.460036164
 09/23  17:00:00,1.41169684171,1.81233524466,0.0,0.898280209713,0.0,0.0251175750011,0.0251175750011,0.0251175750011,0.204677595598,0.0466403674428,0.552990886172,0.558870417499
 09/23  18:00:00,1.6483827581,1.48997072694,0.0,0.431297494292,0.0,0.0120592421387,0.0120592421387,0.0120592421387,0.380115441082,0.0866178296143,0.509425651789,0.606764593477
 09/23  19:00:00,1.94579471656,1.56706336325,0.0,0.477033445816,0.0,0.0133368414644,0.0133368414644,0.0133368414644,0.694441608831,0.158244091825,0.430071798651,0.626300375784
 09/23  20:00:00,2.35091650513,1.49555409507,0.0,0.48136603581,0.0,0.0134580725941,0.0134580725941,0.0134580725941,1.03800752669,0.23653328985,0.391685867232,0.647831748756
 09/23  21:00:00,2.23377399501,1.5542824164,0.0,0.644275381658,0.0,0.0180136335985,0.0180136335985,0.0180136335985,0.964908480258,0.219876026671,0.374868582349,0.632707272132
 09/23  22:00:00,1.79090629282,1.64084448001,0.0,0.892077530585,0.0,0.0249424734155,0.0249424734155,0.0249424734155,0.723681361442,0.164906997096,0.306448400837,0.54752706003
 09/23  23:00:00,1.35883932048,1.68793040072,0.0,1.11682367316,0.0,0.0312247158914,0.0312247158914,0.0312247158914,0.50438395406,0.114935177018,0.209104646358,0.475790827151
 09/23  24:00:00,0.912452081711,1.8341201088,0.0,1.45166926243,0.0,0.0405837501761,0.0405837501761,0.0405837501761,0.2558469306,0.0583004516678,0.140769463762,0.393551485504
 09/24  01:00:00,0.740215128335,1.92877054149,0.0,1.62769960893,0.0,0.0455000223762,0.0455000223762,0.0455000223762,0.153508131553,0.0349802832179,0.120469438723,0.362357252466
 09/24  02:00:00,0.661063780699,2.03670216533,0.0,1.75733752484,0.0,0.0491184939685,0.0491184939685,0.0491184939685,0.10233877199,0.0233201806671,0.104730325114,0.358156008959
 09/24  03:00:00,0.647798016616,2.13236895635,0.0,1.84708997804,0.0,0.0516214566755,0.0516214566755,0.0516214566755,0.10233877199,0.0233201806671,0.0940030905319,0.353114516751
 09/24  04:00:00,0.648423137467,2.26077933632,0.0,1.91221196072,0.0,0.0534331487509,0.0534331487509,0.0534331487509,0.10233877199,0.0233201806671,0.106155467442,0.339775568616
 09/24  05:00:00,0.711103441385,2.50044262942,0.0,1.8715327817,0.0,0.0522879913015,0.0522879913015,0.0522879913015,0.109648689538,0.0249859100393,0.121618624013,0.379162226493
 09/24  06:00:00,0.949986272491,2.89497292927,0.0,1.74166189573,0.0,0.0486524633425,0.0486524633425,0.0486524633425,0.204677595598,0.0466403674428,0.188531179431,0.438084666677
 09/24  07:00:00,1.3517415956,3.53362765702,0.0,2.23185849726,0.0,0.0623373333173,0.0623373333173,0.0623373333173,0.387425345726,0.0882835559321,0.28729758007,0.465497780559
 09/24  08:00:00,1.23014757819,2.93903315695,0.0,1.67371226613,0.0,0.046742932162,0.046742932162,0.046742932162,0.321636203932,0.0732920190715,0.371524937518,0.393551485504
 09/24  09:00:00,1.05826200285,2.75530694521,0.0,1.60710827872,0.0,0.0448772001416,0.0448772001416,0.0448772001416,0.160818036197,0.0366460095358,0.457576618389,0.334944138584
 09/24  10:00:00,1.03402810556,2.18765602108,0.0,1.17576776789,0.0,0.0328266961649,0.0328266961649,0.0328266961649,0.124268512479,0.028317362675,0.482394064084,0.342821470159
 09/24  11:00:00,1.02795983671,1.18259017445,0.0,0.294032997148,0.0,0.00820788743955,0.00820788743955,0.00820788743955,0.124268512479,0.028317362675,0.500839572871,0.342926501247
 09/24  12:00:00,1.10853990183,0.793687400313,0.0,0.0,0.0882279787218,0.0232266277958,0.111454606518,0.0232266277958,0.124268512479,0.028317362675,0.48394962873,0.337149791425
 09/24  13:00:00,1.07753736632,0.736257017044,0.0,0.0,0.0867415466709,0.0231320937476,0.109873640419,0.0231320937476,0.124268512479,0.028317362675,0.442869608595,0.348808242156
 09/24  14:00:00,1.12364778252,0.68229668481,0.0,0.0,0.134795393027,0.0359474986559,0.170742891683,0.0359474986559,0.124268512479,0.028317362675,0.408469960129,0.368449055551
 09/24  15:00:00,1.17874291233,0.690265854964,0.0,0.0,0.157556411054,0.0420104192845,0.199566830339,0.0420104192845,0.124268512479,0.028317362675,0.414260089194,0.388930117647
 09/24  16:00:00,1.30935229541,0.766656751536,0.0,0.0,0.152052289675,0.0407763923814,0.192828682057,0.0407763923814,0.138888322266,0.0316488305822,0.462550296506,0.460036164
 09/24  17:00:00,1.45560910663,0.916287247488,0.0,0.0,0.0544344906694,0.0145953492526,0.069029839922,0.0145953492526,0.204677595598,0.0466403674428,0.552990886172,0.558870417499
 09/24  18:00:00,1.78743698439,1.06118991764,0.0,0.0,0.119169147155,0.0319443212747,0.151113468429,0.0319443212747,0.380115441082,0.0866178296143,0.509425651789,0.606764593477
 09/24  19:00:00,2.01979837993,1.09249883351,0.0,0.0,0.0688801725239,0.0184603323166,0.0873405048405,0.0184603323166,0.694441608831,0.158244091825,0.430071798651,0.626300375784
 09/24  20:00:00,2.42072390968,1.01636874398,0.0,0.0,0.0656684031942,0.0175970739528,0.083265477147,0.0175970739528,1.03800752669,0.23653328985,0.391685867232,0.647831748756
 09/24  21:00:00,2.23186786348,0.911924892265,0.0,0.0,0.0127039988126,0.00340350325911,0.0161075020717,0.00340350325911,0.964908480258,0.219876026671,0.374868582349,0.632707272132
 09/24  22:00:00,1.77194233209,0.964522707145,0.0,0.214213028522,0.0,0.00597851268331,0.00597851268331,0.00597851268331,0.723681361442,0.164906997096,0.306448400837,0.54752706003
 09/24  23:00:00,1.34555008958,1.21490828876,0.0,0.642632439087,0.0,0.0179354849902,0.0179354849902,0.0179354849902,0.50438395406,0.114935177018,0.209104646358,0.475790827151
 09/24  24:00:00,0.906224542086,1.61409822105,0.0,1.23104804734,0.0,0.0343562105518,0.0343562105518,0.0343562105518,0.2558469306,0.0583004516678,0.140769463762,0.393551485504
 09/25  01:00:00,0.737682058989,1.9987286522,0.0,1.70472695624,0.0,0.0475718144292,0.0475718144292,0.0475718144292,0.153508131553,0.0349802832179,0.115864577324,0.362357252466
 09/25  02:00:00,0.666352821425,2.33305531215,0.0,2.05900873724,0.0,0.0574539795147,0.0574539795147,0.0574539795147,0.10233877199,0.0233201806671,0.101683880294,0.358156008959
 09/25  03:00:00,0.658738985379,2.57871813422,0.0,2.29929049426,0.0,0.0641553969617,0.0641553969617,0.0641553969617,0.10233877199,0.0233201806671,0.0924101190091,0.353114516751
 09/25  04:00:00,0.66284485297,2.88030023691,0.0,2.54361992093,0.0,0.0709712124495,0.0709712124495,0.0709712124495,0.10233877199,0.0233201806671,0.103039119246,0.339775568616
 09/25  05:00:00,0.731332210921,3.3652863417,0.0,2.77033573025,0.0,0.0772962355037,0.0772962355037,0.0772962355037,0.109648689538,0.0249859100393,0.116839149346,0.379162226493
 09/25  06:00:00,0.963517577462,3.74878680069,0.0,2.67299291413,0.0,0.0745801991667,0.0745801991667,0.0745801991667,0.204677595598,0.0466403674428,0.176134748577,0.438084666677
 09/25  07:00:00,1.35695071841,4.51346579122,0.0,3.30573810495,0.0,0.0922347115539,0.0922347115539,0.0922347115539,0.387425345726,0.0882835559321,0.262609324643,0.465497780559
 09/25  08:00:00,1.20601597101,3.33418230752,0.0,2.16674020514,0.0,0.060454842472,0.060454842472,0.060454842472,0.321636203932,0.0732920190715,0.333681420029,0.393551485504
 09/25  09:00:00,0.982551721958,1.8367671948,0.0,0.777994219915,0.0,0.0217031538728,0.0217031538728,0.0217031538728,0.160818036197,0.0366460095358,0.405040383769,0.334944138584
 09/25  10:00:00,1.07465377027,0.935625528633,0.0,0.0,0.105735878136,0.0271187499939,0.13285462813,0.0271187499939,0.124268512479,0.028317362675,0.422991796832,0.342821470159
 09/25  11:00:00,1.45708277974,0.825437184171,0.0,0.0,0.398844658317,0.0997230580288,0.498567716346,0.0997230580288,0.124268512479,0.028317362675,0.439602686989,0.342926501247
 09/25  12:00:00,1.65587353124,0.739043730331,0.0,0.0,0.572804379851,0.141762779656,0.714567159507,0.141762779656,0.124268512479,0.028317362675,0.428170705158,0.337149791425
 09/25  13:00:00,2.06685994887,0.689601661179,0.0,0.0,0.923488748529,0.22656017886,1.15004892739,0.22656017886,0.124268512479,0.028317362675,0.392016904173,0.348808242156
 09/25  14:00:00,2.04582578725,0.640156042766,0.0,0.0,0.914252791165,0.224314605967,1.13856739713,0.224314605967,0.124268512479,0.028317362675,0.362823459415,0.368449055551
 09/25  15:00:00,2.0680785022,0.648351982184,0.0,0.0,0.907481536401,0.22465635199,1.13213788839,0.22465635199,0.124268512479,0.028317362675,0.371024621008,0.388930117647
 09/25  16:00:00,2.29184453521,0.714876465395,0.0,0.0,0.975655813775,0.241569347057,1.21722516083,0.241569347057,0.138888322266,0.0316488305822,0.420646057535,0.460036164
 09/25  17:00:00,2.59684675753,0.853877023419,0.0,0.0,1.00108797991,0.250423429355,1.25151140926,0.250423429355,0.204677595598,0.0466403674428,0.511746967733,0.558870417499
 09/25  18:00:00,2.7494154767,0.979285438108,0.0,0.0,0.919113617358,0.234007044696,1.15312066205,0.234007044696,0.380115441082,0.0866178296143,0.469396950471,0.606764593477
 09/25  19:00:00,2.83731891366,0.999921318597,0.0,0.0,0.749542772839,0.195270478812,0.944813251651,0.195270478812,0.694441608831,0.158244091825,0.390119585571,0.626300375784
 09/25  20:00:00,3.10912201235,0.927845542948,0.0,0.0,0.64342773427,0.168900444118,0.812328178387,0.168900444118,1.03800752669,0.23653328985,0.351021268662,0.647831748756
 09/25  21:00:00,2.88619282908,0.838258116314,0.0,0.0,0.564845148173,0.147128653074,0.711973801247,0.147128653074,0.964908480258,0.219876026671,0.333327248776,0.632707272132
 09/25  22:00:00,2.27098975612,0.69240084536,0.0,0.0,0.426857610211,0.111177073653,0.538034683865,0.111177073653,0.723681361442,0.164906997096,0.273439653687,0.54752706003
 09/25  23:00:00,1.30949061841,0.53605291755,0.0,0.0,0.0,0.0,0.0,0.0,0.50438395406,0.114935177018,0.190980660183,0.475790827151
 09/25  24:00:00,0.869518596496,0.560575848178,0.0,0.190751577984,0.0,0.00531956185617,0.00531956185617,0.00531956185617,0.2558469306,0.0583004516678,0.133100166867,0.393551485504
 09/26  01:00:00,0.706697396262,0.889369254051,0.0,0.594811450008,0.0,0.0165871517022,0.0165871517022,0.0165871517022,0.153508131553,0.0349802832179,0.115864577324,0.362357252466
 09/26  02:00:00,0.632460416453,1.11954551582,0.0,0.844947718495,0.0,0.0235615745431,0.0235615745431,0.0235615745431,0.10233877199,0.0233201806671,0.101683880294,0.358156008959
 09/26  03:00:00,0.624963357313,1.36958456281,0.0,1.08953101033,0.0,0.0303797688959,0.0303797688959,0.0303797688959,0.10233877199,0.0233201806671,0.0924101190091,0.353114516751
 09/26  04:00:00,0.628063901998,1.63544644539,0.0,1.29798559298,0.0,0.0361902614777,0.0361902614777,0.0361902614777,0.10233877199,0.0233201806671,0.103039119246,0.339775568616
 09/26  05:00:00,0.692666487569,1.98199701772,0.0,1.38556565612,0.0,0.0386305121516,0.0386305121516,0.0386305121516,0.109648689538,0.0249859100393,0.116839149346,0.379162226493
 09/26  06:00:00,0.943472712489,3.03447206648,0.0,1.95611882087,0.0,0.0545353341939,0.0545353341939,0.0545353341939,0.204677595598,0.0466403674428,0.176134748577,0.438084666677
 09/26  07:00:00,1.31958018608,3.1782307999,0.0,1.96785468023,0.0,0.0548641792183,0.0548641792183,0.0548641792183,0.387425345726,0.0882835559321,0.262609324643,0.465497780559
 09/26  08:00:00,1.18713212446,2.66098642612,0.0,1.49099679234,0.0,0.041570995928,0.041570995928,0.041570995928,0.321636203932,0.0732920190715,0.333681420029,0.393551485504
 09/26  09:00:00,1.00184538387,2.5310135947,0.0,1.47054725913,0.0,0.0409968157808,0.0409968157808,0.0409968157808,0.160818036197,0.0366460095358,0.405040383769,0.334944138584
 09/26  10:00:00,0.983675029193,2.43876223095,0.0,1.5022678657,0.0,0.041875887048,0.041875887048,0.041875887048,0.124268512479,0.028317362675,0.422991796832,0.342821470159
 09/26  11:00:00,0.975140963018,1.42255279359,0.0,0.596530741094,0.0,0.0166258996284,0.0166258996284,0.0166258996284,0.124268512479,0.028317362675,0.439602686989,0.342926501247
 09/26  12:00:00,0.944722594906,0.862066029973,0.0,0.122588551802,0.0,0.00341622316885,0.00341622316885,0.00341622316885,0.124268512479,0.028317362675,0.428170705158,0.337149791425
 09/26  13:00:00,1.2121835287,0.689748277011,0.0,0.0,0.235167114125,0.060205393092,0.295372507217,0.060205393092,0.124268512479,0.028317362675,0.392016904173,0.348808242156
 09/26  14:00:00,1.36486025397,0.640368377506,0.0,0.0,0.363184216868,0.0944176469813,0.45760186385,0.0944176469813,0.124268512479,0.028317362675,0.362823459415,0.368449055551
 09/26  15:00:00,1.45416720586,0.648557099303,0.0,0.0,0.411868209417,0.106358382631,0.518226592048,0.106358382631,0.124268512479,0.028317362675,0.371024621008,0.388930117647
 09/26  16:00:00,1.79007264846,0.71527095545,0.0,0.0,0.568616398777,0.146836875301,0.715453274078,0.146836875301,0.138888322266,0.0316488305822,0.420646057535,0.460036164
 09/26  17:00:00,1.98723321636,0.854494785647,0.0,0.0,0.50863791757,0.133259950517,0.641897868087,0.133259950517,0.204677595598,0.0466403674428,0.511746967733,0.558870417499
 09/26  18:00:00,2.16626799126,0.980155628745,0.0,0.0,0.449910869283,0.120062307331,0.569973176615,0.120062307331,0.380115441082,0.0866178296143,0.469396950471,0.606764593477
 09/26  19:00:00,2.31521175018,1.00101459822,0.0,0.0,0.333666092568,0.0890399955984,0.422706088166,0.0890399955984,0.694441608831,0.158244091825,0.390119585571,0.626300375784
 09/26  20:00:00,2.60057181507,0.928854279956,0.0,0.0,0.239792554406,0.0639854267008,0.303777981106,0.0639854267008,1.03800752669,0.23653328985,0.351021268662,0.647831748756
 09/26  21:00:00,2.3981469879,0.839113116635,0.0,0.0,0.176763292606,0.0471646674555,0.223927960062,0.0471646674555,0.964908480258,0.219876026671,0.333327248776,0.632707272132
 09/26  22:00:00,1.78001737789,0.692868737861,0.0,0.0,0.0371505455951,0.00991176004456,0.0470623056397,0.00991176004456,0.723681361442,0.164906997096,0.273439653687,0.54752706003
 09/26  23:00:00,1.31614479698,0.775223058774,0.0,0.238702685202,0.0,0.0066541785717,0.0066541785717,0.0066541785717,0.50438395406,0.114935177018,0.190980660183,0.475790827151
 09/26  24:00:00,0.882998101786,1.04447440876,0.0,0.674400036992,0.0,0.0187990671461,0.0187990671461,0.0187990671461,0.2558469306,0.0583004516678,0.133100166867,0.393551485504
 09/27  01:00:00,0.721431372332,1.41842671403,0.0,1.12376241865,0.0,0.0313211277715,0.0313211277715,0.0313211277715,0.153508131553,0.0349802832179,0.115864577324,0.362357252466
 09/27  02:00:00,0.643161796474,1.50412150872,0.0,1.22947349634,0.0,0.0342629545636,0.0342629545636,0.0342629545636,0.10233877199,0.0233201806671,0.101683880294,0.358156008959
 09/27  03:00:00,0.633720550545,1.68468265567,0.0,1.40450802698,0.0,0.0391369621278,0.0391369621278,0.0391369621278,0.10233877199,0.0233201806671,0.0924101190091,0.353114516751
 09/27  04:00:00,0.635001488498,1.88557973528,0.0,1.54784850111,0.0,0.043127847978,0.043127847978,0.043127847978,0.10233877199,0.0233201806671,0.103039119246,0.339775568616
 09/27  05:00:00,0.702763388039,2.34627717195,0.0,1.74893528741,0.0,0.0487274126215,0.0487274126215,0.0487274126215,0.109648689538,0.0249859100393,0.116839149346,0.379162226493
 09/27  06:00:00,0.951601035298,3.32953681163,0.0,2.24918278729,0.0,0.0626636570036,0.0626636570036,0.0626636570036,0.204677595598,0.0466403674428,0.176134748577,0.438084666677
 09/27  07:00:00,1.32370063387,3.32981729974,0.0,2.11701251926,0.0,0.0589846270062,0.0589846270062,0.0589846270062,0.387425345726,0.0882835559321,0.262609324643,0.465497780559
 09/27  08:00:00,1.19559176233,2.96797592492,0.0,1.79558644406,0.0,0.0500306337954,0.0500306337954,0.0500306337954,0.321636203932,0.0732920190715,0.333681420029,0.393551485504
 09/27  09:00:00,0.998461138668,2.41283064908,0.0,1.35005780085,0.0,0.0376125705829,0.0376125705829,0.0376125705829,0.160818036197,0.0366460095358,0.405040383769,0.334944138584
 09/27  10:00:00,0.961550060709,1.64785079335,0.0,0.70902862592,0.0,0.0197509185643,0.0197509185643,0.0197509185643,0.124268512479,0.028317362675,0.422991796832,0.342821470159
 09/27  11:00:00,0.961796948767,0.945690080394,0.0,0.117823952269,0.0,0.0032818853777,0.0032818853777,0.0032818853777,0.124268512479,0.028317362675,0.439602686989,0.342926501247
 09/27  12:00:00,1.15804347536,0.741072867873,0.0,0.0,0.17204994459,0.0446871590313,0.216737103621,0.0446871590313,0.124268512479,0.028317362675,0.428170705158,0.337149791425
 09/27  13:00:00,1.39311916782,0.691010901227,0.0,0.0,0.3786181488,0.0976899975391,0.476308146339,0.0976899975391,0.124268512479,0.028317362675,0.392016904173,0.348808242156
 09/27  14:00:00,1.54201405075,0.641450623863,0.0,0.0,0.503856935059,0.130898725566,0.634755660626,0.130898725566,0.124268512479,0.028317362675,0.362823459415,0.368449055551
 09/27  15:00:00,1.70299426824,0.649750160995,0.0,0.0,0.607899690828,0.1591539636,0.767053654429,0.1591539636,0.124268512479,0.028317362675,0.371024621008,0.388930117647
 09/27  16:00:00,1.66078562155,0.716372369934,0.0,0.0,0.46330389756,0.12286234961,0.58616624717,0.12286234961,0.138888322266,0.0316488305822,0.420646057535,0.460036164
 09/27  17:00:00,1.35097807635,1.05762806032,0.0,0.2025962275,0.0,0.00564272807917,0.00564272807917,0.00564272807917,0.204677595598,0.0466403674428,0.511746967733,0.558870417499
 09/27  18:00:00,1.5982761841,1.05188554633,0.0,0.0711289990463,0.0,0.00198136945781,0.00198136945781,0.00198136945781,0.380115441082,0.0866178296143,0.469396950471,0.606764593477
 09/27  19:00:00,1.90614490446,1.4913765574,0.0,0.489502247525,0.0,0.0136392424463,0.0136392424463,0.0136392424463,0.694441608831,0.158244091825,0.390119585571,0.626300375784
 09/27  20:00:00,2.31813998379,1.69562719169,0.0,0.76584589075,0.0,0.0213461498235,0.0213461498235,0.0213461498235,1.03800752669,0.23653328985,0.351021268662,0.647831748756
 09/27  21:00:00,2.20226608768,1.84578647389,0.0,1.00606116613,0.0,0.0280470598475,0.0280470598475,0.0280470598475,0.964908480258,0.219876026671,0.333327248776,0.632707272132
 09/27  22:00:00,1.77910436067,2.34797442607,0.0,1.65497641962,0.0,0.0461492884185,0.0461492884185,0.0461492884185,0.723681361442,0.164906997096,0.273439653687,0.54752706003
 09/27  23:00:00,1.37301497989,2.81399671066,0.0,2.27781962301,0.0,0.0635243614812,0.0635243614812,0.0635243614812,0.50438395406,0.114935177018,0.190980660183,0.475790827151
 09/27  24:00:00,0.934725663147,2.89774711758,0.0,2.5287412102,0.0,0.0705266285075,0.0705266285075,0.0705266285075,0.2558469306,0.0583004516678,0.133100166867,0.393551485504
 09/28  01:00:00,0.76816984382,3.09227750261,0.0,2.79870578756,0.0,0.0780595992596,0.0780595992596,0.0780595992596,0.153508131553,0.0349802832179,0.115864577324,0.362357252466
 09/28  02:00:00,0.69673965344,3.4231413745,0.0,3.14948258614,0.0,0.0878408115293,0.0878408115293,0.0878408115293,0.10233877199,0.0233201806671,0.101683880294,0.358156008959
 09/28  03:00:00,0.689574182866,3.68467918974,0.0,3.40555743535,0.0,0.094990594449,0.094990594449,0.094990594449,0.10233877199,0.0233201806671,0.0924101190091,0.353114516751
 09/28  04:00:00,0.694286419035,4.00813716295,0.0,3.67130417972,0.0,0.102412778515,0.102412778515,0.102412778515,0.10233877199,0.0233201806671,0.103039119246,0.339775568616
 09/28  05:00:00,0.757430089484,4.30305359083,0.0,3.70601364234,0.0,0.103394114067,0.103394114067,0.103394114067,0.109648689538,0.0249859100393,0.116839149346,0.379162226493
 09/28  06:00:00,0.985981345164,4.55962806105,0.0,3.4781184132,0.0,0.0970439668692,0.0970439668692,0.0970439668692,0.204677595598,0.0466403674428,0.176134748577,0.438084666677
 09/28  07:00:00,1.37103616619,5.0247156502,0.0,3.81015260516,0.0,0.106320159326,0.106320159326,0.106320159326,0.387425345726,0.0882835559321,0.262609324643,0.465497780559
 09/28  08:00:00,1.24829317927,4.85488984057,0.0,3.68114127633,0.0,0.102732050736,0.102732050736,0.102732050736,0.321636203932,0.0732920190715,0.333681420029,0.393551485504
 09/28  09:00:00,1.05853194526,4.56279621895,0.0,3.49927072994,0.0,0.0976833771708,0.0976833771708,0.0976833771708,0.160818036197,0.0366460095358,0.405040383769,0.334944138584
 09/28  10:00:00,1.04736003054,4.72027836511,0.0,3.78136388684,0.0,0.105560888397,0.105560888397,0.105560888397,0.124268512479,0.028317362675,0.422991796832,0.342821470159
 09/28  11:00:00,1.04839337127,4.04708980028,0.0,3.21950234951,0.0,0.0898783078771,0.0898783078771,0.0898783078771,0.124268512479,0.028317362675,0.439602686989,0.342926501247
 09/28  12:00:00,1.01154493805,3.25666361386,0.0,2.51607857059,0.0,0.0702385663083,0.0702385663083,0.0702385663083,0.124268512479,0.028317362675,0.428170705158,0.337149791425
 09/28  13:00:00,0.963635069347,2.3679036551,0.0,1.67731722198,0.0,0.0468240478638,0.0468240478638,0.0468240478638,0.124268512479,0.028317362675,0.392016904173,0.348808242156
 09/28  14:00:00,0.949494038946,2.15369563161,0.0,1.51288075674,0.0,0.0422356488269,0.0422356488269,0.0422356488269,0.124268512479,0.028317362675,0.362823459415,0.368449055551
 09/28  15:00:00,0.992891494964,2.6886269732,0.0,2.03979577667,0.0,0.0569508811559,0.0569508811559,0.0569508811559,0.124268512479,0.028317362675,0.371024621008,0.388930117647
 09/28  16:00:00,1.14022555745,3.06488589829,0.0,2.34939908625,0.0,0.0656061830707,0.0656061830707,0.0656061830707,0.138888322266,0.0316488305822,0.420646057535,0.460036164
 09/28  17:00:00,1.42865597098,3.8383040944,0.0,2.9832466106,0.0,0.0833206227039,0.0833206227039,0.0833206227039,0.204677595598,0.0466403674428,0.511746967733,0.558870417499
 09/28  18:00:00,1.66828265968,3.5586255232,0.0,2.57709296097,0.0,0.0719878450319,0.0719878450319,0.0719878450319,0.380115441082,0.0866178296143,0.469396950471,0.606764593477
 09/28  19:00:00,1.9690227452,3.74190883669,0.0,2.73896030881,0.0,0.0765170831852,0.0765170831852,0.0765170831852,0.694441608831,0.158244091825,0.390119585571,0.626300375784
 09/28  20:00:00,2.37361923774,3.68049881025,0.0,2.74965813101,0.0,0.0768254037816,0.0768254037816,0.0768254037816,1.03800752669,0.23653328985,0.351021268662,0.647831748756
 09/28  21:00:00,2.26061362374,3.93166407085,0.0,3.09154557544,0.0,0.0863945959032,0.0863945959032,0.0863945959032,0.964908480258,0.219876026671,0.333327248776,0.632707272132
 09/28  22:00:00,1.83006426881,4.1674170673,0.0,3.47412681272,0.0,0.0971091965506,0.0971091965506,0.0971091965506,0.723681361442,0.164906997096,0.273439653687,0.54752706003
 09/28  23:00:00,1.41542464754,4.32539096919,0.0,3.78926941202,0.0,0.105934029128,0.105934029128,0.105934029128,0.50438395406,0.114935177018,0.190980660183,0.475790827151
 09/28  24:00:00,0.976568915465,4.3878563746,0.0,4.01917886322,0.0,0.112369880825,0.112369880825,0.112369880825,0.2558469306,0.0583004516678,0.133100166867,0.393551485504
 09/29  01:00:00,0.808117163643,4.51367890749,0.0,4.22056524342,0.0,0.118006919083,0.118006919083,0.118006919083,0.153508131553,0.0349802832179,0.115864577324,0.362357252466
 09/29  02:00:00,0.741955763418,5.03193711186,0.0,4.75888175352,0.0,0.133056921507,0.133056921507,0.133056921507,0.10233877199,0.0233201806671,0.101683880294,0.358156008959
 09/29  03:00:00,0.730206687969,5.1287620626,0.0,4.85036370692,0.0,0.135623099552,0.135623099552,0.135623099552,0.10233877199,0.0233201806671,0.0924101190091,0.353114516751
 09/29  04:00:00,0.735116315122,5.45864796071,0.0,5.12234698863,0.0,0.143242674602,0.143242674602,0.143242674602,0.10233877199,0.0233201806671,0.103039119246,0.339775568616
 09/29  05:00:00,0.793350389582,5.57872773804,0.0,4.98156905285,0.0,0.139314414165,0.139314414165,0.139314414165,0.109648689538,0.0249859100393,0.116839149346,0.379162226493
 09/29  06:00:00,1.02619172311,5.99055676494,0.0,4.90764504373,0.0,0.137254344812,0.137254344812,0.137254344812,0.204677595598,0.0466403674428,0.176134748577,0.438084666677
 09/29  07:00:00,1.42267481369,6.86416218718,0.0,5.64789226414,0.0,0.157958806829,0.157958806829,0.157958806829,0.387425345726,0.0882835559321,0.262609324643,0.465497780559
 09/29  08:00:00,1.28021795885,5.98895658748,0.0,4.81361870515,0.0,0.134656830311,0.134656830311,0.134656830311,0.321636203932,0.0732920190715,0.333681420029,0.393551485504
 09/29  09:00:00,1.09602649918,5.89683626453,0.0,4.83183094996,0.0,0.13517793109,0.13517793109,0.13517793109,0.160818036197,0.0366460095358,0.405040383769,0.334944138584
 09/29  10:00:00,1.07447890945,5.68264196759,0.0,4.74257671593,0.0,0.132679767309,0.132679767309,0.132679767309,0.124268512479,0.028317362675,0.422991796832,0.342821470159
 09/29  11:00:00,1.0699596154,4.81200141493,0.0,3.98350574066,0.0,0.111444552007,0.111444552007,0.111444552007,0.124268512479,0.028317362675,0.439602686989,0.342926501247
 09/29  12:00:00,1.05411926907,4.77353077674,0.0,4.03246237996,0.0,0.11281289733,0.11281289733,0.11281289733,0.124268512479,0.028317362675,0.428170705158,0.337149791425
 09/29  13:00:00,1.03888468222,5.05356804133,0.0,4.36308068672,0.0,0.122073660741,0.122073660741,0.122073660741,0.124268512479,0.028317362675,0.392016904173,0.348808242156
 09/29  14:00:00,0.979678261264,3.22923617033,0.0,2.58832937884,0.0,0.0724198711447,0.0724198711447,0.0724198711447,0.124268512479,0.028317362675,0.362823459415,0.368449055551
 09/29  15:00:00,1.00318587981,3.05286798487,0.0,2.40354205251,0.0,0.0672452659991,0.0672452659991,0.0672452659991,0.124268512479,0.028317362675,0.371024621008,0.388930117647
 09/29  16:00:00,1.13291232755,2.8001354759,0.0,2.08358923584,0.0,0.0582929531647,0.0582929531647,0.0582929531647,0.138888322266,0.0316488305822,0.420646057535,0.460036164
 09/29  17:00:00,1.40725695103,3.0699642455,0.0,2.21317181906,0.0,0.0619216027618,0.0619216027618,0.0619216027618,0.204677595598,0.0466403674428,0.511746967733,0.558870417499
 09/29  18:00:00,1.65402340668,3.04621385488,0.0,2.06280173898,0.0,0.0577285920328,0.0577285920328,0.0577285920328,0.380115441082,0.0866178296143,0.469396950471,0.606764593477
 09/29  19:00:00,1.98415436652,4.27774332874,0.0,3.27351319981,0.0,0.0916487045084,0.0916487045084,0.0916487045084,0.694441608831,0.158244091825,0.390119585571,0.626300375784
 09/29  20:00:00,2.37431044343,3.70014196799,0.0,2.76807336313,0.0,0.0775166094625,0.0775166094625,0.0775166094625,1.03800752669,0.23653328985,0.351021268662,0.647831748756
 09/29  21:00:00,2.25163005524,3.60550671854,0.0,2.76387244456,0.0,0.0774110274004,0.0774110274004,0.0774110274004,0.964908480258,0.219876026671,0.333327248776,0.632707272132
 09/29  22:00:00,1.82136288803,3.85047644064,0.0,3.15614063859,0.0,0.0884078157781,0.0884078157781,0.0884078157781,0.723681361442,0.164906997096,0.273439653687,0.54752706003
 09/29  23:00:00,1.4178753879,4.40570057649,0.0,3.86896967794,0.0,0.108384769484,0.108384769484,0.108384769484,0.50438395406,0.114935177018,0.190980660183,0.475790827151
 09/29  24:00:00,0.989674189873,4.84744891366,0.0,4.47859428267,0.0,0.125475155234,0.125475155234,0.125475155234,0.2558469306,0.0583004516678,0.133100166867,0.393551485504
 09/30  01:00:00,0.833642326168,5.25869157811,0.0,4.95843768191,0.0,0.138927220209,0.138927220209,0.138927220209,0.153508131553,0.0349802832179,0.120469438723,0.362357252466
 09/30  02:00:00,0.762505020281,5.65150421156,0.0,5.37345111972,0.0,0.15055973355,0.15055973355,0.15055973355,0.10233877199,0.0233201806671,0.104730325114,0.358156008959
 09/30  03:00:00,0.753670646027,5.90455228365,0.0,5.62064814104,0.0,0.157494086087,0.157494086087,0.157494086087,0.10233877199,0.0233201806671,0.0940030905319,0.353114516751
 09/30  04:00:00,0.76040034501,6.2507676079,0.0,5.90269252096,0.0,0.165410356294,0.165410356294,0.165410356294,0.10233877199,0.0233201806671,0.106155467442,0.339775568616
 09/30  05:00:00,0.827244448618,6.64241456295,0.0,6.00990738108,0.0,0.168428998535,0.168428998535,0.168428998535,0.109648689538,0.0249859100393,0.121618624013,0.379162226493
 09/30  06:00:00,1.06673360571,7.06624117043,0.0,5.90151176014,0.0,0.165399796565,0.165399796565,0.165399796565,0.204677595598,0.0466403674428,0.188531179431,0.438084666677
 09/30  07:00:00,1.47156455989,7.81474431471,0.0,6.4991239891,0.0,0.182160297602,0.182160297602,0.182160297602,0.387425345726,0.0882835559321,0.28729758007,0.465497780559
 09/30  08:00:00,1.32131852632,6.19915750079,0.0,4.91986030444,0.0,0.137913880293,0.137913880293,0.137913880293,0.321636203932,0.0732920190715,0.371524937518,0.393551485504
 09/30  09:00:00,1.12041931299,4.97974127396,0.0,3.81869422854,0.0,0.107034510282,0.107034510282,0.107034510282,0.160818036197,0.0366460095358,0.457576618389,0.334944138584
 09/30  10:00:00,1.08135767193,3.88296772892,0.0,2.8600844936,0.0,0.0801562625311,0.0801562625311,0.0801562625311,0.124268512479,0.028317362675,0.482394064084,0.342821470159
 09/30  11:00:00,1.05483907702,2.14988425605,0.0,1.2520730719,0.0,0.0350871277502,0.0350871277502,0.0350871277502,0.124268512479,0.028317362675,0.500839572871,0.342926501247
 09/30  12:00:00,1.01240341621,1.34827163958,0.0,0.546663000701,0.0,0.0153181208994,0.0153181208994,0.0153181208994,0.124268512479,0.028317362675,0.48394962873,0.337149791425
 09/30  13:00:00,1.04780660812,0.743581749923,0.0,0.0,0.0628619461475,0.0172809360636,0.0801428822112,0.0172809360636,0.124268512479,0.028317362675,0.442869608595,0.348808242156
 09/30  14:00:00,0.960296578317,0.952303707811,0.0,0.263807955842,0.0,0.00739168748269,0.00739168748269,0.00739168748269,0.124268512479,0.028317362675,0.408469960129,0.368449055551
 09/30  15:00:00,0.983693831497,0.857656722757,0.0,0.161235453677,0.0,0.00451774950233,0.00451774950233,0.00451774950233,0.124268512479,0.028317362675,0.414260089194,0.388930117647
 09/30  16:00:00,1.12630292428,1.12284258181,0.0,0.349012589496,0.0,0.0097793109226,0.0097793109226,0.0097793109226,0.138888322266,0.0316488305822,0.462550296506,0.460036164
 09/30  17:00:00,1.40432436473,1.55878461989,0.0,0.633274313941,0.0,0.0177450980239,0.0177450980239,0.0177450980239,0.204677595598,0.0466403674428,0.552990886172,0.558870417499
 09/30  18:00:00,1.65147196869,1.61299590949,0.0,0.540570371608,0.0,0.0151484527317,0.0151484527317,0.0151484527317,0.380115441082,0.0866178296143,0.509425651789,0.606764593477
 09/30  19:00:00,1.94919068255,1.70127658498,0.0,0.59706921715,0.0,0.0167328074568,0.0167328074568,0.0167328074568,0.694441608831,0.158244091825,0.430071798651,0.626300375784
 09/30  20:00:00,2.35455397732,1.63696169357,0.0,0.609953032389,0.0,0.0170955447885,0.0170955447885,0.0170955447885,1.03800752669,0.23653328985,0.391685867232,0.647831748756
 09/30  21:00:00,2.23951478988,1.76863904587,0.0,0.847407918777,0.0,0.023754428472,0.023754428472,0.023754428472,0.964908480258,0.219876026671,0.374868582349,0.632707272132
 09/30  22:00:00,1.79896696733,1.93436455405,0.0,1.17725855811,0.0,0.0330031479252,0.0330031479252,0.0330031479252,0.723681361442,0.164906997096,0.306448400837,0.54752706003
 09/30  23:00:00,1.37086435783,2.11906088049,0.0,1.54279353254,0.0,0.0432497532478,0.0432497532478,0.0432497532478,0.50438395406,0.114935177018,0.209104646358,0.475790827151
 09/30  24:00:00,0.925512095504,2.29784602561,0.0,1.91359041594,0.0,0.0536437639699,0.0536437639699,0.0536437639699,0.2558469306,0.0583004516678,0.140769463762,0.393551485504
 10/01  01:00:00,0.787729898499,2.52519114903,0.0,2.22112658991,0.0,0.0622601793078,0.0622601793078,0.0622601793078,0.15749194045,0.03588808375,0.110055957183,0.398633737808
 10/01  02:00:00,0.707167271425,2.6849531939,0.0,2.40304169893,0.0,0.067349305903,0.067349305903,0.067349305903,0.10499466246,0.0239253881486,0.0934860175435,0.39401189737
 10/01  03:00:00,0.694807580366,2.81788119444,0.0,2.53001542052,0.0,0.0708963545008,0.0708963545008,0.0708963545008,0.10499466246,0.0239253881486,0.0831254864125,0.388465688844
 10/01  04:00:00,0.695626636809,2.95590024056,0.0,2.60364973958,0.0,0.0729457382074,0.0729457382074,0.0729457382074,0.10499466246,0.0239253881486,0.0965695025408,0.373791345452
 10/01  05:00:00,0.769922984049,3.37252359889,0.0,2.7347029446,0.0,0.0766022979434,0.0766022979434,0.0766022979434,0.113744217436,0.0259191712579,0.11313619785,0.417121099562
 10/01  06:00:00,1.04727649319,3.5946853046,0.0,2.42279137509,0.0,0.0678524400938,0.0678524400938,0.0678524400938,0.236238042214,0.053832125625,0.184011473552,0.48194241171
 10/01  07:00:00,1.52669724964,4.00744426957,0.0,2.68396543499,0.0,0.0751546253164,0.0751546253164,0.0751546253164,0.481225534922,0.109658009925,0.287659158907,0.51209992057
 10/01  08:00:00,1.41177840794,3.29695127414,0.0,2.0106739561,0.0,0.0562897762014,0.0562897762014,0.0562897762014,0.42872817676,0.0976953357036,0.372714216214,0.432950903063
 10/01  09:00:00,1.16702348045,3.24115981333,0.0,2.07431026862,0.0,0.0580603669531,0.0580603669531,0.0580603669531,0.209989298612,0.0478507885143,0.459246797427,0.368476228948
 10/01  10:00:00,1.13551222442,2.74670249214,0.0,1.71849896943,0.0,0.0480910062804,0.0480910062804,0.0480910062804,0.166241522483,0.0378818729679,0.482755642921,0.37714217977
 10/01  11:00:00,1.14072578747,2.06524155745,0.0,1.16278340145,0.0,0.0325333108861,0.0325333108861,0.0325333108861,0.166241522483,0.0378818729679,0.503411355357,0.377257725781
 10/01  12:00:00,1.12165596894,2.06165080039,0.0,1.25611803307,0.0,0.0351408057771,0.0351408057771,0.0351408057771,0.166241522483,0.0378818729679,0.488089072534,0.370902695178
 10/01  13:00:00,1.08229737084,1.72498881462,0.0,0.977851467786,0.0,0.0273534891521,0.0273534891521,0.0273534891521,0.166241522483,0.0378818729679,0.443692183839,0.383728302395
 10/01  14:00:00,1.07634606127,1.93205570104,0.0,1.2397095339,0.0,0.0346757433324,0.0346757433324,0.0346757433324,0.166241522483,0.0378818729679,0.40881151604,0.405335406444
 10/01  15:00:00,1.11485561489,1.7844822594,0.0,1.08412839056,0.0,0.0303224671541,0.0303224671541,0.0303224671541,0.174991104516,0.0398756316427,0.418399532998,0.427866878581
 10/01  16:00:00,1.30117007769,1.7114481045,0.0,0.932833805353,0.0,0.026091134355,0.026091134355,0.026091134355,0.218738880645,0.0498445471892,0.4770039875,0.506091528
 10/01  17:00:00,1.69954348058,2.24193072089,0.0,1.3105011657,0.0,0.0366554752524,0.0366554752524,0.0366554752524,0.358731788568,0.0817450830465,0.584190809405,0.614820324312
 10/01  18:00:00,2.0824319505,2.00810137404,0.0,0.929256424945,0.0,0.0259958415748,0.0259958415748,0.0259958415748,0.656216639438,0.149533672111,0.529776492066,0.66750930531
 10/01  19:00:00,2.45322892089,2.53701059268,0.0,1.42666569767,0.0,0.0399187233863,0.0399187233863,0.0399187233863,1.03244746053,0.23526630305,0.433195570576,0.689000863348
 10/01  20:00:00,2.56920130979,2.78187646981,0.0,1.74888363438,0.0,0.0489464507685,0.0489464507685,0.0489464507685,1.13744217436,0.259191712579,0.387533176485,0.712687795595
 10/01  21:00:00,2.31242834117,2.86636940501,0.0,1.93915490303,0.0,0.0542771810513,0.0542771810513,0.0542771810513,0.953701621847,0.217322261175,0.367678107085,0.696049170016
 10/01  22:00:00,1.86490513244,2.94790427622,0.0,2.18587633611,0.0,0.061185675022,0.061185675022,0.061185675022,0.717463577136,0.16349013555,0.297024389604,0.602341355129
 10/01  23:00:00,1.42960939997,3.12970449277,0.0,2.54933980614,0.0,0.0713608766478,0.0713608766478,0.0713608766478,0.498724698988,0.113645588361,0.199054806327,0.523423429644
 10/01  24:00:00,0.982151942116,3.3943865888,0.0,3.00703823256,0.0,0.0841673926139,0.0841673926139,0.0841673926139,0.253737074741,0.0578196735178,0.13007689818,0.432950903063
 10/02  01:00:00,0.817827426977,3.7614007258,0.0,3.46467001835,0.0,0.0969625691852,0.0969625691852,0.0969625691852,0.15749194045,0.03588808375,0.105451095784,0.398633737808
 10/02  02:00:00,0.742292014993,4.04725967617,0.0,3.7707523365,0.0,0.105520494292,0.105520494292,0.105520494292,0.10499466246,0.0239253881486,0.0904395727229,0.39401189737
 10/02  03:00:00,0.750944808338,4.87824833629,0.0,4.59646942222,0.0,0.128626553996,0.128626553996,0.128626553996,0.10499466246,0.0239253881486,0.0815325148897,0.388465688844
 10/02  04:00:00,0.758441476772,5.30223452514,0.0,4.96232784507,0.0,0.138876926367,0.138876926367,0.138876926367,0.10499466246,0.0239253881486,0.0934531543451,0.373791345452
 10/02  05:00:00,0.841495563861,6.06770713463,0.0,5.46476191329,0.0,0.152954352422,0.152954352422,0.152954352422,0.113744217436,0.0259191712579,0.108356723184,0.417121099562
 10/02  06:00:00,1.14100319134,7.30732641594,0.0,6.2148367741,0.0,0.173975569096,0.173975569096,0.173975569096,0.236238042214,0.053832125625,0.171615042699,0.48194241171
 10/02  07:00:00,1.59234901708,7.13786417661,0.0,5.91081497488,0.0,0.165494648184,0.165494648184,0.165494648184,0.481225534922,0.109658009925,0.26297090348,0.51209992057
 10/02  08:00:00,1.44744171042,5.82183855058,0.0,4.63572454126,0.0,0.129796596169,0.129796596169,0.129796596169,0.42872817676,0.0976953357036,0.334870698725,0.432950903063
 10/02  09:00:00,1.17790683638,5.41399334009,0.0,4.33925635382,0.0,0.121479957495,0.121479957495,0.121479957495,0.209989298612,0.0478507885143,0.406710562808,0.368476228948
 10/02  10:00:00,1.15069970894,5.3314037364,0.0,4.38241120504,0.0,0.122680758046,0.122680758046,0.122680758046,0.166241522483,0.0378818729679,0.423353375669,0.37714217977
 10/02  11:00:00,1.1310311151,3.8404199892,0.0,3.0035488402,0.0,0.0840755243966,0.0840755243966,0.0840755243966,0.166241522483,0.0378818729679,0.442174469475,0.377257725781
 10/02  12:00:00,1.09825569804,3.16135071797,0.0,2.41235896078,0.0,0.0675194584471,0.0675194584471,0.0675194584471,0.166241522483,0.0378818729679,0.432310148963,0.370902695178
 10/02  13:00:00,1.04578741061,2.18836323138,0.0,1.4898561119,0.0,0.0416962333439,0.0416962333439,0.0416962333439,0.166241522483,0.0378818729679,0.392839479418,0.383728302395
 10/02  14:00:00,1.02324934564,1.62138814159,0.0,0.972858000207,0.0,0.0272255284224,0.0272255284224,0.0272255284224,0.166241522483,0.0378818729679,0.363165015326,0.405335406444
 10/02  15:00:00,1.04689201253,0.857154056473,0.0,0.19990798823,0.0,0.00559433297808,0.00559433297808,0.00559433297808,0.174991104516,0.0398756316427,0.375164064812,0.427866878581
 10/02  16:00:00,1.24325149064,1.08535347151,0.0,0.360092566944,0.0,0.0100767862758,0.0100767862758,0.0100767862758,0.218738880645,0.0498445471892,0.435099748529,0.506091528
 10/02  17:00:00,1.64513643852,1.70612389135,0.0,0.83942350485,0.0,0.0234923516279,0.0234923516279,0.0234923516279,0.358731788568,0.0817450830465,0.542946890966,0.614820324312
 10/02  18:00:00,2.03655838202,1.71421277959,0.0,0.719908093983,0.0,0.0201509744128,0.0201509744128,0.0201509744128,0.656216639438,0.149533672111,0.489747790749,0.66750930531
 10/02  19:00:00,2.40606862981,2.18396808971,0.0,1.16836217287,0.0,0.03271064538,0.03271064538,0.03271064538,1.03244746053,0.23526630305,0.393243357496,0.689000863348
 10/02  20:00:00,2.53535372573,2.93373351401,0.0,1.99117772187,0.0,0.0557634652823,0.0557634652823,0.0557634652823,1.13744217436,0.259191712579,0.346868577915,0.712687795595
 10/02  21:00:00,2.2956699344,3.67346897285,0.0,2.82234901595,0.0,0.0790601078522,0.0790601078522,0.0790601078522,0.953701621847,0.217322261175,0.326136773512,0.696049170016
 10/02  22:00:00,1.86975818226,4.23758396806,0.0,3.53547833439,0.0,0.0990474719921,0.0990474719921,0.0990474719921,0.717463577136,0.16349013555,0.264015642455,0.602341355129
 10/02  23:00:00,1.45914525652,4.79097008182,0.0,4.24821900049,0.0,0.119020719377,0.119020719377,0.119020719377,0.498724698988,0.113645588361,0.180930820152,0.523423429644
 10/02  24:00:00,1.03613109768,5.57726409532,0.0,5.20433432898,0.0,0.145815845072,0.145815845072,0.145815845072,0.253737074741,0.0578196735178,0.122407601285,0.432950903063
 10/03  01:00:00,0.88407096114,6.12055241485,0.0,5.82451377147,0.0,0.163206103348,0.163206103348,0.163206103348,0.15749194045,0.03588808375,0.105451095784,0.398633737808
 10/03  02:00:00,0.81637793336,6.68492748339,0.0,6.40937662563,0.0,0.179606412658,0.179606412658,0.179606412658,0.10499466246,0.0239253881486,0.0904395727229,0.39401189737
 10/03  03:00:00,0.815517324298,7.17476347395,0.0,6.89385526764,0.0,0.193199069956,0.193199069956,0.193199069956,0.10499466246,0.0239253881486,0.0815325148897,0.388465688844
 10/03  04:00:00,0.819552657001,7.4747499805,0.0,7.13543476146,0.0,0.199988106595,0.199988106595,0.199988106595,0.10499466246,0.0239253881486,0.0934531543451,0.373791345452
 10/03  05:00:00,0.897957862424,8.07439202656,0.0,7.47123881266,0.0,0.209416650985,0.209416650985,0.209416650985,0.113744217436,0.0259191712579,0.108356723184,0.417121099562
 10/03  06:00:00,1.19810018946,9.33745342285,0.0,8.24323457676,0.0,0.231072567211,0.231072567211,0.231072567211,0.236238042214,0.053832125625,0.171615042699,0.48194241171
 10/03  07:00:00,1.64940716339,9.16692815891,0.0,7.9379465552,0.0,0.222552794495,0.222552794495,0.222552794495,0.481225534922,0.109658009925,0.26297090348,0.51209992057
 10/03  08:00:00,1.48258776856,7.070658394,0.0,5.88242248375,0.0,0.164942654306,0.164942654306,0.164942654306,0.42872817676,0.0976953357036,0.334870698725,0.432950903063
 10/03  09:00:00,1.1765232542,5.36117662674,0.0,4.28392313675,0.0,0.120096375314,0.120096375314,0.120096375314,0.209989298612,0.0478507885143,0.406710562808,0.368476228948
 10/03  10:00:00,1.11936823948,4.21072921905,0.0,3.25918681425,0.0,0.0913492885915,0.0913492885915,0.0913492885915,0.166241522483,0.0378818729679,0.423353375669,0.37714217977
 10/03  11:00:00,1.09172094626,2.43676949782,0.0,1.59750724142,0.0,0.0447653555536,0.0447653555536,0.0447653555536,0.166241522483,0.0378818729679,0.442174469475,0.377257725781
 10/03  12:00:00,1.04666096389,1.31976508127,0.0,0.568410359675,0.0,0.0159247242948,0.0159247242948,0.0159247242948,0.166241522483,0.0378818729679,0.432310148963,0.370902695178
 10/03  13:00:00,1.00409117726,0.70056691342,0.0,0.0,0.0,0.0,0.0,0.0,0.166241522483,0.0378818729679,0.392839479418,0.383728302395
 10/03  14:00:00,0.99602381722,0.65006514225,0.0,0.0,0.0,0.0,0.0,0.0,0.166241522483,0.0378818729679,0.363165015326,0.405335406444
 10/03  15:00:00,1.04129767955,0.658389973594,0.0,0.0,0.0,0.0,0.0,0.0,0.174991104516,0.0398756316427,0.375164064812,0.427866878581
 10/03  16:00:00,1.23317470436,0.726398211342,0.0,0.0,0.0,0.0,0.0,0.0,0.218738880645,0.0498445471892,0.435099748529,0.506091528
 10/03  17:00:00,1.62164408689,0.868354238424,0.0,0.0,0.0,0.0,0.0,0.0,0.358731788568,0.0817450830465,0.542946890966,0.614820324312
 10/03  18:00:00,2.01640740761,0.996387262741,0.0,0.0,0.0,0.0,0.0,0.0,0.656216639438,0.149533672111,0.489747790749,0.66750930531
 10/03  19:00:00,2.37335798443,1.01768505453,0.0,0.0,0.0,0.0,0.0,0.0,1.03244746053,0.23526630305,0.393243357496,0.689000863348
 10/03  20:00:00,2.47959026045,0.944968498188,0.0,0.0,0.0,0.0,0.0,0.0,1.13744217436,0.259191712579,0.346868577915,0.712687795595
 10/03  21:00:00,2.21660982655,0.853588638009,0.0,0.0,0.0,0.0,0.0,0.0,0.953701621847,0.217322261175,0.326136773512,0.696049170016
 10/03  22:00:00,1.77071071027,0.704444446072,0.0,0.0,0.0,0.0,0.0,0.0,0.717463577136,0.16349013555,0.264015642455,0.602341355129
 10/03  23:00:00,1.35495907481,1.07384729126,0.0,0.528937223154,0.0,0.01483453767,0.01483453767,0.01483453767,0.498724698988,0.113645588361,0.180930820152,0.523423429644
 10/03  24:00:00,0.9196165932,1.42066806346,0.0,1.04591580916,0.0,0.0293013405934,0.0293013405934,0.0293013405934,0.253737074741,0.0578196735178,0.122407601285,0.432950903063
 10/04  01:00:00,0.759747893528,1.68589072881,0.0,1.38793636089,0.0,0.0388830357357,0.0388830357357,0.0388830357357,0.15749194045,0.03588808375,0.105451095784,0.398633737808
 10/04  02:00:00,0.701636516409,2.59353988467,0.0,2.31596309491,0.0,0.0648649957078,0.0648649957078,0.0648649957078,0.10499466246,0.0239253881486,0.0904395727229,0.39401189737
 10/04  03:00:00,0.694103599544,2.84629730549,0.0,2.56322412872,0.0,0.0717853452023,0.0717853452023,0.0717853452023,0.10499466246,0.0239253881486,0.0815325148897,0.388465688844
 10/04  04:00:00,0.695524899186,3.05412830305,0.0,2.71240166389,0.0,0.0759603487804,0.0759603487804,0.0759603487804,0.10499466246,0.0239253881486,0.0934531543451,0.373791345452
 10/04  05:00:00,0.76679655783,3.40103596264,0.0,2.79454136765,0.0,0.0782553463904,0.0782553463904,0.0782553463904,0.113744217436,0.0259191712579,0.108356723184,0.417121099562
 10/04  06:00:00,1.04439055893,3.86213569373,0.0,2.76297176862,0.0,0.0773629366826,0.0773629366826,0.0773629366826,0.236238042214,0.053832125625,0.171615042699,0.48194241171
 10/04  07:00:00,1.52990256974,4.91522325294,0.0,3.68054691482,0.0,0.103048200847,0.103048200847,0.103048200847,0.481225534922,0.109658009925,0.26297090348,0.51209992057
 10/04  08:00:00,1.39965330041,4.12189866122,0.0,2.92927732284,0.0,0.0820081861628,0.0820081861628,0.0820081861628,0.42872817676,0.0976953357036,0.334870698725,0.432950903063
 10/04  09:00:00,1.13207664102,3.78319099932,0.0,2.70233232834,0.0,0.0756497621389,0.0756497621389,0.0756497621389,0.209989298612,0.0478507885143,0.406710562808,0.368476228948
 10/04  10:00:00,1.10171255825,3.58721623529,0.0,2.63285896457,0.0,0.0736936073573,0.0736936073573,0.0736936073573,0.166241522483,0.0378818729679,0.423353375669,0.37714217977
 10/04  11:00:00,1.07779195693,1.94359422596,0.0,1.10187199381,0.0,0.0308363662196,0.0308363662196,0.0308363662196,0.166241522483,0.0378818729679,0.442174469475,0.377257725781
 10/04  12:00:00,1.08625356784,2.73662497332,0.0,1.98398774973,0.0,0.0555173282509,0.0555173282509,0.0555173282509,0.166241522483,0.0378818729679,0.432310148963,0.370902695178
 10/04  13:00:00,1.04782971963,2.26449377933,0.0,1.56305615823,0.0,0.0437385423671,0.0437385423671,0.0437385423671,0.166241522483,0.0378818729679,0.392839479418,0.383728302395
 10/04  14:00:00,1.03741390545,2.13011414941,0.0,1.47919135605,0.0,0.041390088231,0.041390088231,0.041390088231,0.166241522483,0.0378818729679,0.363165015326,0.405335406444
 10/04  15:00:00,1.05302989288,1.07907028494,0.0,0.419311269911,0.0,0.0117322133275,0.0117322133275,0.0117322133275,0.174991104516,0.0398756316427,0.375164064812,0.427866878581
 10/04  16:00:00,1.24746804527,1.23928520411,0.0,0.51086591899,0.0,0.0142933409116,0.0142933409116,0.0142933409116,0.218738880645,0.0498445471892,0.435099748529,0.506091528
 10/04  17:00:00,1.66046372809,2.25771581678,0.0,1.38740926742,0.0,0.038819641201,0.038819641201,0.038819641201,0.358731788568,0.0817450830465,0.542946890966,0.614820324312
 10/04  18:00:00,2.05268867982,2.29493475134,0.0,1.29644478779,0.0,0.0362812722133,0.0362812722133,0.0362812722133,0.656216639438,0.149533672111,0.489747790749,0.66750930531
 10/04  19:00:00,2.40539108348,2.16484262098,0.0,1.1445102225,0.0,0.0320330990491,0.0320330990491,0.0320330990491,1.03244746053,0.23526630305,0.393243357496,0.689000863348
 10/04  20:00:00,2.52671830545,2.63062525935,0.0,1.68353606454,0.0,0.0471280450005,0.0471280450005,0.0471280450005,1.13744217436,0.259191712579,0.346868577915,0.712687795595
 10/04  21:00:00,2.27408993684,2.90841759269,0.0,2.0530619258,0.0,0.0574801102903,0.0574801102903,0.0574801102903,0.953701621847,0.217322261175,0.326136773512,0.696049170016
 10/04  22:00:00,1.83419071176,2.97287520044,0.0,2.26724513917,0.0,0.0634800014948,0.0634800014948,0.0634800014948,0.717463577136,0.16349013555,0.264015642455,0.602341355129
 10/04  23:00:00,1.41470800763,3.20942452614,0.0,2.66387997597,0.0,0.0745834704812,0.0745834704812,0.0745834704812,0.498724698988,0.113645588361,0.180930820152,0.523423429644
 10/04  24:00:00,0.979023067481,3.54340563683,0.0,3.16844081245,0.0,0.0887078148746,0.0887078148746,0.0887078148746,0.253737074741,0.0578196735178,0.122407601285,0.432950903063
 10/05  01:00:00,0.808391023584,3.42432397765,0.0,3.12639299114,0.0,0.0875261657916,0.0875261657916,0.0875261657916,0.15749194045,0.03588808375,0.105451095784,0.398633737808
 10/05  02:00:00,0.730259071232,3.61732724136,0.0,3.33962366916,0.0,0.0934875505312,0.0934875505312,0.0934875505312,0.10499466246,0.0239253881486,0.0904395727229,0.39401189737
 10/05  03:00:00,0.731628224434,4.18882357114,0.0,3.90548652669,0.0,0.109309970092,0.109309970092,0.109309970092,0.10499466246,0.0239253881486,0.0815325148897,0.388465688844
 10/05  04:00:00,0.739023601477,4.6101424947,0.0,4.26812767072,0.0,0.119459051071,0.119459051071,0.119459051071,0.10499466246,0.0239253881486,0.0934531543451,0.373791345452
 10/05  05:00:00,0.820678511179,5.32810921751,0.0,4.72087009235,0.0,0.13213729974,0.13213729974,0.13213729974,0.113744217436,0.0259191712579,0.108356723184,0.417121099562
 10/05  06:00:00,1.12485581801,6.73867161493,0.0,5.63792524371,0.0,0.157828195761,0.157828195761,0.157828195761,0.236238042214,0.053832125625,0.171615042699,0.48194241171
 10/05  07:00:00,1.57719510585,6.60585806668,0.0,5.3693703303,0.0,0.150340736957,0.150340736957,0.150340736957,0.481225534922,0.109658009925,0.26297090348,0.51209992057
 10/05  08:00:00,1.43087547966,5.23918004231,0.0,4.04384226259,0.0,0.113230365405,0.113230365405,0.113230365405,0.42872817676,0.0976953357036,0.334870698725,0.432950903063
 10/05  09:00:00,1.12950269025,3.69381667771,0.0,2.61031057387,0.0,0.0730758113717,0.0730758113717,0.0730758113717,0.209989298612,0.0478507885143,0.406710562808,0.368476228948
 10/05  10:00:00,1.07701408628,2.70767254737,0.0,1.75048580029,0.0,0.048995135392,0.048995135392,0.048995135392,0.166241522483,0.0378818729679,0.423353375669,0.37714217977
 10/05  11:00:00,1.07095859723,1.70162999037,0.0,0.85767789091,0.0,0.0240030065185,0.0240030065185,0.0240030065185,0.166241522483,0.0378818729679,0.442174469475,0.377257725781
 10/05  12:00:00,1.03237853628,0.814053912279,0.0,0.0586855032004,0.0,0.00164229669036,0.00164229669036,0.00164229669036,0.166241522483,0.0378818729679,0.432310148963,0.370902695178
 10/05  13:00:00,1.00409117726,0.703997353982,0.0,0.0,0.0,0.0,0.0,0.0,0.166241522483,0.0378818729679,0.392839479418,0.383728302395
 10/05  14:00:00,0.99602381722,0.653186667919,0.0,0.0,0.0,0.0,0.0,0.0,0.166241522483,0.0378818729679,0.363165015326,0.405335406444
 10/05  15:00:00,1.04129767955,0.661537723603,0.0,0.0,0.0,0.0,0.0,0.0,0.174991104516,0.0398756316427,0.375164064812,0.427866878581
 10/05  16:00:00,1.23317470436,0.729848227687,0.0,0.0,0.0,0.0,0.0,0.0,0.218738880645,0.0498445471892,0.435099748529,0.506091528
 10/05  17:00:00,1.62164408689,0.872652817065,0.0,0.0,0.0,0.0,0.0,0.0,0.358731788568,0.0817450830465,0.542946890966,0.614820324312
 10/05  18:00:00,2.01640740761,1.00122586362,0.0,0.0,0.0,0.0,0.0,0.0,0.656216639438,0.149533672111,0.489747790749,0.66750930531
 10/05  19:00:00,2.37335798443,1.02258976291,0.0,0.0,0.0,0.0,0.0,0.0,1.03244746053,0.23526630305,0.393243357496,0.689000863348
 10/05  20:00:00,2.47959026045,0.949456432295,0.0,0.0,0.0,0.0,0.0,0.0,1.13744217436,0.259191712579,0.346868577915,0.712687795595
 10/05  21:00:00,2.21660982655,0.857656331138,0.0,0.0,0.0,0.0,0.0,0.0,0.953701621847,0.217322261175,0.326136773512,0.696049170016
 10/05  22:00:00,1.81892741026,2.42816200644,0.0,1.72108646087,0.0,0.0482166999915,0.0482166999915,0.0482166999915,0.717463577136,0.16349013555,0.264015642455,0.602341355129
 10/05  23:00:00,1.38468895224,2.13770131438,0.0,1.59115124582,0.0,0.0445644150945,0.0445644150945,0.0445644150945,0.498724698988,0.113645588361,0.180930820152,0.523423429644
 10/05  24:00:00,0.955232768404,2.69407912923,0.0,2.31835163459,0.0,0.0649175157969,0.0649175157969,0.0649175157969,0.253737074741,0.0578196735178,0.122407601285,0.432950903063
 10/06  01:00:00,0.802774036153,3.22372487475,0.0,2.92543324332,0.0,0.0819091783607,0.0819091783607,0.0819091783607,0.15749194045,0.03588808375,0.105451095784,0.398633737808
 10/06  02:00:00,0.727293728704,3.51085194569,0.0,3.23315292525,0.0,0.0905222080029,0.0905222080029,0.0905222080029,0.10499466246,0.0239253881486,0.0904395727229,0.39401189737
 10/06  03:00:00,0.722063398905,3.84602735227,0.0,3.56266303748,0.0,0.099745144563,0.099745144563,0.099745144563,0.10499466246,0.0239253881486,0.0815325148897,0.388465688844
 10/06  04:00:00,0.732516138721,4.37672527485,0.0,4.03445143907,0.0,0.112951588316,0.112951588316,0.112951588316,0.10499466246,0.0239253881486,0.0934531543451,0.373791345452
 10/06  05:00:00,0.804817155349,4.76146234791,0.0,4.15310376184,0.0,0.116275943909,0.116275943909,0.116275943909,0.113744217436,0.0259191712579,0.108356723184,0.417121099562
 10/06  06:00:00,1.10814533593,6.14388409405,0.0,5.04028082005,0.0,0.141117713683,0.141117713683,0.141117713683,0.236238042214,0.053832125625,0.171615042699,0.48194241171
 10/06  07:00:00,1.56307891875,6.10446138633,0.0,4.86487844775,0.0,0.13622454985,0.13622454985,0.13622454985,0.481225534922,0.109658009925,0.26297090348,0.51209992057
 10/06  08:00:00,1.41863521141,4.80442931502,0.0,3.6061391507,0.0,0.100990097155,0.100990097155,0.100990097155,0.42872817676,0.0976953357036,0.334870698725,0.432950903063
 10/06  09:00:00,1.16366953766,4.91525459165,0.0,3.82965717751,0.0,0.107242658783,0.107242658783,0.107242658783,0.209989298612,0.0478507885143,0.406710562808,0.368476228948
 10/06  10:00:00,1.13808110423,4.88851649791,0.0,3.93034524324,0.0,0.110062153345,0.110062153345,0.110062153345,0.166241522483,0.0378818729679,0.423353375669,0.37714217977
 10/06  11:00:00,1.13903550843,4.13256790711,0.0,3.28817335396,0.0,0.0920799177211,0.0920799177211,0.0920799177211,0.166241522483,0.0378818729679,0.442174469475,0.377257725781
 10/06  12:00:00,1.12762693381,4.21533987802,0.0,3.46013984281,0.0,0.0968906942145,0.0968906942145,0.0968906942145,0.166241522483,0.0378818729679,0.432310148963,0.370902695178
 10/06  13:00:00,1.0985409875,4.07652691954,0.0,3.37299179853,0.0,0.0944498102401,0.0944498102401,0.0944498102401,0.166241522483,0.0378818729679,0.392839479418,0.383728302395
 10/06  14:00:00,1.09793520472,4.29204480356,0.0,3.63936965684,0.0,0.101911387502,0.101911387502,0.101911387502,0.166241522483,0.0378818729679,0.363165015326,0.405335406444
 10/06  15:00:00,1.13795965932,4.11286652045,0.0,3.45182921052,0.0,0.0966619797719,0.0966619797719,0.0966619797719,0.174991104516,0.0398756316427,0.375164064812,0.427866878581
 10/06  16:00:00,1.3256278115,4.03135092742,0.0,3.30143359136,0.0,0.0924531071396,0.0924531071396,0.0924531071396,0.218738880645,0.0498445471892,0.435099748529,0.506091528
 10/06  17:00:00,1.70835849345,3.97003218115,0.0,3.09657753155,0.0,0.086714406558,0.086714406558,0.086714406558,0.358731788568,0.0817450830465,0.542946890966,0.614820324312
 10/06  18:00:00,2.08695675514,3.52206844543,0.0,2.51934215981,0.0,0.0705493475296,0.0705493475296,0.0705493475296,0.656216639438,0.149533672111,0.489747790749,0.66750930531
 10/06  19:00:00,2.46896356318,4.43755675621,0.0,3.41345804389,0.0,0.09560557875,0.09560557875,0.09560557875,1.03244746053,0.23526630305,0.393243357496,0.689000863348
 10/06  20:00:00,2.56203987738,3.89417398817,0.0,2.94336066085,0.0,0.0824496169364,0.0824496169364,0.0824496169364,1.13744217436,0.259191712579,0.346868577915,0.712687795595
 10/06  21:00:00,2.31382488278,4.32868044142,0.0,3.47009721297,0.0,0.0972150562255,0.0972150562255,0.0972150562255,0.953701621847,0.217322261175,0.326136773512,0.696049170016
 10/06  22:00:00,1.87685519731,4.49655137349,0.0,3.78860550278,0.0,0.106144487038,0.106144487038,0.106144487038,0.717463577136,0.16349013555,0.264015642455,0.602341355129
 10/06  23:00:00,1.46342135851,4.94775308891,0.0,4.40078703612,0.0,0.123296821362,0.123296821362,0.123296821362,0.498724698988,0.113645588361,0.180930820152,0.523423429644
 10/06  24:00:00,1.02391433776,5.14377527552,0.0,4.76852460062,0.0,0.133599085158,0.133599085158,0.133599085158,0.253737074741,0.0578196735178,0.122407601285,0.432950903063
 10/07  01:00:00,0.873070803066,5.57383120831,0.0,5.26839136894,0.0,0.147601083875,0.147601083875,0.147601083875,0.15749194045,0.03588808375,0.110055957183,0.398633737808
 10/07  02:00:00,0.808101745632,6.28948036694,0.0,6.00672251779,0.0,0.16828378011,0.16828378011,0.16828378011,0.10499466246,0.0239253881486,0.0934860175435,0.39401189737
 10/07  03:00:00,0.796500737575,6.44838730797,0.0,6.15981869737,0.0,0.17258951171,0.17258951171,0.17258951171,0.10499466246,0.0239253881486,0.0831254864125,0.388465688844
 10/07  04:00:00,0.791626478312,6.38291405414,0.0,6.02881497556,0.0,0.168945579711,0.168945579711,0.168945579711,0.10499466246,0.0239253881486,0.0965695025408,0.373791345452
 10/07  05:00:00,0.862502923277,6.68154021918,0.0,6.03708956175,0.0,0.169182237171,0.169182237171,0.169182237171,0.113744217436,0.0259191712579,0.11313619785,0.417121099562
 10/07  06:00:00,1.17212720597,8.06341073674,0.0,6.87611645466,0.0,0.192703152869,0.192703152869,0.192703152869,0.236238042214,0.053832125625,0.184011473552,0.48194241171
 10/07  07:00:00,1.62208094766,7.42529139585,0.0,6.08418835567,0.0,0.17053832334,0.17053832334,0.17053832334,0.481225534922,0.109658009925,0.287659158907,0.51209992057
 10/07  08:00:00,1.5269275965,7.41910455865,0.0,6.11508172757,0.0,0.171438964763,0.171438964763,0.171438964763,0.42872817676,0.0976953357036,0.372714216214,0.432950903063
 10/07  09:00:00,1.2789695462,7.24597648919,0.0,6.06332878904,0.0,0.170006432703,0.170006432703,0.170006432703,0.209989298612,0.0478507885143,0.459246797427,0.368476228948
 10/07  10:00:00,1.24995662182,6.83830689803,0.0,5.79674993378,0.0,0.162535403674,0.162535403674,0.162535403674,0.166241522483,0.0378818729679,0.482755642921,0.37714217977
 10/07  11:00:00,1.23065068421,5.28147403653,0.0,4.36768344542,0.0,0.122458207619,0.122458207619,0.122458207619,0.166241522483,0.0378818729679,0.503411355357,0.377257725781
 10/07  12:00:00,1.20558005916,5.06212004847,0.0,4.24683271247,0.0,0.119064895992,0.119064895992,0.119064895992,0.166241522483,0.0378818729679,0.488089072534,0.370902695178
 10/07  13:00:00,1.14415662772,3.93831610951,0.0,3.18216601757,0.0,0.0892127460396,0.0892127460396,0.0892127460396,0.166241522483,0.0378818729679,0.443692183839,0.383728302395
 10/07  14:00:00,1.1169426578,3.38550017953,0.0,2.68488531813,0.0,0.0752723398617,0.0752723398617,0.0752723398617,0.166241522483,0.0378818729679,0.40881151604,0.405335406444
 10/07  15:00:00,1.15479378767,3.21480865813,0.0,2.50594303253,0.0,0.0702606399349,0.0702606399349,0.0702606399349,0.174991104516,0.0398756316427,0.418399532998,0.427866878581
 10/07  16:00:00,1.35082802911,3.48963796763,0.0,2.70144007673,0.0,0.0757490857715,0.0757490857715,0.0757490857715,0.218738880645,0.0498445471892,0.4770039875,0.506091528
 10/07  17:00:00,1.74659776891,3.92802879445,0.0,2.9847947753,0.0,0.0837097635756,0.0837097635756,0.0837097635756,0.358731788568,0.0817450830465,0.584190809405,0.614820324312
 10/07  18:00:00,2.14338196927,4.19215161385,0.0,3.09934949625,0.0,0.0869458603415,0.0869458603415,0.0869458603415,0.656216639438,0.149533672111,0.529776492066,0.66750930531
 10/07  19:00:00,2.52038281888,4.94011525634,0.0,3.81550688261,0.0,0.107072621374,0.107072621374,0.107072621374,1.03244746053,0.23526630305,0.433195570576,0.689000863348
 10/07  20:00:00,2.6353833849,5.14770320878,0.0,4.10150144049,0.0,0.115128525885,0.115128525885,0.115128525885,1.13744217436,0.259191712579,0.387533176485,0.712687795595
 10/07  21:00:00,2.39194964168,5.70388375434,0.0,4.76552427729,0.0,0.133798481557,0.133798481557,0.133798481557,0.953701621847,0.217322261175,0.367678107085,0.696049170016
 10/07  22:00:00,1.95311434749,6.0909458976,0.0,5.32046644447,0.0,0.149394890071,0.149394890071,0.149394890071,0.717463577136,0.16349013555,0.297024389604,0.602341355129
 10/07  23:00:00,1.53453059214,6.86293310589,0.0,6.27745598172,0.0,0.176282068822,0.176282068822,0.176282068822,0.498724698988,0.113645588361,0.199054806327,0.523423429644
 10/07  24:00:00,1.08257952101,6.96204698187,0.0,6.57289795271,0.0,0.184594971507,0.184594971507,0.184594971507,0.253737074741,0.0578196735178,0.13007689818,0.432950903063
 10/08  01:00:00,0.918819677175,7.18941394157,0.0,6.88478754333,0.0,0.193349957984,0.193349957984,0.193349957984,0.15749194045,0.03588808375,0.110055957183,0.398633737808
 10/08  02:00:00,0.845265896939,7.59747056003,0.0,7.31550054094,0.0,0.205447931417,0.205447931417,0.205447931417,0.10499466246,0.0239253881486,0.0934860175435,0.39401189737
 10/08  03:00:00,0.838353410281,7.92382440427,0.0,7.63587338836,0.0,0.214442184417,0.214442184417,0.214442184417,0.10499466246,0.0239253881486,0.0831254864125,0.388465688844
 10/08  04:00:00,0.839083778323,8.0587052204,0.0,7.70515820949,0.0,0.216402879721,0.216402879721,0.216402879721,0.10499466246,0.0239253881486,0.0965695025408,0.373791345452
 10/08  05:00:00,0.911723163396,8.420222426,0.0,7.77556831965,0.0,0.21840247729,0.21840247729,0.21840247729,0.113744217436,0.0259191712579,0.11313619785,0.417121099562
 10/08  06:00:00,1.19289644933,8.78876509932,0.0,7.59949485139,0.0,0.213472396232,0.213472396232,0.213472396232,0.236238042214,0.053832125625,0.184011473552,0.48194241171
 10/08  07:00:00,1.68378713341,9.61112684292,0.0,8.26706963447,0.0,0.232244509086,0.232244509086,0.232244509086,0.481225534922,0.109658009925,0.287659158907,0.51209992057
 10/08  08:00:00,1.56001740371,8.58508011194,0.0,7.27878489711,0.0,0.204528771971,0.204528771971,0.204528771971,0.42872817676,0.0976953357036,0.372714216214,0.432950903063
 10/08  09:00:00,1.3215784309,8.75074512684,0.0,7.56604053185,0.0,0.212615317399,0.212615317399,0.212615317399,0.209989298612,0.0478507885143,0.459246797427,0.368476228948
 10/08  10:00:00,1.28373338551,8.02895632852,0.0,6.98570669491,0.0,0.19631216737,0.19631216737,0.19631216737,0.166241522483,0.0378818729679,0.482755642921,0.37714217977
 10/08  11:00:00,1.28947633982,7.36553876382,0.0,6.45080242781,0.0,0.181283863226,0.181283863226,0.181283863226,0.166241522483,0.0378818729679,0.503411355357,0.377257725781
 10/08  12:00:00,1.26259397535,7.08123724366,0.0,6.26527864009,0.0,0.176078812187,0.176078812187,0.176078812187,0.166241522483,0.0378818729679,0.488089072534,0.370902695178
 10/08  13:00:00,1.21029598326,6.28374198514,0.0,5.52732050593,0.0,0.155352101573,0.155352101573,0.155352101573,0.166241522483,0.0378818729679,0.443692183839,0.383728302395
 10/08  14:00:00,1.1918518243,6.04382977736,0.0,5.34336035568,0.0,0.150181506365,0.150181506365,0.150181506365,0.166241522483,0.0378818729679,0.40881151604,0.405335406444
 10/08  15:00:00,1.24224522686,6.31993734929,0.0,5.61120411996,0.0,0.157712079127,0.157712079127,0.157712079127,0.174991104516,0.0398756316427,0.418399532998,0.427866878581
 10/08  16:00:00,1.42468575009,6.11077952613,0.0,5.32239879478,0.0,0.149606806753,0.149606806753,0.149606806753,0.218738880645,0.0498445471892,0.4770039875,0.506091528
 10/08  17:00:00,1.84592740953,7.45429363876,0.0,6.51054878202,0.0,0.183039404195,0.183039404195,0.183039404195,0.358731788568,0.0817450830465,0.584190809405,0.614820324312
 10/08  18:00:00,2.22117103046,6.95200449532,0.0,5.85812202235,0.0,0.164734921534,0.164734921534,0.164734921534,0.656216639438,0.149533672111,0.529776492066,0.66750930531
 10/08  19:00:00,2.58014591404,7.05823167945,0.0,5.93196735607,0.0,0.16683571653,0.16683571653,0.16683571653,1.03244746053,0.23526630305,0.433195570576,0.689000863348
 10/08  20:00:00,2.69221499867,7.16028721801,0.0,6.11288286214,0.0,0.171960139649,0.171960139649,0.171960139649,1.13744217436,0.259191712579,0.387533176485,0.712687795595
 10/08  21:00:00,2.4423355049,7.48608351096,0.0,6.54651675382,0.0,0.184184344775,0.184184344775,0.184184344775,0.953701621847,0.217322261175,0.367678107085,0.696049170016
 10/08  22:00:00,1.99817908484,7.68215527274,0.0,6.91099442064,0.0,0.194459627422,0.194459627422,0.194459627422,0.717463577136,0.16349013555,0.297024389604,0.602341355129
 10/08  23:00:00,1.56166019289,7.81457211426,0.0,7.22874030638,0.0,0.20341166957,0.20341166957,0.20341166957,0.498724698988,0.113645588361,0.199054806327,0.523423429644
 10/08  24:00:00,1.11378090186,8.05772039445,0.0,7.66874382236,0.0,0.215796352358,0.215796352358,0.215796352358,0.253737074741,0.0578196735178,0.13007689818,0.432950903063
 10/09  01:00:00,0.943443095875,8.20661809206,0.0,7.91010050686,0.0,0.222578238083,0.222578238083,0.222578238083,0.15749194045,0.03588808375,0.105451095784,0.398633737808
 10/09  02:00:00,0.877028685369,8.81442259768,0.0,8.53864642257,0.0,0.240257164667,0.240257164667,0.240257164667,0.10499466246,0.0239253881486,0.0904395727229,0.39401189737
 10/09  03:00:00,0.866446779852,8.95736340601,0.0,8.67604452594,0.0,0.24412852551,0.24412852551,0.24412852551,0.10499466246,0.0239253881486,0.0815325148897,0.388465688844
 10/09  04:00:00,0.87309776285,9.35059876703,0.0,9.00980983249,0.0,0.253533212444,0.253533212444,0.253533212444,0.10499466246,0.0239253881486,0.0934531543451,0.373791345452
 10/09  05:00:00,0.938081083566,9.47652817272,0.0,8.86737335224,0.0,0.249539872127,0.249539872127,0.249539872127,0.113744217436,0.0259191712579,0.108356723184,0.417121099562
 10/09  06:00:00,1.24348327673,10.9320671409,0.0,9.82334150681,0.0,0.276455654478,0.276455654478,0.276455654478,0.236238042214,0.053832125625,0.171615042699,0.48194241171
 10/09  07:00:00,1.69703507406,10.8449382526,0.0,9.59896393357,0.0,0.270180705166,0.270180705166,0.270180705166,0.481225534922,0.109658009925,0.26297090348,0.51209992057
 10/09  08:00:00,1.52997982802,8.74796263244,0.0,7.54334782321,0.0,0.212334713767,0.212334713767,0.212334713767,0.42872817676,0.0976953357036,0.334870698725,0.432950903063
 10/09  09:00:00,1.2032268708,6.30855641352,0.0,5.21670663769,0.0,0.14679999192,0.14679999192,0.14679999192,0.209989298612,0.0478507885143,0.406710562808,0.368476228948
 10/09  10:00:00,1.13830459095,4.8844444108,0.0,3.9202158934,0.0,0.110285640059,0.110285640059,0.110285640059,0.166241522483,0.0378818729679,0.423353375669,0.37714217977
 10/09  11:00:00,1.11764928678,3.3630677871,0.0,2.51333709711,0.0,0.0706936960734,0.0706936960734,0.0706936960734,0.166241522483,0.0378818729679,0.442174469475,0.377257725781
 10/09  12:00:00,1.08042177633,2.52658536586,0.0,1.76663246686,0.0,0.0496855367408,0.0496855367408,0.0496855367408,0.166241522483,0.0378818729679,0.432310148963,0.370902695178
 10/09  13:00:00,1.02935027991,1.60638649393,0.0,0.898199191409,0.0,0.0252591026492,0.0252591026492,0.0252591026492,0.166241522483,0.0378818729679,0.392839479418,0.383728302395
 10/09  14:00:00,1.02292237987,1.61334267753,0.0,0.956546943313,0.0,0.0268985626483,0.0268985626483,0.0268985626483,0.166241522483,0.0378818729679,0.363165015326,0.405335406444
 10/09  15:00:00,1.06616948086,1.54976920195,0.0,0.884507795853,0.0,0.0248718013087,0.0248718013087,0.0248718013087,0.174991104516,0.0398756316427,0.375164064812,0.427866878581
 10/09  16:00:00,1.24257604658,1.06908489243,0.0,0.334350399482,0.0,0.00940134222049,0.00940134222049,0.00940134222049,0.218738880645,0.0498445471892,0.435099748529,0.506091528
 10/09  17:00:00,1.66041212716,2.25756403752,0.0,1.37873749174,0.0,0.0387680402698,0.0387680402698,0.0387680402698,0.358731788568,0.0817450830465,0.542946890966,0.614820324312
 10/09  18:00:00,2.05288351566,2.30577849144,0.0,1.29707114899,0.0,0.0364761080483,0.0364761080483,0.0364761080483,0.656216639438,0.149533672111,0.489747790749,0.66750930531
 10/09  19:00:00,2.41008762229,2.33671346032,0.0,1.30595411644,0.0,0.0367296378619,0.0367296378619,0.0367296378619,1.03244746053,0.23526630305,0.393243357496,0.689000863348
 10/09  20:00:00,2.54581139477,3.3104586969,0.0,2.35407476653,0.0,0.0662211343257,0.0662211343257,0.0662211343257,1.13744217436,0.259191712579,0.346868577915,0.712687795595
 10/09  21:00:00,2.3002209431,3.8351851065,0.0,2.9718445513,0.0,0.0836111165511,0.0836111165511,0.0836111165511,0.953701621847,0.217322261175,0.326136773512,0.696049170016
 10/09  22:00:00,1.8777453986,4.51557448784,0.0,3.80421836436,0.0,0.107034688327,0.107034688327,0.107034688327,0.717463577136,0.16349013555,0.264015642455,0.602341355129
 10/09  23:00:00,1.45073758999,4.48065223513,0.0,3.93154251735,0.0,0.110613052848,0.110613052848,0.110613052848,0.498724698988,0.113645588361,0.180930820152,0.523423429644
 10/09  24:00:00,0.997922749613,4.20137515104,0.0,3.82508280538,0.0,0.107607497007,0.107607497007,0.107607497007,0.253737074741,0.0578196735178,0.122407601285,0.432950903063
 10/10  01:00:00,0.839205470107,4.50540184661,0.0,4.20715785012,0.0,0.118340612315,0.118340612315,0.118340612315,0.15749194045,0.03588808375,0.105451095784,0.398633737808
 10/10  02:00:00,0.761954466368,4.72837864309,0.0,4.45079325875,0.0,0.125182945667,0.125182945667,0.125182945667,0.10499466246,0.0239253881486,0.0904395727229,0.39401189737
 10/10  03:00:00,0.744829956062,4.63933046217,0.0,4.35606204606,0.0,0.12251170172,0.12251170172,0.12251170172,0.10499466246,0.0239253881486,0.0815325148897,0.388465688844
 10/10  04:00:00,0.749189976169,4.95239826553,0.0,4.60922483839,0.0,0.129625425763,0.129625425763,0.129625425763,0.10499466246,0.0239253881486,0.0934531543451,0.373791345452
 10/10  05:00:00,0.820910229485,5.31978454865,0.0,4.70733530817,0.0,0.132369018046,0.132369018046,0.132369018046,0.113744217436,0.0259191712579,0.108356723184,0.417121099562
 10/10  06:00:00,1.09638657718,5.71445275416,0.0,4.60079987535,0.0,0.129358954931,0.129358954931,0.129358954931,0.236238042214,0.053832125625,0.171615042699,0.48194241171
 10/10  07:00:00,1.56780417587,6.26531630193,0.0,5.01360798881,0.0,0.140949806977,0.140949806977,0.140949806977,0.481225534922,0.109658009925,0.26297090348,0.51209992057
 10/10  08:00:00,1.42780661737,5.12865806786,0.0,3.91894326384,0.0,0.110161503115,0.110161503115,0.110161503115,0.42872817676,0.0976953357036,0.334870698725,0.432950903063
 10/10  09:00:00,1.12943344514,3.69441648891,0.0,2.59795894121,0.0,0.0730065662553,0.0730065662553,0.0730065662553,0.209989298612,0.0478507885143,0.406710562808,0.368476228948
 10/10  10:00:00,1.08027603026,2.82837715122,0.0,1.86019871676,0.0,0.052257079369,0.052257079369,0.052257079369,0.166241522483,0.0378818729679,0.423353375669,0.37714217977
 10/10  11:00:00,1.05894927086,1.28038489278,0.0,0.427059930624,0.0,0.0119936801489,0.0119936801489,0.0119936801489,0.166241522483,0.0378818729679,0.442174469475,0.377257725781
 10/10  12:00:00,1.03073623959,0.763134598955,0.0,0.0,0.0,0.0,0.0,0.0,0.166241522483,0.0378818729679,0.432310148963,0.370902695178
 10/10  13:00:00,1.00409117726,0.710737755445,0.0,0.0,0.0,0.0,0.0,0.0,0.166241522483,0.0378818729679,0.392839479418,0.383728302395
 10/10  14:00:00,0.99602381722,0.659047556991,0.0,0.0,0.0,0.0,0.0,0.0,0.166241522483,0.0378818729679,0.363165015326,0.405335406444
 10/10  15:00:00,1.04129767955,0.667380278699,0.0,0.0,0.0,0.0,0.0,0.0,0.174991104516,0.0398756316427,0.375164064812,0.427866878581
 10/10  16:00:00,1.23317470436,0.736611987038,0.0,0.0,0.0,0.0,0.0,0.0,0.218738880645,0.0498445471892,0.435099748529,0.506091528
 10/10  17:00:00,1.62164408689,0.881166485938,0.0,0.0,0.0,0.0,0.0,0.0,0.358731788568,0.0817450830465,0.542946890966,0.614820324312
 10/10  18:00:00,2.01640740761,1.01140014193,0.0,0.0,0.0,0.0,0.0,0.0,0.656216639438,0.149533672111,0.489747790749,0.66750930531
 10/10  19:00:00,2.37335798443,1.03302096748,0.0,0.0,0.0,0.0,0.0,0.0,1.03244746053,0.23526630305,0.393243357496,0.689000863348
 10/10  20:00:00,2.47959026045,0.958834355752,0.0,0.0,0.0,0.0,0.0,0.0,1.13744217436,0.259191712579,0.346868577915,0.712687795595
 10/10  21:00:00,2.22716211494,1.24159577537,0.0,0.375793421545,0.0,0.0105522883851,0.0105522883851,0.0105522883851,0.953701621847,0.217322261175,0.326136773512,0.696049170016
 10/10  22:00:00,1.80385909202,1.89424126115,0.0,1.18074670847,0.0,0.0331483817533,0.0331483817533,0.0331483817533,0.717463577136,0.16349013555,0.264015642455,0.602341355129
 10/10  23:00:00,1.4001742697,2.68960802989,0.0,2.13910154447,0.0,0.0600497325503,0.0600497325503,0.0600497325503,0.498724698988,0.113645588361,0.180930820152,0.523423429644
 10/10  24:00:00,0.967755578285,3.13562429911,0.0,2.7585999977,0.0,0.0774403256785,0.0774403256785,0.0774403256785,0.253737074741,0.0578196735178,0.122407601285,0.432950903063
 10/11  01:00:00,0.81844556792,3.77497870084,0.0,3.4762987202,0.0,0.097580710128,0.097580710128,0.097580710128,0.15749194045,0.03588808375,0.105451095784,0.398633737808
 10/11  02:00:00,0.747301003405,4.2155290415,0.0,3.93779930266,0.0,0.110529482704,0.110529482704,0.110529482704,0.10499466246,0.0239253881486,0.0904395727229,0.39401189737
 10/11  03:00:00,0.74185104567,4.54212210723,0.0,4.25870995116,0.0,0.119532791328,0.119532791328,0.119532791328,0.10499466246,0.0239253881486,0.0815325148897,0.388465688844
 10/11  04:00:00,0.747683114694,4.90822289279,0.0,4.56486951819,0.0,0.128118564289,0.128118564289,0.128118564289,0.10499466246,0.0239253881486,0.0934531543451,0.373791345452
 10/11  05:00:00,0.820222642862,5.3053451517,0.0,4.69196614986,0.0,0.131681431423,0.131681431423,0.131681431423,0.113744217436,0.0259191712579,0.108356723184,0.417121099562
 10/11  06:00:00,1.0977363492,5.77346980102,0.0,4.65737413989,0.0,0.130708726949,0.130708726949,0.130708726949,0.236238042214,0.053832125625,0.171615042699,0.48194241171
 10/11  07:00:00,1.54794704158,5.56935711081,0.0,4.31478925242,0.0,0.121092672688,0.121092672688,0.121092672688,0.481225534922,0.109658009925,0.26297090348,0.51209992057
 10/11  08:00:00,1.40801696626,4.43339609316,0.0,3.22039551162,0.0,0.0903718520061,0.0903718520061,0.0903718520061,0.42872817676,0.0976953357036,0.334870698725,0.432950903063
 10/11  09:00:00,1.09999083199,2.65237356687,0.0,1.55277778521,0.0,0.0435639531119,0.0435639531119,0.0435639531119,0.209989298612,0.0478507885143,0.406710562808,0.368476228948
 10/11  10:00:00,1.0439203904,1.53783456689,0.0,0.56691990933,0.0,0.0159014395113,0.0159014395113,0.0159014395113,0.166241522483,0.0378818729679,0.423353375669,0.37714217977
 10/11  11:00:00,1.04695559071,0.855377898403,0.0,0.0,0.0,0.0,0.0,0.0,0.166241522483,0.0378818729679,0.442174469475,0.377257725781
 10/11  12:00:00,1.03073623959,0.764544847367,0.0,0.0,0.0,0.0,0.0,0.0,0.166241522483,0.0378818729679,0.432310148963,0.370902695178
 10/11  13:00:00,1.00409117726,0.71180495022,0.0,0.0,0.0,0.0,0.0,0.0,0.166241522483,0.0378818729679,0.392839479418,0.383728302395
 10/11  14:00:00,0.99602381722,0.659866783723,0.0,0.0,0.0,0.0,0.0,0.0,0.166241522483,0.0378818729679,0.363165015326,0.405335406444
 10/11  15:00:00,1.04129767955,0.668095434459,0.0,0.0,0.0,0.0,0.0,0.0,0.174991104516,0.0398756316427,0.375164064812,0.427866878581
 10/11  16:00:00,1.23317470436,0.73736113888,0.0,0.0,0.0,0.0,0.0,0.0,0.218738880645,0.0498445471892,0.435099748529,0.506091528
 10/11  17:00:00,1.62164408689,0.88223553084,0.0,0.0,0.0,0.0,0.0,0.0,0.358731788568,0.0817450830465,0.542946890966,0.614820324312
 10/11  18:00:00,2.01640740761,1.01261860411,0.0,0.0,0.0,0.0,0.0,0.0,0.656216639438,0.149533672111,0.489747790749,0.66750930531
 10/11  19:00:00,2.37335798443,1.03400090153,0.0,0.0,0.0,0.0,0.0,0.0,1.03244746053,0.23526630305,0.393243357496,0.689000863348
 10/11  20:00:00,2.47959026045,0.959386013207,0.0,0.0,0.0,0.0,0.0,0.0,1.13744217436,0.259191712579,0.346868577915,0.712687795595
 10/11  21:00:00,2.21660982655,0.86611097388,0.0,0.0,0.0,0.0,0.0,0.0,0.953701621847,0.217322261175,0.326136773512,0.696049170016
 10/11  22:00:00,1.77071071027,0.713550727198,0.0,0.0,0.0,0.0,0.0,0.0,0.717463577136,0.16349013555,0.264015642455,0.602341355129
 10/11  23:00:00,1.34012453714,0.550359135218,0.0,0.0,0.0,0.0,0.0,0.0,0.498724698988,0.113645588361,0.180930820152,0.523423429644
 10/11  24:00:00,0.890315252607,0.377168140758,0.0,0.0,0.0,0.0,0.0,0.0,0.253737074741,0.0578196735178,0.122407601285,0.432950903063
 10/12  01:00:00,0.722240863078,0.347782378431,0.0,0.0490624719343,0.0,0.00137600528576,0.00137600528576,0.00137600528576,0.15749194045,0.03588808375,0.105451095784,0.398633737808
 10/12  02:00:00,0.654554620727,0.91106242323,0.0,0.633079584404,0.0,0.0177831000257,0.0177831000257,0.0177831000257,0.10499466246,0.0239253881486,0.0904395727229,0.39401189737
 10/12  03:00:00,0.655479638298,1.46574538286,0.0,1.18204455552,0.0,0.0331613839563,0.0331613839563,0.0331613839563,0.10499466246,0.0239253881486,0.0815325148897,0.388465688844
 10/12  04:00:00,0.67966946429,2.48637075599,0.0,2.14264130783,0.0,0.0601049138846,0.0601049138846,0.0601049138846,0.10499466246,0.0239253881486,0.0934531543451,0.373791345452
 10/12  05:00:00,0.753933040664,2.94554902878,0.0,2.33113720673,0.0,0.0653918292251,0.0653918292251,0.0653918292251,0.113744217436,0.0259191712579,0.108356723184,0.417121099562
 10/12  06:00:00,1.02367424163,3.13811350841,0.0,2.01941233837,0.0,0.0566466193857,0.0566466193857,0.0566466193857,0.236238042214,0.053832125625,0.171615042699,0.48194241171
 10/12  07:00:00,1.49858233346,3.81511387529,0.0,2.55721507291,0.0,0.0717279645606,0.0717279645606,0.0717279645606,0.481225534922,0.109658009925,0.26297090348,0.51209992057
 10/12  08:00:00,1.37663720706,3.31929035349,0.0,2.10359338128,0.0,0.0589920928057,0.0589920928057,0.0589920928057,0.42872817676,0.0976953357036,0.334870698725,0.432950903063
 10/12  09:00:00,1.10750660983,2.92318718016,0.0,1.82179788089,0.0,0.0510797309478,0.0510797309478,0.0510797309478,0.209989298612,0.0478507885143,0.406710562808,0.368476228948
 10/12  10:00:00,1.06335147099,2.23271922504,0.0,1.26049096113,0.0,0.0353325200998,0.0353325200998,0.0353325200998,0.166241522483,0.0378818729679,0.423353375669,0.37714217977
 10/12  11:00:00,1.07310059249,1.78946692503,0.0,0.932974194968,0.0,0.0261450017839,0.0261450017839,0.0261450017839,0.166241522483,0.0378818729679,0.442174469475,0.377257725781
 10/12  12:00:00,1.05316398467,1.5659924887,0.0,0.800423880873,0.0,0.0224277450752,0.0224277450752,0.0224277450752,0.166241522483,0.0378818729679,0.432310148963,0.370902695178
 10/12  13:00:00,1.01869708715,1.23449352444,0.0,0.521338160105,0.0,0.014605909885,0.014605909885,0.014605909885,0.166241522483,0.0378818729679,0.392839479418,0.383728302395
 10/12  14:00:00,0.99602381722,0.66149992703,0.0,0.0,0.0,0.0,0.0,0.0,0.166241522483,0.0378818729679,0.363165015326,0.405335406444
 10/12  15:00:00,1.04129767955,0.670040818331,0.0,0.0,0.0,0.0,0.0,0.0,0.174991104516,0.0398756316427,0.375164064812,0.427866878581
 10/12  16:00:00,1.23317470436,0.739891497778,0.0,0.0,0.0,0.0,0.0,0.0,0.218738880645,0.0498445471892,0.435099748529,0.506091528
 10/12  17:00:00,1.62164408689,0.885318448311,0.0,0.0,0.0,0.0,0.0,0.0,0.358731788568,0.0817450830465,0.542946890966,0.614820324312
 10/12  18:00:00,2.01640740761,1.01630459758,0.0,0.0,0.0,0.0,0.0,0.0,0.656216639438,0.149533672111,0.489747790749,0.66750930531
 10/12  19:00:00,2.37335798443,1.03822689817,0.0,0.0,0.0,0.0,0.0,0.0,1.03244746053,0.23526630305,0.393243357496,0.689000863348
 10/12  20:00:00,2.47959026045,0.96360960081,0.0,0.0,0.0,0.0,0.0,0.0,1.13744217436,0.259191712579,0.346868577915,0.712687795595
 10/12  21:00:00,2.21660982655,0.869936282255,0.0,0.0,0.0,0.0,0.0,0.0,0.953701621847,0.217322261175,0.326136773512,0.696049170016
 10/12  22:00:00,1.78160725857,1.10579755648,0.0,0.388932372387,0.0,0.0108965482979,0.0108965482979,0.0108965482979,0.717463577136,0.16349013555,0.264015642455,0.602341355129
 10/12  23:00:00,1.36966411058,1.60770654185,0.0,1.05473297368,0.0,0.029539573432,0.029539573432,0.029539573432,0.498724698988,0.113645588361,0.180930820152,0.523423429644
 10/12  24:00:00,0.945820644426,2.36061948887,0.0,1.98217933799,0.0,0.0555053918192,0.0555053918192,0.0555053918192,0.253737074741,0.0578196735178,0.122407601285,0.432950903063
 10/13  01:00:00,0.792245048785,2.84866581815,0.0,2.54916861485,0.0,0.0713801909926,0.0713801909926,0.0713801909926,0.15749194045,0.03588808375,0.105451095784,0.398633737808
 10/13  02:00:00,0.717487052591,3.16114051785,0.0,2.88264761123,0.0,0.0807155318902,0.0807155318902,0.0807155318902,0.10499466246,0.0239253881486,0.0904395727229,0.39401189737
 10/13  03:00:00,0.711527058421,3.47028491174,0.0,3.18608924564,0.0,0.0892088040794,0.0892088040794,0.0892088040794,0.10499466246,0.0239253881486,0.0815325148897,0.388465688844
 10/13  04:00:00,0.714787007937,3.74551624318,0.0,3.40097380273,0.0,0.0952224575316,0.0952224575316,0.0952224575316,0.10499466246,0.0239253881486,0.0934531543451,0.373791345452
 10/13  05:00:00,0.790730202213,4.26613105401,0.0,3.64997922925,0.0,0.102188990774,0.102188990774,0.102188990774,0.113744217436,0.0259191712579,0.108356723184,0.417121099562
 10/13  06:00:00,1.09285546838,5.61609977877,0.0,4.49448590922,0.0,0.125827846133,0.125827846133,0.125827846133,0.236238042214,0.053832125625,0.171615042699,0.48194241171
 10/13  07:00:00,1.55216157308,5.73624004069,0.0,4.47549624202,0.0,0.12530720418,0.12530720418,0.12530720418,0.481225534922,0.109658009925,0.26297090348,0.51209992057
 10/13  08:00:00,1.42426812947,5.02626188763,0.0,3.80772098278,0.0,0.106623015216,0.106623015216,0.106623015216,0.42872817676,0.0976953357036,0.334870698725,0.432950903063
 10/13  09:00:00,1.15926773822,4.77685130073,0.0,3.6729574223,0.0,0.102840859343,0.102840859343,0.102840859343,0.209989298612,0.0478507885143,0.406710562808,0.368476228948
 10/13  10:00:00,1.1417672818,5.03679596045,0.0,4.06283870539,0.0,0.113748330907,0.113748330907,0.113748330907,0.166241522483,0.0378818729679,0.423353375669,0.37714217977
 10/13  11:00:00,1.13222102433,3.90358885897,0.0,3.0457588566,0.0,0.0852654336203,0.0852654336203,0.0852654336203,0.166241522483,0.0378818729679,0.442174469475,0.377257725781
 10/13  12:00:00,1.10409436412,3.38769756066,0.0,2.62074596521,0.0,0.0733581245314,0.0733581245314,0.0733581245314,0.166241522483,0.0378818729679,0.432310148963,0.370902695178
 10/13  13:00:00,1.06641806418,2.94107958482,0.0,2.22680130293,0.0,0.0623268869169,0.0623268869169,0.0623268869169,0.166241522483,0.0378818729679,0.392839479418,0.383728302395
 10/13  14:00:00,1.05583096765,2.79922549246,0.0,2.13686438993,0.0,0.0598071504332,0.0598071504332,0.0598071504332,0.166241522483,0.0378818729679,0.363165015326,0.405335406444
 10/13  15:00:00,1.09895111373,2.73085893867,0.0,2.05992915184,0.0,0.057653434179,0.057653434179,0.057653434179,0.174991104516,0.0398756316427,0.375164064812,0.427866878581
 10/13  16:00:00,1.29418948135,2.92097413542,0.0,2.17994421409,0.0,0.0610147769863,0.0610147769863,0.0610147769863,0.218738880645,0.0498445471892,0.435099748529,0.506091528
 10/13  17:00:00,1.69826209859,3.62354043704,0.0,2.73679285168,0.0,0.0766180116941,0.0766180116941,0.0766180116941,0.358731788568,0.0817450830465,0.542946890966,0.614820324312
 10/13  18:00:00,2.08541046687,3.48250024254,0.0,2.4642192884,0.0,0.0690030592636,0.0690030592636,0.0690030592636,0.656216639438,0.149533672111,0.489747790749,0.66750930531
 10/13  19:00:00,2.45127709737,3.82192170733,0.0,2.78189106572,0.0,0.0779191129471,0.0779191129471,0.0779191129471,1.03244746053,0.23526630305,0.393243357496,0.689000863348
 10/13  20:00:00,2.56746850734,4.10197245989,0.0,3.13681039049,0.0,0.0878782468909,0.0878782468909,0.0878782468909,1.13744217436,0.259191712579,0.346868577915,0.712687795595
 10/13  21:00:00,2.3153890026,4.39648500072,0.0,3.5253557533,0.0,0.0987791760517,0.0987791760517,0.0987791760517,0.953701621847,0.217322261175,0.326136773512,0.696049170016
 10/13  22:00:00,1.88325882253,4.7337638382,0.0,4.01636782732,0.0,0.112548112261,0.112548112261,0.112548112261,0.717463577136,0.16349013555,0.264015642455,0.602341355129
 10/13  23:00:00,1.46648299896,5.0619627901,0.0,4.50897688587,0.0,0.126358461816,0.126358461816,0.126358461816,0.498724698988,0.113645588361,0.180930820152,0.523423429644
 10/13  24:00:00,1.03065507215,5.38554589082,0.0,5.00750421397,0.0,0.140339819546,0.140339819546,0.140339819546,0.253737074741,0.0578196735178,0.122407601285,0.432950903063
 10/14  01:00:00,0.880320285848,5.83155422845,0.0,5.52482661877,0.0,0.154850566657,0.154850566657,0.154850566657,0.15749194045,0.03588808375,0.110055957183,0.398633737808
 10/14  02:00:00,0.801042177698,6.03520803426,0.0,5.75165192904,0.0,0.161224212177,0.161224212177,0.161224212177,0.10499466246,0.0239253881486,0.0934860175435,0.39401189737
 10/14  03:00:00,0.79001785762,6.21491905497,0.0,5.92524131329,0.0,0.166106631755,0.166106631755,0.166106631755,0.10499466246,0.0239253881486,0.0831254864125,0.388465688844
 10/14  04:00:00,0.798253976169,6.61891201649,0.0,6.26232005221,0.0,0.175573077567,0.175573077567,0.175573077567,0.10499466246,0.0239253881486,0.0965695025408,0.373791345452
 10/14  05:00:00,0.869513105488,6.93692274275,0.0,6.2840731809,0.0,0.176192419382,0.176192419382,0.176192419382,0.113744217436,0.0259191712579,0.11313619785,0.417121099562
 10/14  06:00:00,1.14945963915,7.27154710956,0.0,6.06420629386,0.0,0.170035586046,0.170035586046,0.170035586046,0.236238042214,0.053832125625,0.184011473552,0.48194241171
 10/14  07:00:00,1.6406885855,8.11097757307,0.0,6.74573313939,0.0,0.18914596118,0.18914596118,0.18914596118,0.481225534922,0.109658009925,0.287659158907,0.51209992057
 10/14  08:00:00,1.53758226245,7.82087893195,0.0,6.49393498123,0.0,0.182093630712,0.182093630712,0.182093630712,0.42872817676,0.0976953357036,0.372714216214,0.432950903063
 10/14  09:00:00,1.28860926647,7.60834704183,0.0,6.405265567,0.0,0.179646152972,0.179646152972,0.179646152972,0.209989298612,0.0478507885143,0.459246797427,0.368476228948
 10/14  10:00:00,1.28480187569,8.09584771984,0.0,7.0368530777,0.0,0.19738065755,0.19738065755,0.19738065755,0.166241522483,0.0378818729679,0.482755642921,0.37714217977
 10/14  11:00:00,1.28134083541,7.10060679099,0.0,6.1725886377,0.0,0.173148358825,0.173148358825,0.173148358825,0.166241522483,0.0378818729679,0.503411355357,0.377257725781
 10/14  12:00:00,1.26123581321,7.05602326885,0.0,6.22869724572,0.0,0.174720650044,0.174720650044,0.174720650044,0.166241522483,0.0378818729679,0.488089072534,0.370902695178
 10/14  13:00:00,1.225847099,6.85895812968,0.0,6.09255258425,0.0,0.170903217313,0.170903217313,0.170903217313,0.166241522483,0.0378818729679,0.443692183839,0.383728302395
 10/14  14:00:00,1.21346795644,6.8333215091,0.0,6.12406860652,0.0,0.17179763851,0.17179763851,0.17179763851,0.166241522483,0.0378818729679,0.40881151604,0.405335406444
 10/14  15:00:00,1.2552977402,6.80446934655,0.0,6.08692787842,0.0,0.170764592464,0.170764592464,0.170764592464,0.174991104516,0.0398756316427,0.418399532998,0.427866878581
 10/14  16:00:00,1.44893967138,6.99481406857,0.0,6.19630294905,0.0,0.173860728047,0.173860728047,0.173860728047,0.218738880645,0.0498445471892,0.4770039875,0.506091528
 10/14  17:00:00,1.84678919752,7.50999129653,0.0,6.55338232321,0.0,0.18390119219,0.18390119219,0.18390119219,0.358731788568,0.0817450830465,0.584190809405,0.614820324312
 10/14  18:00:00,2.21950056731,6.91881517939,0.0,5.80943759079,0.0,0.163064458388,0.163064458388,0.163064458388,0.656216639438,0.149533672111,0.529776492066,0.66750930531
 10/14  19:00:00,2.58326188544,7.19571882788,0.0,6.05355859019,0.0,0.169951687937,0.169951687937,0.169951687937,1.03244746053,0.23526630305,0.433195570576,0.689000863348
 10/14  20:00:00,2.69866142064,7.41493722287,0.0,6.35305174214,0.0,0.178406561617,0.178406561617,0.178406561617,1.13744217436,0.259191712579,0.387533176485,0.712687795595
 10/14  21:00:00,2.44551970812,7.62327982255,0.0,6.67105720618,0.0,0.187368547997,0.187368547997,0.187368547997,0.953701621847,0.217322261175,0.367678107085,0.696049170016
 10/14  22:00:00,2.00079696832,7.79688480489,0.0,7.01608520232,0.0,0.197077510905,0.197077510905,0.197077510905,0.717463577136,0.16349013555,0.297024389604,0.602341355129
 10/14  23:00:00,1.58127990968,8.53141807412,0.0,7.93953238115,0.0,0.223031386358,0.223031386358,0.223031386358,0.498724698988,0.113645588361,0.199054806327,0.523423429644
 10/14  24:00:00,1.12244878929,8.38100888985,0.0,7.9896200241,0.0,0.224464239786,0.224464239786,0.224464239786,0.253737074741,0.0578196735178,0.13007689818,0.432950903063
 10/15  01:00:00,0.951951799852,8.366107355,0.0,8.06083983408,0.0,0.226482080661,0.226482080661,0.226482080661,0.15749194045,0.03588808375,0.110055957183,0.398633737808
 10/15  02:00:00,0.880521875827,8.84928556813,0.0,8.56705154425,0.0,0.240703910305,0.240703910305,0.240703910305,0.10499466246,0.0239253881486,0.0934860175435,0.39401189737
 10/15  03:00:00,0.867692722642,8.96437775421,0.0,8.67603732997,0.0,0.243781496777,0.243781496777,0.243781496777,0.10499466246,0.0239253881486,0.0831254864125,0.388465688844
 10/15  04:00:00,0.865482973843,8.99601167758,0.0,8.64053381594,0.0,0.242802075241,0.242802075241,0.242802075241,0.10499466246,0.0239253881486,0.0965695025408,0.373791345452
 10/15  05:00:00,0.931851782256,9.14084601574,0.0,8.48805398708,0.0,0.238531096151,0.238531096151,0.238531096151,0.113744217436,0.0259191712579,0.11313619785,0.417121099562
 10/15  06:00:00,1.2106964269,9.43802221164,0.0,8.22893525857,0.0,0.231272373802,0.231272373802,0.231272373802,0.236238042214,0.053832125625,0.184011473552,0.48194241171
 10/15  07:00:00,1.69855482428,10.1556516448,0.0,8.78811860741,0.0,0.247012199954,0.247012199954,0.247012199954,0.481225534922,0.109658009925,0.287659158907,0.51209992057
 10/15  08:00:00,1.56988248034,8.95513877259,0.0,7.62562923069,0.0,0.214393848595,0.214393848595,0.214393848595,0.42872817676,0.0976953357036,0.372714216214,0.432950903063
 10/15  09:00:00,1.30341759012,8.12254705717,0.0,6.91662806206,0.0,0.194454476619,0.194454476619,0.194454476619,0.209989298612,0.0478507885143,0.459246797427,0.368476228948
 10/15  10:00:00,1.2520491128,6.91811447764,0.0,5.85641591544,0.0,0.164627894657,0.164627894657,0.164627894657,0.166241522483,0.0378818729679,0.482755642921,0.37714217977
 10/15  11:00:00,1.23361396775,5.3927290465,0.0,4.46194939064,0.0,0.125421491164,0.125421491164,0.125421491164,0.166241522483,0.0378818729679,0.503411355357,0.377257725781
 10/15  12:00:00,1.18484359169,4.32825664171,0.0,3.49818060829,0.0,0.0983284285265,0.0983284285265,0.0983284285265,0.166241522483,0.0378818729679,0.488089072534,0.370902695178
 10/15  13:00:00,1.12909668407,3.40735469404,0.0,2.6381161816,0.0,0.074152802386,0.074152802386,0.074152802386,0.166241522483,0.0378818729679,0.443692183839,0.383728302395
 10/15  14:00:00,1.1245766947,3.66134872506,0.0,2.9495647394,0.0,0.0829063767615,0.0829063767615,0.0829063767615,0.166241522483,0.0378818729679,0.40881151604,0.405335406444
 10/15  15:00:00,1.16490763948,3.57937394123,0.0,2.85933114295,0.0,0.0803744917383,0.0803744917383,0.0803744917383,0.174991104516,0.0398756316427,0.418399532998,0.427866878581
 10/15  16:00:00,1.36544391692,4.01559356252,0.0,3.21443105919,0.0,0.0903649735808,0.0903649735808,0.0903649735808,0.218738880645,0.0498445471892,0.4770039875,0.506091528
 10/15  17:00:00,1.7719694768,4.83910771398,0.0,3.8794824363,0.0,0.109081471468,0.109081471468,0.109081471468,0.358731788568,0.0817450830465,0.584190809405,0.614820324312
 10/15  18:00:00,2.17000776441,5.15061849146,0.0,4.03818093089,0.0,0.113571655487,0.113571655487,0.113571655487,0.656216639438,0.149533672111,0.529776492066,0.66750930531
 10/15  19:00:00,2.54999292233,6.00344453725,0.0,4.85846204773,0.0,0.136682724818,0.136682724818,0.136682724818,1.03244746053,0.23526630305,0.433195570576,0.689000863348
 10/15  20:00:00,2.67259434615,6.47806777575,0.0,5.41353759322,0.0,0.152339487127,0.152339487127,0.152339487127,1.13744217436,0.259191712579,0.387533176485,0.712687795595
 10/15  21:00:00,2.42888349025,7.02069860862,0.0,6.06626605967,0.0,0.170732330126,0.170732330126,0.170732330126,0.953701621847,0.217322261175,0.367678107085,0.696049170016
 10/15  22:00:00,1.99354003743,7.52643363162,0.0,6.74402546513,0.0,0.189820580013,0.189820580013,0.189820580013,0.717463577136,0.16349013555,0.297024389604,0.602341355129
 10/15  23:00:00,1.56845010407,8.06067631984,0.0,7.46776628019,0.0,0.210201580755,0.210201580755,0.210201580755,0.498724698988,0.113645588361,0.199054806327,0.523423429644
 10/15  24:00:00,1.12541660147,8.47168956286,0.0,8.07973564542,0.0,0.227432051971,0.227432051971,0.227432051971,0.253737074741,0.0578196735178,0.13007689818,0.432950903063
 10/16  01:00:00,0.965328833843,8.98227111346,0.0,8.68480186928,0.0,0.244463976051,0.244463976051,0.244463976051,0.15749194045,0.03588808375,0.105451095784,0.398633737808
 10/16  02:00:00,0.886373667551,9.14327165751,0.0,8.86708497498,0.0,0.24960214685,0.24960214685,0.24960214685,0.10499466246,0.0239253881486,0.0904395727229,0.39401189737
 10/16  03:00:00,0.897997334109,10.074939948,0.0,9.79315203625,0.0,0.275679079767,0.275679079767,0.275679079767,0.10499466246,0.0239253881486,0.0815325148897,0.388465688844
 10/16  04:00:00,0.895573846595,10.1462314362,0.0,9.80378379635,0.0,0.276009296189,0.276009296189,0.276009296189,0.10499466246,0.0239253881486,0.0934531543451,0.373791345452
 10/16  05:00:00,0.964289342251,10.4106506097,0.0,9.79403139467,0.0,0.275748130812,0.275748130812,0.275748130812,0.113744217436,0.0259191712579,0.108356723184,0.417121099562
 10/16  06:00:00,1.23392767095,10.606617748,0.0,9.47952533382,0.0,0.2669000487,0.2669000487,0.2669000487,0.236238042214,0.053832125625,0.171615042699,0.48194241171
 10/16  07:00:00,1.71839567807,11.6219313101,0.0,10.3539820222,0.0,0.291541309172,0.291541309172,0.291541309172,0.481225534922,0.109658009925,0.26297090348,0.51209992057
 10/16  08:00:00,1.55392627396,9.61558432085,0.0,8.3900506542,0.0,0.236281159704,0.236281159704,0.236281159704,0.42872817676,0.0976953357036,0.334870698725,0.432950903063
 10/16  09:00:00,1.25951949158,8.32276874886,0.0,7.21263869268,0.0,0.203092612699,0.203092612699,0.203092612699,0.209989298612,0.0478507885143,0.406710562808,0.368476228948
 10/16  10:00:00,1.19783113482,7.01139975025,0.0,6.0318008085,0.0,0.169812183934,0.169812183934,0.169812183934,0.166241522483,0.0378818729679,0.423353375669,0.37714217977
 10/16  11:00:00,1.19691417557,6.18953509074,0.0,5.32721528938,0.0,0.149958584864,0.149958584864,0.149958584864,0.166241522483,0.0378818729679,0.442174469475,0.377257725781
 10/16  12:00:00,1.17259699824,5.81000347396,0.0,5.03976999283,0.0,0.141860758652,0.141860758652,0.141860758652,0.166241522483,0.0378818729679,0.432310148963,0.370902695178
 10/16  13:00:00,1.12945630318,5.17101370726,0.0,4.45388310259,0.0,0.12536512592,0.12536512592,0.12536512592,0.166241522483,0.0378818729679,0.392839479418,0.383728302395
 10/16  14:00:00,1.12243629917,5.15586438007,0.0,4.49120369831,0.0,0.126412481945,0.126412481945,0.126412481945,0.166241522483,0.0378818729679,0.363165015326,0.405335406444
 10/16  15:00:00,1.16472213925,5.05814514836,0.0,4.38490508201,0.0,0.1234244597,0.1234244597,0.1234244597,0.174991104516,0.0398756316427,0.375164064812,0.427866878581
 10/16  16:00:00,1.34482111433,4.71041461982,0.0,3.96630472099,0.0,0.111646409962,0.111646409962,0.111646409962,0.218738880645,0.0498445471892,0.435099748529,0.506091528
 10/16  17:00:00,1.76402014365,5.948139216,0.0,5.05707384461,0.0,0.142376056756,0.142376056756,0.142376056756,0.358731788568,0.0817450830465,0.542946890966,0.614820324312
 10/16  18:00:00,2.16455212632,6.2840331445,0.0,5.26053618864,0.0,0.148144718713,0.148144718713,0.148144718713,0.656216639438,0.149533672111,0.489747790749,0.66750930531
 10/16  19:00:00,2.55255006078,7.4058142827,0.0,6.36076535322,0.0,0.179192076353,0.179192076353,0.179192076353,1.03244746053,0.23526630305,0.393243357496,0.689000863348
 10/16  20:00:00,2.68047397095,8.09717063184,0.0,7.12803441891,0.0,0.200883710507,0.200883710507,0.200883710507,1.13744217436,0.259191712579,0.346868577915,0.712687795595
 10/16  21:00:00,2.44113094754,8.83862734485,0.0,7.9644614822,0.0,0.224521120992,0.224521120992,0.224521120992,0.953701621847,0.217322261175,0.326136773512,0.696049170016
 10/16  22:00:00,2.00979789266,9.19934866579,0.0,8.48027008321,0.0,0.239087182387,0.239087182387,0.239087182387,0.717463577136,0.16349013555,0.264015642455,0.602341355129
 10/16  23:00:00,1.60269389533,9.86545684836,0.0,9.31244731547,0.0,0.262569358189,0.262569358189,0.262569358189,0.498724698988,0.113645588361,0.180930820152,0.523423429644
 10/16  24:00:00,1.17494774704,10.4704348425,0.0,10.0941092333,0.0,0.28463249443,0.28463249443,0.28463249443,0.253737074741,0.0578196735178,0.122407601285,0.432950903063
 10/17  01:00:00,1.02369331264,11.0352362049,0.0,10.7388777274,0.0,0.302828454848,0.302828454848,0.302828454848,0.15749194045,0.03588808375,0.105451095784,0.398633737808
 10/17  02:00:00,0.948012664684,11.3117787804,0.0,11.0367896936,0.0,0.311241143982,0.311241143982,0.311241143982,0.10499466246,0.0239253881486,0.0904395727229,0.39401189737
 10/17  03:00:00,0.945524556285,11.7412526538,0.0,11.4605693401,0.0,0.323206301943,0.323206301943,0.323206301943,0.10499466246,0.0239253881486,0.0815325148897,0.388465688844
 10/17  04:00:00,0.96394427208,12.5517259778,0.0,12.210234688,0.0,0.344379721675,0.344379721675,0.344379721675,0.10499466246,0.0239253881486,0.0934531543451,0.373791345452
 10/17  05:00:00,1.03627748506,12.9441476059,0.0,12.3277742684,0.0,0.347736273621,0.347736273621,0.347736273621,0.113744217436,0.0259191712579,0.108356723184,0.417121099562
 10/17  06:00:00,1.33987749034,14.3449153685,0.0,13.2168568625,0.0,0.372849868094,0.372849868094,0.372849868094,0.236238042214,0.053832125625,0.171615042699,0.48194241171
 10/17  07:00:00,1.79418038348,14.286657696,0.0,13.0175936339,0.0,0.367326014582,0.367326014582,0.367326014582,0.481225534922,0.109658009925,0.26297090348,0.51209992057
 10/17  08:00:00,1.61074936461,11.6129500487,0.0,10.385812815,0.0,0.293104250359,0.293104250359,0.293104250359,0.42872817676,0.0976953357036,0.334870698725,0.432950903063
 10/17  09:00:00,1.27695280567,8.92797415482,0.0,7.81591444745,0.0,0.22052592679,0.22052592679,0.22052592679,0.209989298612,0.0478507885143,0.406710562808,0.368476228948
 10/17  10:00:00,1.21426765176,7.58322619555,0.0,6.60221967153,0.0,0.186248700876,0.186248700876,0.186248700876,0.166241522483,0.0378818729679,0.423353375669,0.37714217977
 10/17  11:00:00,1.17483976313,5.39779644793,0.0,4.5340209578,0.0,0.127884172422,0.127884172422,0.127884172422,0.166241522483,0.0378818729679,0.442174469475,0.377257725781
 10/17  12:00:00,1.1215910315,3.99369315175,0.0,3.22167597273,0.0,0.0908547919076,0.0908547919076,0.0908547919076,0.166241522483,0.0378818729679,0.432310148963,0.370902695178
 10/17  13:00:00,1.07384108527,3.19229850078,0.0,2.47347073756,0.0,0.0697499080083,0.0697499080083,0.0697499080083,0.166241522483,0.0378818729679,0.392839479418,0.383728302395
 10/17  14:00:00,1.03264344533,1.96528399692,0.0,1.29865692515,0.0,0.0366196281083,0.0366196281083,0.0366196281083,0.166241522483,0.0378818729679,0.363165015326,0.405335406444
 10/17  15:00:00,1.05895072005,1.30148180884,0.0,0.626068859801,0.0,0.0176530404946,0.0176530404946,0.0176530404946,0.174991104516,0.0398756316427,0.375164064812,0.427866878581
 10/17  16:00:00,1.25467413283,1.50886109995,0.0,0.762511399666,0.0,0.0214994284676,0.0214994284676,0.0214994284676,0.218738880645,0.0498445471892,0.435099748529,0.506091528
 10/17  17:00:00,1.67417901266,2.75648272492,0.0,1.86292519646,0.0,0.0525349257716,0.0525349257716,0.0525349257716,0.358731788568,0.0817450830465,0.542946890966,0.614820324312
 10/17  18:00:00,2.0783932184,3.22360335224,0.0,2.19743447271,0.0,0.061985810792,0.061985810792,0.061985810792,0.656216639438,0.149533672111,0.489747790749,0.66750930531
 10/17  19:00:00,2.4799330412,4.82461668869,0.0,3.77685209151,0.0,0.106575056778,0.106575056778,0.106575056778,1.03244746053,0.23526630305,0.393243357496,0.689000863348
 10/17  20:00:00,2.615115136,5.77269387238,0.0,4.80115190282,0.0,0.135524875553,0.135524875553,0.135524875553,1.13744217436,0.259191712579,0.346868577915,0.712687795595
 10/17  21:00:00,2.38081740527,6.69231236209,0.0,5.81604332651,0.0,0.164207578719,0.164207578719,0.164207578719,0.953701621847,0.217322261175,0.326136773512,0.696049170016
 10/17  22:00:00,1.96671390919,7.66209198487,0.0,6.94152189651,0.0,0.196003198917,0.196003198917,0.196003198917,0.717463577136,0.16349013555,0.264015642455,0.602341355129
 10/17  23:00:00,1.55462624561,8.1504336192,0.0,7.59640987057,0.0,0.214501708465,0.214501708465,0.214501708465,0.498724698988,0.113645588361,0.180930820152,0.523423429644
 10/17  24:00:00,1.12487817879,8.68367191761,0.0,8.30683045834,0.0,0.234562926181,0.234562926181,0.234562926181,0.253737074741,0.0578196735178,0.122407601285,0.432950903063
 10/18  01:00:00,0.968489063176,9.06653246747,0.0,8.76965832623,0.0,0.247624205384,0.247624205384,0.247624205384,0.15749194045,0.03588808375,0.105451095784,0.398633737808
 10/18  02:00:00,0.893634325973,9.37255256621,0.0,9.09710362432,0.0,0.256862805271,0.256862805271,0.256862805271,0.10499466246,0.0239253881486,0.0904395727229,0.39401189737
 10/18  03:00:00,0.884582439932,9.56962212394,0.0,9.28835004403,0.0,0.26226418559,0.26226418559,0.26226418559,0.10499466246,0.0239253881486,0.0815325148897,0.388465688844
 10/18  04:00:00,0.886637792186,9.80125568511,0.0,9.45868158966,0.0,0.26707324178,0.26707324178,0.26707324178,0.10499466246,0.0239253881486,0.0934531543451,0.373791345452
 10/18  05:00:00,0.956416463686,10.1053857451,0.0,9.48693413793,0.0,0.267875252247,0.267875252247,0.267875252247,0.113744217436,0.0259191712579,0.108356723184,0.417121099562
 10/18  06:00:00,1.23784437107,10.7226655892,0.0,9.59063991973,0.0,0.270816748822,0.270816748822,0.270816748822,0.236238042214,0.053832125625,0.171615042699,0.48194241171
 10/18  07:00:00,1.66196423599,9.59971310981,0.0,8.32583052306,0.0,0.235109867092,0.235109867092,0.235109867092,0.481225534922,0.109658009925,0.26297090348,0.51209992057
 10/18  08:00:00,1.53481942719,8.92351401792,0.0,7.69174877278,0.0,0.217174312935,0.217174312935,0.217174312935,0.42872817676,0.0976953357036,0.334870698725,0.432950903063
 10/18  09:00:00,1.25902318407,8.29204271466,0.0,7.17655783065,0.0,0.202596305191,0.202596305191,0.202596305191,0.209989298612,0.0478507885143,0.406710562808,0.368476228948
 10/18  10:00:00,1.22851175761,8.08678791091,0.0,7.10314230993,0.0,0.200492806724,0.200492806724,0.200492806724,0.166241522483,0.0378818729679,0.423353375669,0.37714217977
 10/18  11:00:00,1.21187875213,6.71016476018,0.0,5.84423224676,0.0,0.164923161426,0.164923161426,0.164923161426,0.166241522483,0.0378818729679,0.442174469475,0.377257725781
 10/18  12:00:00,1.17157304193,5.7656791302,0.0,4.99196620778,0.0,0.140836802337,0.140836802337,0.140836802337,0.166241522483,0.0378818729679,0.432310148963,0.370902695178
 10/18  13:00:00,1.12709351561,5.08108447694,0.0,4.3607741527,0.0,0.123002338345,0.123002338345,0.123002338345,0.166241522483,0.0378818729679,0.392839479418,0.383728302395
 10/18  14:00:00,1.11391929091,4.84755528727,0.0,4.18010015207,0.0,0.117895473691,0.117895473691,0.117895473691,0.166241522483,0.0378818729679,0.363165015326,0.405335406444
 10/18  15:00:00,1.15417268099,4.67858618801,0.0,4.0024083906,0.0,0.112875001441,0.112875001441,0.112875001441,0.174991104516,0.0398756316427,0.375164064812,0.427866878581
 10/18  16:00:00,1.34421614422,4.68495278435,0.0,3.93754047035,0.0,0.111041439853,0.111041439853,0.111041439853,0.218738880645,0.0498445471892,0.435099748529,0.506091528
 10/18  17:00:00,1.74185333711,5.15833988327,0.0,4.26283512969,0.0,0.120209250213,0.120209250213,0.120209250213,0.358731788568,0.0817450830465,0.542946890966,0.614820324312
 10/18  18:00:00,2.11392513446,4.48694976681,0.0,3.45802183521,0.0,0.0975177268552,0.0975177268552,0.0975177268552,0.656216639438,0.149533672111,0.489747790749,0.66750930531
 10/18  19:00:00,2.47956735981,4.81754539688,0.0,3.76630329011,0.0,0.106209375382,0.106209375382,0.106209375382,1.03244746053,0.23526630305,0.393243357496,0.689000863348
 10/18  20:00:00,2.58135183267,4.58398270141,0.0,3.60850357732,0.0,0.101761572222,0.101761572222,0.101761572222,1.13744217436,0.259191712579,0.346868577915,0.712687795595
 10/18  21:00:00,2.32825874575,4.83912312051,0.0,3.95904922845,0.0,0.111648919204,0.111648919204,0.111648919204,0.953701621847,0.217322261175,0.326136773512,0.696049170016
 10/18  22:00:00,1.89260995961,5.04662535392,0.0,4.32259900138,0.0,0.121899249343,0.121899249343,0.121899249343,0.717463577136,0.16349013555,0.264015642455,0.602341355129
 10/18  23:00:00,1.47150789011,5.21625786516,0.0,4.65923104343,0.0,0.131383352963,0.131383352963,0.131383352963,0.498724698988,0.113645588361,0.180930820152,0.523423429644
 10/18  24:00:00,1.0282434005,5.27114243142,0.0,4.891743467,0.0,0.137928147895,0.137928147895,0.137928147895,0.253737074741,0.0578196735178,0.122407601285,0.432950903063
 10/19  01:00:00,0.860849241265,5.26465716823,0.0,4.96533344473,0.0,0.139984383473,0.139984383473,0.139984383473,0.15749194045,0.03588808375,0.105451095784,0.398633737808
 10/19  02:00:00,0.778939507395,5.32214673607,0.0,5.0440302316,0.0,0.142167986694,0.142167986694,0.142167986694,0.10499466246,0.0239253881486,0.0904395727229,0.39401189737
 10/19  03:00:00,0.764293833242,5.32259312176,0.0,5.03850554631,0.0,0.1419755789,0.1419755789,0.1419755789,0.10499466246,0.0239253881486,0.0815325148897,0.388465688844
 10/19  04:00:00,0.772303009718,5.7680146801,0.0,5.42234731804,0.0,0.152738459313,0.152738459313,0.152738459313,0.10499466246,0.0239253881486,0.0934531543451,0.373791345452
 10/19  05:00:00,0.840221009181,6.00787386742,0.0,5.38551660218,0.0,0.151679797742,0.151679797742,0.151679797742,0.113744217436,0.0259191712579,0.108356723184,0.417121099562
 10/19  06:00:00,1.13465244254,7.09001619025,0.0,5.95250390296,0.0,0.167624820292,0.167624820292,0.167624820292,0.236238042214,0.053832125625,0.171615042699,0.48194241171
 10/19  07:00:00,1.59153584018,7.12794433942,0.0,5.84840633149,0.0,0.164681471285,0.164681471285,0.164681471285,0.481225534922,0.109658009925,0.26297090348,0.51209992057
 10/19  08:00:00,1.46701814543,6.541594515,0.0,5.30494468903,0.0,0.149373031178,0.149373031178,0.149373031178,0.42872817676,0.0976953357036,0.334870698725,0.432950903063
 10/19  09:00:00,1.20783050499,6.49748448012,0.0,5.37755007513,0.0,0.151403626111,0.151403626111,0.151403626111,0.209989298612,0.0478507885143,0.406710562808,0.368476228948
 10/19  10:00:00,1.1820660689,6.4600380104,0.0,5.47239635041,0.0,0.154047118011,0.154047118011,0.154047118011,0.166241522483,0.0378818729679,0.423353375669,0.37714217977
 10/19  11:00:00,1.17126334428,5.28582515713,0.0,4.41651224752,0.0,0.124307753576,0.124307753576,0.124307753576,0.166241522483,0.0378818729679,0.442174469475,0.377257725781
 10/19  12:00:00,1.14157574718,4.71524951939,0.0,3.93858916667,0.0,0.110839507593,0.110839507593,0.110839507593,0.166241522483,0.0378818729679,0.432310148963,0.370902695178
 10/19  13:00:00,1.1023280076,4.21390743318,0.0,3.49103136632,0.0,0.0982368303346,0.0982368303346,0.0982368303346,0.166241522483,0.0378818729679,0.392839479418,0.383728302395
 10/19  14:00:00,1.08826832764,3.94816733991,0.0,3.2782645296,0.0,0.0922445104227,0.0922445104227,0.0922445104227,0.166241522483,0.0378818729679,0.363165015326,0.405335406444
 10/19  15:00:00,1.13083665817,3.86075962399,0.0,3.18213560881,0.0,0.0895389786194,0.0895389786194,0.0895389786194,0.174991104516,0.0398756316427,0.375164064812,0.427866878581
 10/19  16:00:00,1.33141389179,4.24113534957,0.0,3.49124813472,0.0,0.0982391874269,0.0982391874269,0.0982391874269,0.218738880645,0.0498445471892,0.435099748529,0.506091528
 10/19  17:00:00,1.72885144021,4.70779440645,0.0,3.809528019,0.0,0.107207353318,0.107207353318,0.107207353318,0.358731788568,0.0817450830465,0.542946890966,0.614820324312
 10/19  18:00:00,2.11970826597,4.70218854773,0.0,3.67017199746,0.0,0.10330085836,0.10330085836,0.10330085836,0.656216639438,0.149533672111,0.489747790749,0.66750930531
 10/19  19:00:00,2.48673643425,5.08190891125,0.0,4.02769309874,0.0,0.113378449825,0.113378449825,0.113378449825,1.03244746053,0.23526630305,0.393243357496,0.689000863348
 10/19  20:00:00,2.59019955429,4.90716324295,0.0,3.92904012677,0.0,0.110609293838,0.110609293838,0.110609293838,1.13744217436,0.259191712579,0.346868577915,0.712687795595
 10/19  21:00:00,2.32916177644,4.88012788669,0.0,3.99777797733,0.0,0.11255194989,0.11255194989,0.11255194989,0.953701621847,0.217322261175,0.326136773512,0.696049170016
 10/19  22:00:00,1.88863669145,4.91466593429,0.0,4.18874956632,0.0,0.117925981182,0.117925981182,0.117925981182,0.717463577136,0.16349013555,0.264015642455,0.602341355129
 10/19  23:00:00,1.47196147021,5.2416233089,0.0,4.68314013547,0.0,0.131836933066,0.131836933066,0.131836933066,0.498724698988,0.113645588361,0.180930820152,0.523423429644
 10/19  24:00:00,1.04995840049,6.05232435238,0.0,5.67202438255,0.0,0.159643147882,0.159643147882,0.159643147882,0.253737074741,0.0578196735178,0.122407601285,0.432950903063
 10/20  01:00:00,0.887245696275,6.21140357278,0.0,5.91171762727,0.0,0.166380838483,0.166380838483,0.166380838483,0.15749194045,0.03588808375,0.105451095784,0.398633737808
 10/20  02:00:00,0.80786620447,6.35769798092,0.0,6.07947234828,0.0,0.171094683769,0.171094683769,0.171094683769,0.10499466246,0.0239253881486,0.0904395727229,0.39401189737
 10/20  03:00:00,0.794887002497,6.41634134766,0.0,6.13219281175,0.0,0.172568748155,0.172568748155,0.172568748155,0.10499466246,0.0239253881486,0.0815325148897,0.388465688844
 10/20  04:00:00,0.794688710117,6.56918168794,0.0,6.22330165212,0.0,0.175124159711,0.175124159711,0.175124159711,0.10499466246,0.0239253881486,0.0934531543451,0.373791345452
 10/20  05:00:00,0.872519184279,7.16175544511,0.0,6.53830167651,0.0,0.18397797284,0.18397797284,0.18397797284,0.113744217436,0.0259191712579,0.108356723184,0.417121099562
 10/20  06:00:00,1.17524226145,8.53948005235,0.0,7.39947937676,0.0,0.208214639205,0.208214639205,0.208214639205,0.236238042214,0.053832125625,0.171615042699,0.48194241171
 10/20  07:00:00,1.61365563308,7.92038603165,0.0,6.63779019143,0.0,0.186801264185,0.186801264185,0.186801264185,0.481225534922,0.109658009925,0.26297090348,0.51209992057
 10/20  08:00:00,1.48373783924,7.14202157216,0.0,5.90197824894,0.0,0.16609272499,0.16609272499,0.16609272499,0.42872817676,0.0976953357036,0.334870698725,0.432950903063
 10/20  09:00:00,1.20800098435,6.51026999631,0.0,5.38712127623,0.0,0.151574105463,0.151574105463,0.151574105463,0.209989298612,0.0478507885143,0.406710562808,0.368476228948
 10/20  10:00:00,1.1698237591,6.03126378557,0.0,5.04068565175,0.0,0.14180480821,0.14180480821,0.14180480821,0.166241522483,0.0378818729679,0.423353375669,0.37714217977
 10/20  11:00:00,1.13809267438,4.11235665557,0.0,3.2402431739,0.0,0.0911370836777,0.0911370836777,0.0911370836777,0.166241522483,0.0378818729679,0.442174469475,0.377257725781
 10/20  12:00:00,1.09272283826,2.98363437597,0.0,2.20429902982,0.0,0.0619865986715,0.0619865986715,0.0619865986715,0.166241522483,0.0378818729679,0.432310148963,0.370902695178
 10/20  13:00:00,1.04837433316,2.300445808,0.0,1.57495470391,0.0,0.0442831558965,0.0442831558965,0.0442831558965,0.166241522483,0.0378818729679,0.392839479418,0.383728302395
 10/20  14:00:00,1.02747231717,1.7908831992,0.0,1.1185530769,0.0,0.0314484999456,0.0314484999456,0.0314484999456,0.166241522483,0.0378818729679,0.363165015326,0.405335406444
 10/20  15:00:00,1.08756768733,2.32651836025,0.0,1.6457336336,0.0,0.0462700077828,0.0462700077828,0.0462700077828,0.174991104516,0.0398756316427,0.375164064812,0.427866878581
 10/20  16:00:00,1.2756999289,2.26457311184,0.0,1.51242270208,0.0,0.0425252245328,0.0425252245328,0.0425252245328,0.218738880645,0.0498445471892,0.435099748529,0.506091528
 10/20  17:00:00,1.6850225372,3.15472946896,0.0,2.25381170036,0.0,0.0633784503098,0.0633784503098,0.0633784503098,0.358731788568,0.0817450830465,0.542946890966,0.614820324312
 10/20  18:00:00,2.06528883843,2.77323497934,0.0,1.73814812683,0.0,0.0488814308269,0.0488814308269,0.0488814308269,0.656216639438,0.149533672111,0.489747790749,0.66750930531
 10/20  19:00:00,2.42876741632,3.0276920476,0.0,1.97011049645,0.0,0.0554094318892,0.0554094318892,0.0554094318892,1.03244746053,0.23526630305,0.393243357496,0.689000863348
 10/20  20:00:00,2.55412944803,3.63087448819,0.0,2.64991173635,0.0,0.0745391875838,0.0745391875838,0.0745391875838,1.13744217436,0.259191712579,0.346868577915,0.712687795595
 10/20  21:00:00,2.30663940445,4.08509976815,0.0,3.20028481898,0.0,0.0900295779009,0.0900295779009,0.0900295779009,0.953701621847,0.217322261175,0.326136773512,0.696049170016
 10/20  22:00:00,1.88666035524,4.84938252648,0.0,4.12165644654,0.0,0.115949644971,0.115949644971,0.115949644971,0.717463577136,0.16349013555,0.264015642455,0.602341355129
 10/20  23:00:00,1.47050042877,5.19418394592,0.0,4.63454700475,0.0,0.130375891628,0.130375891628,0.130375891628,0.498724698988,0.113645588361,0.180930820152,0.523423429644
 10/20  24:00:00,1.03747542391,5.61240714733,0.0,5.23144349179,0.0,0.147160171305,0.147160171305,0.147160171305,0.253737074741,0.0578196735178,0.122407601285,0.432950903063
 10/21  01:00:00,0.886865021504,6.04603447611,0.0,5.73787889748,0.0,0.161395302313,0.161395302313,0.161395302313,0.15749194045,0.03588808375,0.110055957183,0.398633737808
 10/21  02:00:00,0.804993729204,6.15687415782,0.0,5.87249135366,0.0,0.165175763683,0.165175763683,0.165175763683,0.10499466246,0.0239253881486,0.0934860175435,0.39401189737
 10/21  03:00:00,0.788421655563,6.13964163043,0.0,5.84887135975,0.0,0.164510429698,0.164510429698,0.164510429698,0.10499466246,0.0239253881486,0.0831254864125,0.388465688844
 10/21  04:00:00,0.793847780023,6.44516014608,0.0,6.08574762956,0.0,0.171166881421,0.171166881421,0.171166881421,0.10499466246,0.0239253881486,0.0965695025408,0.373791345452
 10/21  05:00:00,0.867502623759,6.85555125148,0.0,6.19324804459,0.0,0.174181937653,0.174181937653,0.174181937653,0.113744217436,0.0259191712579,0.11313619785,0.417121099562
 10/21  06:00:00,1.15025300165,7.30327468902,0.0,6.07413091995,0.0,0.170828948553,0.170828948553,0.170828948553,0.236238042214,0.053832125625,0.184011473552,0.48194241171
 10/21  07:00:00,1.60887947295,6.98522237184,0.0,5.59439087694,0.0,0.157336848628,0.157336848628,0.157336848628,0.481225534922,0.109658009925,0.287659158907,0.51209992057
 10/21  08:00:00,1.48291071332,5.884061879,0.0,4.53107654495,0.0,0.127422081581,0.127422081581,0.127422081581,0.42872817676,0.0976953357036,0.372714216214,0.432950903063
 10/21  09:00:00,1.19179503977,4.17381910925,0.0,2.94617354834,0.0,0.0828319262671,0.0828319262671,0.0828319262671,0.209989298612,0.0478507885143,0.459246797427,0.368476228948
 10/21  10:00:00,1.14424909689,3.10250388844,0.0,2.02184011502,0.0,0.0568278787459,0.0568278787459,0.0568278787459,0.166241522483,0.0378818729679,0.482755642921,0.37714217977
 10/21  11:00:00,1.12393087856,1.50722821752,0.0,0.560100813825,0.0,0.0157384019717,0.0157384019717,0.0157384019717,0.166241522483,0.0378818729679,0.503411355357,0.377257725781
 10/21  12:00:00,1.08651516316,0.844355067712,0.0,0.0,0.0,0.0,0.0,0.0,0.166241522483,0.0378818729679,0.488089072534,0.370902695178
 10/21  13:00:00,1.05494388168,0.78177999704,0.0,0.0,0.0,0.0,0.0,0.0,0.166241522483,0.0378818729679,0.443692183839,0.383728302395
 10/21  14:00:00,1.04167031793,0.723138452351,0.0,0.0,0.0,0.0,0.0,0.0,0.166241522483,0.0378818729679,0.40881151604,0.405335406444
 10/21  15:00:00,1.08453314774,0.731269179202,0.0,0.0,0.0,0.0,0.0,0.0,0.174991104516,0.0398756316427,0.418399532998,0.427866878581
 10/21  16:00:00,1.27507894333,0.813892716341,0.0,0.0,0.0,0.0,0.0,0.0,0.218738880645,0.0498445471892,0.4770039875,0.506091528
 10/21  17:00:00,1.66288800533,0.975246324093,0.0,0.0,0.0,0.0,0.0,0.0,0.358731788568,0.0817450830465,0.584190809405,0.614820324312
 10/21  18:00:00,2.05643610892,1.13080075634,0.0,0.0,0.0,0.0,0.0,0.0,0.656216639438,0.149533672111,0.529776492066,0.66750930531
 10/21  19:00:00,2.41331019751,1.16393674206,0.0,0.0,0.0,0.0,0.0,0.0,1.03244746053,0.23526630305,0.433195570576,0.689000863348
 10/21  20:00:00,2.52025485902,1.08230900972,0.0,0.0,0.0,0.0,0.0,0.0,1.13744217436,0.259191712579,0.387533176485,0.712687795595
 10/21  21:00:00,2.25815116012,0.970498061629,0.0,0.0,0.0,0.0,0.0,0.0,0.953701621847,0.217322261175,0.367678107085,0.696049170016
 10/21  22:00:00,1.81154976151,1.07407882523,0.0,0.278424021212,0.0,0.00783030409182,0.00783030409182,0.00783030409182,0.717463577136,0.16349013555,0.297024389604,0.602341355129
 10/21  23:00:00,1.38107220391,1.41487178348,0.0,0.812167997493,0.0,0.0228236805899,0.0228236805899,0.0228236805899,0.498724698988,0.113645588361,0.199054806327,0.523423429644
 10/21  24:00:00,0.939432290487,1.87375553616,0.0,1.47554229284,0.0,0.0414477409856,0.0414477409856,0.0414477409856,0.253737074741,0.0578196735178,0.13007689818,0.432950903063
 10/22  01:00:00,0.779040091292,2.21737220102,0.0,1.90726105836,0.0,0.0535703721007,0.0535703721007,0.0535703721007,0.15749194045,0.03588808375,0.110055957183,0.398633737808
 10/22  02:00:00,0.698690142845,2.38252716365,0.0,2.09623355294,0.0,0.058872177323,0.058872177323,0.058872177323,0.10499466246,0.0239253881486,0.0934860175435,0.39401189737
 10/22  03:00:00,0.686890415776,2.53535188013,0.0,2.2425940466,0.0,0.0629791899115,0.0629791899115,0.0629791899115,0.10499466246,0.0239253881486,0.0831254864125,0.388465688844
 10/22  04:00:00,0.690789866851,2.78723109359,0.0,2.42555764774,0.0,0.0681089682502,0.0681089682502,0.0681089682502,0.10499466246,0.0239253881486,0.0965695025408,0.373791345452
 10/22  05:00:00,0.765571942869,3.23883676576,0.0,2.57325142718,0.0,0.0722512567635,0.0722512567635,0.0722512567635,0.113744217436,0.0259191712579,0.11313619785,0.417121099562
 10/22  06:00:00,1.06112729164,4.14422350184,0.0,2.91004503351,0.0,0.0817032385343,0.0817032385343,0.0817032385343,0.236238042214,0.053832125625,0.184011473552,0.48194241171
 10/22  07:00:00,1.51944548608,3.81462542686,0.0,2.41843522822,0.0,0.0679028617553,0.0679028617553,0.0679028617553,0.481225534922,0.109658009925,0.287659158907,0.51209992057
 10/22  08:00:00,1.40926074464,3.27349192652,0.0,1.91519326024,0.0,0.0537721128979,0.0537721128979,0.0537721128979,0.42872817676,0.0976953357036,0.372714216214,0.432950903063
 10/22  09:00:00,1.13796853713,2.26554153621,0.0,1.03325438519,0.0,0.0290054236282,0.0290054236282,0.0290054236282,0.209989298612,0.0478507885143,0.459246797427,0.368476228948
 10/22  10:00:00,1.09305103738,1.28558087156,0.0,0.200577346773,0.0,0.00562981923707,0.00562981923707,0.00562981923707,0.166241522483,0.0378818729679,0.482755642921,0.37714217977
 10/22  11:00:00,1.10819247659,0.950563310538,0.0,0.0,0.0,0.0,0.0,0.0,0.166241522483,0.0378818729679,0.503411355357,0.377257725781
 10/22  12:00:00,1.08651516316,0.847013531427,0.0,0.0,0.0,0.0,0.0,0.0,0.166241522483,0.0378818729679,0.488089072534,0.370902695178
 10/22  13:00:00,1.05494388168,0.78417492261,0.0,0.0,0.0,0.0,0.0,0.0,0.166241522483,0.0378818729679,0.443692183839,0.383728302395
 10/22  14:00:00,1.04167031793,0.725296846374,0.0,0.0,0.0,0.0,0.0,0.0,0.166241522483,0.0378818729679,0.40881151604,0.405335406444
 10/22  15:00:00,1.08453314774,0.73335442993,0.0,0.0,0.0,0.0,0.0,0.0,0.174991104516,0.0398756316427,0.418399532998,0.427866878581
 10/22  16:00:00,1.27507894333,0.816187432594,0.0,0.0,0.0,0.0,0.0,0.0,0.218738880645,0.0498445471892,0.4770039875,0.506091528
 10/22  17:00:00,1.66288800533,0.977852251139,0.0,0.0,0.0,0.0,0.0,0.0,0.358731788568,0.0817450830465,0.584190809405,0.614820324312
 10/22  18:00:00,2.05643610892,1.13395270802,0.0,0.0,0.0,0.0,0.0,0.0,0.656216639438,0.149533672111,0.529776492066,0.66750930531
 10/22  19:00:00,2.41331019751,1.1670196558,0.0,0.0,0.0,0.0,0.0,0.0,1.03244746053,0.23526630305,0.433195570576,0.689000863348
 10/22  20:00:00,2.52025485902,1.08521135592,0.0,0.0,0.0,0.0,0.0,0.0,1.13744217436,0.259191712579,0.387533176485,0.712687795595
 10/22  21:00:00,2.25815116012,0.972740131458,0.0,0.0,0.0,0.0,0.0,0.0,0.953701621847,0.217322261175,0.367678107085,0.696049170016
 10/22  22:00:00,1.80371945742,0.797212175322,0.0,0.0,0.0,0.0,0.0,0.0,0.717463577136,0.16349013555,0.297024389604,0.602341355129
 10/22  23:00:00,1.35824852332,0.603673201408,0.0,0.0,0.0,0.0,0.0,0.0,0.498724698988,0.113645588361,0.199054806327,0.523423429644
 10/22  24:00:00,0.897984549502,0.398579229641,0.0,0.0,0.0,0.0,0.0,0.0,0.253737074741,0.0578196735178,0.13007689818,0.432950903063
 10/23  01:00:00,0.727250681507,0.530067667879,0.0,0.227333658713,0.0,0.00638582371486,0.00638582371486,0.00638582371486,0.15749194045,0.03588808375,0.105451095784,0.398633737808
 10/23  02:00:00,0.64896010837,0.715265149439,0.0,0.434108835525,0.0,0.0121885876686,0.0121885876686,0.0121885876686,0.10499466246,0.0239253881486,0.0904395727229,0.39401189737
 10/23  03:00:00,0.646571878755,1.15180309989,0.0,0.864563802179,0.0,0.0242536244127,0.0242536244127,0.0242536244127,0.10499466246,0.0239253881486,0.0815325148897,0.388465688844
 10/23  04:00:00,0.675355821025,2.33884884377,0.0,1.98962228053,0.0,0.0557912706197,0.0557912706197,0.0557912706197,0.10499466246,0.0239253881486,0.0934531543451,0.373791345452
 10/23  05:00:00,0.752912404337,2.92492718656,0.0,2.29558871512,0.0,0.064371192898,0.064371192898,0.064371192898,0.113744217436,0.0259191712579,0.108356723184,0.417121099562
 10/23  06:00:00,1.05422227336,4.26039961561,0.0,3.10943602997,0.0,0.0871946511166,0.0871946511166,0.0871946511166,0.236238042214,0.053832125625,0.171615042699,0.48194241171
 10/23  07:00:00,1.50088316646,3.9348306796,0.0,2.6397551264,0.0,0.0740287975587,0.0740287975587,0.0740287975587,0.481225534922,0.109658009925,0.26297090348,0.51209992057
 10/23  08:00:00,1.40816815718,4.4797979478,0.0,3.22787899096,0.0,0.0905230429303,0.0905230429303,0.0905230429303,0.42872817676,0.0976953357036,0.334870698725,0.432950903063
 10/23  09:00:00,1.17216543763,5.2604606875,0.0,4.12710548936,0.0,0.115738558747,0.115738558747,0.115738558747,0.209989298612,0.0478507885143,0.406710562808,0.368476228948
 10/23  10:00:00,1.17298475179,6.16816789422,0.0,5.169242502,0.0,0.144965800904,0.144965800904,0.144965800904,0.166241522483,0.0378818729679,0.423353375669,0.37714217977
 10/23  11:00:00,1.18653422472,5.85484440589,0.0,4.9766028241,0.0,0.139578634009,0.139578634009,0.139578634009,0.166241522483,0.0378818729679,0.442174469475,0.377257725781
 10/23  12:00:00,1.19205920469,6.53517587635,0.0,5.75126300287,0.0,0.161322965097,0.161322965097,0.161322965097,0.166241522483,0.0378818729679,0.432310148963,0.370902695178
 10/23  13:00:00,1.17127304916,6.68831129026,0.0,5.95934677275,0.0,0.167181871894,0.167181871894,0.167181871894,0.166241522483,0.0378818729679,0.392839479418,0.383728302395
 10/23  14:00:00,1.1580791129,6.45132945151,0.0,5.77625843251,0.0,0.162055295683,0.162055295683,0.162055295683,0.166241522483,0.0378818729679,0.363165015326,0.405335406444
 10/23  15:00:00,1.22369100645,7.18413945586,0.0,6.50045990595,0.0,0.182393326899,0.182393326899,0.182393326899,0.174991104516,0.0398756316427,0.375164064812,0.427866878581
 10/23  16:00:00,1.4160966912,7.27388983869,0.0,6.51824558902,0.0,0.182921986832,0.182921986832,0.182921986832,0.218738880645,0.0498445471892,0.435099748529,0.506091528
 10/23  17:00:00,1.80697016713,7.50805106901,0.0,6.60212992995,0.0,0.185326080238,0.185326080238,0.185326080238,0.358731788568,0.0817450830465,0.542946890966,0.614820324312
 10/23  18:00:00,2.20146652057,7.63164181305,0.0,6.59044982307,0.0,0.18505911296,0.18505911296,0.18505911296,0.656216639438,0.149533672111,0.489747790749,0.66750930531
 10/23  19:00:00,2.55760242115,7.62395261656,0.0,6.5601625684,0.0,0.184244436722,0.184244436722,0.184244436722,1.03244746053,0.23526630305,0.393243357496,0.689000863348
 10/23  20:00:00,2.67317660467,7.87690184182,0.0,6.89062303688,0.0,0.193586344217,0.193586344217,0.193586344217,1.13744217436,0.259191712579,0.346868577915,0.712687795595
 10/23  21:00:00,2.41533368127,7.96122141894,0.0,7.07157626996,0.0,0.198723854724,0.198723854724,0.198723854724,0.953701621847,0.217322261175,0.326136773512,0.696049170016
 10/23  22:00:00,1.98524330556,8.36402169025,0.0,7.63297509301,0.0,0.214532595295,0.214532595295,0.214532595295,0.717463577136,0.16349013555,0.264015642455,0.602341355129
 10/23  23:00:00,1.56349584544,8.5071438322,0.0,7.94576255576,0.0,0.223371308292,0.223371308292,0.223371308292,0.498724698988,0.113645588361,0.180930820152,0.523423429644
 10/23  24:00:00,1.12485191502,8.72233899472,0.0,8.34148637051,0.0,0.234536662416,0.234536662416,0.234536662416,0.253737074741,0.0578196735178,0.122407601285,0.432950903063
 10/24  01:00:00,0.966219590647,9.02474341182,0.0,8.7253427581,0.0,0.245354732855,0.245354732855,0.245354732855,0.15749194045,0.03588808375,0.105451095784,0.398633737808
 10/24  02:00:00,0.891995264218,9.35224009894,0.0,9.0745979452,0.0,0.255223743517,0.255223743517,0.255223743517,0.10499466246,0.0239253881486,0.0904395727229,0.39401189737
 10/24  03:00:00,0.894995788674,9.9771761155,0.0,9.69376416033,0.0,0.272677534332,0.272677534332,0.272677534332,0.10499466246,0.0239253881486,0.0815325148897,0.388465688844
 10/24  04:00:00,0.905502083639,10.5088847901,0.0,10.163153021,0.0,0.285937533233,0.285937533233,0.285937533233,0.10499466246,0.0239253881486,0.0934531543451,0.373791345452
 10/24  05:00:00,0.969305937395,10.6048725631,0.0,9.97800729672,0.0,0.280764725956,0.280764725956,0.280764725956,0.113744217436,0.0259191712579,0.108356723184,0.417121099562
 10/24  06:00:00,1.23466032082,10.6613696047,0.0,9.51085937552,0.0,0.267632698568,0.267632698568,0.267632698568,0.236238042214,0.053832125625,0.171615042699,0.48194241171
 10/24  07:00:00,1.71344163969,11.4788248276,0.0,10.1834597495,0.0,0.286587270797,0.286587270797,0.286587270797,0.481225534922,0.109658009925,0.26297090348,0.51209992057
 10/24  08:00:00,1.5732675273,10.3334082275,0.0,9.08143476044,0.0,0.255622413044,0.255622413044,0.255622413044,0.42872817676,0.0976953357036,0.334870698725,0.432950903063
 10/24  09:00:00,1.29830259148,9.72649207565,0.0,8.59283989035,0.0,0.241875712599,0.241875712599,0.241875712599,0.209989298612,0.0478507885143,0.406710562808,0.368476228948
 10/24  10:00:00,1.27134738662,9.64341012199,0.0,8.64428664303,0.0,0.243328435733,0.243328435733,0.243328435733,0.166241522483,0.0378818729679,0.423353375669,0.37714217977
 10/24  11:00:00,1.23623651225,7.60331580385,0.0,6.72419736147,0.0,0.189280921547,0.189280921547,0.189280921547,0.166241522483,0.0378818729679,0.442174469475,0.377257725781
 10/24  12:00:00,1.20566534777,6.99921982393,0.0,6.21436763415,0.0,0.174929108176,0.174929108176,0.174929108176,0.166241522483,0.0378818729679,0.432310148963,0.370902695178
 10/24  13:00:00,1.14791698941,5.83976384307,0.0,5.10938832525,0.0,0.143825812148,0.143825812148,0.143825812148,0.166241522483,0.0378818729679,0.392839479418,0.383728302395
 10/24  14:00:00,1.11612413582,4.94332364122,0.0,4.26661043041,0.0,0.120100318601,0.120100318601,0.120100318601,0.166241522483,0.0378818729679,0.363165015326,0.405335406444
 10/24  15:00:00,1.14974411669,4.53817913678,0.0,3.85265869449,0.0,0.10844643714,0.10844643714,0.10844643714,0.174991104516,0.0398756316427,0.375164064812,0.427866878581
 10/24  16:00:00,1.33442020376,4.35493748639,0.0,3.59689283104,0.0,0.101245499394,0.101245499394,0.101245499394,0.218738880645,0.0498445471892,0.435099748529,0.506091528
 10/24  17:00:00,1.74590678129,5.32270308537,0.0,4.41408199859,0.0,0.124262694399,0.124262694399,0.124262694399,0.358731788568,0.0817450830465,0.542946890966,0.614820324312
 10/24  18:00:00,2.13900648118,5.3984503968,0.0,4.35410839543,0.0,0.122599073572,0.122599073572,0.122599073572,0.656216639438,0.149533672111,0.489747790749,0.66750930531
 10/24  19:00:00,2.52133189723,6.32030052241,0.0,5.25384885153,0.0,0.147973912804,0.147973912804,0.147973912804,1.03244746053,0.23526630305,0.393243357496,0.689000863348
 10/24  20:00:00,2.62771052112,6.24724820727,0.0,5.25807667802,0.0,0.148120260673,0.148120260673,0.148120260673,1.13744217436,0.259191712579,0.346868577915,0.712687795595
 10/24  21:00:00,2.39146717461,7.09807923859,0.0,6.20620102673,0.0,0.174857348057,0.174857348057,0.174857348057,0.953701621847,0.217322261175,0.326136773512,0.696049170016
 10/24  22:00:00,1.96665376299,7.6866523877,0.0,6.95393681214,0.0,0.195943052718,0.195943052718,0.195943052718,0.717463577136,0.16349013555,0.264015642455,0.602341355129
 10/24  23:00:00,1.5564261166,8.23849312767,0.0,7.67612433661,0.0,0.216301579453,0.216301579453,0.216301579453,0.498724698988,0.113645588361,0.180930820152,0.523423429644
 10/24  24:00:00,1.11141305324,8.22731439186,0.0,7.84612013516,0.0,0.221097800637,0.221097800637,0.221097800637,0.253737074741,0.0578196735178,0.122407601285,0.432950903063
 10/25  01:00:00,0.948702908085,8.38452231607,0.0,8.08494076935,0.0,0.227838050293,0.227838050293,0.227838050293,0.15749194045,0.03588808375,0.105451095784,0.398633737808
 10/25  02:00:00,0.854277106467,7.99665319969,0.0,7.71868570548,0.0,0.217505585766,0.217505585766,0.217505585766,0.10499466246,0.0239253881486,0.0904395727229,0.39401189737
 10/25  03:00:00,0.841803924089,8.07361517739,0.0,7.78946265655,0.0,0.219485669747,0.219485669747,0.219485669747,0.10499466246,0.0239253881486,0.0815325148897,0.388465688844
 10/25  04:00:00,0.836046906412,8.03005904202,0.0,7.68311883485,0.0,0.216482356007,0.216482356007,0.216482356007,0.10499466246,0.0239253881486,0.0934531543451,0.373791345452
 10/25  05:00:00,0.901904891372,8.2016651641,0.0,7.57248430975,0.0,0.213363679933,0.213363679933,0.213363679933,0.113744217436,0.0259191712579,0.108356723184,0.417121099562
 10/25  06:00:00,1.18961738827,9.05445920945,0.0,7.89993487781,0.0,0.222589766018,0.222589766018,0.222589766018,0.236238042214,0.053832125625,0.171615042699,0.48194241171
 10/25  07:00:00,1.64889702445,9.17924697831,0.0,7.87963904138,0.0,0.22204265555,0.22204265555,0.22204265555,0.481225534922,0.109658009925,0.26297090348,0.51209992057
 10/25  08:00:00,1.51088126676,8.11278176149,0.0,6.85630089976,0.0,0.193236152507,0.193236152507,0.193236152507,0.42872817676,0.0976953357036,0.334870698725,0.432950903063
 10/25  09:00:00,1.21395021969,6.72799938982,0.0,5.58991833026,0.0,0.157523340804,0.157523340804,0.157523340804,0.209989298612,0.0478507885143,0.406710562808,0.368476228948
 10/25  10:00:00,1.1820385991,6.46932317385,0.0,5.46601259157,0.0,0.154019648208,0.154019648208,0.154019648208,0.166241522483,0.0378818729679,0.423353375669,0.37714217977
 10/25  11:00:00,1.15586277291,4.74800613713,0.0,3.86531411463,0.0,0.108907182206,0.108907182206,0.108907182206,0.166241522483,0.0378818729679,0.442174469475,0.377257725781
 10/25  12:00:00,1.10753093632,3.51435242613,0.0,2.72595643895,0.0,0.0767946967258,0.0767946967258,0.0767946967258,0.166241522483,0.0378818729679,0.432310148963,0.370902695178
 10/25  13:00:00,1.05390237256,2.502047937,0.0,1.76831595856,0.0,0.0498111953001,0.0498111953001,0.0498111953001,0.166241522483,0.0378818729679,0.392839479418,0.383728302395
 10/25  14:00:00,1.02239536099,1.61624064203,0.0,0.936273448472,0.0,0.026371543771,0.026371543771,0.026371543771,0.166241522483,0.0378818729679,0.363165015326,0.405335406444
 10/25  15:00:00,1.04226325967,0.723448983704,0.0,0.0342815793938,0.0,0.000965580122889,0.000965580122889,0.000965580122889,0.174991104516,0.0398756316427,0.375164064812,0.427866878581
 10/25  16:00:00,1.23769464426,0.922446839827,0.0,0.160474205589,0.0,0.00451993989817,0.00451993989817,0.00451993989817,0.218738880645,0.0498445471892,0.435099748529,0.506091528
 10/25  17:00:00,1.63200915878,1.28105599559,0.0,0.368006313557,0.0,0.0103650718883,0.0103650718883,0.0103650718883,0.358731788568,0.0817450830465,0.542946890966,0.614820324312
 10/25  18:00:00,2.02989461227,1.52787564015,0.0,0.478823788409,0.0,0.0134872046641,0.0134872046641,0.0134872046641,0.656216639438,0.149533672111,0.489747790749,0.66750930531
 10/25  19:00:00,2.37873911368,1.26271869491,0.0,0.191024357389,0.0,0.00538112925194,0.00538112925194,0.00538112925194,1.03244746053,0.23526630305,0.393243357496,0.689000863348
 10/25  20:00:00,2.51760241277,2.34292064737,0.0,1.34914686079,0.0,0.0380121523171,0.0380121523171,0.0380121523171,1.13744217436,0.259191712579,0.346868577915,0.712687795595
 10/25  21:00:00,2.27081139029,2.81977188327,0.0,1.92355685083,0.0,0.0542015637358,0.0542015637358,0.0542015637358,0.953701621847,0.217322261175,0.326136773512,0.696049170016
 10/25  22:00:00,1.84249919687,3.28443641939,0.0,2.54783724423,0.0,0.071788486596,0.071788486596,0.071788486596,0.717463577136,0.16349013555,0.264015642455,0.602341355129
 10/25  23:00:00,1.42454664467,3.56221844884,0.0,2.9964625914,0.0,0.0844221075249,0.0844221075249,0.0844221075249,0.498724698988,0.113645588361,0.180930820152,0.523423429644
 10/25  24:00:00,0.983468035497,3.69130951077,0.0,3.30687916851,0.0,0.0931527828899,0.0931527828899,0.0931527828899,0.253737074741,0.0578196735178,0.122407601285,0.432950903063
 10/26  01:00:00,0.813580216375,3.59524525109,0.0,3.29268926507,0.0,0.0927153585825,0.0927153585825,0.0927153585825,0.15749194045,0.03588808375,0.105451095784,0.398633737808
 10/26  02:00:00,0.734102163911,3.73897672666,0.0,3.45835086624,0.0,0.0973306432103,0.0973306432103,0.0973306432103,0.10499466246,0.0239253881486,0.0904395727229,0.39401189737
 10/26  03:00:00,0.710604639478,3.42460203839,0.0,3.1379046943,0.0,0.088286385136,0.088286385136,0.088286385136,0.10499466246,0.0239253881486,0.0815325148897,0.388465688844
 10/26  04:00:00,0.70634031384,3.43583674342,0.0,3.0858779811,0.0,0.0867757634339,0.0867757634339,0.0867757634339,0.10499466246,0.0239253881486,0.0934531543451,0.373791345452
 10/26  05:00:00,0.764873527942,3.34869130052,0.0,2.71540289736,0.0,0.076332316503,0.076332316503,0.076332316503,0.113744217436,0.0259191712579,0.108356723184,0.417121099562
 10/26  06:00:00,1.03953861137,3.74083868766,0.0,2.58039308265,0.0,0.0725109891251,0.0725109891251,0.0725109891251,0.236238042214,0.053832125625,0.171615042699,0.48194241171
 10/26  07:00:00,1.50134852671,3.95785365056,0.0,2.65156465427,0.0,0.0744941578163,0.0744941578163,0.0744941578163,0.481225534922,0.109658009925,0.26297090348,0.51209992057
 10/26  08:00:00,1.38364892476,3.6127965042,0.0,2.35008823884,0.0,0.0660038105042,0.0660038105042,0.0660038105042,0.42872817676,0.0976953357036,0.334870698725,0.432950903063
 10/26  09:00:00,1.12821868241,3.70031821392,0.0,2.55696133572,0.0,0.071791803529,0.071791803529,0.071791803529,0.209989298612,0.0478507885143,0.406710562808,0.368476228948
 10/26  10:00:00,1.14840262083,5.29755016866,0.0,4.29006296479,0.0,0.120383669936,0.120383669936,0.120383669936,0.166241522483,0.0378818729679,0.423353375669,0.37714217977
 10/26  11:00:00,1.15467506208,4.72467830801,0.0,3.83880023779,0.0,0.107719471371,0.107719471371,0.107719471371,0.166241522483,0.0378818729679,0.442174469475,0.377257725781
 10/26  12:00:00,1.13962933474,4.67150574392,0.0,3.88076953777,0.0,0.108893095152,0.108893095152,0.108893095152,0.166241522483,0.0378818729679,0.432310148963,0.370902695178
 10/26  13:00:00,1.10864810739,4.46173283293,0.0,3.72629351986,0.0,0.104556930124,0.104556930124,0.104556930124,0.166241522483,0.0378818729679,0.392839479418,0.383728302395
 10/26  14:00:00,1.10208814108,4.46118608208,0.0,3.78012134069,0.0,0.106064323863,0.106064323863,0.106064323863,0.166241522483,0.0378818729679,0.363165015326,0.405335406444
 10/26  15:00:00,1.17005587112,5.27863907014,0.0,4.58911327525,0.0,0.128758191568,0.128758191568,0.128758191568,0.174991104516,0.0398756316427,0.375164064812,0.427866878581
 10/26  16:00:00,1.35545410599,5.12030762564,0.0,4.35799375454,0.0,0.122279401624,0.122279401624,0.122279401624,0.218738880645,0.0498445471892,0.435099748529,0.506091528
 10/26  17:00:00,1.75753832458,5.7568462309,0.0,4.84291759184,0.0,0.135894237688,0.135894237688,0.135894237688,0.358731788568,0.0817450830465,0.542946890966,0.614820324312
 10/26  18:00:00,2.13486238812,5.27130467032,0.0,4.22088912932,0.0,0.118454980515,0.118454980515,0.118454980515,0.656216639438,0.149533672111,0.489747790749,0.66750930531
 10/26  19:00:00,2.49227927212,5.31078240618,0.0,4.23728887408,0.0,0.118921287697,0.118921287697,0.118921287697,1.03244746053,0.23526630305,0.393243357496,0.689000863348
 10/26  20:00:00,2.60411554326,5.43166650525,0.0,4.43626003539,0.0,0.12452528281,0.12452528281,0.12452528281,1.13744217436,0.259191712579,0.346868577915,0.712687795595
 10/26  21:00:00,2.34643602132,5.52221905826,0.0,4.62451273989,0.0,0.129826194766,0.129826194766,0.129826194766,0.953701621847,0.217322261175,0.326136773512,0.696049170016
 10/26  22:00:00,1.91564710402,5.90000979221,0.0,5.16241487785,0.0,0.144936393747,0.144936393747,0.144936393747,0.717463577136,0.16349013555,0.264015642455,0.602341355129
 10/26  23:00:00,1.49928521468,6.23500744516,0.0,5.66879058701,0.0,0.159160677533,0.159160677533,0.159160677533,0.498724698988,0.113645588361,0.180930820152,0.523423429644
 10/26  24:00:00,1.05925726301,6.40087914998,0.0,6.01695993244,0.0,0.168942010402,0.168942010402,0.168942010402,0.253737074741,0.0578196735178,0.122407601285,0.432950903063
 10/27  01:00:00,0.893982879457,6.46723162411,0.0,6.16550971541,0.0,0.173118021665,0.173118021665,0.173118021665,0.15749194045,0.03588808375,0.105451095784,0.398633737808
 10/27  02:00:00,0.814575403949,6.61232676551,0.0,6.33249252149,0.0,0.177803883248,0.177803883248,0.177803883248,0.10499466246,0.0239253881486,0.0904395727229,0.39401189737
 10/27  03:00:00,0.80354833434,6.74040077012,0.0,6.45450050923,0.0,0.181230079998,0.181230079998,0.181230079998,0.10499466246,0.0239253881486,0.0815325148897,0.388465688844
 10/27  04:00:00,0.809409007208,7.11019189659,0.0,6.76109148243,0.0,0.189844456803,0.189844456803,0.189844456803,0.10499466246,0.0239253881486,0.0934531543451,0.373791345452
 10/27  05:00:00,0.879061192836,7.4178377904,0.0,6.78487856303,0.0,0.190519981397,0.190519981397,0.190519981397,0.113744217436,0.0259191712579,0.108356723184,0.417121099562
 10/27  06:00:00,1.18746774766,9.01118059818,0.0,7.84968114554,0.0,0.220440125411,0.220440125411,0.220440125411,0.236238042214,0.053832125625,0.171615042699,0.48194241171
 10/27  07:00:00,1.62706392428,8.43524778271,0.0,7.12804301545,0.0,0.200209555384,0.200209555384,0.200209555384,0.481225534922,0.109658009925,0.26297090348,0.51209992057
 10/27  08:00:00,1.51532457675,8.30087902698,0.0,7.03686623905,0.0,0.197679462499,0.197679462499,0.197679462499,0.42872817676,0.0976953357036,0.334870698725,0.432950903063
 10/27  09:00:00,1.22700352672,7.21684517267,0.0,6.07214375904,0.0,0.170576647841,0.170576647841,0.170576647841,0.209989298612,0.0478507885143,0.406710562808,0.368476228948
 10/27  10:00:00,1.1718457905,6.12955161616,0.0,5.12040858422,0.0,0.143826839613,0.143826839613,0.143826839613,0.166241522483,0.0378818729679,0.423353375669,0.37714217977
 10/27  11:00:00,1.14281180813,4.30066695074,0.0,3.41279606429,0.0,0.0958562174271,0.0958562174271,0.0958562174271,0.166241522483,0.0378818729679,0.442174469475,0.377257725781
 10/27  12:00:00,1.1304483156,4.34238881874,0.0,3.55010923073,0.0,0.099712076012,0.099712076012,0.099712076012,0.166241522483,0.0378818729679,0.432310148963,0.370902695178
 10/27  13:00:00,1.11196838282,4.57727204836,0.0,3.84063454954,0.0,0.107877205555,0.107877205555,0.107877205555,0.166241522483,0.0378818729679,0.392839479418,0.383728302395
 10/27  14:00:00,1.07281578194,3.41624311716,0.0,2.73390979327,0.0,0.0767919647242,0.0767919647242,0.0767919647242,0.166241522483,0.0378818729679,0.363165015326,0.405335406444
 10/27  15:00:00,1.10945726321,3.11802199829,0.0,2.42670767545,0.0,0.0681595836557,0.0681595836557,0.0681595836557,0.174991104516,0.0398756316427,0.375164064812,0.427866878581
 10/27  16:00:00,1.29681150306,3.03041033351,0.0,2.26576020866,0.0,0.0636367987008,0.0636367987008,0.0636367987008,0.218738880645,0.0498445471892,0.435099748529,0.506091528
 10/27  17:00:00,1.69780996379,3.62845053445,0.0,2.71171870179,0.0,0.0761658768959,0.0761658768959,0.0761658768959,0.358731788568,0.0817450830465,0.542946890966,0.614820324312
 10/27  18:00:00,2.07663803323,3.19774577094,0.0,2.14405913172,0.0,0.0602306256264,0.0602306256264,0.0602306256264,0.656216639438,0.149533672111,0.489747790749,0.66750930531
 10/27  19:00:00,2.44155132097,3.50370278868,0.0,2.42719159258,0.0,0.0681933365481,0.0681933365481,0.0681933365481,1.03244746053,0.23526630305,0.393243357496,0.689000863348
 10/27  20:00:00,2.56462002391,4.02387334242,0.0,3.02561445875,0.0,0.085029763457,0.085029763457,0.085029763457,1.13744217436,0.259191712579,0.346868577915,0.712687795595
 10/27  21:00:00,2.31454416063,4.38420046674,0.0,3.48408507669,0.0,0.0979343340829,0.0979343340829,0.0979343340829,0.953701621847,0.217322261175,0.326136773512,0.696049170016
 10/27  22:00:00,1.88408983537,4.77287709072,0.0,4.03327683999,0.0,0.113379125099,0.113379125099,0.113379125099,0.717463577136,0.16349013555,0.264015642455,0.602341355129
 10/27  23:00:00,1.46053543989,4.85107312684,0.0,4.28330358136,0.0,0.120410902741,0.120410902741,0.120410902741,0.498724698988,0.113645588361,0.180930820152,0.523423429644
 10/27  24:00:00,1.03257878672,5.44569252179,0.0,5.06057172912,0.0,0.142263534114,0.142263534114,0.142263534114,0.253737074741,0.0578196735178,0.122407601285,0.432950903063
 10/28  01:00:00,0.863997510832,5.23847101529,0.0,4.927606173,0.0,0.138527791641,0.138527791641,0.138527791641,0.15749194045,0.03588808375,0.110055957183,0.398633737808
 10/28  02:00:00,0.783040452238,5.38137981174,0.0,5.09476091141,0.0,0.143222486716,0.143222486716,0.143222486716,0.10499466246,0.0239253881486,0.0934860175435,0.39401189737
 10/28  03:00:00,0.7751664643,5.6738388425,0.0,5.38067686488,0.0,0.151255238435,0.151255238435,0.151255238435,0.10499466246,0.0239253881486,0.0831254864125,0.388465688844
 10/28  04:00:00,0.76852032515,5.55176659019,0.0,5.18837723859,0.0,0.145839426549,0.145839426549,0.145839426549,0.10499466246,0.0239253881486,0.0965695025408,0.373791345452
 10/28  05:00:00,0.844718263812,6.05972716736,0.0,5.38642362268,0.0,0.151397577707,0.151397577707,0.151397577707,0.113744217436,0.0259191712579,0.11313619785,0.417121099562
 10/28  06:00:00,1.12234777594,6.33816945105,0.0,5.08498724085,0.0,0.142923722835,0.142923722835,0.142923722835,0.236238042214,0.053832125625,0.184011473552,0.48194241171
 10/28  07:00:00,1.61486014795,7.22948573155,0.0,5.81043830447,0.0,0.163317523625,0.163317523625,0.163317523625,0.481225534922,0.109658009925,0.287659158907,0.51209992057
 10/28  08:00:00,1.50584530313,6.72906564171,0.0,5.3492746003,0.0,0.150356671384,0.150356671384,0.150356671384,0.42872817676,0.0976953357036,0.372714216214,0.432950903063
 10/28  09:00:00,1.24858980296,6.2177524249,0.0,4.9666129815,0.0,0.139626689458,0.139626689458,0.139626689458,0.209989298612,0.0478507885143,0.459246797427,0.368476228948
 10/28  10:00:00,1.2415155412,6.58222129616,0.0,5.48178503707,0.0,0.154094323055,0.154094323055,0.154094323055,0.166241522483,0.0378818729679,0.482755642921,0.37714217977
 10/28  11:00:00,1.23749869334,5.56362759323,0.0,4.60025997477,0.0,0.129306216755,0.129306216755,0.129306216755,0.166241522483,0.0378818729679,0.503411355357,0.377257725781
 10/28  12:00:00,1.21676239315,5.49202675383,0.0,4.63413370451,0.0,0.130247229988,0.130247229988,0.130247229988,0.166241522483,0.0378818729679,0.488089072534,0.370902695178
 10/28  13:00:00,1.1756884015,5.09011679064,0.0,4.29620131559,0.0,0.120744519818,0.120744519818,0.120744519818,0.166241522483,0.0378818729679,0.443692183839,0.383728302395
 10/28  14:00:00,1.1482865167,4.52774646669,0.0,3.79369325135,0.0,0.106616198761,0.106616198761,0.106616198761,0.166241522483,0.0378818729679,0.40881151604,0.405335406444
 10/28  15:00:00,1.18434093714,4.29427730383,0.0,3.5515685808,0.0,0.0998077893986,0.0998077893986,0.0998077893986,0.174991104516,0.0398756316427,0.418399532998,0.427866878581
 10/28  16:00:00,1.37136118514,4.25356953152,0.0,3.42619565884,0.0,0.0962822418062,0.0962822418062,0.0962822418062,0.218738880645,0.0498445471892,0.4770039875,0.506091528
 10/28  17:00:00,1.77391235763,4.94261245186,0.0,3.95044780475,0.0,0.111024352298,0.111024352298,0.111024352298,0.358731788568,0.0817450830465,0.584190809405,0.614820324312
 10/28  18:00:00,2.16144382579,4.88682446126,0.0,3.73569518774,0.0,0.10500771687,0.10500771687,0.10500771687,0.656216639438,0.149533672111,0.529776492066,0.66750930531
 10/28  19:00:00,2.52311635421,5.09082486982,0.0,3.90576673431,0.0,0.109806156708,0.109806156708,0.109806156708,1.03244746053,0.23526630305,0.433195570576,0.689000863348
 10/28  20:00:00,2.64651119317,5.59104035049,0.0,4.48982418578,0.0,0.126256334147,0.126256334147,0.126256334147,1.13744217436,0.259191712579,0.387533176485,0.712687795595
 10/28  21:00:00,2.40562461728,6.22967920462,0.0,5.24315421273,0.0,0.147473457152,0.147473457152,0.147473457152,0.953701621847,0.217322261175,0.367678107085,0.696049170016
 10/28  22:00:00,1.96628509954,6.58647982485,0.0,5.77918252742,0.0,0.162565642124,0.162565642124,0.162565642124,0.717463577136,0.16349013555,0.297024389604,0.602341355129
 10/28  23:00:00,1.54936452885,7.40309097983,0.0,6.7935706862,0.0,0.191116005532,0.191116005532,0.191116005532,0.498724698988,0.113645588361,0.199054806327,0.523423429644
 10/28  24:00:00,1.10204335764,7.65359743611,0.0,7.25339618134,0.0,0.204058808141,0.204058808141,0.204058808141,0.253737074741,0.0578196735178,0.13007689818,0.432950903063
 10/29  01:00:00,1.11896568801,8.2553550505,0.0,7.85479197664,0.0,0.220981138513,0.220981138513,0.220981138513,0.253737074741,0.0578196735178,0.13007689818,0.432950903063
 10/29  02:00:00,0.959207751316,8.61751999259,0.0,8.30757077307,0.0,0.233738032125,0.233738032125,0.233738032125,0.15749194045,0.03588808375,0.110055957183,0.398633737808
 10/29  03:00:00,0.886797451038,9.06280383971,0.0,8.77742681802,0.0,0.246979485516,0.246979485516,0.246979485516,0.10499466246,0.0239253881486,0.0934860175435,0.39401189737
 10/29  04:00:00,0.876095038452,9.25324136889,0.0,8.96148323694,0.0,0.252183812588,0.252183812588,0.252183812588,0.10499466246,0.0239253881486,0.0831254864125,0.388465688844
 10/29  05:00:00,0.874420858249,9.30751732221,0.0,8.94540092349,0.0,0.251739959648,0.251739959648,0.251739959648,0.10499466246,0.0239253881486,0.0965695025408,0.373791345452
 10/29  06:00:00,0.956032388599,10.0075032063,0.0,9.33461179638,0.0,0.262711702493,0.262711702493,0.262711702493,0.113744217436,0.0259191712579,0.11313619785,0.417121099562
 10/29  07:00:00,1.22732299767,10.0623079156,0.0,8.80768305363,0.0,0.247898944564,0.247898944564,0.247898944564,0.236238042214,0.053832125625,0.184011473552,0.48194241171
 10/29  08:00:00,1.68467106786,9.70351581916,0.0,8.28243495479,0.0,0.233128443539,0.233128443539,0.233128443539,0.481225534922,0.109658009925,0.287659158907,0.51209992057
 10/29  09:00:00,1.57338501067,9.12397157875,0.0,7.74146670512,0.0,0.217896378928,0.217896378928,0.217896378928,0.42872817676,0.0976953357036,0.372714216214,0.432950903063
 10/29  10:00:00,1.32045351297,8.76810948478,0.0,7.5146210683,0.0,0.211490399473,0.211490399473,0.211490399473,0.209989298612,0.0478507885143,0.459246797427,0.368476228948
 10/29  11:00:00,1.30411643962,8.80210780332,0.0,7.69994796819,0.0,0.216695221474,0.216695221474,0.216695221474,0.166241522483,0.0378818729679,0.482755642921,0.37714217977
 10/29  12:00:00,1.27072684544,6.74138370402,0.0,5.77634518343,0.0,0.16253436885,0.16253436885,0.16253436885,0.166241522483,0.0378818729679,0.503411355357,0.377257725781
 10/29  13:00:00,1.22669007194,5.84227788599,0.0,4.98259502431,0.0,0.140174908781,0.140174908781,0.140174908781,0.166241522483,0.0378818729679,0.488089072534,0.370902695178
 10/29  14:00:00,1.20229144575,6.03302799271,0.0,5.23779952726,0.0,0.14734756407,0.14734756407,0.14734756407,0.166241522483,0.0378818729679,0.443692183839,0.383728302395
 10/29  15:00:00,1.1708594569,5.32748755741,0.0,4.5922705357,0.0,0.129189138967,0.129189138967,0.129189138967,0.166241522483,0.0378818729679,0.40881151604,0.405335406444
 10/29  16:00:00,1.21032782463,5.21566172916,0.0,4.47181529088,0.0,0.125794676896,0.125794676896,0.125794676896,0.174991104516,0.0398756316427,0.418399532998,0.427866878581
 10/29  17:00:00,1.42280423027,6.0791860972,0.0,5.2509484001,0.0,0.147725286935,0.147725286935,0.147725286935,0.218738880645,0.0498445471892,0.4770039875,0.506091528
 10/29  18:00:00,1.84739390103,7.54947887567,0.0,6.55644795882,0.0,0.1845058957,0.1845058957,0.1845058957,0.358731788568,0.0817450830465,0.584190809405,0.614820324312
 10/29  19:00:00,2.23898726255,7.63753024556,0.0,6.48516770224,0.0,0.182551153629,0.182551153629,0.182551153629,0.656216639438,0.149533672111,0.529776492066,0.66750930531
 10/29  20:00:00,2.61628613886,8.39467924782,0.0,7.20853973275,0.0,0.202975941357,0.202975941357,0.202975941357,1.03244746053,0.23526630305,0.433195570576,0.689000863348
 10/29  21:00:00,2.73674161759,8.78900639557,0.0,7.68662855783,0.0,0.216486758573,0.216486758573,0.216486758573,1.13744217436,0.259191712579,0.387533176485,0.712687795595
 10/29  22:00:00,2.48505894446,9.04267698866,0.0,8.05527414753,0.0,0.226907784334,0.226907784334,0.226907784334,0.953701621847,0.217322261175,0.367678107085,0.696049170016
 10/29  23:00:00,2.05111619736,9.58879901134,0.0,8.78139878764,0.0,0.247396739945,0.247396739945,0.247396739945,0.717463577136,0.16349013555,0.297024389604,0.602341355129
 10/29  24:00:00,1.62757525045,10.1675656017,0.0,9.55851872591,0.0,0.269326727127,0.269326727127,0.269326727127,0.498724698988,0.113645588361,0.199054806327,0.523423429644
 10/30  01:00:00,1.17727641717,10.5675370426,0.0,10.1837674337,0.0,0.286961164558,0.286961164558,0.286961164558,0.253737074741,0.0578196735178,0.122407601285,0.432950903063
 10/30  02:00:00,1.02028140481,10.9255991848,0.0,10.6252257622,0.0,0.299416547018,0.299416547018,0.299416547018,0.15749194045,0.03588808375,0.105451095784,0.398633737808
 10/30  03:00:00,0.938217933529,10.9741185544,0.0,10.6961576417,0.0,0.301446412828,0.301446412828,0.301446412828,0.10499466246,0.0239253881486,0.0904395727229,0.39401189737
 10/30  04:00:00,0.933588679858,11.3280156975,0.0,11.0439845776,0.0,0.311270425516,0.311270425516,0.311270425516,0.10499466246,0.0239253881486,0.0815325148897,0.388465688844
 10/30  05:00:00,0.930084942052,11.3646639251,0.0,11.0168752306,0.0,0.310520391647,0.310520391647,0.310520391647,0.10499466246,0.0239253881486,0.0934531543451,0.373791345452
 10/30  06:00:00,1.00964136903,12.0260647903,0.0,11.3915488409,0.0,0.321100157595,0.321100157595,0.321100157595,0.113744217436,0.0259191712579,0.108356723184,0.417121099562
 10/30  07:00:00,1.29192311096,12.6937169347,0.0,11.5253823301,0.0,0.324895488714,0.324895488714,0.324895488714,0.236238042214,0.053832125625,0.171615042699,0.48194241171
 10/30  08:00:00,1.6839746782,10.4369563112,0.0,9.12037156759,0.0,0.257120309303,0.257120309303,0.257120309303,0.481225534922,0.109658009925,0.26297090348,0.51209992057
 10/30  09:00:00,1.51211659824,8.17310561003,0.0,6.89925257718,0.0,0.194471483988,0.194471483988,0.194471483988,0.42872817676,0.0976953357036,0.334870698725,0.432950903063
 10/30  10:00:00,1.17526108261,5.37139522512,0.0,4.21715817376,0.0,0.118834203731,0.118834203731,0.118834203731,0.209989298612,0.0478507885143,0.406710562808,0.368476228948
 10/30  11:00:00,1.11237719505,4.01219484997,0.0,2.99454633808,0.0,0.0843582441653,0.0843582441653,0.0843582441653,0.166241522483,0.0378818729679,0.423353375669,0.37714217977
 10/30  12:00:00,1.07229870251,1.79513782232,0.0,0.899810552366,0.0,0.025343111799,0.025343111799,0.025343111799,0.166241522483,0.0378818729679,0.442174469475,0.377257725781
 10/30  13:00:00,1.03073623959,0.799407629421,0.0,0.0,0.0,0.0,0.0,0.0,0.166241522483,0.0378818729679,0.432310148963,0.370902695178
 10/30  14:00:00,1.00409117726,0.743252345202,0.0,0.0,0.0,0.0,0.0,0.0,0.166241522483,0.0378818729679,0.392839479418,0.383728302395
 10/30  15:00:00,0.99602381722,0.687974999901,0.0,0.0,0.0,0.0,0.0,0.0,0.166241522483,0.0378818729679,0.363165015326,0.405335406444
 10/30  16:00:00,1.04129767955,0.696598146053,0.0,0.0,0.0,0.0,0.0,0.0,0.174991104516,0.0398756316427,0.375164064812,0.427866878581
 10/30  17:00:00,1.23317470436,0.770219185115,0.0,0.0,0.0,0.0,0.0,0.0,0.218738880645,0.0498445471892,0.435099748529,0.506091528
 10/30  18:00:00,1.6349866247,1.39678207069,0.0,0.473288688461,0.0,0.0133425378101,0.0133425378101,0.0133425378101,0.358731788568,0.0817450830465,0.542946890966,0.614820324312
 10/30  19:00:00,2.03259245582,1.63607073466,0.0,0.574529923713,0.0,0.0161850482169,0.0161850482169,0.0161850482169,0.656216639438,0.149533672111,0.489747790749,0.66750930531
 10/30  20:00:00,2.42276052207,2.83767411041,0.0,1.75367322403,0.0,0.0494025376386,0.0494025376386,0.0494025376386,1.03244746053,0.23526630305,0.393243357496,0.689000863348
 10/30  21:00:00,2.55062940896,3.52586041588,0.0,2.52103021832,0.0,0.071039148509,0.071039148509,0.071039148509,1.13744217436,0.259191712579,0.346868577915,0.712687795595
 10/30  22:00:00,2.30971623854,4.20969052135,0.0,3.3037014682,0.0,0.0931064119888,0.0931064119888,0.0931064119888,0.953701621847,0.217322261175,0.326136773512,0.696049170016
 10/30  23:00:00,1.87554487435,4.46310688694,0.0,3.7194323682,0.0,0.104834164085,0.104834164085,0.104834164085,0.717463577136,0.16349013555,0.264015642455,0.602341355129
 10/30  24:00:00,1.46557343132,5.02078639277,0.0,4.45063705489,0.0,0.125448894175,0.125448894175,0.125448894175,0.498724698988,0.113645588361,0.180930820152,0.523423429644
 10/31  01:00:00,1.02941102101,5.32098605738,0.0,4.93501605349,0.0,0.1390957684,0.1390957684,0.1390957684,0.253737074741,0.0578196735178,0.122407601285,0.432950903063
 10/31  02:00:00,0.862015230893,5.3105837385,0.0,5.00797150138,0.0,0.141150373101,0.141150373101,0.141150373101,0.15749194045,0.03588808375,0.105451095784,0.398633737808
 10/31  03:00:00,0.776153791972,5.22627962041,0.0,4.9457043132,0.0,0.139382271271,0.139382271271,0.139382271271,0.10499466246,0.0239253881486,0.0904395727229,0.39401189737
 10/31  04:00:00,0.767172399897,5.42722961841,0.0,5.14051091651,0.0,0.144854145555,0.144854145555,0.144854145555,0.10499466246,0.0239253881486,0.0815325148897,0.388465688844
 10/31  05:00:00,0.768380146729,5.63230722451,0.0,5.28141922797,0.0,0.148815596323,0.148815596323,0.148815596323,0.10499466246,0.0239253881486,0.0934531543451,0.373791345452
 10/31  06:00:00,0.838741420673,5.96935581136,0.0,5.33079300185,0.0,0.150200209234,0.150200209234,0.150200209234,0.113744217436,0.0259191712579,0.108356723184,0.417121099562
 10/31  07:00:00,1.14241416879,7.3990626416,0.0,6.22485659152,0.0,0.175386546547,0.175386546547,0.175386546547,0.236238042214,0.053832125625,0.171615042699,0.48194241171
 10/31  08:00:00,1.55609648335,5.90945272975,0.0,4.5867848633,0.0,0.129242114457,0.129242114457,0.129242114457,0.481225534922,0.109658009925,0.26297090348,0.51209992057
 10/31  09:00:00,1.39698014087,4.09563581538,0.0,2.81607716385,0.0,0.0793350266201,0.0793350266201,0.0793350266201,0.42872817676,0.0976953357036,0.334870698725,0.432950903063
 10/31  10:00:00,1.1046566717,2.87147989729,0.0,1.71236645083,0.0,0.0482297928156,0.0482297928156,0.0482297928156,0.209989298612,0.0478507885143,0.406710562808,0.368476228948
 10/31  11:00:00,1.05952487224,2.14043419716,0.0,1.11880658288,0.0,0.0315059213542,0.0315059213542,0.0315059213542,0.166241522483,0.0378818729679,0.423353375669,0.37714217977
 10/31  12:00:00,1.05063643433,1.02907261455,0.0,0.130722331229,0.0,0.00368084362103,0.00368084362103,0.00368084362103,0.166241522483,0.0378818729679,0.442174469475,0.377257725781
 10/31  13:00:00,1.03073623959,0.80148621187,0.0,0.0,0.0,0.0,0.0,0.0,0.166241522483,0.0378818729679,0.432310148963,0.370902695178
 10/31  14:00:00,1.00409117726,0.745050335655,0.0,0.0,0.0,0.0,0.0,0.0,0.166241522483,0.0378818729679,0.392839479418,0.383728302395
 10/31  15:00:00,0.99602381722,0.689444221031,0.0,0.0,0.0,0.0,0.0,0.0,0.166241522483,0.0378818729679,0.363165015326,0.405335406444
 10/31  16:00:00,1.04129767955,0.698154087791,0.0,0.0,0.0,0.0,0.0,0.0,0.174991104516,0.0398756316427,0.375164064812,0.427866878581
 10/31  17:00:00,1.23317470436,0.772046402001,0.0,0.0,0.0,0.0,0.0,0.0,0.218738880645,0.0498445471892,0.435099748529,0.506091528
 10/31  18:00:00,1.63304606572,1.3307752208,0.0,0.404890692839,0.0,0.0114019788274,0.0114019788274,0.0114019788274,0.358731788568,0.0817450830465,0.542946890966,0.614820324312
 10/31  19:00:00,2.0283896163,1.49029680103,0.0,0.425644632816,0.0,0.0119822086972,0.0119822086972,0.0119822086972,0.656216639438,0.149533672111,0.489747790749,0.66750930531
 10/31  20:00:00,2.43765155074,3.37080193601,0.0,2.28394002705,0.0,0.0642935663169,0.0642935663169,0.0642935663169,1.03244746053,0.23526630305,0.393243357496,0.689000863348
 10/31  21:00:00,2.5623431069,3.94602469493,0.0,2.9388359007,0.0,0.0827528464481,0.0827528464481,0.0827528464481,1.13744217436,0.259191712579,0.346868577915,0.712687795595
 10/31  22:00:00,2.31584194404,4.43161195039,0.0,3.52355061383,0.0,0.0992321174873,0.0992321174873,0.0992321174873,0.953701621847,0.217322261175,0.326136773512,0.696049170016
 10/31  23:00:00,1.88949314863,4.96292211113,0.0,4.21755409695,0.0,0.118782438359,0.118782438359,0.118782438359,0.717463577136,0.16349013555,0.264015642455,0.602341355129
 10/31  24:00:00,1.47941398871,5.51677914954,0.0,4.94565239943,0.0,0.13928945157,0.13928945157,0.13928945157,0.498724698988,0.113645588361,0.180930820152,0.523423429644
 11/01  01:00:00,1.05311356153,5.98534440058,0.0,5.59904726159,0.0,0.15768906494,0.15768906494,0.15768906494,0.259694288664,0.059177159375,0.121972905831,0.431180142723
 11/01  02:00:00,0.889807653995,6.44705092783,0.0,6.14461605577,0.0,0.173055825299,0.173055825299,0.173055825299,0.155816494275,0.035506295625,0.105025704823,0.397003333973
 11/01  03:00:00,0.819422407746,6.88552808982,0.0,6.60565929684,0.0,0.186047803992,0.186047803992,0.186047803992,0.103877702561,0.0236708606957,0.0900256437303,0.392400396767
 11/01  04:00:00,0.815230367914,7.25453612732,0.0,6.96857378046,0.0,0.196274120968,0.196274120968,0.196274120968,0.103877702561,0.0236708606957,0.0811308115684,0.386876872121
 11/01  05:00:00,0.813165577591,7.34045681522,0.0,6.99026842639,0.0,0.196899115552,0.196899115552,0.196899115552,0.103877702561,0.0236708606957,0.0930553522885,0.372262546493
 11/01  06:00:00,0.879290172506,7.46247094385,0.0,6.82354981478,0.0,0.19221500888,0.19221500888,0.19221500888,0.114265468846,0.026037950125,0.107956661861,0.415415082795
 11/01  07:00:00,1.10767200296,7.94894711502,0.0,6.77232644009,0.0,0.190767831906,0.190767831906,0.190767831906,0.197367690954,0.044974641125,0.171190561876,0.479971277101
 11/01  08:00:00,1.52015640368,8.95139642469,0.0,7.62581703842,0.0,0.214807704391,0.214807704391,0.214807704391,0.384347484084,0.087582195875,0.262513576959,0.510005442367
 11/01  09:00:00,1.41515057231,7.20969498933,0.0,5.92798599002,0.0,0.166993685651,0.166993685651,0.166993685651,0.373959717799,0.0852151095,0.334401916637,0.431180142723
 11/01  10:00:00,1.18478469361,5.88599405432,0.0,4.72511476069,0.0,0.133084089614,0.133084089614,0.133084089614,0.207755457239,0.0473417275,0.406234250548,0.366969168707
 11/01  11:00:00,1.14748223158,4.88525987811,0.0,3.86194260488,0.0,0.10875401124,0.10875401124,0.10875401124,0.176592026845,0.040240468375,0.422896049148,0.375599675967
 11/01  12:00:00,1.12511702121,3.29563452692,0.0,2.39579909421,0.0,0.0674571585735,0.0674571585735,0.0674571585735,0.176592026845,0.040240468375,0.441712618022,0.375714749397
 11/01  13:00:00,1.0977171419,2.80192934136,0.0,1.99895139588,0.0,0.0562765853406,0.0562765853406,0.0562765853406,0.176592026845,0.040240468375,0.431822350603,0.36938571074
 11/01  14:00:00,1.07873175645,3.01905974661,0.0,2.2727311658,0.0,0.0639819280893,0.0639819280893,0.0639819280893,0.176592026845,0.040240468375,0.392358471658,0.382158861485
 11/01  15:00:00,1.10794296277,3.38419193169,0.0,2.69361500373,0.0,0.0758316146212,0.0758316146212,0.0758316146212,0.197367690954,0.044974641125,0.362691423146,0.403677592921
 11/01  16:00:00,1.24514339153,3.41910541847,0.0,2.71975174755,0.0,0.0765690599188,0.0765690599188,0.0765690599188,0.280469821234,0.063911332125,0.374676266453,0.426116911797
 11/01  17:00:00,1.67531291478,3.91088215939,0.0,3.13762430049,0.0,0.0883387275252,0.0883387275252,0.0883387275252,0.509000679504,0.115987232375,0.434564651377,0.504021624
 11/01  18:00:00,2.40005674786,4.91655414632,0.0,3.98953319222,0.0,0.112350020223,0.112350020223,0.112350020223,0.90373593237,0.205936484082,0.542328589423,0.612305721759
 11/01  19:00:00,2.83754915426,5.05633277734,0.0,3.99051115974,0.0,0.112406688414,0.112406688414,0.112406688414,1.23614458753,0.281683278625,0.489135393799,0.664779205901
 11/01  20:00:00,2.73693629987,5.23683646715,0.0,4.14760962686,0.0,0.11684303377,0.11684303377,0.11684303377,1.23614458753,0.281683278625,0.392682536045,0.686182863907
 11/01  21:00:00,2.63345820559,6.36571388802,0.0,5.35605544964,0.0,0.150912138624,0.150912138624,0.150912138624,1.14265468846,0.26037950125,0.346338960163,0.709772917085
 11/01  22:00:00,2.39164872227,6.70254430687,0.0,5.79239384809,0.0,0.163221433782,0.163221433782,0.163221433782,0.966062661619,0.220139032875,0.325623250854,0.693202343145
 11/01  23:00:00,1.9499832761,7.24442450327,0.0,6.49743856473,0.0,0.183090955742,0.183090955742,0.183090955742,0.71675613924,0.163328959875,0.263529429942,0.599877791304
 11/01  24:00:00,1.54605256748,7.97698842719,0.0,7.40485567231,0.0,0.208658367544,0.208658367544,0.208658367544,0.498612913219,0.113620146,0.180478502199,0.521282638521
 11/02  01:00:00,1.11210424719,8.07633442288,0.0,7.68953860796,0.0,0.216679750595,0.216679750595,0.216679750595,0.259694288664,0.059177159375,0.121972905831,0.431180142723
 11/02  02:00:00,0.945772927393,8.43096270005,0.0,8.12815712077,0.0,0.229021098698,0.229021098698,0.229021098698,0.155816494275,0.035506295625,0.105025704823,0.397003333973
 11/02  03:00:00,0.871534534005,8.73324824437,0.0,8.45296730119,0.0,0.238159930251,0.238159930251,0.238159930251,0.103877702561,0.0236708606957,0.0900256437303,0.392400396767
 11/02  04:00:00,0.855879148753,8.69615502826,0.0,8.40964794453,0.0,0.236922901807,0.236922901807,0.236922901807,0.103877702561,0.0236708606957,0.0811308115684,0.386876872121
 11/02  05:00:00,0.845252432711,8.4797299486,0.0,8.12841425308,0.0,0.228985970672,0.228985970672,0.228985970672,0.103877702561,0.0236708606957,0.0930553522885,0.372262546493
 11/02  06:00:00,0.913935768088,8.69477982509,0.0,8.05385845067,0.0,0.226860604462,0.226860604462,0.226860604462,0.114265468846,0.026037950125,0.107956661861,0.415415082795
 11/02  07:00:00,1.13710917959,8.99841239693,0.0,7.81803591231,0.0,0.220205008529,0.220205008529,0.220205008529,0.197367690954,0.044974641125,0.171190561876,0.479971277101
 11/02  08:00:00,1.54493750388,9.83666892315,0.0,8.50670747577,0.0,0.239588804599,0.239588804599,0.239588804599,0.384347484084,0.087582195875,0.262513576959,0.510005442367
 11/02  09:00:00,1.47639522505,9.38939010091,0.0,8.10373795684,0.0,0.228238338394,0.228238338394,0.228238338394,0.373959717799,0.0852151095,0.334401916637,0.431180142723
 11/02  10:00:00,1.27846477734,9.21536070973,0.0,8.05139294667,0.0,0.226764173342,0.226764173342,0.226764173342,0.207755457239,0.0473417275,0.406234250548,0.366969168707
 11/02  11:00:00,1.26593868552,9.09328462437,0.0,8.06795059892,0.0,0.227210465184,0.227210465184,0.227210465184,0.176592026845,0.040240468375,0.422896049148,0.375599675967
 11/02  12:00:00,1.29341319786,9.2721866961,0.0,8.37134807652,0.0,0.235753335226,0.235753335226,0.235753335226,0.176592026845,0.040240468375,0.441712618022,0.375714749397
 11/02  13:00:00,1.22625533082,7.36679709288,0.0,6.56293234615,0.0,0.18481477426,0.18481477426,0.18481477426,0.176592026845,0.040240468375,0.431822350603,0.36938571074
 11/02  14:00:00,1.2046572586,7.49118775326,0.0,6.74404075192,0.0,0.189907430241,0.189907430241,0.189907430241,0.176592026845,0.040240468375,0.392358471658,0.382158861485
 11/02  15:00:00,1.22991619544,7.71560637793,0.0,7.02434316492,0.0,0.19780484729,0.19780484729,0.19780484729,0.197367690954,0.044974641125,0.362691423146,0.403677592921
 11/02  16:00:00,1.36248667297,7.5855492104,0.0,6.8855251111,0.0,0.193912341357,0.193912341357,0.193912341357,0.280469821234,0.063911332125,0.374676266453,0.426116911797
 11/02  17:00:00,1.79670076962,8.22026493734,0.0,7.44612941335,0.0,0.209726582364,0.209726582364,0.209726582364,0.509000679504,0.115987232375,0.434564651377,0.504021624
 11/02  18:00:00,2.50866601694,8.77134323053,0.0,7.84285163482,0.0,0.220959289311,0.220959289311,0.220959289311,0.90373593237,0.205936484082,0.542328589423,0.612305721759
 11/02  19:00:00,2.93490400106,8.51228437174,0.0,7.444076823,0.0,0.209761535204,0.209761535204,0.209761535204,1.23614458753,0.281683278625,0.489135393799,0.664779205901
 11/02  20:00:00,2.83091339278,8.57168133392,0.0,7.48051681853,0.0,0.210820126675,0.210820126675,0.210820126675,1.23614458753,0.281683278625,0.392682536045,0.686182863907
 11/02  21:00:00,2.69854141597,8.67464718696,0.0,7.66269993562,0.0,0.215995349007,0.215995349007,0.215995349007,1.14265468846,0.26037950125,0.346338960163,0.709772917085
 11/02  22:00:00,2.45795158712,9.05380935708,0.0,8.14167159166,0.0,0.229524298629,0.229524298629,0.229524298629,0.966062661619,0.220139032875,0.325623250854,0.693202343145
 11/02  23:00:00,2.00519308915,9.20061786536,0.0,8.45226759964,0.0,0.238300768792,0.238300768792,0.238300768792,0.71675613924,0.163328959875,0.263529429942,0.599877791304
 11/02  24:00:00,1.58066236104,9.20119544353,0.0,8.62798440963,0.0,0.243268161106,0.243268161106,0.243268161106,0.498612913219,0.113620146,0.180478502199,0.521282638521
 11/03  01:00:00,1.15361285435,9.54542978246,0.0,9.15794597925,0.0,0.258188357757,0.258188357757,0.258188357757,0.259694288664,0.059177159375,0.121972905831,0.431180142723
 11/03  02:00:00,0.985567816686,9.83870676351,0.0,9.53547128299,0.0,0.26881598799,0.26881598799,0.26881598799,0.155816494275,0.035506295625,0.105025704823,0.397003333973
 11/03  03:00:00,0.915834614665,10.300095149,0.0,10.0195813983,0.0,0.28246001091,0.28246001091,0.28246001091,0.103877702561,0.0236708606957,0.0900256437303,0.392400396767
 11/03  04:00:00,0.906905672756,10.5009036204,0.0,10.2142162622,0.0,0.28794942581,0.28794942581,0.28794942581,0.103877702561,0.0236708606957,0.0811308115684,0.386876872121
 11/03  05:00:00,0.908446784749,10.7153213789,0.0,10.3639330282,0.0,0.292180322711,0.292180322711,0.292180322711,0.103877702561,0.0236708606957,0.0930553522885,0.372262546493
 11/03  06:00:00,0.977402968828,10.9397708202,0.0,10.2978724366,0.0,0.290327805201,0.290327805201,0.290327805201,0.114265468846,0.026037950125,0.107956661861,0.415415082795
 11/03  07:00:00,1.2031937557,11.3373347544,0.0,10.1542227989,0.0,0.286289584646,0.286289584646,0.286289584646,0.197367690954,0.044974641125,0.171190561876,0.479971277101
 11/03  08:00:00,1.55375888093,10.1438581825,0.0,8.81045423291,0.0,0.248410181646,0.248410181646,0.248410181646,0.384347484084,0.087582195875,0.262513576959,0.510005442367
 11/03  09:00:00,1.45661216614,8.68427123362,0.0,7.39438594815,0.0,0.208455279481,0.208455279481,0.208455279481,0.373959717799,0.0852151095,0.334401916637,0.431180142723
 11/03  10:00:00,1.2162341221,7.00585176431,0.0,5.83749782591,0.0,0.164533518103,0.164533518103,0.164533518103,0.207755457239,0.0473417275,0.406234250548,0.366969168707
 11/03  11:00:00,1.18338609768,6.16264495757,0.0,5.1330562488,0.0,0.144657877345,0.144657877345,0.144657877345,0.176592026845,0.040240468375,0.422896049148,0.375599675967
 11/03  12:00:00,1.14952240807,4.16554448842,0.0,3.26016723369,0.0,0.091862545427,0.091862545427,0.091862545427,0.176592026845,0.040240468375,0.441712618022,0.375714749397
 11/03  13:00:00,1.10619673434,3.10669892529,0.0,2.29858930048,0.0,0.0647561777744,0.0647561777744,0.0647561777744,0.176592026845,0.040240468375,0.431822350603,0.36938571074
 11/03  14:00:00,1.06544031461,2.55084202579,0.0,1.79951548748,0.0,0.050690486247,0.050690486247,0.050690486247,0.176592026845,0.040240468375,0.392358471658,0.382158861485
 11/03  15:00:00,1.06198470603,1.75619598648,0.0,1.06057405513,0.0,0.0298733578863,0.0298733578863,0.0298733578863,0.197367690954,0.044974641125,0.362691423146,0.403677592921
 11/03  16:00:00,1.21294756734,2.27989494122,0.0,1.57547066607,0.0,0.0443732357263,0.0443732357263,0.0443732357263,0.280469821234,0.063911332125,0.374676266453,0.426116911797
 11/03  17:00:00,1.65045695569,3.03220499481,0.0,2.25362476572,0.0,0.0634827684346,0.0634827684346,0.0634827684346,0.509000679504,0.115987232375,0.434564651377,0.504021624
 11/03  18:00:00,2.39471368938,4.73038284442,0.0,3.79745672539,0.0,0.107006961748,0.107006961748,0.107006961748,0.90373593237,0.205936484082,0.542328589423,0.612305721759
 11/03  19:00:00,2.83444806315,4.95035297458,0.0,3.87784953688,0.0,0.109305597303,0.109305597303,0.109305597303,1.23614458753,0.281683278625,0.489135393799,0.664779205901
 11/03  20:00:00,2.73928006883,5.32383040887,0.0,4.22787736431,0.0,0.119186802723,0.119186802723,0.119186802723,1.23614458753,0.281683278625,0.392682536045,0.686182863907
 11/03  21:00:00,2.61611345397,5.75365038528,0.0,4.73752584587,0.0,0.133567387012,0.133567387012,0.133567387012,1.14265468846,0.26037950125,0.346338960163,0.709772917085
 11/03  22:00:00,2.37161716019,5.99478042687,0.0,5.07858576086,0.0,0.143189871693,0.143189871693,0.143189871693,0.966062661619,0.220139032875,0.325623250854,0.693202343145
 11/03  23:00:00,1.92276475811,6.280458199,0.0,5.52830733709,0.0,0.155872437745,0.155872437745,0.155872437745,0.71675613924,0.163328959875,0.263529429942,0.599877791304
 11/03  24:00:00,1.4962249659,6.20986893621,0.0,5.6333496716,0.0,0.158830765957,0.158830765957,0.158830765957,0.498612913219,0.113620146,0.180478502199,0.521282638521
 11/04  01:00:00,1.06433243365,6.12550649476,0.0,5.71921276229,0.0,0.161238640165,0.161238640165,0.161238640165,0.259694288664,0.059177159375,0.129642202726,0.431180142723
 11/04  02:00:00,0.87843630371,5.88699164605,0.0,5.57264166491,0.0,0.157079613616,0.157079613616,0.157079613616,0.155816494275,0.035506295625,0.109630566222,0.397003333973
 11/04  03:00:00,0.797980087149,6.02234536148,0.0,5.73255468367,0.0,0.161559038573,0.161559038573,0.161559038573,0.103877702561,0.0236708606957,0.093072088551,0.392400396767
 11/04  04:00:00,0.774238369902,5.75076426319,0.0,5.45416064791,0.0,0.153689151433,0.153689151433,0.153689151433,0.103877702561,0.0236708606957,0.0827237830912,0.386876872121
 11/04  05:00:00,0.771671228074,5.77349453052,0.0,5.40484402441,0.0,0.152288417839,0.152288417839,0.152288417839,0.103877702561,0.0236708606957,0.0961717004842,0.372262546493
 11/04  06:00:00,0.834431187603,5.7473346945,0.0,5.06135388031,0.0,0.14257654931,0.14257654931,0.14257654931,0.114265468846,0.026037950125,0.112736136527,0.415415082795
 11/04  07:00:00,1.08191050325,6.69798233646,0.0,5.41847440848,0.0,0.152609901338,0.152609901338,0.152609901338,0.197367690954,0.044974641125,0.183586992729,0.479971277101
 11/04  08:00:00,1.45564716332,5.90997304403,0.0,4.46032519323,0.0,0.125610208606,0.125610208606,0.125610208606,0.384347484084,0.087582195875,0.287201832387,0.510005442367
 11/04  09:00:00,1.38733056645,5.01024050027,0.0,3.5992376059,0.0,0.101330162296,0.101330162296,0.101330162296,0.373959717799,0.0852151095,0.372245434126,0.431180142723
 11/04  10:00:00,1.19923881367,4.65540622952,0.0,3.37557536249,0.0,0.0950019750589,0.0950019750589,0.0950019750589,0.207755457239,0.0473417275,0.458770485167,0.366969168707
 11/04  11:00:00,1.18994781843,4.38899819479,0.0,3.2633275708,0.0,0.0918173308467,0.0918173308467,0.0918173308467,0.176592026845,0.040240468375,0.482298316401,0.375599675967
 11/04  12:00:00,1.18003870828,3.1595618222,0.0,2.17394795694,0.0,0.0611419597626,0.0611419597626,0.0611419597626,0.176592026845,0.040240468375,0.502949503904,0.375714749397
 11/04  13:00:00,1.14396392652,2.54031330407,0.0,1.6625087965,0.0,0.0467444463874,0.0467444463874,0.0467444463874,0.176592026845,0.040240468375,0.487601274175,0.36938571074
 11/04  14:00:00,1.10001442784,2.03644344231,0.0,1.2241399649,0.0,0.0344118950594,0.0344118950594,0.0344118950594,0.176592026845,0.040240468375,0.44321117608,0.382158861485
 11/04  15:00:00,1.09609502185,1.40367859805,0.0,0.652479873824,0.0,0.0183371729861,0.0183371729861,0.0183371729861,0.197367690954,0.044974641125,0.408337923861,0.403677592921
 11/04  16:00:00,1.22986035445,1.40235860787,0.0,0.642420827039,0.0,0.0180505546503,0.0180505546503,0.0180505546503,0.280469821234,0.063911332125,0.417911734639,0.426116911797
 11/04  17:00:00,1.64627547596,1.46538096629,0.0,0.6192688947,0.0,0.0173970497285,0.0173970497285,0.0173970497285,0.509000679504,0.115987232375,0.476468890349,0.504021624
 11/04  18:00:00,2.36139348418,2.16881434036,0.0,1.15481960954,0.0,0.0324428381035,0.0324428381035,0.0324428381035,0.90373593237,0.205936484082,0.583572507862,0.612305721759
 11/04  19:00:00,2.78500830182,1.8825166645,0.0,0.706054664002,0.0,0.019837134656,0.019837134656,0.019837134656,1.23614458753,0.281683278625,0.529164095116,0.664779205901
 11/04  20:00:00,2.68790164809,2.20251502705,0.0,0.991458899005,0.0,0.0278561689104,0.0278561689104,0.0278561689104,1.23614458753,0.281683278625,0.432634749126,0.686182863907
 11/04  21:00:00,2.5642789081,2.58744899843,0.0,1.46163363407,0.0,0.0410682425672,0.0410682425672,0.0410682425672,1.14265468846,0.26037950125,0.387003558734,0.709772917085
 11/04  22:00:00,2.3105061473,2.45149854918,0.0,1.44272109146,0.0,0.0405375252381,0.0405375252381,0.0405375252381,0.966062661619,0.220139032875,0.367164584427,0.693202343145
 11/04  23:00:00,1.84841532838,2.55213662231,0.0,1.72656940743,0.0,0.0485142608665,0.0485142608665,0.0485142608665,0.71675613924,0.163328959875,0.296538177092,0.599877791304
 11/04  24:00:00,1.41344877174,2.68520823856,0.0,2.06170960552,0.0,0.057930585627,0.057930585627,0.057930585627,0.498612913219,0.113620146,0.198602488374,0.521282638521
 11/05  01:00:00,0.977241621732,3.04942641728,0.0,2.63935129785,0.0,0.0741478282429,0.0741478282429,0.0741478282429,0.259694288664,0.059177159375,0.129642202726,0.431180142723
 11/05  02:00:00,0.80430927031,3.27093056668,0.0,2.95323497812,0.0,0.0829525802147,0.0829525802147,0.0829525802147,0.155816494275,0.035506295625,0.109630566222,0.397003333973
 11/05  03:00:00,0.719956009684,3.26739505808,0.0,2.97456916502,0.0,0.0835349611086,0.0835349611086,0.0835349611086,0.103877702561,0.0236708606957,0.093072088551,0.392400396767
 11/05  04:00:00,0.703247286215,3.2448294814,0.0,2.94520957746,0.0,0.0826980677464,0.0826980677464,0.0826980677464,0.103877702561,0.0236708606957,0.0827237830912,0.386876872121
 11/05  05:00:00,0.691991920309,2.95868196291,0.0,2.58654931913,0.0,0.0726091100746,0.0726091100746,0.0726091100746,0.103877702561,0.0236708606957,0.0961717004842,0.372262546493
 11/05  06:00:00,0.765111400966,3.30035255297,0.0,2.61004356109,0.0,0.0732567626723,0.0732567626723,0.0732567626723,0.114265468846,0.026037950125,0.112736136527,0.415415082795
 11/05  07:00:00,1.00112944232,3.84557128257,0.0,2.55953347643,0.0,0.0718288404107,0.0718288404107,0.0718288404107,0.197367690954,0.044974641125,0.183586992729,0.479971277101
 11/05  08:00:00,1.38088572204,3.26919844499,0.0,1.81240574918,0.0,0.0508487673288,0.0508487673288,0.0508487673288,0.384347484084,0.087582195875,0.287201832387,0.510005442367
 11/05  09:00:00,1.31802603035,2.55966630968,0.0,1.1417456637,0.0,0.0320256262013,0.0320256262013,0.0320256262013,0.373959717799,0.0852151095,0.372245434126,0.431180142723
 11/05  10:00:00,1.15208383123,2.99204629463,0.0,1.70608285375,0.0,0.0478469926196,0.0478469926196,0.0478469926196,0.207755457239,0.0473417275,0.458770485167,0.366969168707
 11/05  11:00:00,1.13900808905,2.58897761156,0.0,1.45779562238,0.0,0.040877601465,0.040877601465,0.040877601465,0.176592026845,0.040240468375,0.482298316401,0.375599675967
 11/05  12:00:00,1.14163910898,1.80148500276,0.0,0.811206801531,0.0,0.0227423604598,0.0227423604598,0.0227423604598,0.176592026845,0.040240468375,0.502949503904,0.375714749397
 11/05  13:00:00,1.11915759914,1.66445557942,0.0,0.78260360606,0.0,0.0219381190019,0.0219381190019,0.0219381190019,0.176592026845,0.040240468375,0.487601274175,0.36938571074
 11/05  14:00:00,1.083409778,1.45117805403,0.0,0.635305585863,0.0,0.0178072452145,0.0178072452145,0.0178072452145,0.176592026845,0.040240468375,0.44321117608,0.382158861485
 11/05  15:00:00,1.10328858446,1.66509495012,0.0,0.911001284645,0.0,0.0255307355951,0.0255307355951,0.0255307355951,0.197367690954,0.044974641125,0.408337923861,0.403677592921
 11/05  16:00:00,1.26432190109,2.63612051097,0.0,1.87391863653,0.0,0.0525121012906,0.0525121012906,0.0525121012906,0.280469821234,0.063911332125,0.417911734639,0.426116911797
 11/05  17:00:00,1.69519534378,3.21460743149,0.0,2.3664692852,0.0,0.0663169175514,0.0663169175514,0.0663169175514,0.509000679504,0.115987232375,0.476468890349,0.504021624
 11/05  18:00:00,2.40523510984,3.73853002927,0.0,2.7217381762,0.0,0.0762844637687,0.0762844637687,0.0762844637687,0.90373593237,0.205936484082,0.583572507862,0.612305721759
 11/05  19:00:00,2.82418284526,3.28495882057,0.0,2.10519796976,0.0,0.0590116780885,0.0590116780885,0.0590116780885,1.23614458753,0.281683278625,0.529164095116,0.664779205901
 11/05  20:00:00,2.75917347568,4.7497158326,0.0,3.53560813294,0.0,0.0991279964969,0.0991279964969,0.0991279964969,1.23614458753,0.281683278625,0.432634749126,0.686182863907
 11/05  21:00:00,2.62290468917,4.68405436988,0.0,3.55540315548,0.0,0.0996940236389,0.0996940236389,0.0996940236389,1.14265468846,0.26037950125,0.387003558734,0.709772917085
 11/05  22:00:00,2.36798599711,4.50666626814,0.0,3.49540305141,0.0,0.0980173750487,0.0980173750487,0.0980173750487,0.966062661619,0.220139032875,0.367164584427,0.693202343145
 11/05  23:00:00,1.90744584103,4.66281053832,0.0,3.83526769206,0.0,0.107544773518,0.107544773518,0.107544773518,0.71675613924,0.163328959875,0.296538177092,0.599877791304
 11/05  24:00:00,1.47013606812,4.71240305788,0.0,4.08777170813,0.0,0.114617882003,0.114617882003,0.114617882003,0.498612913219,0.113620146,0.198602488374,0.521282638521
 11/06  01:00:00,1.02597831538,5.05062656661,0.0,4.65623541719,0.0,0.130553818784,0.130553818784,0.130553818784,0.259694288664,0.059177159375,0.121972905831,0.431180142723
 11/06  02:00:00,0.853602418393,5.19039331131,0.0,4.88109702774,0.0,0.136850589697,0.136850589697,0.136850589697,0.155816494275,0.035506295625,0.105025704823,0.397003333973
 11/06  03:00:00,0.786136527083,5.73543380932,0.0,5.44889612594,0.0,0.152761923329,0.152761923329,0.152761923329,0.103877702561,0.0236708606957,0.0900256437303,0.392400396767
 11/06  04:00:00,0.775055808231,5.8605994216,0.0,5.56790805441,0.0,0.156099561285,0.156099561285,0.156099561285,0.103877702561,0.0236708606957,0.0811308115684,0.386876872121
 11/06  05:00:00,0.771425143569,5.89239745655,0.0,5.53426968953,0.0,0.15515868153,0.15515868153,0.15515868153,0.103877702561,0.0236708606957,0.0930553522885,0.372262546493
 11/06  06:00:00,0.844523113841,6.26758030052,0.0,5.6159415624,0.0,0.157447950214,0.157447950214,0.157447950214,0.114265468846,0.026037950125,0.107956661861,0.415415082795
 11/06  07:00:00,1.06452023663,6.46358494343,0.0,5.26533518979,0.0,0.147616065571,0.147616065571,0.147616065571,0.197367690954,0.044974641125,0.171190561876,0.479971277101
 11/06  08:00:00,1.49697185093,8.18491558625,0.0,6.83491786262,0.0,0.191623151644,0.191623151644,0.191623151644,0.384347484084,0.087582195875,0.262513576959,0.510005442367
 11/06  09:00:00,1.40533988872,6.91034093845,0.0,5.60537340741,0.0,0.157183002056,0.157183002056,0.157183002056,0.373959717799,0.0852151095,0.334401916637,0.431180142723
 11/06  10:00:00,1.20935539648,6.80284231043,0.0,5.62113586152,0.0,0.157654792491,0.157654792491,0.157654792491,0.207755457239,0.0473417275,0.406234250548,0.366969168707
 11/06  11:00:00,1.18265200524,6.17233850092,0.0,5.13104950439,0.0,0.143923784908,0.143923784908,0.143923784908,0.176592026845,0.040240468375,0.422896049148,0.375599675967
 11/06  12:00:00,1.20159960986,6.04644610559,0.0,5.13135738681,0.0,0.14393974722,0.14393974722,0.14393974722,0.176592026845,0.040240468375,0.441712618022,0.375714749397
 11/06  13:00:00,1.19247594777,6.20006122061,0.0,5.38389319241,0.0,0.151035391207,0.151035391207,0.151035391207,0.176592026845,0.040240468375,0.431822350603,0.36938571074
 11/06  14:00:00,1.19162956833,7.06137033386,0.0,6.30324840887,0.0,0.176879739966,0.176879739966,0.176879739966,0.176592026845,0.040240468375,0.392358471658,0.382158861485
 11/06  15:00:00,1.20583047307,6.89156333424,0.0,6.19006454719,0.0,0.173719124926,0.173719124926,0.173719124926,0.197367690954,0.044974641125,0.362691423146,0.403677592921
 11/06  16:00:00,1.34243629783,6.90499579599,0.0,6.19465310895,0.0,0.17386196622,0.17386196622,0.17386196622,0.280469821234,0.063911332125,0.374676266453,0.426116911797
 11/06  17:00:00,1.77574135674,7.51064137993,0.0,6.72504151819,0.0,0.188767169487,0.188767169487,0.188767169487,0.509000679504,0.115987232375,0.434564651377,0.504021624
 11/06  18:00:00,2.47934101992,7.76763784775,0.0,6.82582968541,0.0,0.191634292287,0.191634292287,0.191634292287,0.90373593237,0.205936484082,0.542328589423,0.612305721759
 11/06  19:00:00,2.8931273016,7.06422451517,0.0,5.98127676023,0.0,0.167984835752,0.167984835752,0.167984835752,1.23614458753,0.281683278625,0.489135393799,0.664779205901
 11/06  20:00:00,2.7913401974,7.20253553782,0.0,6.0956534493,0.0,0.1712469313,0.1712469313,0.1712469313,1.23614458753,0.281683278625,0.392682536045,0.686182863907
 11/06  21:00:00,2.66692195394,7.58809176986,0.0,6.56180575172,0.0,0.184375886974,0.184375886974,0.184375886974,1.14265468846,0.26037950125,0.346338960163,0.709772917085
 11/06  22:00:00,2.41847024677,7.68752564767,0.0,6.7624059365,0.0,0.190042958281,0.190042958281,0.190042958281,0.966062661619,0.220139032875,0.325623250854,0.693202343145
 11/06  23:00:00,1.99032974835,8.70863930939,0.0,7.94946574121,0.0,0.223437427988,0.223437427988,0.223437427988,0.71675613924,0.163328959875,0.263529429942,0.599877791304
 11/06  24:00:00,1.57692181227,9.10245266603,0.0,8.52111068777,0.0,0.239527612334,0.239527612334,0.239527612334,0.498612913219,0.113620146,0.180478502199,0.521282638521
 11/07  01:00:00,1.14264682744,9.18733714988,0.0,8.79436598021,0.0,0.247222330846,0.247222330846,0.247222330846,0.259694288664,0.059177159375,0.121972905831,0.431180142723
 11/07  02:00:00,0.973495991017,9.44088089778,0.0,9.13323370684,0.0,0.256744162321,0.256744162321,0.256744162321,0.155816494275,0.035506295625,0.105025704823,0.397003333973
 11/07  03:00:00,0.899775919045,9.76088994608,0.0,9.47625049601,0.0,0.26640131529,0.26640131529,0.26640131529,0.103877702561,0.0236708606957,0.0900256437303,0.392400396767
 11/07  04:00:00,0.889857702405,9.92683819627,0.0,9.63600004086,0.0,0.270901455459,0.270901455459,0.270901455459,0.103877702561,0.0236708606957,0.0811308115684,0.386876872121
 11/07  05:00:00,0.887386950243,10.0001093248,0.0,9.6436329734,0.0,0.271120488204,0.271120488204,0.271120488204,0.103877702561,0.0236708606957,0.0930553522885,0.372262546493
 11/07  06:00:00,0.965857173646,10.5666255176,0.0,9.91575771835,0.0,0.27878201002,0.27878201002,0.27878201002,0.114265468846,0.026037950125,0.107956661861,0.415415082795
 11/07  07:00:00,1.19634392803,11.1380311892,0.0,9.93884367908,0.0,0.279439756971,0.279439756971,0.279439756971,0.197367690954,0.044974641125,0.171190561876,0.479971277101
 11/07  08:00:00,1.57493792033,10.9377105633,0.0,9.58646217651,0.0,0.269589221042,0.269589221042,0.269589221042,0.384347484084,0.087582195875,0.262513576959,0.510005442367
 11/07  09:00:00,1.51739912151,10.8797634876,0.0,9.57301791912,0.0,0.269242234854,0.269242234854,0.269242234854,0.373959717799,0.0852151095,0.334401916637,0.431180142723
 11/07  10:00:00,1.31204961,10.4391630993,0.0,9.2560963465,0.0,0.260349006011,0.260349006011,0.260349006011,0.207755457239,0.0473417275,0.406234250548,0.366969168707
 11/07  11:00:00,1.30955411963,10.6708781813,0.0,9.62876654102,0.0,0.270825899298,0.270825899298,0.270825899298,0.176592026845,0.040240468375,0.422896049148,0.375599675967
 11/07  12:00:00,1.27536385818,8.65701301902,0.0,7.74092532246,0.0,0.217703995546,0.217703995546,0.217703995546,0.176592026845,0.040240468375,0.441712618022,0.375714749397
 11/07  13:00:00,1.28124138113,9.34414146516,0.0,8.52723420022,0.0,0.239800824569,0.239800824569,0.239800824569,0.176592026845,0.040240468375,0.431822350603,0.36938571074
 11/07  14:00:00,1.24018461694,8.77515496082,0.0,8.01612247278,0.0,0.22543478858,0.22543478858,0.22543478858,0.176592026845,0.040240468375,0.392358471658,0.382158861485
 11/07  15:00:00,1.2288772348,7.69933269803,0.0,6.9967592097,0.0,0.196765886655,0.196765886655,0.196765886655,0.197367690954,0.044974641125,0.362691423146,0.403677592921
 11/07  16:00:00,1.34790589301,7.08910648507,0.0,6.37723658992,0.0,0.179331561401,0.179331561401,0.179331561401,0.280469821234,0.063911332125,0.374676266453,0.426116911797
 11/07  17:00:00,1.77876032705,7.60686150655,0.0,6.81975778638,0.0,0.191786139794,0.191786139794,0.191786139794,0.509000679504,0.115987232375,0.434564651377,0.504021624
 11/07  18:00:00,2.4903092136,8.14668708154,0.0,7.20269155928,0.0,0.202602485967,0.202602485967,0.202602485967,0.90373593237,0.205936484082,0.542328589423,0.612305721759
 11/07  19:00:00,2.90392757452,7.44042711074,0.0,6.35457716931,0.0,0.178785108671,0.178785108671,0.178785108671,1.23614458753,0.281683278625,0.489135393799,0.664779205901
 11/07  20:00:00,2.80310922095,7.61343797185,0.0,6.50419281711,0.0,0.183015954842,0.183015954842,0.183015954842,1.23614458753,0.281683278625,0.392682536045,0.686182863907
 11/07  21:00:00,2.66872232825,7.64411792428,0.0,6.61558880835,0.0,0.186176261285,0.186176261285,0.186176261285,1.14265468846,0.26037950125,0.346338960163,0.709772917085
 11/07  22:00:00,2.42816050878,8.02364405256,0.0,7.09636900898,0.0,0.199733220292,0.199733220292,0.199733220292,0.966062661619,0.220139032875,0.325623250854,0.693202343145
 11/07  23:00:00,1.96705817789,7.872004674,0.0,7.11120965378,0.0,0.200165857526,0.200165857526,0.200165857526,0.71675613924,0.163328959875,0.263529429942,0.599877791304
 11/07  24:00:00,1.54639999487,8.00774110528,0.0,7.42504515387,0.0,0.209005794936,0.209005794936,0.209005794936,0.498612913219,0.113620146,0.180478502199,0.521282638521
 11/08  01:00:00,1.1146339844,8.1820076369,0.0,7.78811864852,0.0,0.219209487804,0.219209487804,0.219209487804,0.259694288664,0.059177159375,0.121972905831,0.431180142723
 11/08  02:00:00,0.935428337905,8.07820375301,0.0,7.76991449519,0.0,0.218676509209,0.218676509209,0.218676509209,0.155816494275,0.035506295625,0.105025704823,0.397003333973
 11/08  03:00:00,0.847252673935,7.88576234064,0.0,7.60029032292,0.0,0.213878070181,0.213878070181,0.213878070181,0.103877702561,0.0236708606957,0.0900256437303,0.392400396767
 11/08  04:00:00,0.831519186231,7.84646470345,0.0,7.55447589934,0.0,0.212562939285,0.212562939285,0.212562939285,0.103877702561,0.0236708606957,0.0811308115684,0.386876872121
 11/08  05:00:00,0.833223668159,8.06955131137,0.0,7.71152890678,0.0,0.21695720612,0.21695720612,0.21695720612,0.103877702561,0.0236708606957,0.0930553522885,0.372262546493
 11/08  06:00:00,0.901386835201,8.27142180145,0.0,7.61803739943,0.0,0.214311671574,0.214311671574,0.214311671574,0.114265468846,0.026037950125,0.107956661861,0.415415082795
 11/08  07:00:00,1.12616245049,8.64222017525,0.0,7.43854800869,0.0,0.209258279435,0.209258279435,0.209258279435,0.197367690954,0.044974641125,0.171190561876,0.479971277101
 11/08  08:00:00,1.53203306665,9.41450200816,0.0,8.05804373252,0.0,0.226684367364,0.226684367364,0.226684367364,0.384347484084,0.087582195875,0.262513576959,0.510005442367
 11/08  09:00:00,1.45471614285,8.65400236931,0.0,7.34255899606,0.0,0.206559256189,0.206559256189,0.206559256189,0.373959717799,0.0852151095,0.334401916637,0.431180142723
 11/08  10:00:00,1.26232268007,8.67329330267,0.0,7.48588840913,0.0,0.210622076075,0.210622076075,0.210622076075,0.207755457239,0.0473417275,0.406234250548,0.366969168707
 11/08  11:00:00,1.26365313405,9.04109871704,0.0,7.9950324221,0.0,0.224924913718,0.224924913718,0.224924913718,0.176592026845,0.040240468375,0.422896049148,0.375599675967
 11/08  12:00:00,1.26069230709,8.1360951817,0.0,7.21703805836,0.0,0.203032444454,0.203032444454,0.203032444454,0.176592026845,0.040240468375,0.441712618022,0.375714749397
 11/08  13:00:00,1.22871365383,7.47788713866,0.0,6.65796376255,0.0,0.187273097264,0.187273097264,0.187273097264,0.176592026845,0.040240468375,0.431822350603,0.36938571074
 11/08  14:00:00,1.19955882825,7.33300868304,0.0,6.57101676217,0.0,0.184808999884,0.184808999884,0.184808999884,0.176592026845,0.040240468375,0.392358471658,0.382158861485
 11/08  15:00:00,1.21336030949,7.14992397498,0.0,6.4448599259,0.0,0.181248961345,0.181248961345,0.181248961345,0.197367690954,0.044974641125,0.362691423146,0.403677592921
 11/08  16:00:00,1.34281737014,6.9099928426,0.0,6.19589403544,0.0,0.174243038532,0.174243038532,0.174243038532,0.280469821234,0.063911332125,0.374676266453,0.426116911797
 11/08  17:00:00,1.75928809417,6.91771733126,0.0,6.12778395875,0.0,0.172313906912,0.172313906912,0.172313906912,0.509000679504,0.115987232375,0.434564651377,0.504021624
 11/08  18:00:00,2.46956825268,7.41432969,0.0,6.46690556026,0.0,0.181861525049,0.181861525049,0.181861525049,0.90373593237,0.205936484082,0.542328589423,0.612305721759
 11/08  19:00:00,2.89205825699,7.02357208005,0.0,5.93446663805,0.0,0.166915791138,0.166915791138,0.166915791138,1.23614458753,0.281683278625,0.489135393799,0.664779205901
 11/08  20:00:00,2.79502798699,7.33214709137,0.0,6.21921761309,0.0,0.174934720892,0.174934720892,0.174934720892,1.23614458753,0.281683278625,0.392682536045,0.686182863907
 11/08  21:00:00,2.66334283889,7.45877258991,0.0,6.42712824217,0.0,0.180796771923,0.180796771923,0.180796771923,1.14265468846,0.26037950125,0.346338960163,0.709772917085
 11/08  22:00:00,2.41411505971,7.53063534695,0.0,6.60054363861,0.0,0.185687771217,0.185687771217,0.185687771217,0.966062661619,0.220139032875,0.325623250854,0.693202343145
 11/08  23:00:00,1.96293291272,7.73165508167,0.0,6.96852621787,0.0,0.196040592361,0.196040592361,0.196040592361,0.71675613924,0.163328959875,0.263529429942,0.599877791304
 11/08  24:00:00,1.53894643948,7.74897616144,0.0,7.16468655,0.0,0.201552239541,0.201552239541,0.201552239541,0.498612913219,0.113620146,0.180478502199,0.521282638521
 11/09  01:00:00,1.11221611982,8.10225719492,0.0,7.70733909435,0.0,0.216791623222,0.216791623222,0.216791623222,0.259694288664,0.059177159375,0.121972905831,0.431180142723
 11/09  02:00:00,0.939459653345,8.22727604821,0.0,7.91834058566,0.0,0.222707824649,0.222707824649,0.222707824649,0.155816494275,0.035506295625,0.105025704823,0.397003333973
 11/09  03:00:00,0.863311555982,8.46158560884,0.0,8.17572231021,0.0,0.229936952227,0.229936952227,0.229936952227,0.103877702561,0.0236708606957,0.0900256437303,0.392400396767
 11/09  04:00:00,0.851318292171,8.55444706147,0.0,8.26224674385,0.0,0.232362045225,0.232362045225,0.232362045225,0.103877702561,0.0236708606957,0.0811308115684,0.386876872121
 11/09  05:00:00,0.844741529148,8.48253898562,0.0,8.12420161388,0.0,0.228475067109,0.228475067109,0.228475067109,0.103877702561,0.0236708606957,0.0930553522885,0.372262546493
 11/09  06:00:00,0.911726949727,8.64308118442,0.0,7.98832789007,0.0,0.2246517861,0.2246517861,0.2246517861,0.114265468846,0.026037950125,0.107956661861,0.415415082795
 11/09  07:00:00,1.13290359416,8.88785320845,0.0,7.68094485757,0.0,0.2159994231,0.2159994231,0.2159994231,0.197367690954,0.044974641125,0.171190561876,0.479971277101
 11/09  08:00:00,1.53306501411,9.45811724744,0.0,8.09783857817,0.0,0.227716314825,0.227716314825,0.227716314825,0.384347484084,0.087582195875,0.262513576959,0.510005442367
 11/09  09:00:00,1.44911272989,8.46146490879,0.0,7.1459494544,0.0,0.200955843234,0.200955843234,0.200955843234,0.373959717799,0.0852151095,0.334401916637,0.431180142723
 11/09  10:00:00,1.25670777986,8.4815383058,0.0,7.29025851629,0.0,0.205007175863,0.205007175863,0.205007175863,0.207755457239,0.0473417275,0.406234250548,0.366969168707
 11/09  11:00:00,1.23301675682,7.95885281275,0.0,6.90942930474,0.0,0.194288536485,0.194288536485,0.194288536485,0.176592026845,0.040240468375,0.422896049148,0.375599675967
 11/09  12:00:00,1.22620611521,6.91665942671,0.0,5.99437529079,0.0,0.16854625257,0.16854625257,0.16854625257,0.176592026845,0.040240468375,0.441712618022,0.375714749397
 11/09  13:00:00,1.19181755956,6.17161481262,0.0,5.3487266593,0.0,0.150377002997,0.150377002997,0.150377002997,0.176592026845,0.040240468375,0.431822350603,0.36938571074
 11/09  14:00:00,1.13347688249,4.98833323918,0.0,4.22340355884,0.0,0.118727054128,0.118727054128,0.118727054128,0.176592026845,0.040240468375,0.392358471658,0.382158861485
 11/09  15:00:00,1.1318746965,4.25697544786,0.0,3.54903281887,0.0,0.0997633483556,0.0997633483556,0.0997633483556,0.197367690954,0.044974641125,0.362691423146,0.403677592921
 11/09  16:00:00,1.28797444282,4.96430176971,0.0,4.24766413423,0.0,0.119400111215,0.119400111215,0.119400111215,0.280469821234,0.063911332125,0.374676266453,0.426116911797
 11/09  17:00:00,1.71776235795,5.44404278269,0.0,4.65178329258,0.0,0.130788170694,0.130788170694,0.130788170694,0.509000679504,0.115987232375,0.434564651377,0.504021624
 11/09  18:00:00,2.42679799306,5.89651164387,0.0,4.9462640091,0.0,0.139091265422,0.139091265422,0.139091265422,0.90373593237,0.205936484082,0.542328589423,0.612305721759
 11/09  19:00:00,2.85773877584,5.80671926575,0.0,4.71433190966,0.0,0.132596309988,0.132596309988,0.132596309988,1.23614458753,0.281683278625,0.489135393799,0.664779205901
 11/09  20:00:00,2.772991885,6.55122591745,0.0,5.43533638191,0.0,0.152898618898,0.152898618898,0.152898618898,1.23614458753,0.281683278625,0.392682536045,0.686182863907
 11/09  21:00:00,2.63594355319,6.4874184123,0.0,5.45262083188,0.0,0.153397486224,0.153397486224,0.153397486224,1.14265468846,0.26037950125,0.346338960163,0.709772917085
 11/09  22:00:00,2.38692078303,6.56635856782,0.0,5.63353996032,0.0,0.158493494541,0.158493494541,0.158493494541,0.966062661619,0.220139032875,0.325623250854,0.693202343145
 11/09  23:00:00,1.93157415431,6.61875245051,0.0,5.85336130144,0.0,0.164681833946,0.164681833946,0.164681833946,0.71675613924,0.163328959875,0.263529429942,0.599877791304
 11/09  24:00:00,1.50225413578,6.44578491494,0.0,5.85975435801,0.0,0.164859935839,0.164859935839,0.164859935839,0.498612913219,0.113620146,0.180478502199,0.521282638521
 11/10  01:00:00,1.07524542671,6.78803779221,0.0,6.39192228513,0.0,0.179820930114,0.179820930114,0.179820930114,0.259694288664,0.059177159375,0.121972905831,0.431180142723
 11/10  02:00:00,0.898122659165,6.75774814752,0.0,6.44778241898,0.0,0.181370830469,0.181370830469,0.181370830469,0.155816494275,0.035506295625,0.105025704823,0.397003333973
 11/10  03:00:00,0.815982288953,6.77991967962,0.0,6.49288904542,0.0,0.182607685198,0.182607685198,0.182607685198,0.103877702561,0.0236708606957,0.0900256437303,0.392400396767
 11/10  04:00:00,0.811473867439,7.13960188931,0.0,6.84604049046,0.0,0.192517620493,0.192517620493,0.192517620493,0.103877702561,0.0236708606957,0.0811308115684,0.386876872121
 11/10  05:00:00,0.796441807909,6.7674405878,0.0,6.40747263483,0.0,0.18017534587,0.18017534587,0.18017534587,0.103877702561,0.0236708606957,0.0930553522885,0.372262546493
 11/10  06:00:00,0.859458374656,6.78833156974,0.0,6.13092918935,0.0,0.17238321103,0.17238321103,0.17238321103,0.114265468846,0.026037950125,0.107956661861,0.415415082795
 11/10  07:00:00,1.06570749645,6.50480875135,0.0,5.29318897317,0.0,0.148803325393,0.148803325393,0.148803325393,0.197367690954,0.044974641125,0.171190561876,0.479971277101
 11/10  08:00:00,1.42859467279,5.75093566577,0.0,4.38510690355,0.0,0.1232459735,0.1232459735,0.1232459735,0.384347484084,0.087582195875,0.262513576959,0.510005442367
 11/10  09:00:00,1.36370702083,5.43306993141,0.0,4.11185240231,0.0,0.115550134167,0.115550134167,0.115550134167,0.373959717799,0.0852151095,0.334401916637,0.431180142723
 11/10  10:00:00,1.17408026359,5.55241675856,0.0,4.35584523496,0.0,0.122379659597,0.122379659597,0.122379659597,0.207755457239,0.0473417275,0.406234250548,0.366969168707
 11/10  11:00:00,1.15909042932,5.33956816077,0.0,4.28540353716,0.0,0.120362208981,0.120362208981,0.120362208981,0.176592026845,0.040240468375,0.422896049148,0.375599675967
 11/10  12:00:00,1.26709963068,8.38175036609,0.0,7.45666123522,0.0,0.209439768037,0.209439768037,0.209439768037,0.176592026845,0.040240468375,0.441712618022,0.375714749397
 11/10  13:00:00,1.26576415874,8.80961673916,0.0,7.98530016128,0.0,0.224323602176,0.224323602176,0.224323602176,0.176592026845,0.040240468375,0.431822350603,0.36938571074
 11/10  14:00:00,1.21414010041,7.86306333976,0.0,7.09726567908,0.0,0.199390272052,0.199390272052,0.199390272052,0.176592026845,0.040240468375,0.392358471658,0.382158861485
 11/10  15:00:00,1.22223956102,7.47616117204,0.0,6.76769730325,0.0,0.190128212873,0.190128212873,0.190128212873,0.197367690954,0.044974641125,0.362691423146,0.403677592921
 11/10  16:00:00,1.34956382867,7.15988960221,0.0,6.4423377973,0.0,0.180989497065,0.180989497065,0.180989497065,0.280469821234,0.063911332125,0.374676266453,0.426116911797
 11/10  17:00:00,1.7786768238,7.61663526648,0.0,6.82314422286,0.0,0.191702636546,0.191702636546,0.191702636546,0.509000679504,0.115987232375,0.434564651377,0.504021624
 11/10  18:00:00,2.4860797872,8.01180056688,0.0,7.05955867271,0.0,0.198373059565,0.198373059565,0.198373059565,0.90373593237,0.205936484082,0.542328589423,0.612305721759
 11/10  19:00:00,2.9145525976,7.83400476556,0.0,6.73907858267,0.0,0.189410131747,0.189410131747,0.189410131747,1.23614458753,0.281683278625,0.489135393799,0.664779205901
 11/10  20:00:00,2.78078240843,6.83449498002,0.0,5.71582727268,0.0,0.160689142327,0.160689142327,0.160689142327,1.23614458753,0.281683278625,0.392682536045,0.686182863907
 11/10  21:00:00,2.64604830857,6.85324470423,0.0,5.81575261792,0.0,0.163502241607,0.163502241607,0.163502241607,1.14265468846,0.26037950125,0.346338960163,0.709772917085
 11/10  22:00:00,2.38545530224,6.52059549702,0.0,5.58534147846,0.0,0.157028013752,0.157028013752,0.157028013752,0.966062661619,0.220139032875,0.325623250854,0.693202343145
 11/10  23:00:00,1.94389940359,7.06339920041,0.0,6.29604273157,0.0,0.177007083232,0.177007083232,0.177007083232,0.71675613924,0.163328959875,0.263529429942,0.599877791304
 11/10  24:00:00,1.52765441695,7.35512647503,0.0,6.76781814329,0.0,0.190260217012,0.190260217012,0.190260217012,0.498612913219,0.113620146,0.180478502199,0.521282638521
 11/11  01:00:00,1.11232541348,7.85580242575,0.0,7.44299405209,0.0,0.209231619992,0.209231619992,0.209231619992,0.259694288664,0.059177159375,0.129642202726,0.431180142723
 11/11  02:00:00,0.937768392128,8.01731207383,0.0,7.69865567432,0.0,0.216411702034,0.216411702034,0.216411702034,0.155816494275,0.035506295625,0.109630566222,0.397003333973
 11/11  03:00:00,0.865838821028,8.45461144145,0.0,8.16153888531,0.0,0.229417772453,0.229417772453,0.229417772453,0.103877702561,0.0236708606957,0.093072088551,0.392400396767
 11/11  04:00:00,0.870333263942,9.18559231714,0.0,8.88593703121,0.0,0.249784045473,0.249784045473,0.249784045473,0.103877702561,0.0236708606957,0.0827237830912,0.386876872121
 11/11  05:00:00,0.879748345214,9.63459883732,0.0,9.26149988117,0.0,0.260365534979,0.260365534979,0.260365534979,0.103877702561,0.0236708606957,0.0961717004842,0.372262546493
 11/11  06:00:00,0.952882059444,9.98129546629,0.0,9.28385065006,0.0,0.261027421151,0.261027421151,0.261027421151,0.114265468846,0.026037950125,0.112736136527,0.415415082795
 11/11  07:00:00,1.20613431023,11.1497804608,0.0,9.84494962575,0.0,0.276833708325,0.276833708325,0.276833708325,0.197367690954,0.044974641125,0.183586992729,0.479971277101
 11/11  08:00:00,1.6044108744,11.2351900146,0.0,9.75620170019,0.0,0.274373919685,0.274373919685,0.274373919685,0.384347484084,0.087582195875,0.287201832387,0.510005442367
 11/11  09:00:00,1.53664651896,10.35064876,0.0,8.91157483941,0.0,0.250646114808,0.250646114808,0.250646114808,0.373959717799,0.0852151095,0.372245434126,0.431180142723
 11/11  10:00:00,1.32276738807,9.07540822983,0.0,7.76994623262,0.0,0.218530549456,0.218530549456,0.218530549456,0.207755457239,0.0473417275,0.458770485167,0.366969168707
 11/11  11:00:00,1.30792309035,8.60782723875,0.0,7.46013639333,0.0,0.209792602759,0.209792602759,0.209792602759,0.176592026845,0.040240468375,0.482298316401,0.375599675967
 11/11  12:00:00,1.28151598236,6.7875997945,0.0,5.78333647897,0.0,0.162619233836,0.162619233836,0.162619233836,0.176592026845,0.040240468375,0.502949503904,0.375714749397
 11/11  13:00:00,1.27550326129,7.23462271126,0.0,6.3409790649,0.0,0.178283781152,0.178283781152,0.178283781152,0.176592026845,0.040240468375,0.487601274175,0.36938571074
 11/11  14:00:00,1.24248507402,7.11668750416,0.0,6.29080749985,0.0,0.176882541237,0.176882541237,0.176882541237,0.176592026845,0.040240468375,0.44321117608,0.382158861485
 11/11  15:00:00,1.26401489629,7.38624053823,0.0,6.62361740583,0.0,0.186257047432,0.186257047432,0.186257047432,0.197367690954,0.044974641125,0.408337923861,0.403677592921
 11/11  16:00:00,1.40210288287,7.53754464841,0.0,6.76632733576,0.0,0.190293083077,0.190293083077,0.190293083077,0.280469821234,0.063911332125,0.417911734639,0.426116911797
 11/11  17:00:00,1.84147021411,8.41620801904,0.0,7.55717703428,0.0,0.212591787886,0.212591787886,0.212591787886,0.509000679504,0.115987232375,0.476468890349,0.504021624
 11/11  18:00:00,2.55844422844,9.18676388342,0.0,8.15600670296,0.0,0.229493582363,0.229493582363,0.229493582363,0.90373593237,0.205936484082,0.583572507862,0.612305721759
 11/11  19:00:00,2.97580411916,8.6806358799,0.0,7.48397220256,0.0,0.210632951992,0.210632951992,0.210632951992,1.23614458753,0.281683278625,0.529164095116,0.664779205901
 11/11  20:00:00,2.87328640957,8.8077522243,0.0,7.57556372798,0.0,0.213240930389,0.213240930389,0.213240930389,1.23614458753,0.281683278625,0.432634749126,0.686182863907
 11/11  21:00:00,2.74178267672,8.90878899347,0.0,7.76389736336,0.0,0.218572011185,0.218572011185,0.218572011185,1.14265468846,0.26037950125,0.387003558734,0.709772917085
 11/11  22:00:00,2.50446565361,9.35325827115,0.0,8.32799067086,0.0,0.234497031545,0.234497031545,0.234497031545,0.966062661619,0.220139032875,0.367164584427,0.693202343145
 11/11  23:00:00,2.04214363723,9.4390901356,0.0,8.60155116113,0.0,0.242242569714,0.242242569714,0.242242569714,0.71675613924,0.163328959875,0.296538177092,0.599877791304
 11/11  24:00:00,1.59949224974,9.29279984268,0.0,8.66222787049,0.0,0.243974063626,0.243974063626,0.243974063626,0.498612913219,0.113620146,0.198602488374,0.521282638521
 11/12  01:00:00,1.15745502895,9.44293050418,0.0,9.03073060705,0.0,0.254361235464,0.254361235464,0.254361235464,0.259694288664,0.059177159375,0.129642202726,0.431180142723
 11/12  02:00:00,0.980753034346,9.52727855221,0.0,9.20946609148,0.0,0.259396344251,0.259396344251,0.259396344251,0.155816494275,0.035506295625,0.109630566222,0.397003333973
 11/12  03:00:00,0.898765554859,9.60633976452,0.0,9.31410110363,0.0,0.262344506283,0.262344506283,0.262344506283,0.103877702561,0.0236708606957,0.093072088551,0.392400396767
 11/12  04:00:00,0.891792828048,9.92899442165,0.0,9.62982781665,0.0,0.271243609579,0.271243609579,0.271243609579,0.103877702561,0.0236708606957,0.0827237830912,0.386876872121
 11/12  05:00:00,0.895020925696,10.1585480136,0.0,9.78547294835,0.0,0.275638115462,0.275638115462,0.275638115462,0.103877702561,0.0236708606957,0.0961717004842,0.372262546493
 11/12  06:00:00,0.9645308936,10.3780675833,0.0,9.67953736656,0.0,0.272676255307,0.272676255307,0.272676255307,0.114265468846,0.026037950125,0.112736136527,0.415415082795
 11/12  07:00:00,1.2033482245,11.0355907467,0.0,9.72744473532,0.0,0.274047622591,0.274047622591,0.274047622591,0.197367690954,0.044974641125,0.183586992729,0.479971277101
 11/12  08:00:00,1.6299031535,12.1263713052,0.0,10.6432441411,0.0,0.299866198789,0.299866198789,0.299866198789,0.384347484084,0.087582195875,0.287201832387,0.510005442367
 11/12  09:00:00,1.52427411927,9.8987363573,0.0,8.45543870722,0.0,0.238273715121,0.238273715121,0.238273715121,0.373959717799,0.0852151095,0.372245434126,0.431180142723
 11/12  10:00:00,1.31605897181,8.82674074156,0.0,7.51766195618,0.0,0.211822133196,0.211822133196,0.211822133196,0.207755457239,0.0473417275,0.458770485167,0.366969168707
 11/12  11:00:00,1.29324631738,8.07589524309,0.0,6.92504941873,0.0,0.195115829789,0.195115829789,0.195115829789,0.176592026845,0.040240468375,0.482298316401,0.375599675967
 11/12  12:00:00,1.26794852279,6.29715501104,0.0,5.29040795645,0.0,0.149051774266,0.149051774266,0.149051774266,0.176592026845,0.040240468375,0.502949503904,0.375714749397
 11/12  13:00:00,1.21742487003,5.16309498122,0.0,4.26697398058,0.0,0.120205389892,0.120205389892,0.120205389892,0.176592026845,0.040240468375,0.487601274175,0.36938571074
 11/12  14:00:00,1.17228805163,4.61585993565,0.0,3.78734828204,0.0,0.106685518849,0.106685518849,0.106685518849,0.176592026845,0.040240468375,0.44321117608,0.382158861485
 11/12  15:00:00,1.16590332429,3.89475603287,0.0,3.12932381035,0.0,0.0881454754285,0.0881454754285,0.0881454754285,0.197367690954,0.044974641125,0.408337923861,0.403677592921
 11/12  16:00:00,1.31255409484,4.35106237191,0.0,3.5768294678,0.0,0.100744295043,0.100744295043,0.100744295043,0.280469821234,0.063911332125,0.417911734639,0.426116911797
 11/12  17:00:00,1.74514327797,4.98967494671,0.0,4.12732249709,0.0,0.11626485174,0.11626485174,0.11626485174,0.509000679504,0.115987232375,0.476468890349,0.504021624
 11/12  18:00:00,2.4747687268,6.2092866024,0.0,5.17498778646,0.0,0.14581808073,0.14581808073,0.14581808073,0.90373593237,0.205936484082,0.583572507862,0.612305721759
 11/12  19:00:00,2.89248215995,5.71827911923,0.0,4.51736827078,0.0,0.127310992777,0.127310992777,0.127310992777,1.23614458753,0.281683278625,0.529164095116,0.664779205901
 11/12  20:00:00,2.78934086546,5.82409161494,0.0,4.58745562517,0.0,0.129295386281,0.129295386281,0.129295386281,1.23614458753,0.281683278625,0.432634749126,0.686182863907
 11/12  21:00:00,2.65956984495,5.98700993161,0.0,4.83771848137,0.0,0.136359179419,0.136359179419,0.136359179419,1.14265468846,0.26037950125,0.387003558734,0.709772917085
 11/12  22:00:00,2.40648640761,5.87227355034,0.0,4.84296814185,0.0,0.136517785547,0.136517785547,0.136517785547,0.966062661619,0.220139032875,0.367164584427,0.693202343145
 11/12  23:00:00,1.95375924664,6.29877110894,0.0,5.45765173254,0.0,0.15385817913,0.15385817913,0.15385817913,0.71675613924,0.163328959875,0.296538177092,0.599877791304
 11/12  24:00:00,1.52584430156,6.67508630309,0.0,6.04160450584,0.0,0.170326115448,0.170326115448,0.170326115448,0.498612913219,0.113620146,0.198602488374,0.521282638521
 11/13  01:00:00,1.08691545902,7.1905370084,0.0,6.79273694895,0.0,0.191490962427,0.191490962427,0.191490962427,0.259694288664,0.059177159375,0.121972905831,0.431180142723
 11/13  02:00:00,0.911394849543,7.21571579646,0.0,6.90510223877,0.0,0.194643020847,0.194643020847,0.194643020847,0.155816494275,0.035506295625,0.105025704823,0.397003333973
 11/13  03:00:00,0.829475242587,7.24433226873,0.0,6.95706052104,0.0,0.196100638832,0.196100638832,0.196100638832,0.103877702561,0.0236708606957,0.0900256437303,0.392400396767
 11/13  04:00:00,0.819749965519,7.4188744779,0.0,7.12504321113,0.0,0.200793718573,0.200793718573,0.200793718573,0.103877702561,0.0236708606957,0.0811308115684,0.386876872121
 11/13  05:00:00,0.830726964051,7.97172857308,0.0,7.61087340957,0.0,0.214460502012,0.214460502012,0.214460502012,0.103877702561,0.0236708606957,0.0930553522885,0.372262546493
 11/13  06:00:00,0.913080039133,8.68203716369,0.0,8.02117481312,0.0,0.226004875507,0.226004875507,0.226004875507,0.114265468846,0.026037950125,0.107956661861,0.415415082795
 11/13  07:00:00,1.14229176293,9.2195978576,0.0,7.99946410257,0.0,0.225387591872,0.225387591872,0.225387591872,0.197367690954,0.044974641125,0.171190561876,0.479971277101
 11/13  08:00:00,1.52994810051,9.34736622203,0.0,7.97181146796,0.0,0.224599401226,0.224599401226,0.224599401226,0.384347484084,0.087582195875,0.262513576959,0.510005442367
 11/13  09:00:00,1.44594127058,8.35140481741,0.0,7.02087212901,0.0,0.197784383922,0.197784383922,0.197784383922,0.373959717799,0.0852151095,0.334401916637,0.431180142723
 11/13  10:00:00,1.24548975795,8.08550795776,0.0,6.88071264379,0.0,0.19378915396,0.19378915396,0.19378915396,0.207755457239,0.0473417275,0.406234250548,0.366969168707
 11/13  11:00:00,1.24364630617,8.33762013858,0.0,7.27666201418,0.0,0.204918085839,0.204918085839,0.204918085839,0.176592026845,0.040240468375,0.422896049148,0.375599675967
 11/13  12:00:00,1.24505889458,7.58739577515,0.0,6.65549865087,0.0,0.187399031943,0.187399031943,0.187399031943,0.176592026845,0.040240468375,0.441712618022,0.375714749397
 11/13  13:00:00,1.25545531729,8.43218317251,0.0,7.6016006915,0.0,0.214014760731,0.214014760731,0.214014760731,0.176592026845,0.040240468375,0.431822350603,0.36938571074
 11/13  14:00:00,1.23043344273,8.43210079327,0.0,7.66094302209,0.0,0.215683614369,0.215683614369,0.215683614369,0.176592026845,0.040240468375,0.392358471658,0.382158861485
 11/13  15:00:00,1.24342413133,8.2193462424,0.0,7.50624985088,0.0,0.211312783181,0.211312783181,0.211312783181,0.197367690954,0.044974641125,0.362691423146,0.403677592921
 11/13  16:00:00,1.36660438551,7.75774670703,0.0,7.03554237719,0.0,0.198030053897,0.198030053897,0.198030053897,0.280469821234,0.063911332125,0.374676266453,0.426116911797
 11/13  17:00:00,1.80202578473,8.43913335373,0.0,7.6402803037,0.0,0.215051597473,0.215051597473,0.215051597473,0.509000679504,0.115987232375,0.434564651377,0.504021624
 11/13  18:00:00,2.49011899527,8.14952018853,0.0,7.19050839837,0.0,0.202412267632,0.202412267632,0.202412267632,0.90373593237,0.205936484082,0.542328589423,0.612305721759
 11/13  19:00:00,2.90533607127,7.50336272666,0.0,6.40031171735,0.0,0.180193605418,0.180193605418,0.180193605418,1.23614458753,0.281683278625,0.489135393799,0.664779205901
 11/13  20:00:00,2.7931802219,7.27478311549,0.0,6.14748134145,0.0,0.173086955799,0.173086955799,0.173086955799,1.23614458753,0.281683278625,0.392682536045,0.686182863907
 11/13  21:00:00,2.66647100208,7.57722203411,0.0,6.53220433067,0.0,0.18392493512,0.18392493512,0.18392493512,1.14265468846,0.26037950125,0.346338960163,0.709772917085
 11/13  22:00:00,2.41022131929,7.39807886901,0.0,6.45628504479,0.0,0.181794030792,0.181794030792,0.181794030792,0.966062661619,0.220139032875,0.325623250854,0.693202343145
 11/13  23:00:00,1.95778657128,7.55214678765,0.0,6.77985930435,0.0,0.190894250921,0.190894250921,0.190894250921,0.71675613924,0.163328959875,0.263529429942,0.599877791304
 11/13  24:00:00,1.53154345327,7.48677392238,0.0,6.89637806229,0.0,0.194149253333,0.194149253333,0.194149253333,0.498612913219,0.113620146,0.180478502199,0.521282638521
 11/14  01:00:00,1.10402857454,7.80896156306,0.0,7.41093837354,0.0,0.208604077947,0.208604077947,0.208604077947,0.259694288664,0.059177159375,0.121972905831,0.431180142723
 11/14  02:00:00,0.93284918856,7.98868892359,0.0,7.67794065166,0.0,0.216097359864,0.216097359864,0.216097359864,0.155816494275,0.035506295625,0.105025704823,0.397003333973
 11/14  03:00:00,0.858444962929,8.2842167979,0.0,7.99705987172,0.0,0.225070359174,0.225070359174,0.225070359174,0.103877702561,0.0236708606957,0.0900256437303,0.392400396767
 11/14  04:00:00,0.84344596111,8.27012975623,0.0,7.97655629716,0.0,0.224489714164,0.224489714164,0.224489714164,0.103877702561,0.0236708606957,0.0811308115684,0.386876872121
 11/14  05:00:00,0.835798714788,8.16146939308,0.0,7.80049376019,0.0,0.219532252749,0.219532252749,0.219532252749,0.103877702561,0.0236708606957,0.0930553522885,0.372262546493
 11/14  06:00:00,0.904301264639,8.38162318918,0.0,7.71929431369,0.0,0.217226101012,0.217226101012,0.217226101012,0.114265468846,0.026037950125,0.107956661861,0.415415082795
 11/14  07:00:00,1.12924039981,8.76939010355,0.0,7.54582204873,0.0,0.21233622875,0.21233622875,0.21233622875,0.197367690954,0.044974641125,0.171190561876,0.479971277101
 11/14  08:00:00,1.48934635975,7.918683829,0.0,6.53896744922,0.0,0.183997660463,0.183997660463,0.183997660463,0.384347484084,0.087582195875,0.262513576959,0.510005442367
 11/14  09:00:00,1.40173196306,6.79393499782,0.0,5.45884885247,0.0,0.153575076397,0.153575076397,0.153575076397,0.373959717799,0.0852151095,0.334401916637,0.431180142723
 11/14  10:00:00,1.21898121542,7.15534473958,0.0,5.94670131981,0.0,0.167280611427,0.167280611427,0.167280611427,0.207755457239,0.0473417275,0.406234250548,0.366969168707
 11/14  11:00:00,1.20050074806,6.81560342189,0.0,5.75120461184,0.0,0.161772527721,0.161772527721,0.161772527721,0.176592026845,0.040240468375,0.422896049148,0.375599675967
 11/14  12:00:00,1.19137631379,5.68961843327,0.0,4.7544197909,0.0,0.133716451152,0.133716451152,0.133716451152,0.176592026845,0.040240468375,0.441712618022,0.375714749397
 11/14  13:00:00,1.19181326696,6.18117457455,0.0,5.34761042844,0.0,0.150372710397,0.150372710397,0.150372710397,0.176592026845,0.040240468375,0.431822350603,0.36938571074
 11/14  14:00:00,1.14622175978,5.44962104941,0.0,4.67558882084,0.0,0.131471931419,0.131471931419,0.131471931419,0.176592026845,0.040240468375,0.392358471658,0.382158861485
 11/14  15:00:00,1.15315358634,5.02090033105,0.0,4.30487518907,0.0,0.121042238195,0.121042238195,0.121042238195,0.197367690954,0.044974641125,0.362691423146,0.403677592921
 11/14  16:00:00,1.27868030877,4.64158244864,0.0,3.91633737638,0.0,0.110105977159,0.110105977159,0.110105977159,0.280469821234,0.063911332125,0.374676266453,0.426116911797
 11/14  17:00:00,1.70657999221,5.05706012514,0.0,4.25495478104,0.0,0.119605804956,0.119605804956,0.119605804956,0.509000679504,0.115987232375,0.434564651377,0.504021624
 11/14  18:00:00,2.41031318245,5.32387630782,0.0,4.36128744564,0.0,0.12260645482,0.12260645482,0.12260645482,0.90373593237,0.205936484082,0.542328589423,0.612305721759
 11/14  19:00:00,2.84312387468,5.30311368229,0.0,4.19602515157,0.0,0.117981408827,0.117981408827,0.117981408827,1.23614458753,0.281683278625,0.489135393799,0.664779205901
 11/14  20:00:00,2.7657010675,6.30821290062,0.0,5.17761979571,0.0,0.145607801396,0.145607801396,0.145607801396,1.23614458753,0.281683278625,0.392682536045,0.686182863907
 11/14  21:00:00,2.64177604835,6.70928179909,0.0,5.66124335371,0.0,0.159229981392,0.159229981392,0.159229981392,1.14265468846,0.26037950125,0.346338960163,0.709772917085
 11/14  22:00:00,2.41520243932,7.58376188785,0.0,6.63953154877,0.0,0.186775150829,0.186775150829,0.186775150829,0.966062661619,0.220139032875,0.325623250854,0.693202343145
 11/14  23:00:00,1.95567018232,7.48438654769,0.0,6.71032125418,0.0,0.188777861961,0.188777861961,0.188777861961,0.71675613924,0.163328959875,0.263529429942,0.599877791304
 11/14  24:00:00,1.5502120763,8.15650068492,0.0,7.56491880597,0.0,0.212817876366,0.212817876366,0.212817876366,0.498612913219,0.113620146,0.180478502199,0.521282638521
 11/15  01:00:00,1.13605768923,8.95168535405,0.0,8.55349439307,0.0,0.24063319264,0.24063319264,0.24063319264,0.259694288664,0.059177159375,0.121972905831,0.431180142723
 11/15  02:00:00,0.972535608197,9.40222955459,0.0,9.09183750152,0.0,0.255783779501,0.255783779501,0.255783779501,0.155816494275,0.035506295625,0.105025704823,0.397003333973
 11/15  03:00:00,0.912606728523,10.211386261,0.0,9.92481596951,0.0,0.279232124768,0.279232124768,0.279232124768,0.103877702561,0.0236708606957,0.0900256437303,0.392400396767
 11/15  04:00:00,0.912794734924,10.7354042671,0.0,10.4426410618,0.0,0.293838487978,0.293838487978,0.293838487978,0.103877702561,0.0236708606957,0.0811308115684,0.386876872121
 11/15  05:00:00,0.923611398763,11.281175691,0.0,10.9211063538,0.0,0.307344936724,0.307344936724,0.307344936724,0.103877702561,0.0236708606957,0.0930553522885,0.372262546493
 11/15  06:00:00,1.00366659156,11.9106192971,0.0,11.2485097106,0.0,0.316591427929,0.316591427929,0.316591427929,0.114265468846,0.026037950125,0.107956661861,0.415415082795
 11/15  07:00:00,1.22679934617,12.2347425144,0.0,11.0097118133,0.0,0.309895175113,0.309895175113,0.309895175113,0.197367690954,0.044974641125,0.171190561876,0.479971277101
 11/15  08:00:00,1.60099962118,11.8842045803,0.0,10.5026016777,0.0,0.295650921899,0.295650921899,0.295650921899,0.384347484084,0.087582195875,0.262513576959,0.510005442367
 11/15  09:00:00,1.47988195254,9.56948516477,0.0,8.23248687111,0.0,0.231725065884,0.231725065884,0.231725065884,0.373959717799,0.0852151095,0.334401916637,0.431180142723
 11/15  10:00:00,1.24583933184,8.10956782555,0.0,6.89855467534,0.0,0.194138727847,0.194138727847,0.194138727847,0.207755457239,0.0473417275,0.406234250548,0.366969168707
 11/15  11:00:00,1.21106473034,7.19128843245,0.0,6.12464564951,0.0,0.172336510003,0.172336510003,0.172336510003,0.176592026845,0.040240468375,0.422896049148,0.375599675967
 11/15  12:00:00,1.17233249372,5.01345145837,0.0,4.07607927389,0.0,0.114672631084,0.114672631084,0.114672631084,0.176592026845,0.040240468375,0.441712618022,0.375714749397
 11/15  13:00:00,1.12459187582,3.79238169456,0.0,2.95627687464,0.0,0.083151319254,0.083151319254,0.083151319254,0.176592026845,0.040240468375,0.431822350603,0.36938571074
 11/15  14:00:00,1.07031763068,2.75296071749,0.0,1.97590570126,0.0,0.0555678023182,0.0555678023182,0.0555678023182,0.176592026845,0.040240468375,0.392358471658,0.382158861485
 11/15  15:00:00,1.06906721558,2.03305507309,0.0,1.31421618437,0.0,0.0369558674335,0.0369558674335,0.0369558674335,0.197367690954,0.044974641125,0.362691423146,0.403677592921
 11/15  16:00:00,1.20772251315,2.12020802369,0.0,1.39225594231,0.0,0.0391481815429,0.0391481815429,0.0391481815429,0.280469821234,0.063911332125,0.374676266453,0.426116911797
 11/15  17:00:00,1.65494182093,3.22158634409,0.0,2.41682566403,0.0,0.0679676336784,0.0679676336784,0.0679676336784,0.509000679504,0.115987232375,0.434564651377,0.504021624
 11/15  18:00:00,2.38765644795,4.51788442755,0.0,3.55284432903,0.0,0.0999497203136,0.0999497203136,0.0999497203136,0.90373593237,0.205936484082,0.542328589423,0.612305721759
 11/15  19:00:00,2.81684103577,4.36894252124,0.0,3.25878672436,0.0,0.0916985699201,0.0916985699201,0.0916985699201,1.23614458753,0.281683278625,0.489135393799,0.664779205901
 11/15  20:00:00,2.73214443504,5.11548212398,0.0,3.98151016488,0.0,0.112051168938,0.112051168938,0.112051168938,1.23614458753,0.281683278625,0.392682536045,0.686182863907
 11/15  21:00:00,2.6028780639,5.32609694489,0.0,4.27512150911,0.0,0.120331996936,0.120331996936,0.120331996936,1.14265468846,0.26037950125,0.346338960163,0.709772917085
 11/15  22:00:00,2.36045475061,5.63762752252,0.0,4.69038774668,0.0,0.132027462121,0.132027462121,0.132027462121,0.966062661619,0.220139032875,0.325623250854,0.693202343145
 11/15  23:00:00,1.89115481539,5.1912448914,0.0,4.41446188323,0.0,0.12426249503,0.12426249503,0.12426249503,0.71675613924,0.163328959875,0.263529429942,0.599877791304
 11/15  24:00:00,1.4717377144,5.36713205379,0.0,4.773247865,0.0,0.134343514456,0.134343514456,0.134343514456,0.498612913219,0.113620146,0.180478502199,0.521282638521
 11/16  01:00:00,1.03340182308,5.30355772074,0.0,4.9031017345,0.0,0.137977326488,0.137977326488,0.137977326488,0.259694288664,0.059177159375,0.121972905831,0.431180142723
 11/16  02:00:00,0.862802050929,5.50347590361,0.0,5.19082054841,0.0,0.146050222233,0.146050222233,0.146050222233,0.155816494275,0.035506295625,0.105025704823,0.397003333973
 11/16  03:00:00,0.776549095063,5.37841018622,0.0,5.08931185078,0.0,0.143174491309,0.143174491309,0.143174491309,0.103877702561,0.0236708606957,0.0900256437303,0.392400396767
 11/16  04:00:00,0.753620911817,5.08298629745,0.0,4.78723897394,0.0,0.134664664871,0.134664664871,0.134664664871,0.103877702561,0.0236708606957,0.0811308115684,0.386876872121
 11/16  05:00:00,0.749634805509,5.10548224544,0.0,4.74173925536,0.0,0.13336834347,0.13336834347,0.13336834347,0.103877702561,0.0236708606957,0.0930553522885,0.372262546493
 11/16  06:00:00,0.827236920453,5.65048972357,0.0,4.98357724356,0.0,0.140161756826,0.140161756826,0.140161756826,0.114265468846,0.026037950125,0.107956661861,0.415415082795
 11/16  07:00:00,1.04560699566,5.80806841487,0.0,4.5762352888,0.0,0.128702824602,0.128702824602,0.128702824602,0.197367690954,0.044974641125,0.171190561876,0.479971277101
 11/16  08:00:00,1.41678359454,5.35167995074,0.0,3.96251061974,0.0,0.11143489525,0.11143489525,0.11143489525,0.384347484084,0.087582195875,0.262513576959,0.510005442367
 11/16  09:00:00,1.35707279243,5.21725526205,0.0,3.87330391832,0.0,0.108915905766,0.108915905766,0.108915905766,0.373959717799,0.0852151095,0.334401916637,0.431180142723
 11/16  10:00:00,1.13097903294,4.03715356211,0.0,2.81984286155,0.0,0.0792784289481,0.0792784289481,0.0792784289481,0.207755457239,0.0473417275,0.406234250548,0.366969168707
 11/16  11:00:00,1.11133058262,3.65545149854,0.0,2.58300494882,0.0,0.0726023622838,0.0726023622838,0.0726023622838,0.176592026845,0.040240468375,0.422896049148,0.375599675967
 11/16  12:00:00,1.09234142846,2.17676492902,0.0,1.2341972637,0.0,0.034681565818,0.034681565818,0.034681565818,0.176592026845,0.040240468375,0.441712618022,0.375714749397
 11/16  13:00:00,1.05511905803,1.32778356331,0.0,0.486901051701,0.0,0.0136785014678,0.0136785014678,0.0136785014678,0.176592026845,0.040240468375,0.431822350603,0.36938571074
 11/16  14:00:00,1.04026690797,1.68961852954,0.0,0.908439639666,0.0,0.0255170796092,0.0255170796092,0.0255170796092,0.176592026845,0.040240468375,0.392358471658,0.382158861485
 11/16  15:00:00,1.05848153303,1.6612976784,0.0,0.939001895102,0.0,0.0263701848879,0.0263701848879,0.0263701848879,0.197367690954,0.044974641125,0.362691423146,0.403677592921
 11/16  16:00:00,1.19767885059,1.76779137153,0.0,1.03644370256,0.0,0.0291045189791,0.0291045189791,0.0291045189791,0.280469821234,0.063911332125,0.374676266453,0.426116911797
 11/16  17:00:00,1.61011321833,1.63309421303,0.0,0.824068620226,0.0,0.0231390310772,0.0231390310772,0.0231390310772,0.509000679504,0.115987232375,0.434564651377,0.504021624
 11/16  18:00:00,2.30004694222,1.4103935836,0.0,0.439514051411,0.0,0.012340214591,0.012340214591,0.012340214591,0.90373593237,0.205936484082,0.542328589423,0.612305721759
 11/16  19:00:00,2.82940460916,4.82730410555,0.0,3.71274053006,0.0,0.104262143305,0.104262143305,0.104262143305,1.23614458753,0.281683278625,0.489135393799,0.664779205901
 11/16  20:00:00,2.75449768647,5.92184927589,0.0,4.78445031992,0.0,0.134404420367,0.134404420367,0.134404420367,1.23614458753,0.281683278625,0.392682536045,0.686182863907
 11/16  21:00:00,2.64660683825,6.89299999479,0.0,5.83912792691,0.0,0.164060771288,0.164060771288,0.164060771288,1.14265468846,0.26037950125,0.346338960163,0.709772917085
 11/16  22:00:00,2.39982652134,7.04951944635,0.0,6.09985752363,0.0,0.171399232845,0.171399232845,0.171399232845,0.966062661619,0.220139032875,0.325623250854,0.693202343145
 11/16  23:00:00,1.96446210381,7.80876075753,0.0,7.030671956,0.0,0.197569783446,0.197569783446,0.197569783446,0.71675613924,0.163328959875,0.263529429942,0.599877791304
 11/16  24:00:00,1.54030211128,7.81422978996,0.0,7.21990526959,0.0,0.202907911337,0.202907911337,0.202907911337,0.498612913219,0.113620146,0.180478502199,0.521282638521
 11/17  01:00:00,1.12385008794,8.52727042511,0.0,8.12748774297,0.0,0.228425591346,0.228425591346,0.228425591346,0.259694288664,0.059177159375,0.121972905831,0.431180142723
 11/17  02:00:00,0.987663643417,9.94937835855,0.0,9.63820445167,0.0,0.270911814721,0.270911814721,0.270911814721,0.155816494275,0.035506295625,0.105025704823,0.397003333973
 11/17  03:00:00,0.911897616016,10.1937641075,0.0,9.90673086361,0.0,0.278523012261,0.278523012261,0.278523012261,0.103877702561,0.0236708606957,0.0900256437303,0.392400396767
 11/17  04:00:00,0.885492921189,9.77258918949,0.0,9.47901649398,0.0,0.266536674243,0.266536674243,0.266536674243,0.103877702561,0.0236708606957,0.0811308115684,0.386876872121
 11/17  05:00:00,0.887346647208,10.0024159406,0.0,9.64072632071,0.0,0.271080185169,0.271080185169,0.271080185169,0.103877702561,0.0236708606957,0.0930553522885,0.372262546493
 11/17  06:00:00,0.973698089288,10.8584744942,0.0,10.1927898535,0.0,0.286622925661,0.286622925661,0.286622925661,0.114265468846,0.026037950125,0.107956661861,0.415415082795
 11/17  07:00:00,1.19292230427,11.0466755569,0.0,9.81444470639,0.0,0.276018133214,0.276018133214,0.276018133214,0.197367690954,0.044974641125,0.171190561876,0.479971277101
 11/17  08:00:00,1.59956713881,11.8501783914,0.0,10.4602166011,0.0,0.29421843952,0.29421843952,0.29421843952,0.384347484084,0.087582195875,0.262513576959,0.510005442367
 11/17  09:00:00,1.56839980672,12.7269509369,0.0,11.383062517,0.0,0.320242920057,0.320242920057,0.320242920057,0.373959717799,0.0852151095,0.334401916637,0.431180142723
 11/17  10:00:00,1.34088120007,11.4922585981,0.0,10.2762023272,0.0,0.289180596078,0.289180596078,0.289180596078,0.207755457239,0.0473417275,0.406234250548,0.366969168707
 11/17  11:00:00,1.32354821769,11.1912317068,0.0,10.1203893437,0.0,0.284819997356,0.284819997356,0.284819997356,0.176592026845,0.040240468375,0.422896049148,0.375599675967
 11/17  12:00:00,1.33721983216,10.8725324442,0.0,9.9326240464,0.0,0.279559969519,0.279559969519,0.279559969519,0.176592026845,0.040240468375,0.441712618022,0.375714749397
 11/17  13:00:00,1.32053277746,10.7526277583,0.0,9.91532013092,0.0,0.279092220893,0.279092220893,0.279092220893,0.176592026845,0.040240468375,0.431822350603,0.36938571074
 11/17  14:00:00,1.32046813197,11.63790495,0.0,10.8607553383,0.0,0.305718303606,0.305718303606,0.305718303606,0.176592026845,0.040240468375,0.392358471658,0.382158861485
 11/17  15:00:00,1.30761945175,10.5045354492,0.0,9.78633701156,0.0,0.275508103604,0.275508103604,0.275508103604,0.197367690954,0.044974641125,0.362691423146,0.403677592921
 11/17  16:00:00,1.44877140427,10.6796874327,0.0,9.95203186885,0.0,0.280197072665,0.280197072665,0.280197072665,0.280469821234,0.063911332125,0.374676266453,0.426116911797
 11/17  17:00:00,1.86130065394,10.5486825437,0.0,9.74320559178,0.0,0.274326466684,0.274326466684,0.274326466684,0.509000679504,0.115987232375,0.434564651377,0.504021624
 11/17  18:00:00,2.56142169311,10.6873589926,0.0,9.71963421299,0.0,0.273714965472,0.273714965472,0.273714965472,0.90373593237,0.205936484082,0.542328589423,0.612305721759
 11/17  19:00:00,3.00236577674,10.9555352006,0.0,9.84199192353,0.0,0.277223310889,0.277223310889,0.277223310889,1.23614458753,0.281683278625,0.489135393799,0.664779205901
 11/17  20:00:00,2.86383053344,9.78785271059,0.0,8.65066368945,0.0,0.243737267342,0.243737267342,0.243737267342,1.23614458753,0.281683278625,0.392682536045,0.686182863907
 11/17  21:00:00,2.73295392937,9.93854289689,0.0,8.88437761968,0.0,0.250407862406,0.250407862406,0.250407862406,1.14265468846,0.26037950125,0.346338960163,0.709772917085
 11/17  22:00:00,2.45831860349,9.10545111692,0.0,8.15577127872,0.0,0.229891315001,0.229891315001,0.229891315001,0.966062661619,0.220139032875,0.325623250854,0.693202343145
 11/17  23:00:00,2.00640457295,9.27406457913,0.0,8.49587098149,0.0,0.239512252588,0.239512252588,0.239512252588,0.71675613924,0.163328959875,0.263529429942,0.599877791304
 11/17  24:00:00,1.58442107234,9.35643094762,0.0,8.76234029987,0.0,0.247026872398,0.247026872398,0.247026872398,0.498612913219,0.113620146,0.180478502199,0.521282638521
 11/18  01:00:00,1.17284393919,9.98375230971,0.0,9.56798366058,0.0,0.269750145704,0.269750145704,0.269750145704,0.259694288664,0.059177159375,0.129642202726,0.431180142723
 11/18  02:00:00,1.01027291937,10.5665476746,0.0,10.2473264106,0.0,0.288916229273,0.288916229273,0.288916229273,0.155816494275,0.035506295625,0.109630566222,0.397003333973
 11/18  03:00:00,0.931191319647,10.747524785,0.0,10.4546499175,0.0,0.294770271072,0.294770271072,0.294770271072,0.103877702561,0.0236708606957,0.093072088551,0.392400396767
 11/18  04:00:00,0.912246148951,10.6450780941,0.0,10.3451558128,0.0,0.291696930482,0.291696930482,0.291696930482,0.103877702561,0.0236708606957,0.0827237830912,0.386876872121
 11/18  05:00:00,0.905759907668,10.532203671,0.0,10.1566501051,0.0,0.286377097433,0.286377097433,0.286377097433,0.103877702561,0.0236708606957,0.0961717004842,0.372262546493
 11/18  06:00:00,0.980978241998,10.9615892558,0.0,10.2540880215,0.0,0.289123603705,0.289123603705,0.289123603705,0.114265468846,0.026037950125,0.112736136527,0.415415082795
 11/18  07:00:00,1.24784996615,12.625895033,0.0,11.2970669741,0.0,0.318549364239,0.318549364239,0.318549364239,0.197367690954,0.044974641125,0.183586992729,0.479971277101
 11/18  08:00:00,1.63020552677,12.1505900573,0.0,10.643209156,0.0,0.300168572053,0.300168572053,0.300168572053,0.384347484084,0.087582195875,0.287201832387,0.510005442367
 11/18  09:00:00,1.52854981868,10.0684677984,0.0,8.60066858372,0.0,0.242549414532,0.242549414532,0.242549414532,0.373959717799,0.0852151095,0.372245434126,0.431180142723
 11/18  10:00:00,1.30804042746,8.55957474813,0.0,7.22834045815,0.0,0.20380358885,0.20380358885,0.20380358885,0.207755457239,0.0473417275,0.458770485167,0.366969168707
 11/18  11:00:00,1.28774990821,7.89584112432,0.0,6.72595223711,0.0,0.189619420618,0.189619420618,0.189619420618,0.176592026845,0.040240468375,0.482298316401,0.375599675967
 11/18  12:00:00,1.26760073141,6.29785465824,0.0,5.27506205349,0.0,0.148703982891,0.148703982891,0.148703982891,0.176592026845,0.040240468375,0.502949503904,0.375714749397
 11/18  13:00:00,1.2108042696,4.93973915815,0.0,4.02977454018,0.0,0.11358478947,0.11358478947,0.11358478947,0.176592026845,0.040240468375,0.487601274175,0.36938571074
 11/18  14:00:00,1.17585593069,4.75243582699,0.0,3.911788987,0.0,0.110253397909,0.110253397909,0.110253397909,0.176592026845,0.040240468375,0.44321117608,0.382158861485
 11/18  15:00:00,1.18125156834,4.44803710143,0.0,3.67203165941,0.0,0.103493719482,0.103493719482,0.103493719482,0.197367690954,0.044974641125,0.408337923861,0.403677592921
 11/18  16:00:00,1.31715084604,4.52220149763,0.0,3.73748446816,0.0,0.105341046244,0.105341046244,0.105341046244,0.280469821234,0.063911332125,0.417911734639,0.426116911797
 11/18  17:00:00,1.7628481771,5.62659963752,0.0,4.75231469299,0.0,0.133969750877,0.133969750877,0.133969750877,0.509000679504,0.115987232375,0.476468890349,0.504021624
 11/18  18:00:00,2.49087462927,6.79149327176,0.0,5.74213846948,0.0,0.161923983202,0.161923983202,0.161923983202,0.90373593237,0.205936484082,0.583572507862,0.612305721759
 11/18  19:00:00,2.93671932873,7.30026229805,0.0,6.0817617393,0.0,0.171548161558,0.171548161558,0.171548161558,1.23614458753,0.281683278625,0.529164095116,0.664779205901
 11/18  20:00:00,2.85606440259,8.20232602148,0.0,6.94791378323,0.0,0.196018923403,0.196018923403,0.196018923403,1.23614458753,0.281683278625,0.432634749126,0.686182863907
 11/18  21:00:00,2.74230623857,8.93006900374,0.0,7.76476055248,0.0,0.219095573034,0.219095573034,0.219095573034,1.14265468846,0.26037950125,0.387003558734,0.709772917085
 11/18  22:00:00,2.5186458758,9.85499335355,0.0,8.81214276499,0.0,0.248677253737,0.248677253737,0.248677253737,0.966062661619,0.220139032875,0.367164584427,0.693202343145
 11/18  23:00:00,2.06676243338,10.3066104165,0.0,9.45583859679,0.0,0.266861365874,0.266861365874,0.266861365874,0.71675613924,0.163328959875,0.296538177092,0.599877791304
 11/18  24:00:00,1.64424174602,10.8691014625,0.0,10.2303010874,0.0,0.288723559905,0.288723559905,0.288723559905,0.498612913219,0.113620146,0.198602488374,0.521282638521
 11/19  01:00:00,1.20124884976,10.9795822874,0.0,10.5644408549,0.0,0.298155056269,0.298155056269,0.298155056269,0.259694288664,0.059177159375,0.129642202726,0.431180142723
 11/19  02:00:00,1.02607392905,11.11535936,0.0,10.7967807552,0.0,0.304717238952,0.304717238952,0.304717238952,0.155816494275,0.035506295625,0.109630566222,0.397003333973
 11/19  03:00:00,0.947105443787,11.3012687192,0.0,11.0088986287,0.0,0.310684395212,0.310684395212,0.310684395212,0.103877702561,0.0236708606957,0.093072088551,0.392400396767
 11/19  04:00:00,0.929875265077,11.2607911702,0.0,10.9613549252,0.0,0.309326046608,0.309326046608,0.309326046608,0.103877702561,0.0236708606957,0.0827237830912,0.386876872121
 11/19  05:00:00,0.933510962201,11.5070844283,0.0,11.1318172343,0.0,0.314128151966,0.314128151966,0.314128151966,0.103877702561,0.0236708606957,0.0961717004842,0.372262546493
 11/19  06:00:00,0.99187486252,11.3406607335,0.0,10.6323268437,0.0,0.300020224226,0.300020224226,0.300020224226,0.114265468846,0.026037950125,0.112736136527,0.415415082795
 11/19  07:00:00,1.24777500072,12.6187460237,0.0,11.2867955586,0.0,0.318474398812,0.318474398812,0.318474398812,0.197367690954,0.044974641125,0.183586992729,0.479971277101
 11/19  08:00:00,1.60892485689,11.3949726082,0.0,9.88352576111,0.0,0.278887902182,0.278887902182,0.278887902182,0.384347484084,0.087582195875,0.287201832387,0.510005442367
 11/19  09:00:00,1.56005282852,11.1843015517,0.0,9.71288572744,0.0,0.274052424375,0.274052424375,0.274052424375,0.373959717799,0.0852151095,0.372245434126,0.431180142723
 11/19  10:00:00,1.36101068385,10.4356787083,0.0,9.10152297928,0.0,0.256773845239,0.256773845239,0.256773845239,0.207755457239,0.0473417275,0.458770485167,0.366969168707
 11/19  11:00:00,1.35639958175,10.3274434318,0.0,9.15526152032,0.0,0.258269094166,0.258269094166,0.258269094166,0.176592026845,0.040240468375,0.482298316401,0.375599675967
 11/19  12:00:00,1.33434739908,8.66304995431,0.0,7.63843549781,0.0,0.21545065056,0.21545065056,0.21545065056,0.176592026845,0.040240468375,0.502949503904,0.375714749397
 11/19  13:00:00,1.29066569251,7.77078826613,0.0,6.85940901854,0.0,0.193446212374,0.193446212374,0.193446212374,0.176592026845,0.040240468375,0.487601274175,0.36938571074
 11/19  14:00:00,1.24655213488,7.25894497067,0.0,6.41691126729,0.0,0.180949602092,0.180949602092,0.180949602092,0.176592026845,0.040240468375,0.44321117608,0.382158861485
 11/19  15:00:00,1.25737036181,7.14687189074,0.0,6.36970116152,0.0,0.179612512952,0.179612512952,0.179612512952,0.197367690954,0.044974641125,0.408337923861,0.403677592921
 11/19  16:00:00,1.38942406729,7.08503740919,0.0,6.2989411539,0.0,0.17761426749,0.17761426749,0.17761426749,0.280469821234,0.063911332125,0.417911734639,0.426116911797
 11/19  17:00:00,1.79632991711,6.81524842379,0.0,5.9386373871,0.0,0.167451490886,0.167451490886,0.167451490886,0.509000679504,0.115987232375,0.476468890349,0.504021624
 11/19  18:00:00,2.50776351629,7.39387012732,0.0,6.34105532428,0.0,0.178812870219,0.178812870219,0.178812870219,0.90373593237,0.205936484082,0.583572507862,0.612305721759
 11/19  19:00:00,2.92458164017,6.87501990236,0.0,5.65217532632,0.0,0.159410473001,0.159410473001,0.159410473001,1.23614458753,0.281683278625,0.529164095116,0.664779205901
 11/19  20:00:00,2.82106121364,6.96741921797,0.0,5.70852866351,0.0,0.161015734454,0.161015734454,0.161015734454,1.23614458753,0.281683278625,0.432634749126,0.686182863907
 11/19  21:00:00,2.68748264936,6.99326492281,0.0,5.82363704243,0.0,0.164271983827,0.164271983827,0.164271983827,1.14265468846,0.26037950125,0.387003558734,0.709772917085
 11/19  22:00:00,2.43855937146,7.02382577874,0.0,5.97669036601,0.0,0.168590749398,0.168590749398,0.168590749398,0.966062661619,0.220139032875,0.367164584427,0.693202343145
 11/19  23:00:00,1.98233171635,7.32225792395,0.0,6.46765850348,0.0,0.182430648837,0.182430648837,0.182430648837,0.71675613924,0.163328959875,0.296538177092,0.599877791304
 11/19  24:00:00,1.5425654718,7.27388250502,0.0,6.63186816806,0.0,0.187047285688,0.187047285688,0.187047285688,0.498612913219,0.113620146,0.198602488374,0.521282638521
 11/20  01:00:00,1.09257926374,7.39180415073,0.0,6.99075641353,0.0,0.197154767149,0.197154767149,0.197154767149,0.259694288664,0.059177159375,0.121972905831,0.431180142723
 11/20  02:00:00,0.908746526997,7.12084369325,0.0,6.80869243825,0.0,0.191994698301,0.191994698301,0.191994698301,0.155816494275,0.035506295625,0.105025704823,0.397003333973
 11/20  03:00:00,0.828928416573,7.22484928635,0.0,6.93648993756,0.0,0.195553812818,0.195553812818,0.195553812818,0.103877702561,0.0236708606957,0.0900256437303,0.392400396767
 11/20  04:00:00,0.821307553914,7.4744802072,0.0,7.17942820791,0.0,0.202351306968,0.202351306968,0.202351306968,0.103877702561,0.0236708606957,0.0811308115684,0.386876872121
 11/20  05:00:00,0.830131460155,7.95395486333,0.0,7.59022473855,0.0,0.213864998116,0.213864998116,0.213864998116,0.103877702561,0.0236708606957,0.0930553522885,0.372262546493
 11/20  06:00:00,0.900427071731,8.24339279164,0.0,7.57267415838,0.0,0.213351908104,0.213351908104,0.213351908104,0.114265468846,0.026037950125,0.107956661861,0.415415082795
 11/20  07:00:00,1.12288786815,8.55459136559,0.0,7.31157679453,0.0,0.205983697095,0.205983697095,0.205983697095,0.197367690954,0.044974641125,0.171190561876,0.479971277101
 11/20  08:00:00,1.52905261716,9.34333266774,0.0,7.94091876452,0.0,0.223703917871,0.223703917871,0.223703917871,0.384347484084,0.087582195875,0.262513576959,0.510005442367
 11/20  09:00:00,1.44173739544,8.22887555834,0.0,6.87250316244,0.0,0.193580508776,0.193580508776,0.193580508776,0.373959717799,0.0852151095,0.334401916637,0.431180142723
 11/20  10:00:00,1.23783468674,7.83760032114,0.0,6.60951652563,0.0,0.186134082747,0.186134082747,0.186134082747,0.207755457239,0.0473417275,0.406234250548,0.366969168707
 11/20  11:00:00,1.2281602145,7.80918905414,0.0,6.72802156804,0.0,0.189431994165,0.189431994165,0.189431994165,0.176592026845,0.040240468375,0.422896049148,0.375599675967
 11/20  12:00:00,1.21187689963,6.42790349761,0.0,5.47865196058,0.0,0.154217036992,0.154217036992,0.154217036992,0.176592026845,0.040240468375,0.441712618022,0.375714749397
 11/20  13:00:00,1.19275791939,6.2222295389,0.0,5.37641836931,0.0,0.151317362824,0.151317362824,0.151317362824,0.176592026845,0.040240468375,0.431822350603,0.36938571074
 11/20  14:00:00,1.16583792707,6.15416851998,0.0,5.36893764528,0.0,0.151088098709,0.151088098709,0.151088098709,0.176592026845,0.040240468375,0.392358471658,0.382158861485
 11/20  15:00:00,1.19028332321,6.34683282545,0.0,5.6210603001,0.0,0.15817197506,0.15817197506,0.15817197506,0.197367690954,0.044974641125,0.362691423146,0.403677592921
 11/20  16:00:00,1.33929294478,6.80183574331,0.0,6.06710827357,0.0,0.170718613174,0.170718613174,0.170718613174,0.280469821234,0.063911332125,0.374676266453,0.426116911797
 11/20  17:00:00,1.76041078392,6.97669885664,0.0,6.16370103052,0.0,0.173436596664,0.173436596664,0.173436596664,0.509000679504,0.115987232375,0.434564651377,0.504021624
 11/20  18:00:00,2.46983625255,7.44887927379,0.0,6.47233628038,0.0,0.182129524917,0.182129524917,0.182129524917,0.90373593237,0.205936484082,0.542328589423,0.612305721759
 11/20  19:00:00,2.88671121831,6.86482916617,0.0,5.74101830234,0.0,0.161568752455,0.161568752455,0.161568752455,1.23614458753,0.281683278625,0.489135393799,0.664779205901
 11/20  20:00:00,2.81830436455,8.18906670952,0.0,7.04156015869,0.0,0.19821109845,0.19821109845,0.19821109845,1.23614458753,0.281683278625,0.392682536045,0.686182863907
 11/20  21:00:00,2.70442960977,8.94414386001,0.0,7.88110218992,0.0,0.221883542807,0.221883542807,0.221883542807,1.14265468846,0.26037950125,0.346338960163,0.709772917085
 11/20  22:00:00,2.47423553208,9.6870320088,0.0,8.72975914528,0.0,0.24580824359,0.24580824359,0.24580824359,0.966062661619,0.220139032875,0.325623250854,0.693202343145
 11/20  23:00:00,2.01783222206,9.69424078191,0.0,8.91078368145,0.0,0.250939901695,0.250939901695,0.250939901695,0.71675613924,0.163328959875,0.263529429942,0.599877791304
 11/20  24:00:00,1.57778113539,9.13332112448,0.0,8.53588542228,0.0,0.240386935452,0.240386935452,0.240386935452,0.498612913219,0.113620146,0.180478502199,0.521282638521
 11/21  01:00:00,1.1324944203,8.81931849322,0.0,8.41855068774,0.0,0.23706992371,0.23706992371,0.23706992371,0.259694288664,0.059177159375,0.121972905831,0.431180142723
 11/21  02:00:00,0.968699079275,9.2600004041,0.0,8.9482077608,0.0,0.251947250579,0.251947250579,0.251947250579,0.155816494275,0.035506295625,0.105025704823,0.397003333973
 11/21  03:00:00,0.898889308399,9.71948888437,0.0,9.43177696538,0.0,0.265514704645,0.265514704645,0.265514704645,0.103877702561,0.0236708606957,0.0900256437303,0.392400396767
 11/21  04:00:00,0.885111915949,9.74919042509,0.0,9.45498056143,0.0,0.266155669003,0.266155669003,0.266155669003,0.103877702561,0.0236708606957,0.0811308115684,0.386876872121
 11/21  05:00:00,0.884146392487,9.87939763918,0.0,9.51628889141,0.0,0.267879930448,0.267879930448,0.267879930448,0.103877702561,0.0236708606957,0.0930553522885,0.372262546493
 11/21  06:00:00,0.941185179747,9.69830517695,0.0,9.02712641107,0.0,0.25411001612,0.25411001612,0.25411001612,0.114265468846,0.026037950125,0.107956661861,0.415415082795
 11/21  07:00:00,1.16592991019,10.0920433241,0.0,8.84654492802,0.0,0.249025739131,0.249025739131,0.249025739131,0.197367690954,0.044974641125,0.171190561876,0.479971277101
 11/21  08:00:00,1.57918790206,11.133845084,0.0,9.72839724852,0.0,0.273839202778,0.273839202778,0.273839202778,0.384347484084,0.087582195875,0.262513576959,0.510005442367
 11/21  09:00:00,1.49536729951,10.1412654773,0.0,8.78227301587,0.0,0.247210412847,0.247210412847,0.247210412847,0.373959717799,0.0852151095,0.334401916637,0.431180142723
 11/21  10:00:00,1.30939679414,10.3830911189,0.0,9.15301635488,0.0,0.25769619015,0.25769619015,0.25769619015,0.207755457239,0.0473417275,0.406234250548,0.366969168707
 11/21  11:00:00,1.30233064513,10.4460235368,0.0,9.36345084607,0.0,0.263602424798,0.263602424798,0.263602424798,0.176592026845,0.040240468375,0.422896049148,0.375599675967
 11/21  12:00:00,1.28483738315,9.02023451416,0.0,8.07004518031,0.0,0.227177520512,0.227177520512,0.227177520512,0.176592026845,0.040240468375,0.441712618022,0.375714749397
 11/21  13:00:00,1.28058665402,9.34211989304,0.0,8.49582337598,0.0,0.239146097452,0.239146097452,0.239146097452,0.176592026845,0.040240468375,0.431822350603,0.36938571074
 11/21  14:00:00,1.24626405564,9.0099791604,0.0,8.22453592249,0.0,0.23151422728,0.23151422728,0.23151422728,0.176592026845,0.040240468375,0.392358471658,0.382158861485
 11/21  15:00:00,1.25442405382,8.62308044301,0.0,7.89725932672,0.0,0.222312705678,0.222312705678,0.222312705678,0.197367690954,0.044974641125,0.362691423146,0.403677592921
 11/21  16:00:00,1.38899713095,8.56467783466,0.0,7.82962867943,0.0,0.220422799342,0.220422799342,0.220422799342,0.280469821234,0.063911332125,0.374676266453,0.426116911797
 11/21  17:00:00,1.82133139469,9.13692742119,0.0,8.32330487449,0.0,0.234357207437,0.234357207437,0.234357207437,0.509000679504,0.115987232375,0.434564651377,0.504021624
 11/21  18:00:00,2.52947474014,9.56252102617,0.0,8.58499949291,0.0,0.241768012505,0.241768012505,0.241768012505,0.90373593237,0.205936484082,0.542328589423,0.612305721759
 11/21  19:00:00,2.94880026139,9.06467439509,0.0,7.93982590055,0.0,0.223657795541,0.223657795541,0.223657795541,1.23614458753,0.281683278625,0.489135393799,0.664779205901
 11/21  20:00:00,2.84395340557,9.09528893029,0.0,7.94579085428,0.0,0.223860139471,0.223860139471,0.223860139471,1.23614458753,0.281683278625,0.392682536045,0.686182863907
 11/21  21:00:00,2.72054082059,9.51154612503,0.0,8.4466167512,0.0,0.237994753632,0.237994753632,0.237994753632,1.14265468846,0.26037950125,0.346338960163,0.709772917085
 11/21  22:00:00,2.47100464856,9.56678215913,0.0,8.60768964109,0.0,0.242577360066,0.242577360066,0.242577360066,0.966062661619,0.220139032875,0.325623250854,0.693202343145
 11/21  23:00:00,2.01502221671,9.58892230992,0.0,8.80393199027,0.0,0.248129896354,0.248129896354,0.248129896354,0.71675613924,0.163328959875,0.263529429942,0.599877791304
 11/21  24:00:00,1.5977447844,9.83524152102,0.0,9.23682142667,0.0,0.260350584456,0.260350584456,0.260350584456,0.498612913219,0.113620146,0.180478502199,0.521282638521
 11/22  01:00:00,1.16317569079,9.90006129381,0.0,9.49918592106,0.0,0.267751194195,0.267751194195,0.267751194195,0.259694288664,0.059177159375,0.121972905831,0.431180142723
 11/22  02:00:00,0.99005600576,10.0074006396,0.0,9.69600433801,0.0,0.273304177064,0.273304177064,0.273304177064,0.155816494275,0.035506295625,0.105025704823,0.397003333973
 11/22  03:00:00,0.908510235698,10.0484601559,0.0,9.76113096457,0.0,0.275135631944,0.275135631944,0.275135631944,0.103877702561,0.0236708606957,0.0900256437303,0.392400396767
 11/22  04:00:00,0.900064285646,10.2670570567,0.0,9.97302146665,0.0,0.2811080387,0.2811080387,0.2811080387,0.103877702561,0.0236708606957,0.0811308115684,0.386876872121
 11/22  05:00:00,0.899487548116,10.4110054337,0.0,10.0478667439,0.0,0.283221086077,0.283221086077,0.283221086077,0.103877702561,0.0236708606957,0.0930553522885,0.372262546493
 11/22  06:00:00,0.975419700408,10.9014628523,0.0,10.2293069211,0.0,0.288344536782,0.288344536782,0.288344536782,0.114265468846,0.026037950125,0.107956661861,0.415415082795
 11/22  07:00:00,1.2002713216,11.3004930803,0.0,10.0524244702,0.0,0.283367150546,0.283367150546,0.283367150546,0.197367690954,0.044974641125,0.171190561876,0.479971277101
 11/22  08:00:00,1.60781605607,12.1380355906,0.0,10.7295447507,0.0,0.302467356788,0.302467356788,0.302467356788,0.384347484084,0.087582195875,0.262513576959,0.510005442367
 11/22  09:00:00,1.52224996476,11.0837888183,0.0,9.72160013947,0.0,0.274093078099,0.274093078099,0.274093078099,0.373959717799,0.0852151095,0.334401916637,0.431180142723
 11/22  10:00:00,1.32029283865,10.7595613428,0.0,9.52649673669,0.0,0.26859223466,0.26859223466,0.26859223466,0.207755457239,0.0473417275,0.406234250548,0.366969168707
 11/22  11:00:00,1.32428293011,11.2129352814,0.0,10.1280488242,0.0,0.285554709774,0.285554709774,0.285554709774,0.176592026845,0.040240468375,0.422896049148,0.375599675967
 11/22  12:00:00,1.30626152477,9.76956670832,0.0,8.81751058289,0.0,0.24860166213,0.24860166213,0.24860166213,0.176592026845,0.040240468375,0.441712618022,0.375714749397
 11/22  13:00:00,1.28067576064,9.33382374685,0.0,8.48583759395,0.0,0.239235204074,0.239235204074,0.239235204074,0.176592026845,0.040240468375,0.431822350603,0.36938571074
 11/22  14:00:00,1.22364057056,8.19727063071,0.0,7.40988624097,0.0,0.208890742202,0.208890742202,0.208890742202,0.176592026845,0.040240468375,0.392358471658,0.382158861485
 11/22  15:00:00,1.23512737239,7.92929508022,0.0,7.20175445603,0.0,0.203016024243,0.203016024243,0.203016024243,0.197367690954,0.044974641125,0.362691423146,0.403677592921
 11/22  16:00:00,1.36744398263,7.79140845334,0.0,7.05464744452,0.0,0.198869651016,0.198869651016,0.198869651016,0.280469821234,0.063911332125,0.374676266453,0.426116911797
 11/22  17:00:00,1.80221788331,8.44958237043,0.0,7.63406629777,0.0,0.215243696057,0.215243696057,0.215243696057,0.509000679504,0.115987232375,0.434564651377,0.504021624
 11/22  18:00:00,2.53592748637,9.78004039188,0.0,8.80070158677,0.0,0.248220758734,0.248220758734,0.248220758734,0.90373593237,0.205936484082,0.542328589423,0.612305721759
 11/22  19:00:00,2.97296646477,9.91096505026,0.0,8.78384468842,0.0,0.247823998915,0.247823998915,0.247823998915,1.23614458753,0.281683278625,0.489135393799,0.664779205901
 11/22  20:00:00,2.87844467123,10.3070337473,0.0,9.15550183223,0.0,0.258351405131,0.258351405131,0.258351405131,1.23614458753,0.281683278625,0.392682536045,0.686182863907
 11/22  21:00:00,2.76437625149,11.0522044833,0.0,9.98558136197,0.0,0.281830184529,0.281830184529,0.281830184529,1.14265468846,0.26037950125,0.346338960163,0.709772917085
 11/22  22:00:00,2.52062414307,11.3122716492,0.0,10.3518578527,0.0,0.292196854581,0.292196854581,0.292196854581,0.966062661619,0.220139032875,0.325623250854,0.693202343145
 11/22  23:00:00,2.07237780318,11.607751263,0.0,10.8220113446,0.0,0.305485482816,0.305485482816,0.305485482816,0.71675613924,0.163328959875,0.263529429942,0.599877791304
 11/22  24:00:00,1.65372185063,11.8044142432,0.0,11.2060346874,0.0,0.316327650687,0.316327650687,0.316327650687,0.498612913219,0.113620146,0.180478502199,0.521282638521
 11/23  01:00:00,1.21584015186,11.7508048599,0.0,11.3506417029,0.0,0.320415655263,0.320415655263,0.320415655263,0.259694288664,0.059177159375,0.121972905831,0.431180142723
 11/23  02:00:00,1.03387204722,11.5445840085,0.0,11.2341431284,0.0,0.31712021852,0.31712021852,0.31712021852,0.155816494275,0.035506295625,0.105025704823,0.397003333973
 11/23  03:00:00,0.955199881767,11.6880563642,0.0,11.4016472634,0.0,0.321825278013,0.321825278013,0.321825278013,0.103877702561,0.0236708606957,0.0900256437303,0.392400396767
 11/23  04:00:00,0.944162962629,11.8155906524,0.0,11.5224736859,0.0,0.325206715683,0.325206715683,0.325206715683,0.103877702561,0.0236708606957,0.0811308115684,0.386876872121
 11/23  05:00:00,0.937899660713,11.7588521567,0.0,11.3963244134,0.0,0.321633198674,0.321633198674,0.321633198674,0.103877702561,0.0236708606957,0.0930553522885,0.372262546493
 11/23  06:00:00,1.00496727133,11.9368316716,0.0,11.2642228204,0.0,0.317892107702,0.317892107702,0.317892107702,0.114265468846,0.026037950125,0.107956661861,0.415415082795
 11/23  07:00:00,1.22092472093,12.0233793798,0.0,10.7729338054,0.0,0.304020549871,0.304020549871,0.304020549871,0.197367690954,0.044974641125,0.171190561876,0.479971277101
 11/23  08:00:00,1.59512476455,11.6804269918,0.0,10.2688668415,0.0,0.289776065265,0.289776065265,0.289776065265,0.384347484084,0.087582195875,0.262513576959,0.510005442367
 11/23  09:00:00,1.53532320879,11.5424884302,0.0,10.1769629991,0.0,0.287166322135,0.287166322135,0.287166322135,0.373959717799,0.0852151095,0.334401916637,0.431180142723
 11/23  10:00:00,1.32795160357,11.027154773,0.0,9.79123236494,0.0,0.276250999575,0.276250999575,0.276250999575,0.207755457239,0.0473417275,0.406234250548,0.366969168707
 11/23  11:00:00,1.31181492242,10.7675759684,0.0,9.68004463805,0.0,0.273086702081,0.273086702081,0.273086702081,0.176592026845,0.040240468375,0.422896049148,0.375599675967
 11/23  12:00:00,1.28643781747,9.06528611487,0.0,8.11073550403,0.0,0.22877795483,0.22877795483,0.22877795483,0.176592026845,0.040240468375,0.441712618022,0.375714749397
 11/23  13:00:00,1.27011882222,8.95801697946,0.0,8.10799260557,0.0,0.22867826566,0.22867826566,0.22867826566,0.176592026845,0.040240468375,0.431822350603,0.36938571074
 11/23  14:00:00,1.23033745133,8.43290628563,0.0,7.64407986579,0.0,0.215587622963,0.215587622963,0.215587622963,0.176592026845,0.040240468375,0.392358471658,0.382158861485
 11/23  15:00:00,1.24804928294,8.38582624945,0.0,7.65683872116,0.0,0.215937934792,0.215937934792,0.215937934792,0.197367690954,0.044974641125,0.362691423146,0.403677592921
 11/23  16:00:00,1.37754582164,8.14819577451,0.0,7.40998657661,0.0,0.208971490029,0.208971490029,0.208971490029,0.280469821234,0.063911332125,0.374676266453,0.426116911797
 11/23  17:00:00,1.80576976869,8.57453158188,0.0,7.75721812153,0.0,0.218795581434,0.218795581434,0.218795581434,0.509000679504,0.115987232375,0.434564651377,0.504021624
 11/23  18:00:00,2.54378881089,10.058011473,0.0,9.0762954203,0.0,0.25608208326,0.25608208326,0.25608208326,0.90373593237,0.205936484082,0.542328589423,0.612305721759
 11/23  19:00:00,2.97525992601,9.99207778286,0.0,8.86225890821,0.0,0.250117460163,0.250117460163,0.250117460163,1.23614458753,0.281683278625,0.489135393799,0.664779205901
 11/23  20:00:00,2.87859307278,10.3120107846,0.0,9.15773406092,0.0,0.258499806678,0.258499806678,0.258499806678,1.23614458753,0.281683278625,0.392682536045,0.686182863907
 11/23  21:00:00,2.7565710169,10.7757424723,0.0,9.70649153321,0.0,0.274024949935,0.274024949935,0.274024949935,1.14265468846,0.26037950125,0.346338960163,0.709772917085
 11/23  22:00:00,2.52160778574,11.3461510153,0.0,10.3836090555,0.0,0.293180497247,0.293180497247,0.293180497247,0.966062661619,0.220139032875,0.325623250854,0.693202343145
 11/23  23:00:00,2.07750246943,11.787484275,0.0,11.0001515261,0.0,0.31061014907,0.31061014907,0.31061014907,0.71675613924,0.163328959875,0.263529429942,0.599877791304
 11/23  24:00:00,1.65433677738,11.8235784537,0.0,11.2241608519,0.0,0.316942577442,0.316942577442,0.316942577442,0.498612913219,0.113620146,0.180478502199,0.521282638521
 11/24  01:00:00,1.22834273944,12.1910189886,0.0,11.7902878071,0.0,0.332918242848,0.332918242848,0.332918242848,0.259694288664,0.059177159375,0.121972905831,0.431180142723
 11/24  02:00:00,1.07203504564,12.8931226044,0.0,12.5827488755,0.0,0.355283216946,0.355283216946,0.355283216946,0.155816494275,0.035506295625,0.105025704823,0.397003333973
 11/24  03:00:00,0.990153317974,12.9212635334,0.0,12.6353877404,0.0,0.35677871422,0.35677871422,0.35677871422,0.103877702561,0.0236708606957,0.0900256437303,0.392400396767
 11/24  04:00:00,0.983263364813,13.1943196339,0.0,12.9017664032,0.0,0.364307117867,0.364307117867,0.364307117867,0.103877702561,0.0236708606957,0.0811308115684,0.386876872121
 11/24  05:00:00,0.981167120662,13.2851417773,0.0,12.9230465727,0.0,0.364900658623,0.364900658623,0.364900658623,0.103877702561,0.0236708606957,0.0930553522885,0.372262546493
 11/24  06:00:00,1.05952767362,13.863141414,0.0,13.1900701668,0.0,0.372452509991,0.372452509991,0.372452509991,0.114265468846,0.026037950125,0.107956661861,0.415415082795
 11/24  07:00:00,1.28326821228,14.226656495,0.0,12.9740736933,0.0,0.366364041218,0.366364041218,0.366364041218,0.197367690954,0.044974641125,0.171190561876,0.479971277101
 11/24  08:00:00,1.68992662895,15.0321517996,0.0,13.6180840588,0.0,0.384577929669,0.384577929669,0.384577929669,0.384347484084,0.087582195875,0.262513576959,0.510005442367
 11/24  09:00:00,1.57998521172,13.1168434557,0.0,11.748939965,0.0,0.331828325065,0.331828325065,0.331828325065,0.373959717799,0.0852151095,0.334401916637,0.431180142723
 11/24  10:00:00,1.34728125539,11.7059133734,0.0,10.4675735593,0.0,0.295580651396,0.295580651396,0.295580651396,0.207755457239,0.0473417275,0.406234250548,0.366969168707
 11/24  11:00:00,1.31329236512,10.8147067944,0.0,9.72486629328,0.0,0.27456414478,0.27456414478,0.27456414478,0.176592026845,0.040240468375,0.422896049148,0.375599675967
 11/24  12:00:00,1.24664600123,7.6525116751,0.0,6.69559648096,0.0,0.188986138593,0.188986138593,0.188986138593,0.176592026845,0.040240468375,0.441712618022,0.375714749397
 11/24  13:00:00,1.2047566904,6.64016596648,0.0,5.78761570945,0.0,0.163316133841,0.163316133841,0.163316133841,0.176592026845,0.040240468375,0.431822350603,0.36938571074
 11/24  14:00:00,1.14154082038,5.28552909019,0.0,4.49401254895,0.0,0.126790992021,0.126790992021,0.126790992021,0.176592026845,0.040240468375,0.392358471658,0.382158861485
 11/24  15:00:00,1.13908618089,4.52335428398,0.0,3.79195324381,0.0,0.106974832744,0.106974832744,0.106974832744,0.197367690954,0.044974641125,0.362691423146,0.403677592921
 11/24  16:00:00,1.28174759565,4.75248164548,0.0,4.01190060828,0.0,0.113173264042,0.113173264042,0.113173264042,0.280469821234,0.063911332125,0.374676266453,0.426116911797
 11/24  17:00:00,1.73410975091,6.03425277985,0.0,5.21478052795,0.0,0.147135563657,0.147135563657,0.147135563657,0.509000679504,0.115987232375,0.434564651377,0.504021624
 11/24  18:00:00,2.48143912494,7.84773827271,0.0,6.86375135691,0.0,0.193732397306,0.193732397306,0.193732397306,0.90373593237,0.205936484082,0.542328589423,0.612305721759
 11/24  19:00:00,2.91733042162,7.93992196174,0.0,6.8072310233,0.0,0.192187955766,0.192187955766,0.192187955766,1.23614458753,0.281683278625,0.489135393799,0.664779205901
 11/24  20:00:00,2.83820583979,8.8811762495,0.0,7.72421441518,0.0,0.218112573692,0.218112573692,0.218112573692,1.23614458753,0.281683278625,0.392682536045,0.686182863907
 11/24  21:00:00,2.72637214588,9.70550363336,0.0,8.63379122194,0.0,0.243826078914,0.243826078914,0.243826078914,1.14265468846,0.26037950125,0.346338960163,0.709772917085
 11/24  22:00:00,2.48746363532,10.1363566917,0.0,9.17151712456,0.0,0.25903634683,0.25903634683,0.25903634683,0.966062661619,0.220139032875,0.325623250854,0.693202343145
 11/24  23:00:00,2.04965694344,10.8001614861,0.0,10.0111531286,0.0,0.282764623082,0.282764623082,0.282764623082,0.71675613924,0.163328959875,0.263529429942,0.599877791304
 11/24  24:00:00,1.63332305351,11.0776191322,0.0,10.4771475532,0.0,0.29592885357,0.29592885357,0.29592885357,0.498612913219,0.113620146,0.180478502199,0.521282638521
 11/25  01:00:00,1.21289216183,11.3866862769,0.0,10.9685607952,0.0,0.30979836834,0.30979836834,0.30979836834,0.259694288664,0.059177159375,0.129642202726,0.431180142723
 11/25  02:00:00,1.04909592306,11.9240091714,0.0,11.6042872265,0.0,0.327739232963,0.327739232963,0.327739232963,0.155816494275,0.035506295625,0.109630566222,0.397003333973
 11/25  03:00:00,0.970869892944,12.1349818831,0.0,11.8422019645,0.0,0.334448844369,0.334448844369,0.334448844369,0.103877702561,0.0236708606957,0.093072088551,0.392400396767
 11/25  04:00:00,0.959250516996,12.2928061127,0.0,11.9928715026,0.0,0.338701298527,0.338701298527,0.338701298527,0.103877702561,0.0236708606957,0.0827237830912,0.386876872121
 11/25  05:00:00,0.959642272001,12.425457563,0.0,12.0482215195,0.0,0.340259461767,0.340259461767,0.340259461767,0.103877702561,0.0236708606957,0.0961717004842,0.372262546493
 11/25  06:00:00,1.03421616602,12.8393836352,0.0,12.1227739194,0.0,0.342361527728,0.342361527728,0.342361527728,0.114265468846,0.026037950125,0.112736136527,0.415415082795
 11/25  07:00:00,1.26651453021,13.2929735457,0.0,11.940638446,0.0,0.337213928298,0.337213928298,0.337213928298,0.197367690954,0.044974641125,0.183586992729,0.479971277101
 11/25  08:00:00,1.64164905321,12.5695656758,0.0,11.0339542698,0.0,0.311612098498,0.311612098498,0.311612098498,0.384347484084,0.087582195875,0.287201832387,0.510005442367
 11/25  09:00:00,1.54203895993,10.5632802452,0.0,9.06773247129,0.0,0.256038555786,0.256038555786,0.256038555786,0.373959717799,0.0852151095,0.372245434126,0.431180142723
 11/25  10:00:00,1.30783903677,8.56933140476,0.0,7.21279214826,0.0,0.203602198154,0.203602198154,0.203602198154,0.207755457239,0.0473417275,0.458770485167,0.366969168707
 11/25  11:00:00,1.25580584161,6.77944798374,0.0,5.58744701627,0.0,0.157675354018,0.157675354018,0.157675354018,0.176592026845,0.040240468375,0.482298316401,0.375599675967
 11/25  12:00:00,1.20478800935,4.08687524932,0.0,3.04473717688,0.0,0.0858912608329,0.0858912608329,0.0858912608329,0.176592026845,0.040240468375,0.502949503904,0.375714749397
 11/25  13:00:00,1.1543581901,2.95295734293,0.0,2.02614330011,0.0,0.0571387099646,0.0571387099646,0.0571387099646,0.176592026845,0.040240468375,0.487601274175,0.36938571074
 11/25  14:00:00,1.10949769814,2.41290738365,0.0,1.55680277076,0.0,0.0438951653524,0.0438951653524,0.0438951653524,0.176592026845,0.040240468375,0.44321117608,0.382158861485
 11/25  15:00:00,1.10097570731,1.61364712989,0.0,0.823526191203,0.0,0.0232178584525,0.0232178584525,0.0232178584525,0.197367690954,0.044974641125,0.408337923861,0.403677592921
 11/25  16:00:00,1.24151626038,1.85286735423,0.0,1.05375289234,0.0,0.0297064605851,0.0297064605851,0.0297064605851,0.280469821234,0.063911332125,0.417911734639,0.426116911797
 11/25  17:00:00,1.67938984212,2.682348749,0.0,1.791583508,0.0,0.0505114158889,0.0505114158889,0.0505114158889,0.509000679504,0.115987232375,0.476468890349,0.504021624
 11/25  18:00:00,2.40381456552,3.72412876975,0.0,2.65459661905,0.0,0.0748639194463,0.0748639194463,0.0748639194463,0.90373593237,0.205936484082,0.583572507862,0.612305721759
 11/25  19:00:00,2.83423072927,3.69056465044,0.0,2.44816810608,0.0,0.0690595620982,0.0690595620982,0.0690595620982,1.23614458753,0.281683278625,0.529164095116,0.664779205901
 11/25  20:00:00,2.76161433547,4.87872669079,0.0,3.59988531345,0.0,0.10156885629,0.10156885629,0.10156885629,1.23614458753,0.281683278625,0.432634749126,0.686182863907
 11/25  21:00:00,2.62559281287,4.8164206032,0.0,3.62835222736,0.0,0.102382147337,0.102382147337,0.102382147337,1.14265468846,0.26037950125,0.387003558734,0.709772917085
 11/25  22:00:00,2.39148160489,5.36926163881,0.0,4.30613171663,0.0,0.121512982826,0.121512982826,0.121512982826,0.966062661619,0.220139032875,0.367164584427,0.693202343145
 11/25  23:00:00,1.9313190796,5.52379182604,0.0,4.65703242871,0.0,0.131418012085,0.131418012085,0.131418012085,0.71675613924,0.163328959875,0.296538177092,0.599877791304
 11/25  24:00:00,1.48713237071,5.31449692891,0.0,4.66420278895,0.0,0.131614184597,0.131614184597,0.131614184597,0.498612913219,0.113620146,0.198602488374,0.521282638521
 11/26  01:00:00,1.04342322975,5.39619922587,0.0,4.97384529616,0.0,0.140329436261,0.140329436261,0.140329436261,0.259694288664,0.059177159375,0.129642202726,0.431180142723
 11/26  02:00:00,0.870481291862,5.61038418082,0.0,5.28684126494,0.0,0.149124601767,0.149124601767,0.149124601767,0.155816494275,0.035506295625,0.109630566222,0.397003333973
 11/26  03:00:00,0.778704947045,5.34209246529,0.0,5.04532026755,0.0,0.14228389847,0.14228389847,0.14228389847,0.103877702561,0.0236708606957,0.093072088551,0.392400396767
 11/26  04:00:00,0.76795045422,5.53175577327,0.0,5.22759182372,0.0,0.147401235751,0.147401235751,0.147401235751,0.103877702561,0.0236708606957,0.0827237830912,0.386876872121
 11/26  05:00:00,0.761365267378,5.41801755605,0.0,5.03619290427,0.0,0.141982457143,0.141982457143,0.141982457143,0.103877702561,0.0236708606957,0.0961717004842,0.372262546493
 11/26  06:00:00,0.830891194345,5.65481629152,0.0,4.93230048668,0.0,0.139036556052,0.139036556052,0.139036556052,0.114265468846,0.026037950125,0.112736136527,0.415415082795
 11/26  07:00:00,1.06409098902,6.14276153421,0.0,4.78251848146,0.0,0.134790387112,0.134790387112,0.134790387112,0.197367690954,0.044974641125,0.183586992729,0.479971277101
 11/26  08:00:00,1.45681119959,6.0428701403,0.0,4.4987560908,0.0,0.126774244877,0.126774244877,0.126774244877,0.384347484084,0.087582195875,0.287201832387,0.510005442367
 11/26  09:00:00,1.41094753268,5.9377053525,0.0,4.43437956117,0.0,0.124947128536,0.124947128536,0.124947128536,0.373959717799,0.0852151095,0.372245434126,0.431180142723
 11/26  10:00:00,1.19161316813,4.46534908538,0.0,3.10179171142,0.0,0.0873763295191,0.0873763295191,0.0873763295191,0.207755457239,0.0473417275,0.458770485167,0.366969168707
 11/26  11:00:00,1.1578345222,3.31855842524,0.0,2.12016199888,0.0,0.0597040346083,0.0597040346083,0.0597040346083,0.176592026845,0.040240468375,0.482298316401,0.375599675967
 11/26  12:00:00,1.13381692916,1.57767564204,0.0,0.529997494632,0.0,0.0149201806398,0.0149201806398,0.0149201806398,0.176592026845,0.040240468375,0.502949503904,0.375714749397
 11/26  13:00:00,1.10861059539,1.3362242215,0.0,0.404746779973,0.0,0.0113911152516,0.0113911152516,0.0113911152516,0.176592026845,0.040240468375,0.487601274175,0.36938571074
 11/26  14:00:00,1.06560253278,0.860367095761,0.0,0.0,0.0,0.0,0.0,0.0,0.176592026845,0.040240468375,0.44321117608,0.382158861485
 11/26  15:00:00,1.07775784886,0.793915621058,0.0,0.0,0.0,0.0,0.0,0.0,0.197367690954,0.044974641125,0.408337923861,0.403677592921
 11/26  16:00:00,1.2118097998,0.802829791503,0.0,0.0,0.0,0.0,0.0,0.0,0.280469821234,0.063911332125,0.417911734639,0.426116911797
 11/26  17:00:00,1.63845819772,1.23529539571,0.0,0.340416752909,0.0,0.00957977149083,0.00957977149083,0.00957977149083,0.509000679504,0.115987232375,0.476468890349,0.504021624
 11/26  18:00:00,2.35247029865,1.9102346351,0.0,0.835896520719,0.0,0.0235196525744,0.0235196525744,0.0235196525744,0.90373593237,0.205936484082,0.583572507862,0.612305721759
 11/26  19:00:00,2.78144732714,1.82617130808,0.0,0.578447304105,0.0,0.0162761599698,0.0162761599698,0.0162761599698,1.23614458753,0.281683278625,0.529164095116,0.664779205901
 11/26  20:00:00,2.68830129804,2.28868259454,0.0,1.00410521597,0.0,0.0282558188605,0.0282558188605,0.0282558188605,1.23614458753,0.281683278625,0.432634749126,0.686182863907
 11/26  21:00:00,2.55906096707,2.46732576662,0.0,1.27389506853,0.0,0.035850301537,0.035850301537,0.035850301537,1.14265468846,0.26037950125,0.387003558734,0.709772917085
 11/26  22:00:00,2.31784619346,2.76917401424,0.0,1.7011519241,0.0,0.0478775713924,0.0478775713924,0.0478775713924,0.966062661619,0.220139032875,0.367164584427,0.693202343145
 11/26  23:00:00,1.85135921237,2.69942462196,0.0,1.82834628292,0.0,0.0514581448599,0.0514581448599,0.0514581448599,0.71675613924,0.163328959875,0.296538177092,0.599877791304
 11/26  24:00:00,1.41605958934,2.80513233542,0.0,2.15118481121,0.0,0.0605414032239,0.0605414032239,0.0605414032239,0.498612913219,0.113620146,0.198602488374,0.521282638521
 11/27  01:00:00,0.953309526368,2.46503910985,0.0,2.05700765363,0.0,0.0578850297741,0.0578850297741,0.0578850297741,0.259694288664,0.059177159375,0.121972905831,0.431180142723
 11/27  02:00:00,0.781415213907,2.6155629071,0.0,2.29834079284,0.0,0.0646633852109,0.0646633852109,0.0646633852109,0.155816494275,0.035506295625,0.105025704823,0.397003333973
 11/27  03:00:00,0.706037264866,2.87583702692,0.0,2.58304977187,0.0,0.072662661111,0.072662661111,0.072662661111,0.103877702561,0.0236708606957,0.0900256437303,0.392400396767
 11/27  04:00:00,0.687073553726,2.72144017516,0.0,2.42181287663,0.0,0.0681173067802,0.0681173067802,0.0681173067802,0.103877702561,0.0236708606957,0.0811308115684,0.386876872121
 11/27  05:00:00,0.682415935243,2.72218581852,0.0,2.35216464185,0.0,0.0661494732042,0.0661494732042,0.0661494732042,0.103877702561,0.0236708606957,0.0930553522885,0.372262546493
 11/27  06:00:00,0.752040984004,2.99455097786,0.0,2.31048508989,0.0,0.0649658203771,0.0649658203771,0.0649658203771,0.114265468846,0.026037950125,0.107956661861,0.415415082795
 11/27  07:00:00,0.980853838311,3.54381725143,0.0,2.27465373456,0.0,0.063949667254,0.063949667254,0.063949667254,0.197367690954,0.044974641125,0.171190561876,0.479971277101
 11/27  08:00:00,1.36191960889,3.44464093066,0.0,2.01245263544,0.0,0.0565709096027,0.0565709096027,0.0565709096027,0.384347484084,0.087582195875,0.262513576959,0.510005442367
 11/27  09:00:00,1.30312032757,3.34146275797,0.0,1.95569822964,0.0,0.0549634409137,0.0549634409137,0.0549634409137,0.373959717799,0.0852151095,0.334401916637,0.431180142723
 11/27  10:00:00,1.17869399597,5.77317650123,0.0,4.51958529919,0.0,0.126993391974,0.126993391974,0.126993391974,0.207755457239,0.0473417275,0.406234250548,0.366969168707
 11/27  11:00:00,1.11667151678,3.87732865232,0.0,2.77395326428,0.0,0.0779432964416,0.0779432964416,0.0779432964416,0.176592026845,0.040240468375,0.422896049148,0.375599675967
 11/27  12:00:00,1.09973421592,2.4665330377,0.0,1.49782604043,0.0,0.0420743532842,0.0420743532842,0.0420743532842,0.176592026845,0.040240468375,0.441712618022,0.375714749397
 11/27  13:00:00,1.10873474434,3.258553348,0.0,2.39596775344,0.0,0.0672941877798,0.0672941877798,0.0672941877798,0.176592026845,0.040240468375,0.431822350603,0.36938571074
 11/27  14:00:00,1.1059693093,4.04726270001,0.0,3.24749856213,0.0,0.0912194809372,0.0912194809372,0.0912194809372,0.176592026845,0.040240468375,0.392358471658,0.382158861485
 11/27  15:00:00,1.12855223243,4.17172131274,0.0,3.43317830181,0.0,0.0964408842836,0.0964408842836,0.0964408842836,0.197367690954,0.044974641125,0.362691423146,0.403677592921
 11/27  16:00:00,1.2713607722,4.40682633411,0.0,3.65903606773,0.0,0.102786440588,0.102786440588,0.102786440588,0.280469821234,0.063911332125,0.374676266453,0.426116911797
 11/27  17:00:00,1.70255369099,4.9418321007,0.0,4.11410536801,0.0,0.115579503731,0.115579503731,0.115579503731,0.509000679504,0.115987232375,0.434564651377,0.504021624
 11/27  18:00:00,2.41430137967,5.50040594506,0.0,4.50582668359,0.0,0.12659465204,0.12659465204,0.12659465204,0.90373593237,0.205936484082,0.542328589423,0.612305721759
 11/27  19:00:00,2.82908341577,4.84393644935,0.0,3.69904724551,0.0,0.103940949919,0.103940949919,0.103940949919,1.23614458753,0.281683278625,0.489135393799,0.664779205901
 11/27  20:00:00,2.75351488648,5.91701318689,0.0,4.7477481727,0.0,0.13342162038,0.13342162038,0.13342162038,1.23614458753,0.281683278625,0.392682536045,0.686182863907
 11/27  21:00:00,2.62080546285,6.00228793818,0.0,4.91931555137,0.0,0.138259395892,0.138259395892,0.138259395892,1.14265468846,0.26037950125,0.346338960163,0.709772917085
 11/27  22:00:00,2.39657820092,6.95783975175,0.0,5.98268242425,0.0,0.168150912426,0.168150912426,0.168150912426,0.966062661619,0.220139032875,0.325623250854,0.693202343145
 11/27  23:00:00,1.94744925969,7.22141432741,0.0,6.42372733622,0.0,0.180556939331,0.180556939331,0.180556939331,0.71675613924,0.163328959875,0.263529429942,0.599877791304
 11/27  24:00:00,1.53402696733,7.60317518245,0.0,6.99574371115,0.0,0.196632767396,0.196632767396,0.196632767396,0.498612913219,0.113620146,0.180478502199,0.521282638521
 11/28  01:00:00,1.0968032843,7.57084624517,0.0,7.16468681411,0.0,0.201378787706,0.201378787706,0.201378787706,0.259694288664,0.059177159375,0.121972905831,0.431180142723
 11/28  02:00:00,0.929538796379,7.88618778891,0.0,7.57105295123,0.0,0.212786967683,0.212786967683,0.212786967683,0.155816494275,0.035506295625,0.105025704823,0.397003333973
 11/28  03:00:00,0.852304426318,8.0803301523,0.0,7.79000570801,0.0,0.218929822563,0.218929822563,0.218929822563,0.103877702561,0.0236708606957,0.0900256437303,0.392400396767
 11/28  04:00:00,0.83719932282,8.06257586524,0.0,7.7654954886,0.0,0.218243075874,0.218243075874,0.218243075874,0.103877702561,0.0236708606957,0.0811308115684,0.386876872121
 11/28  05:00:00,0.837279533439,8.23171724051,0.0,7.86406611653,0.0,0.221013071401,0.221013071401,0.221013071401,0.103877702561,0.0236708606957,0.0930553522885,0.372262546493
 11/28  06:00:00,0.938474747634,9.62752585595,0.0,8.94515515419,0.0,0.251399584007,0.251399584007,0.251399584007,0.114265468846,0.026037950125,0.107956661861,0.415415082795
 11/28  07:00:00,1.15915716738,9.88752823829,0.0,8.61865077065,0.0,0.242252996321,0.242252996321,0.242252996321,0.197367690954,0.044974641125,0.171190561876,0.479971277101
 11/28  08:00:00,1.56882057182,10.8053386766,0.0,9.37273247107,0.0,0.263471872535,0.263471872535,0.263471872535,0.384347484084,0.087582195875,0.262513576959,0.510005442367
 11/28  09:00:00,1.50109146623,10.3824881898,0.0,8.996899026,0.0,0.25293457957,0.25293457957,0.25293457957,0.373959717799,0.0852151095,0.334401916637,0.431180142723
 11/28  10:00:00,1.30689755945,10.3304898732,0.0,9.07664901371,0.0,0.255196955458,0.255196955458,0.255196955458,0.207755457239,0.0473417275,0.406234250548,0.366969168707
 11/28  11:00:00,1.29366418481,10.1697141267,0.0,9.06663449803,0.0,0.254935964471,0.254935964471,0.254935964471,0.176592026845,0.040240468375,0.422896049148,0.375599675967
 11/28  12:00:00,1.33033523437,10.664090433,0.0,9.69678526562,0.0,0.272675371736,0.272675371736,0.272675371736,0.176592026845,0.040240468375,0.441712618022,0.375714749397
 11/28  13:00:00,1.29234762484,9.78298052046,0.0,8.92229540319,0.0,0.250907068279,0.250907068279,0.250907068279,0.176592026845,0.040240468375,0.431822350603,0.36938571074
 11/28  14:00:00,1.26534977719,9.70896770259,0.0,8.91044238985,0.0,0.250599948822,0.250599948822,0.250599948822,0.176592026845,0.040240468375,0.392358471658,0.382158861485
 11/28  15:00:00,1.27940025673,9.52998235135,0.0,8.7924514947,0.0,0.24728890858,0.24728890858,0.24728890858,0.197367690954,0.044974641125,0.362691423146,0.403677592921
 11/28  16:00:00,1.42223303154,9.76518630384,0.0,9.01831785569,0.0,0.253658699935,0.253658699935,0.253658699935,0.280469821234,0.063911332125,0.374676266453,0.426116911797
 11/28  17:00:00,1.84111335155,9.86015733818,0.0,9.03306404894,0.0,0.254139164293,0.254139164293,0.254139164293,0.509000679504,0.115987232375,0.434564651377,0.504021624
 11/28  18:00:00,2.55478237388,10.4858119629,0.0,9.49127871281,0.0,0.267075646251,0.267075646251,0.267075646251,0.90373593237,0.205936484082,0.542328589423,0.612305721759
 11/28  19:00:00,2.97353748837,9.96983259726,0.0,8.82519474693,0.0,0.248395022519,0.248395022519,0.248395022519,1.23614458753,0.281683278625,0.489135393799,0.664779205901
 11/28  20:00:00,2.87132009052,10.0927857326,0.0,8.92304943755,0.0,0.251226824412,0.251226824412,0.251226824412,1.23614458753,0.281683278625,0.392682536045,0.686182863907
 11/28  21:00:00,2.7482738106,10.5206360817,0.0,9.43712003096,0.0,0.265727743633,0.265727743633,0.265727743633,1.14265468846,0.26037950125,0.346338960163,0.709772917085
 11/28  22:00:00,2.48724715066,10.1652043806,0.0,9.18996655257,0.0,0.258819862163,0.258819862163,0.258819862163,0.966062661619,0.220139032875,0.325623250854,0.693202343145
 11/28  23:00:00,2.04552065164,10.6883524593,0.0,9.89095437762,0.0,0.278628331278,0.278628331278,0.278628331278,0.71675613924,0.163328959875,0.263529429942,0.599877791304
 11/28  24:00:00,1.63150408551,11.0461502708,0.0,10.4396533809,0.0,0.294109885574,0.294109885574,0.294109885574,0.498612913219,0.113620146,0.180478502199,0.521282638521
 11/29  01:00:00,1.177603247,10.4201174446,0.0,10.0155954872,0.0,0.282178750405,0.282178750405,0.282178750405,0.259694288664,0.059177159375,0.121972905831,0.431180142723
 11/29  02:00:00,0.994706779804,10.1786277326,0.0,9.86528736113,0.0,0.277954951108,0.277954951108,0.277954951108,0.155816494275,0.035506295625,0.105025704823,0.397003333973
 11/29  03:00:00,0.918262131313,10.4014115587,0.0,10.1125146767,0.0,0.284887527559,0.284887527559,0.284887527559,0.103877702561,0.0236708606957,0.0900256437303,0.392400396767
 11/29  04:00:00,0.930077831304,11.3403977329,0.0,11.0448576815,0.0,0.311121584358,0.311121584358,0.311121584358,0.103877702561,0.0236708606957,0.0811308115684,0.386876872121
 11/29  05:00:00,0.923579907449,11.2746468866,0.0,10.9086259427,0.0,0.30731344541,0.30731344541,0.30731344541,0.103877702561,0.0236708606957,0.0930553522885,0.372262546493
 11/29  06:00:00,0.987601958108,11.349242393,0.0,10.6673520101,0.0,0.300526794481,0.300526794481,0.300526794481,0.114265468846,0.026037950125,0.107956661861,0.415415082795
 11/29  07:00:00,1.21577400812,11.8793918443,0.0,10.608695679,0.0,0.298869837065,0.298869837065,0.298869837065,0.197367690954,0.044974641125,0.171190561876,0.479971277101
 11/29  08:00:00,1.62303530073,12.7115211378,0.0,11.2766229425,0.0,0.317686601444,0.317686601444,0.317686601444,0.384347484084,0.087582195875,0.262513576959,0.510005442367
 11/29  09:00:00,1.53304709491,11.4995218414,0.0,10.1118328644,0.0,0.284890208252,0.284890208252,0.284890208252,0.373959717799,0.0852151095,0.334401916637,0.431180142723
 11/29  10:00:00,1.33136827164,11.1802834864,0.0,9.92428907337,0.0,0.279667667651,0.279667667651,0.279667667651,0.207755457239,0.0473417275,0.406234250548,0.366969168707
 11/29  11:00:00,1.30211200719,10.4523120913,0.0,9.34728641443,0.0,0.26338378685,0.26338378685,0.26338378685,0.176592026845,0.040240468375,0.422896049148,0.375599675967
 11/29  12:00:00,1.31414672658,10.0716155061,0.0,9.10270681729,0.0,0.256486863938,0.256486863938,0.256486863938,0.176592026845,0.040240468375,0.441712618022,0.375714749397
 11/29  13:00:00,1.27671710197,9.21250501479,0.0,8.35002132261,0.0,0.235276545406,0.235276545406,0.235276545406,0.176592026845,0.040240468375,0.431822350603,0.36938571074
 11/29  14:00:00,1.25139356327,9.19926234444,0.0,8.39914377997,0.0,0.236643734904,0.236643734904,0.236643734904,0.176592026845,0.040240468375,0.392358471658,0.382158861485
 11/29  15:00:00,1.28020723945,9.54445320022,0.0,8.80560078587,0.0,0.248095891301,0.248095891301,0.248095891301,0.197367690954,0.044974641125,0.362691423146,0.403677592921
 11/29  16:00:00,1.42253315614,9.76130570738,0.0,9.0133023203,0.0,0.253958824535,0.253958824535,0.253958824535,0.280469821234,0.063911332125,0.374676266453,0.426116911797
 11/29  17:00:00,1.82098485893,9.13298233015,0.0,8.3044106393,0.0,0.234010671675,0.234010671675,0.234010671675,0.509000679504,0.115987232375,0.434564651377,0.504021624
 11/29  18:00:00,2.54043303232,9.96370642131,0.0,8.96712162199,0.0,0.252726304683,0.252726304683,0.252726304683,0.90373593237,0.205936484082,0.542328589423,0.612305721759
 11/29  19:00:00,2.95185605389,9.18953421907,0.0,8.04210883644,0.0,0.226713588041,0.226713588041,0.226713588041,1.23614458753,0.281683278625,0.489135393799,0.664779205901
 11/29  20:00:00,2.85922007599,9.65319407945,0.0,8.48094717235,0.0,0.239126809889,0.239126809889,0.239126809889,1.23614458753,0.281683278625,0.392682536045,0.686182863907
 11/29  21:00:00,2.73284114359,9.96104050729,0.0,8.87533753196,0.0,0.250295076624,0.250295076624,0.250295076624,1.14265468846,0.26037950125,0.346338960163,0.709772917085
 11/29  22:00:00,2.48837512993,10.1938540155,0.0,9.21642621258,0.0,0.259947841437,0.259947841437,0.259947841437,0.966062661619,0.220139032875,0.325623250854,0.693202343145
 11/29  23:00:00,2.0344740886,10.2854140322,0.0,9.48640204587,0.0,0.267581768242,0.267581768242,0.267581768242,0.71675613924,0.163328959875,0.263529429942,0.599877791304
 11/29  24:00:00,1.60423378384,10.0671833135,0.0,9.45964061244,0.0,0.266839583905,0.266839583905,0.266839583905,0.498612913219,0.113620146,0.180478502199,0.521282638521
 11/30  01:00:00,1.16691805111,10.0296885347,0.0,9.62448797895,0.0,0.271493554513,0.271493554513,0.271493554513,0.259694288664,0.059177159375,0.121972905831,0.431180142723
 11/30  02:00:00,0.986203910406,9.86591984242,0.0,9.55229207355,0.0,0.26945208171,0.26945208171,0.26945208171,0.155816494275,0.035506295625,0.105025704823,0.397003333973
 11/30  03:00:00,0.89310304228,9.49723501725,0.0,9.20809351394,0.0,0.259728438525,0.259728438525,0.259728438525,0.103877702561,0.0236708606957,0.0900256437303,0.392400396767
 11/30  04:00:00,0.867836632382,9.12095276418,0.0,8.82461352377,0.0,0.248880385436,0.248880385436,0.248880385436,0.103877702561,0.0236708606957,0.0811308115684,0.386876872121
 11/30  05:00:00,0.865512541344,9.20535378119,0.0,8.83795544743,0.0,0.249246079306,0.249246079306,0.249246079306,0.103877702561,0.0236708606957,0.0930553522885,0.372262546493
 11/30  06:00:00,0.940855754679,9.68306886331,0.0,8.99890422622,0.0,0.253780591052,0.253780591052,0.253780591052,0.114265468846,0.026037950125,0.107956661861,0.415415082795
 11/30  07:00:00,1.16253208652,9.98429722694,0.0,8.70966778645,0.0,0.245627915468,0.245627915468,0.245627915468,0.197367690954,0.044974641125,0.171190561876,0.479971277101
 11/30  08:00:00,1.54652604417,9.99091754233,0.0,8.55152000286,0.0,0.241177344884,0.241177344884,0.241177344884,0.384347484084,0.087582195875,0.262513576959,0.510005442367
 11/30  09:00:00,1.48906875251,9.93424893902,0.0,8.54170633378,0.0,0.240911865855,0.240911865855,0.240911865855,0.373959717799,0.0852151095,0.334401916637,0.431180142723
 11/30  10:00:00,1.28346161935,9.47723609039,0.0,8.21704034123,0.0,0.231761015361,0.231761015361,0.231761015361,0.207755457239,0.0473417275,0.406234250548,0.366969168707
 11/30  11:00:00,1.29832833357,10.3128430588,0.0,9.20450194136,0.0,0.259600113239,0.259600113239,0.259600113239,0.176592026845,0.040240468375,0.422896049148,0.375599675967
 11/30  12:00:00,1.33386355342,10.7638166017,0.0,9.79244378988,0.0,0.276203690778,0.276203690778,0.276203690778,0.176592026845,0.040240468375,0.441712618022,0.375714749397
 11/30  13:00:00,1.31651878115,10.6164641793,0.0,9.75226694112,0.0,0.275078224589,0.275078224589,0.275078224589,0.176592026845,0.040240468375,0.431822350603,0.36938571074
 11/30  14:00:00,1.30234606708,10.9978038976,0.0,10.1964153032,0.0,0.287596238713,0.287596238713,0.287596238713,0.176592026845,0.040240468375,0.392358471658,0.382158861485
 11/30  15:00:00,1.30303452838,10.3455534635,0.0,9.60584751445,0.0,0.270923180236,0.270923180236,0.270923180236,0.197367690954,0.044974641125,0.362691423146,0.403677592921
 11/30  16:00:00,1.44668793809,10.6103500558,0.0,9.86114765707,0.0,0.278113606482,0.278113606482,0.278113606482,0.280469821234,0.063911332125,0.374676266453,0.426116911797
 11/30  17:00:00,1.83828406832,9.74198847069,0.0,8.91183330036,0.0,0.251309881059,0.251309881059,0.251309881059,0.509000679504,0.115987232375,0.434564651377,0.504021624
 11/30  18:00:00,2.52652061185,9.46781936165,0.0,8.46880510637,0.0,0.23881388422,0.23881388422,0.23881388422,0.90373593237,0.205936484082,0.542328589423,0.612305721759
 11/30  19:00:00,2.95827189821,9.41728155859,0.0,8.26693231878,0.0,0.233129432361,0.233129432361,0.233129432361,1.23614458753,0.281683278625,0.489135393799,0.664779205901
 11/30  20:00:00,2.84981783524,9.32003710269,0.0,8.14492691465,0.0,0.229724569138,0.229724569138,0.229724569138,1.23614458753,0.281683278625,0.392682536045,0.686182863907
 11/30  21:00:00,2.7124926609,9.24099334112,0.0,8.15247386908,0.0,0.229946593941,0.229946593941,0.229946593941,1.14265468846,0.26037950125,0.346338960163,0.709772917085
 11/30  22:00:00,2.45519343482,9.01940495262,0.0,8.03952593235,0.0,0.226766146331,0.226766146331,0.226766146331,0.966062661619,0.220139032875,0.325623250854,0.693202343145
 11/30  23:00:00,1.99221880858,8.78979956551,0.0,7.98865012288,0.0,0.225326488223,0.225326488223,0.225326488223,0.71675613924,0.163328959875,0.263529429942,0.599877791304
 11/30  24:00:00,1.56299207087,8.60855932742,0.0,7.99896327763,0.0,0.225597870929,0.225597870929,0.225597870929,0.498612913219,0.113620146,0.180478502199,0.521282638521
 12/01  01:00:00,1.18837573944,8.3225365656,0.0,7.91037503201,0.0,0.223058223386,0.223058223386,0.223058223386,0.256901791512,0.0585408254713,0.115167850971,0.511307048096
 12/01  02:00:00,1.00314556726,8.07369080653,0.0,7.75367000983,0.0,0.218587045716,0.218587045716,0.218587045716,0.156375021012,0.0356335685143,0.0983708244822,0.470779107534
 12/01  03:00:00,0.909327076921,7.87854176991,0.0,7.583257043,0.0,0.213722034669,0.213722034669,0.213722034669,0.100526810211,0.0229072875,0.0834501454999,0.465320799041
 12/01  04:00:00,0.886776178985,7.62846168939,0.0,7.32629950117,0.0,0.206418616753,0.206418616753,0.206418616753,0.100526810211,0.0229072875,0.0747526356716,0.458770828849
 12/01  05:00:00,0.854212385765,6.73060210404,0.0,6.35720993473,0.0,0.17909183181,0.17909183181,0.17909183181,0.100526810211,0.0229072875,0.0868457568597,0.441440699384
 12/01  06:00:00,0.920237058386,6.55994627891,0.0,5.86775826461,0.0,0.165259798587,0.165259798587,0.165259798587,0.111696460064,0.0254525406486,0.101815917579,0.492612341507
 12/01  07:00:00,1.21520804146,7.30717838243,0.0,6.02169897804,0.0,0.16955214505,0.16955214505,0.16955214505,0.234562596039,0.0534503375,0.165077844744,0.569165118123
 12/01  08:00:00,1.65034275489,6.37218548612,0.0,4.92093690439,0.0,0.138523259955,0.138523259955,0.138523259955,0.480294791063,0.109445918986,0.25639820385,0.604780581041
 12/01  09:00:00,1.55057602984,5.37144723997,0.0,3.96751473227,0.0,0.111636277341,0.111636277341,0.111636277341,0.469125063036,0.106900675,0.32820696637,0.511307048096
 12/01  10:00:00,1.29623234127,5.61679327555,0.0,4.34616838248,0.0,0.122244768922,0.122244768922,0.122244768922,0.256901791512,0.0585408254713,0.39998131075,0.435163644616
 12/01  11:00:00,1.27778069572,5.79882226839,0.0,4.68042246945,0.0,0.131618956134,0.131618956134,0.131618956134,0.212223271524,0.0483598189856,0.416780676038,0.445397973041
 12/01  12:00:00,1.30266202843,5.86886781437,0.0,4.88751632999,0.0,0.137409364918,0.137409364918,0.137409364918,0.212223271524,0.0483598189856,0.435735142253,0.445534430753
 12/01  13:00:00,1.25208252597,4.58941601839,0.0,3.71525565625,0.0,0.104433157351,0.104433157351,0.104433157351,0.212223271524,0.0483598189856,0.425637021538,0.438029256575
 12/01  14:00:00,1.32635209417,8.04081072745,0.0,7.23045503304,0.0,0.203226741959,0.203226741959,0.203226741959,0.212223271524,0.0483598189856,0.385966199058,0.453176062644
 12/01  15:00:00,1.38422547292,9.20521360381,0.0,8.45722822005,0.0,0.237763295626,0.237763295626,0.237763295626,0.234562596039,0.0534503375,0.356355588907,0.478693654849
 12/01  16:00:00,1.52360679551,8.89120273523,0.0,8.13355937447,0.0,0.228680960388,0.228680960388,0.228680960388,0.323919638512,0.0738123504713,0.368490937387,0.505302908753
 12/01  17:00:00,2.01168426494,9.6860336064,0.0,8.8466857743,0.0,0.24875384993,0.24875384993,0.24875384993,0.580821561563,0.132353206486,0.428670866964,0.59768478
 12/01  18:00:00,2.77275763495,9.48508867987,0.0,8.47586888842,0.0,0.238388342521,0.238388342521,0.238388342521,1.0164376986,0.231618118986,0.536821987543,0.726091487301
 12/01  19:00:00,3.22381434097,10.1763052581,0.0,9.01425558984,0.0,0.253578035058,0.253578035058,0.253578035058,1.34035694,0.305430469457,0.482732692333,0.788316204123
 12/01  20:00:00,2.99857877104,9.71580594821,0.0,8.52916467003,0.0,0.239988450465,0.239988450465,0.239988450465,1.25100029714,0.285068456486,0.385424228339,0.813697338616
 12/01  21:00:00,2.84783983986,9.8063490772,0.0,8.70582677228,0.0,0.245003072288,0.245003072288,0.245003072288,1.13930379611,0.259615925,0.338845876819,0.841671169644
 12/01  22:00:00,2.59408435098,9.91390052353,0.0,8.92259502582,0.0,0.251108404854,0.251108404854,0.251108404854,0.960589450587,0.218891837971,0.318073398495,0.822021259068
 12/01  23:00:00,2.09879084586,8.98691560507,0.0,8.17607757467,0.0,0.230137393304,0.230137393304,0.230137393304,0.714857255563,0.162896256486,0.256145886137,0.71135405437
 12/01  24:00:00,1.69744953607,10.0411972535,0.0,9.42349547517,0.0,0.265231339275,0.265231339275,0.265231339275,0.502633986536,0.1145364375,0.173494335907,0.618153436849
 12/02  01:00:00,1.24842130503,10.2159649656,0.0,9.78598136556,0.0,0.275434492085,0.275434492085,0.275434492085,0.256901791512,0.0585408254713,0.122837147866,0.511307048096
 12/02  02:00:00,1.07138061183,10.3552993772,0.0,10.0261423773,0.0,0.282217228885,0.282217228885,0.282217228885,0.156375021012,0.0356335685143,0.102975685881,0.470779107534
 12/02  03:00:00,1.01693444359,11.6091549507,0.0,11.3073850748,0.0,0.318282956517,0.318282956517,0.318282956517,0.100526810211,0.0229072875,0.0864965903205,0.465320799041
 12/02  04:00:00,0.981685708575,10.9561920684,0.0,10.6473702612,0.0,0.29973517482,0.29973517482,0.29973517482,0.100526810211,0.0229072875,0.0763456071944,0.458770828849
 12/02  05:00:00,0.979487372645,11.0890782331,0.0,10.7011825922,0.0,0.301250470494,0.301250470494,0.301250470494,0.100526810211,0.0229072875,0.0899621050554,0.441440699384
 12/02  06:00:00,1.04254515225,10.7809059725,0.0,10.0456222638,0.0,0.282788417782,0.282788417782,0.282788417782,0.111696460064,0.0254525406486,0.106595392246,0.492612341507
 12/02  07:00:00,1.41087753737,13.9195020692,0.0,12.5341078104,0.0,0.352825210108,0.352825210108,0.352825210108,0.234562596039,0.0534503375,0.177474275597,0.569165118123
 12/02  08:00:00,1.88584464104,13.9786461362,0.0,12.4062330934,0.0,0.349336890669,0.349336890669,0.349336890669,0.480294791063,0.109445918986,0.281086459277,0.604780581041
 12/02  09:00:00,1.79380506816,12.7858075994,0.0,11.2559250489,0.0,0.317021798173,0.317021798173,0.317021798173,0.469125063036,0.106900675,0.36605048386,0.511307048096
 12/02  10:00:00,1.51192158781,11.5179473694,0.0,10.1312897939,0.0,0.285397780837,0.285397780837,0.285397780837,0.256901791512,0.0585408254713,0.45251754537,0.435163644616
 12/02  11:00:00,1.52161989436,12.4385328295,0.0,11.2199517723,0.0,0.316055887521,0.316055887521,0.316055887521,0.212223271524,0.0483598189856,0.476182943291,0.445397973041
 12/02  12:00:00,1.51239877484,11.2154297531,0.0,10.1514099289,0.0,0.285909225444,0.285909225444,0.285909225444,0.212223271524,0.0483598189856,0.496972028135,0.445534430753
 12/02  13:00:00,1.46607096162,10.2698333979,0.0,9.32422869797,0.0,0.262642669424,0.262642669424,0.262642669424,0.212223271524,0.0483598189856,0.481415945109,0.438029256575
 12/02  14:00:00,1.45385463562,10.8101376622,0.0,9.93660379252,0.0,0.279876578987,0.279876578987,0.279876578987,0.212223271524,0.0483598189856,0.43681890348,0.453176062644
 12/02  15:00:00,1.46011590957,10.3225123475,0.0,9.51661129125,0.0,0.268007231564,0.268007231564,0.268007231564,0.234562596039,0.0534503375,0.402002089622,0.478693654849
 12/02  16:00:00,1.58442834143,9.55955081736,0.0,8.74422894581,0.0,0.246267038121,0.246267038121,0.246267038121,0.323919638512,0.0738123504713,0.411726405573,0.505302908753
 12/02  17:00:00,2.09832323456,11.3304279876,0.0,10.4202471739,0.0,0.293488580572,0.293488580572,0.293488580572,0.580821561563,0.132353206486,0.470575105936,0.59768478
 12/02  18:00:00,2.86866565351,11.4959484149,0.0,10.4017040477,0.0,0.293052442635,0.293052442635,0.293052442635,1.0164376986,0.231618118986,0.578065905983,0.726091487301
 12/02  19:00:00,3.28205184695,10.9166788673,0.0,9.64520722669,0.0,0.271786839723,0.271786839723,0.271786839723,1.34035694,0.305430469457,0.522761393651,0.788316204123
 12/02  20:00:00,3.06348774097,10.7105793639,0.0,9.40132480829,0.0,0.264945207315,0.264945207315,0.264945207315,1.25100029714,0.285068456486,0.425376441419,0.813697338616
 12/02  21:00:00,2.89844016551,10.2631205558,0.0,9.04611094119,0.0,0.254938799358,0.254938799358,0.254938799358,1.13930379611,0.259615925,0.37951047539,0.841671169644
 12/02  22:00:00,2.64510137309,10.3358852333,0.0,9.24631424184,0.0,0.260584093396,0.260584093396,0.260584093396,0.960589450587,0.218891837971,0.359614732068,0.822021259068
 12/02  23:00:00,2.16589210433,10.2631702627,0.0,9.37529157019,0.0,0.264229904623,0.264229904623,0.264229904623,0.714857255563,0.162896256486,0.289154633287,0.71135405437
 12/02  24:00:00,1.75118546658,11.3396202489,0.0,10.6740670301,0.0,0.30084328361,0.30084328361,0.30084328361,0.502633986536,0.1145364375,0.191618322082,0.618153436849
 12/03  01:00:00,1.28223488475,11.402752301,0.0,10.9719137936,0.0,0.309248071806,0.309248071806,0.309248071806,0.256901791512,0.0585408254713,0.122837147866,0.511307048096
 12/03  02:00:00,1.08127035179,10.6928350993,0.0,10.3631373394,0.0,0.292106968849,0.292106968849,0.292106968849,0.156375021012,0.0356335685143,0.102975685881,0.470779107534
 12/03  03:00:00,0.979238803239,10.257432586,0.0,9.95489884943,0.0,0.280587316166,0.280587316166,0.280587316166,0.100526810211,0.0229072875,0.0864965903205,0.465320799041
 12/03  04:00:00,0.970622227877,10.5531960027,0.0,10.2429410142,0.0,0.288671694122,0.288671694122,0.288671694122,0.100526810211,0.0229072875,0.0763456071944,0.458770828849
 12/03  05:00:00,0.968646523747,10.6950305851,0.0,10.3056081673,0.0,0.290409621597,0.290409621597,0.290409621597,0.100526810211,0.0229072875,0.0899621050554,0.441440699384
 12/03  06:00:00,1.04701899363,10.9314458103,0.0,10.193730172,0.0,0.287262259162,0.287262259162,0.287262259162,0.111696460064,0.0254525406486,0.106595392246,0.492612341507
 12/03  07:00:00,1.36665551118,12.3406444625,0.0,10.9506698961,0.0,0.308603183921,0.308603183921,0.308603183921,0.234562596039,0.0534503375,0.177474275597,0.569165118123
 12/03  08:00:00,1.81906063036,11.6032516351,0.0,10.025171316,0.0,0.282552879996,0.282552879996,0.282552879996,0.480294791063,0.109445918986,0.281086459277,0.604780581041
 12/03  09:00:00,1.75500385795,11.4064932873,0.0,9.87052460574,0.0,0.278220587955,0.278220587955,0.278220587955,0.469125063036,0.106900675,0.36605048386,0.511307048096
 12/03  10:00:00,1.499397256,11.0727310207,0.0,9.68058474203,0.0,0.272873449029,0.272873449029,0.272873449029,0.256901791512,0.0585408254713,0.45251754537,0.435163644616
 12/03  11:00:00,1.49432437548,11.4677375818,0.0,10.2447885831,0.0,0.288760368637,0.288760368637,0.288760368637,0.212223271524,0.0483598189856,0.476182943291,0.445397973041
 12/03  12:00:00,1.49662426606,10.6520902495,0.0,9.58388645447,0.0,0.270134716662,0.270134716662,0.270134716662,0.212223271524,0.0483598189856,0.496972028135,0.445534430753
 12/03  13:00:00,1.47591299298,10.6172320098,0.0,9.66783412146,0.0,0.27248470079,0.27248470079,0.27248470079,0.212223271524,0.0483598189856,0.481415945109,0.438029256575
 12/03  14:00:00,1.44384193835,10.4516471923,0.0,9.57515909585,0.0,0.269863881716,0.269863881716,0.269863881716,0.212223271524,0.0483598189856,0.43681890348,0.453176062644
 12/03  15:00:00,1.47190486538,10.7362303802,0.0,9.9274127278,0.0,0.279796187369,0.279796187369,0.279796187369,0.234562596039,0.0534503375,0.402002089622,0.478693654849
 12/03  16:00:00,1.60766309919,10.3803780657,0.0,9.56231693549,0.0,0.269501795884,0.269501795884,0.269501795884,0.323919638512,0.0738123504713,0.411726405573,0.505302908753
 12/03  17:00:00,2.09070260303,11.0547630343,0.0,10.1416817055,0.0,0.285867949049,0.285867949049,0.285867949049,0.580821561563,0.132353206486,0.470575105936,0.59768478
 12/03  18:00:00,2.88267964357,11.9881443675,0.0,10.8906849262,0.0,0.307066432694,0.307066432694,0.307066432694,1.0164376986,0.231618118986,0.578065905983,0.726091487301
 12/03  19:00:00,3.29626193229,11.4162189023,0.0,10.140962434,0.0,0.285996925058,0.285996925058,0.285996925058,1.34035694,0.305430469457,0.522761393651,0.788316204123
 12/03  20:00:00,3.09816955128,11.9349271587,0.0,10.6220136863,0.0,0.29962701762,0.29962701762,0.29962701762,1.25100029714,0.285068456486,0.425376441419,0.813697338616
 12/03  21:00:00,2.95368067179,12.214682062,0.0,10.994599401,0.0,0.310179305646,0.310179305646,0.310179305646,1.13930379611,0.259615925,0.37951047539,0.841671169644
 12/03  22:00:00,2.69236019282,12.0028155585,0.0,10.9106970995,0.0,0.307842913124,0.307842913124,0.307842913124,0.960589450587,0.218891837971,0.359614732068,0.822021259068
 12/03  23:00:00,2.21919266241,12.1436558163,0.0,11.2538283663,0.0,0.317530462702,0.317530462702,0.317530462702,0.714857255563,0.162896256486,0.289154633287,0.71135405437
 12/03  24:00:00,1.77749526165,12.261224119,0.0,11.5944581662,0.0,0.32715307868,0.32715307868,0.32715307868,0.502633986536,0.1145364375,0.191618322082,0.618153436849
 12/04  01:00:00,1.30113866903,12.3159054018,0.0,11.9018876074,0.0,0.33582115298,0.33582115298,0.33582115298,0.256901791512,0.0585408254713,0.115167850971,0.511307048096
 12/04  02:00:00,1.12844962325,12.5091077444,0.0,12.1881468288,0.0,0.343891101708,0.343891101708,0.343891101708,0.156375021012,0.0356335685143,0.0983708244822,0.470779107534
 12/04  03:00:00,1.0422983915,12.5840344079,0.0,12.2882103071,0.0,0.346693349247,0.346693349247,0.346693349247,0.100526810211,0.0229072875,0.0834501454999,0.465320799041
 12/04  04:00:00,1.02355464174,12.4671824285,0.0,12.1644938239,0.0,0.343197079504,0.343197079504,0.343197079504,0.100526810211,0.0229072875,0.0747526356716,0.458770828849
 12/04  05:00:00,1.02066212395,12.6226938368,0.0,12.2481197862,0.0,0.345541569997,0.345541569997,0.345541569997,0.100526810211,0.0229072875,0.0868457568597,0.441440699384
 12/04  06:00:00,1.09705127347,12.8208662284,0.0,12.1252084217,0.0,0.342074013674,0.342074013674,0.342074013674,0.111696460064,0.0254525406486,0.101815917579,0.492612341507
 12/04  07:00:00,1.40146808461,13.9060815959,0.0,12.611981865,0.0,0.3558121882,0.3558121882,0.3558121882,0.234562596039,0.0534503375,0.165077844744,0.569165118123
 12/04  08:00:00,1.89470553328,15.0328658641,0.0,13.571742951,0.0,0.382886038336,0.382886038336,0.382886038336,0.480294791063,0.109445918986,0.25639820385,0.604780581041
 12/04  09:00:00,1.79930977717,14.1823886668,0.0,12.7700427688,0.0,0.360370024672,0.360370024672,0.360370024672,0.469125063036,0.106900675,0.32820696637,0.511307048096
 12/04  10:00:00,1.48695762709,12.3688916599,0.0,11.0906240633,0.0,0.312970054743,0.312970054743,0.312970054743,0.256901791512,0.0585408254713,0.39998131075,0.435163644616
 12/04  11:00:00,1.44128096947,11.5840949686,0.0,10.4590723723,0.0,0.295119229878,0.295119229878,0.295119229878,0.212223271524,0.0483598189856,0.416780676038,0.445397973041
 12/04  12:00:00,1.41029514318,9.67197545055,0.0,8.68472619426,0.0,0.24504247966,0.24504247966,0.24504247966,0.212223271524,0.0483598189856,0.435735142253,0.445534430753
 12/04  13:00:00,1.39457447558,9.63043831555,0.0,8.75163231448,0.0,0.246925106955,0.246925106955,0.246925106955,0.212223271524,0.0483598189856,0.425637021538,0.438029256575
 12/04  14:00:00,1.34877192143,8.81252779764,0.0,7.99713610036,0.0,0.22564656922,0.22564656922,0.22564656922,0.212223271524,0.0483598189856,0.385966199058,0.453176062644
 12/04  15:00:00,1.35707794411,8.21784295072,0.0,7.46412652089,0.0,0.210615766816,0.210615766816,0.210615766816,0.234562596039,0.0534503375,0.356355588907,0.478693654849
 12/04  16:00:00,1.50291184751,8.13415606161,0.0,7.37071094747,0.0,0.207986012385,0.207986012385,0.207986012385,0.323919638512,0.0738123504713,0.368490937387,0.505302908753
 12/04  17:00:00,2.01586391066,9.80686349597,0.0,8.96125364511,0.0,0.252933495643,0.252933495643,0.252933495643,0.580821561563,0.132353206486,0.428670866964,0.59768478
 12/04  18:00:00,2.81737536973,11.0391350551,0.0,10.0226025325,0.0,0.283006077293,0.283006077293,0.283006077293,1.0164376986,0.231618118986,0.536821987543,0.726091487301
 12/04  19:00:00,3.24489203752,10.895290795,0.0,9.72475715679,0.0,0.274655731605,0.274655731605,0.274655731605,1.34035694,0.305430469457,0.482732692333,0.788316204123
 12/04  20:00:00,3.044061512,11.3026927869,0.0,10.1067322231,0.0,0.285471191424,0.285471191424,0.285471191424,1.25100029714,0.285068456486,0.385424228339,0.813697338616
 12/04  21:00:00,2.89309423296,11.3838700571,0.0,10.2753851027,0.0,0.290257465379,0.290257465379,0.290257465379,1.13930379611,0.259615925,0.338845876819,0.841671169644
 12/04  22:00:00,2.66143828529,12.2711593358,0.0,11.2727520541,0.0,0.318462339167,0.318462339167,0.318462339167,0.960589450587,0.218891837971,0.318073398495,0.822021259068
 12/04  23:00:00,2.2064058935,12.7706445154,0.0,11.9545719645,0.0,0.337752440945,0.337752440945,0.337752440945,0.714857255563,0.162896256486,0.256145886137,0.71135405437
 12/04  24:00:00,1.7924095337,13.3690968882,0.0,12.7483743347,0.0,0.360191336907,0.360191336907,0.360191336907,0.502633986536,0.1145364375,0.173494335907,0.618153436849
 12/05  01:00:00,1.35576398218,14.2328124821,0.0,13.818831227,0.0,0.390446466127,0.390446466127,0.390446466127,0.256901791512,0.0585408254713,0.115167850971,0.511307048096
 12/05  02:00:00,1.19558012985,14.8667006556,0.0,14.5464535032,0.0,0.411021608305,0.411021608305,0.411021608305,0.156375021012,0.0356335685143,0.0983708244822,0.470779107534
 12/05  03:00:00,1.10334899637,14.724505151,0.0,14.4296985397,0.0,0.407743954122,0.407743954122,0.407743954122,0.100526810211,0.0229072875,0.0834501454999,0.465320799041
 12/05  04:00:00,1.08040187862,14.4597762975,0.0,14.1578291758,0.0,0.400044316387,0.400044316387,0.400044316387,0.100526810211,0.0229072875,0.0747526356716,0.458770828849
 12/05  05:00:00,1.0753303701,14.5384128686,0.0,14.1645027986,0.0,0.400209816144,0.400209816144,0.400209816144,0.100526810211,0.0229072875,0.0868457568597,0.441440699384
 12/05  06:00:00,1.14883318811,14.6362300217,0.0,13.9401507206,0.0,0.393855928315,0.393855928315,0.393855928315,0.111696460064,0.0254525406486,0.101815917579,0.492612341507
 12/05  07:00:00,1.43593476706,15.110097474,0.0,13.8138844505,0.0,0.390278870657,0.390278870657,0.390278870657,0.234562596039,0.0534503375,0.165077844744,0.569165118123
 12/05  08:00:00,1.91214486036,15.6330423363,0.0,14.1692416482,0.0,0.400325365424,0.400325365424,0.400325365424,0.480294791063,0.109445918986,0.25639820385,0.604780581041
 12/05  09:00:00,1.82167074766,14.9602581319,0.0,13.54497127,0.0,0.382730995159,0.382730995159,0.382730995159,0.469125063036,0.106900675,0.32820696637,0.511307048096
 12/05  10:00:00,1.56126481233,14.9860187547,0.0,13.7056987303,0.0,0.387277239982,0.387277239982,0.387277239982,0.256901791512,0.0585408254713,0.39998131075,0.435163644616
 12/05  11:00:00,1.54310996087,15.1749610139,0.0,14.0484981618,0.0,0.396948221285,0.396948221285,0.396948221285,0.212223271524,0.0483598189856,0.416780676038,0.445397973041
 12/05  12:00:00,1.55274589641,14.7022107537,0.0,13.7144655299,0.0,0.387493232897,0.387493232897,0.387493232897,0.212223271524,0.0483598189856,0.435735142253,0.445534430753
 12/05  13:00:00,1.53136870037,14.4604930573,0.0,13.5813324987,0.0,0.383719331743,0.383719331743,0.383719331743,0.212223271524,0.0483598189856,0.425637021538,0.438029256575
 12/05  14:00:00,1.50409396341,14.3000871675,0.0,13.4846049236,0.0,0.380968611194,0.380968611194,0.380968611194,0.212223271524,0.0483598189856,0.385966199058,0.453176062644
 12/05  15:00:00,1.56316579834,15.5030629107,0.0,14.749712317,0.0,0.416703621043,0.416703621043,0.416703621043,0.234562596039,0.0534503375,0.356355588907,0.478693654849
 12/05  16:00:00,1.74077304693,16.5430027751,0.0,15.7805944311,0.0,0.445847211803,0.445847211803,0.445847211803,0.323919638512,0.0738123504713,0.368490937387,0.505302908753
 12/05  17:00:00,2.2014483039,16.3623766825,0.0,15.517325679,0.0,0.438517888888,0.438517888888,0.438517888888,0.580821561563,0.132353206486,0.428670866964,0.59768478
 12/05  18:00:00,2.96198730299,16.1469206521,0.0,15.1296701095,0.0,0.427618010561,0.427618010561,0.427618010561,1.0164376986,0.231618118986,0.536821987543,0.726091487301
 12/05  19:00:00,3.38937188673,15.9983267163,0.0,14.8272539431,0.0,0.419135580818,0.419135580818,0.419135580818,1.34035694,0.305430469457,0.482732692333,0.788316204123
 12/05  20:00:00,3.17441836601,15.9038717193,0.0,14.7072075931,0.0,0.415828045432,0.415828045432,0.415828045432,1.25100029714,0.285068456486,0.385424228339,0.813697338616
 12/05  21:00:00,3.01281908842,15.6089310248,0.0,14.4998038138,0.0,0.409982320843,0.409982320843,0.409982320843,1.13930379611,0.259615925,0.338845876819,0.841671169644
 12/05  22:00:00,2.76273956751,15.8437703461,0.0,14.8449719095,0.0,0.419763621394,0.419763621394,0.419763621394,0.960589450587,0.218891837971,0.318073398495,0.822021259068
 12/05  23:00:00,2.25668470329,14.5384603712,0.0,13.7225370347,0.0,0.38803125073,0.38803125073,0.38803125073,0.714857255563,0.162896256486,0.256145886137,0.71135405437
 12/05  24:00:00,1.82657768898,14.5665571776,0.0,13.9460088374,0.0,0.394359492192,0.394359492192,0.394359492192,0.502633986536,0.1145364375,0.173494335907,0.618153436849
 12/06  01:00:00,1.34106282872,13.7041093629,0.0,13.2905056031,0.0,0.375745312666,0.375745312666,0.375745312666,0.256901791512,0.0585408254713,0.115167850971,0.511307048096
 12/06  02:00:00,1.1518158273,13.3128412542,0.0,12.9925532148,0.0,0.367257305757,0.367257305757,0.367257305757,0.156375021012,0.0356335685143,0.0983708244822,0.470779107534
 12/06  03:00:00,1.06696448818,13.4364171316,0.0,13.1410558039,0.0,0.371359445928,0.371359445928,0.371359445928,0.100526810211,0.0229072875,0.0834501454999,0.465320799041
 12/06  04:00:00,1.09385708035,14.9385964332,0.0,14.636382161,0.0,0.413499518116,0.413499518116,0.413499518116,0.100526810211,0.0229072875,0.0747526356716,0.458770828849
 12/06  05:00:00,1.0906553321,15.08179298,0.0,14.7078318564,0.0,0.415534778146,0.415534778146,0.415534778146,0.100526810211,0.0229072875,0.0868457568597,0.441440699384
 12/06  06:00:00,1.16301799889,15.1389692808,0.0,14.4420151329,0.0,0.408040739091,0.408040739091,0.408040739091,0.111696460064,0.0254525406486,0.101815917579,0.492612341507
 12/06  07:00:00,1.43851875684,15.2038574652,0.0,13.9049442047,0.0,0.392862860429,0.392862860429,0.392862860429,0.234562596039,0.0534503375,0.165077844744,0.569165118123
 12/06  08:00:00,1.93343978199,16.3906597844,0.0,14.9233196539,0.0,0.421620287051,0.421620287051,0.421620287051,0.480294791063,0.109445918986,0.25639820385,0.604780581041
 12/06  09:00:00,1.83480302568,15.4304827017,0.0,14.0121611088,0.0,0.395863273175,0.395863273175,0.395863273175,0.469125063036,0.106900675,0.32820696637,0.511307048096
 12/06  10:00:00,1.57902757052,15.617880814,0.0,14.3348316547,0.0,0.405039998171,0.405039998171,0.405039998171,0.256901791512,0.0585408254713,0.39998131075,0.435163644616
 12/06  11:00:00,1.55221843671,15.5006188608,0.0,14.3718633093,0.0,0.406056697124,0.406056697124,0.406056697124,0.212223271524,0.0483598189856,0.416780676038,0.445397973041
 12/06  12:00:00,1.53763812984,14.1708933529,0.0,13.1809189912,0.0,0.37238546632,0.37238546632,0.37238546632,0.212223271524,0.0483598189856,0.435735142253,0.445534430753
 12/06  13:00:00,1.51808484369,13.99420017,0.0,13.1130965034,0.0,0.370435475071,0.370435475071,0.370435475071,0.212223271524,0.0483598189856,0.425637021538,0.438029256575
 12/06  14:00:00,1.50949142216,14.4942457501,0.0,13.6769771564,0.0,0.38636606995,0.38636606995,0.38636606995,0.212223271524,0.0483598189856,0.385966199058,0.453176062644
 12/06  15:00:00,1.53969905149,14.6740530544,0.0,13.9193771321,0.0,0.393236874191,0.393236874191,0.393236874191,0.234562596039,0.0534503375,0.356355588907,0.478693654849
 12/06  16:00:00,1.69292669018,14.850702135,0.0,14.0864521274,0.0,0.39800085506,0.39800085506,0.39800085506,0.323919638512,0.0738123504713,0.368490937387,0.505302908753
 12/06  17:00:00,2.15620938561,14.7650466128,0.0,13.9177488525,0.0,0.393278970601,0.393278970601,0.393278970601,0.580821561563,0.132353206486,0.428670866964,0.59768478
 12/06  18:00:00,2.95132242578,15.772205837,0.0,14.7526582299,0.0,0.416953133343,0.416953133343,0.416953133343,1.0164376986,0.231618118986,0.536821987543,0.726091487301
 12/06  19:00:00,3.38494059702,15.8419724446,0.0,14.6678910402,0.0,0.414704291103,0.414704291103,0.414704291103,1.34035694,0.305430469457,0.482732692333,0.788316204123
 12/06  20:00:00,3.16479716215,15.5648600218,0.0,14.3652659411,0.0,0.406206841566,0.406206841566,0.406206841566,1.25100029714,0.285068456486,0.385424228339,0.813697338616
 12/06  21:00:00,3.02781345639,16.1394748437,0.0,15.0278973052,0.0,0.424976688809,0.424976688809,0.424976688809,1.13930379611,0.259615925,0.338845876819,0.841671169644
 12/06  22:00:00,2.7776032614,16.3675459647,0.0,15.36684861,0.0,0.434627315284,0.434627315284,0.434627315284,0.960589450587,0.218891837971,0.318073398495,0.822021259068
 12/06  23:00:00,2.33605096178,17.3408755065,0.0,16.5234974686,0.0,0.467397509226,0.467397509226,0.467397509226,0.714857255563,0.162896256486,0.256145886137,0.71135405437
 12/06  24:00:00,1.91300234485,17.6155669703,0.0,16.9949101355,0.0,0.480784148056,0.480784148056,0.480784148056,0.502633986536,0.1145364375,0.173494335907,0.618153436849
 12/07  01:00:00,1.44936905032,17.5219893025,0.0,17.1092266687,0.0,0.484051534273,0.484051534273,0.484051534273,0.256901791512,0.0585408254713,0.115167850971,0.511307048096
 12/07  02:00:00,1.26490660543,17.2966532221,0.0,16.9778518143,0.0,0.48034808389,0.48034808389,0.48034808389,0.156375021012,0.0356335685143,0.0983708244822,0.470779107534
 12/07  03:00:00,1.18094619678,17.4487198322,0.0,17.1551581477,0.0,0.485341154525,0.485341154525,0.485341154525,0.100526810211,0.0229072875,0.0834501454999,0.465320799041
 12/07  04:00:00,1.15766256722,17.1726679575,0.0,16.8721756479,0.0,0.477305004988,0.477305004988,0.477305004988,0.100526810211,0.0229072875,0.0747526356716,0.458770828849
 12/07  05:00:00,1.15487057456,17.3317742923,0.0,16.9588468078,0.0,0.479750020608,0.479750020608,0.479750020608,0.100526810211,0.0229072875,0.0868457568597,0.441440699384
 12/07  06:00:00,1.23732119348,17.7479743091,0.0,17.0511279042,0.0,0.482343933682,0.482343933682,0.482343933682,0.111696460064,0.0254525406486,0.101815917579,0.492612341507
 12/07  07:00:00,1.52316098141,18.180666532,0.0,16.8802533957,0.0,0.477505084999,0.477505084999,0.477505084999,0.234562596039,0.0534503375,0.165077844744,0.569165118123
 12/07  08:00:00,2.01983782451,19.4276276359,0.0,17.9584491732,0.0,0.50801832957,0.50801832957,0.50801832957,0.480294791063,0.109445918986,0.25639820385,0.604780581041
 12/07  09:00:00,1.9156028628,18.267392927,0.0,16.847215133,0.0,0.476663110295,0.476663110295,0.476663110295,0.469125063036,0.106900675,0.32820696637,0.511307048096
 12/07  10:00:00,1.62793754116,17.3293824707,0.0,16.04460151,0.0,0.453949968812,0.453949968812,0.453949968812,0.256901791512,0.0585408254713,0.39998131075,0.435163644616
 12/07  11:00:00,1.59458902334,16.9809012142,0.0,15.8507778026,0.0,0.448427283755,0.448427283755,0.448427283755,0.212223271524,0.0483598189856,0.416780676038,0.445397973041
 12/07  12:00:00,1.59198519668,16.0754274368,0.0,15.0846262551,0.0,0.426732533162,0.426732533162,0.426732533162,0.212223271524,0.0483598189856,0.435735142253,0.445534430753
 12/07  13:00:00,1.5326992393,14.4949882216,0.0,13.6130229039,0.0,0.385049870673,0.385049870673,0.385049870673,0.212223271524,0.0483598189856,0.425637021538,0.438029256575
 12/07  14:00:00,1.50426644904,14.2939463822,0.0,13.4758865197,0.0,0.381141096829,0.381141096829,0.381141096829,0.212223271524,0.0483598189856,0.385966199058,0.453176062644
 12/07  15:00:00,1.51955416898,13.9469559465,0.0,13.1914024503,0.0,0.373091991689,0.373091991689,0.373091991689,0.234562596039,0.0534503375,0.356355588907,0.478693654849
 12/07  16:00:00,1.67069749492,14.0514710028,0.0,13.2861595182,0.0,0.375771659798,0.375771659798,0.375771659798,0.323919638512,0.0738123504713,0.368490937387,0.505302908753
 12/07  17:00:00,2.13129941184,13.871967038,0.0,13.0231710145,0.0,0.368368996826,0.368368996826,0.368368996826,0.580821561563,0.132353206486,0.428670866964,0.59768478
 12/07  18:00:00,2.94305133442,15.4645238839,0.0,14.4432762893,0.0,0.408682041988,0.408682041988,0.408682041988,1.0164376986,0.231618118986,0.536821987543,0.726091487301
 12/07  19:00:00,3.37163383463,15.3583592579,0.0,14.1821638818,0.0,0.401397528719,0.401397528719,0.401397528719,1.34035694,0.305430469457,0.482732692333,0.788316204123
 12/07  20:00:00,3.18729962411,16.3458005438,0.0,15.1443509422,0.0,0.428709303532,0.428709303532,0.428709303532,1.25100029714,0.285068456486,0.385424228339,0.813697338616
 12/07  21:00:00,3.04847865684,16.8523002042,0.0,15.739264315,0.0,0.445641889263,0.445641889263,0.445641889263,1.13930379611,0.259615925,0.338845876819,0.841671169644
 12/07  22:00:00,2.78667612501,16.6704280202,0.0,15.6683487235,0.0,0.443700178884,0.443700178884,0.443700178884,0.960589450587,0.218891837971,0.318073398495,0.822021259068
 12/07  23:00:00,2.32180843473,16.8202585257,0.0,16.0019580406,0.0,0.453154982175,0.453154982175,0.453154982175,0.714857255563,0.162896256486,0.256145886137,0.71135405437
 12/07  24:00:00,1.86750195113,15.9926107433,0.0,15.3710485502,0.0,0.435283754339,0.435283754339,0.435283754339,0.502633986536,0.1145364375,0.173494335907,0.618153436849
 12/08  01:00:00,1.4098660677,16.1141680728,0.0,15.7006834407,0.0,0.444548551655,0.444548551655,0.444548551655,0.256901791512,0.0585408254713,0.115167850971,0.511307048096
 12/08  02:00:00,1.24240383815,16.490931301,0.0,16.1716651127,0.0,0.457845316605,0.457845316605,0.457845316605,0.156375021012,0.0356335685143,0.0983708244822,0.470779107534
 12/08  03:00:00,1.17442400045,17.2083398701,0.0,16.9145975834,0.0,0.478818958201,0.478818958201,0.478818958201,0.100526810211,0.0229072875,0.0834501454999,0.465320799041
 12/08  04:00:00,1.16585980605,17.4510570817,0.0,17.150513694,0.0,0.485502243818,0.485502243818,0.485502243818,0.100526810211,0.0229072875,0.0747526356716,0.458770828849
 12/08  05:00:00,1.16369142988,17.631318897,0.0,17.2583288008,0.0,0.488570875922,0.488570875922,0.488570875922,0.100526810211,0.0229072875,0.0868457568597,0.441440699384
 12/08  06:00:00,1.24354746743,17.9557326652,0.0,17.2579737494,0.0,0.48857020763,0.48857020763,0.48857020763,0.111696460064,0.0254525406486,0.101815917579,0.492612341507
 12/08  07:00:00,1.59096456818,20.5615843762,0.0,19.2591585712,0.0,0.545308671773,0.545308671773,0.545308671773,0.234562596039,0.0534503375,0.165077844744,0.569165118123
 12/08  08:00:00,2.0415684524,20.1763893738,0.0,18.7050014751,0.0,0.529748957462,0.529748957462,0.529748957462,0.480294791063,0.109445918986,0.25639820385,0.604780581041
 12/08  09:00:00,1.91318403453,18.1683554697,0.0,16.7452827884,0.0,0.474244282025,0.474244282025,0.474244282025,0.469125063036,0.106900675,0.32820696637,0.511307048096
 12/08  10:00:00,1.62202233263,17.1118087154,0.0,15.8241988989,0.0,0.448034760276,0.448034760276,0.448034760276,0.256901791512,0.0585408254713,0.39998131075,0.435163644616
 12/08  11:00:00,1.57144005116,16.1560152582,0.0,15.0231662909,0.0,0.425278311568,0.425278311568,0.425278311568,0.212223271524,0.0483598189856,0.416780676038,0.445397973041
 12/08  12:00:00,1.55845205623,14.885013957,0.0,13.8918269688,0.0,0.393199392712,0.393199392712,0.393199392712,0.212223271524,0.0483598189856,0.435735142253,0.445534430753
 12/08  13:00:00,1.52654777061,14.2714109243,0.0,13.387681186,0.0,0.378898401989,0.378898401989,0.378898401989,0.212223271524,0.0483598189856,0.425637021538,0.438029256575
 12/08  14:00:00,1.48309124437,13.539460162,0.0,12.719722007,0.0,0.359965892157,0.359965892157,0.359965892157,0.212223271524,0.0483598189856,0.385966199058,0.453176062644
 12/08  15:00:00,1.50305429136,13.3592599141,0.0,12.6020233544,0.0,0.356592114059,0.356592114059,0.356592114059,0.234562596039,0.0534503375,0.356355588907,0.478693654849
 12/08  16:00:00,1.64578158126,13.1666076907,0.0,12.399499286,0.0,0.350855746139,0.350855746139,0.350855746139,0.323919638512,0.0738123504713,0.368490937387,0.505302908753
 12/08  17:00:00,2.11872630407,13.4255208165,0.0,12.5745337161,0.0,0.355795889054,0.355795889054,0.355795889054,0.580821561563,0.132353206486,0.428670866964,0.59768478
 12/08  18:00:00,2.9185475827,14.6009807505,0.0,13.5768835936,0.0,0.38417829027,0.38417829027,0.38417829027,1.0164376986,0.231618118986,0.536821987543,0.726091487301
 12/08  19:00:00,3.32922169176,13.8626594926,0.0,12.6834507134,0.0,0.358985385846,0.358985385846,0.358985385846,1.34035694,0.305430469457,0.482732692333,0.788316204123
 12/08  20:00:00,3.13422360507,14.4746373116,0.0,13.2696455658,0.0,0.375633284494,0.375633284494,0.375633284494,1.25100029714,0.285068456486,0.385424228339,0.813697338616
 12/08  21:00:00,2.98398575951,14.5801611807,0.0,13.4636448559,0.0,0.381148991936,0.381148991936,0.381148991936,1.13930379611,0.259615925,0.338845876819,0.841671169644
 12/08  22:00:00,2.72273093156,14.4192595191,0.0,13.4139454024,0.0,0.379754985441,0.379754985441,0.379754985441,0.960589450587,0.218891837971,0.318073398495,0.822021259068
 12/08  23:00:00,2.24528610095,14.1249732783,0.0,13.3039432944,0.0,0.376632648397,0.376632648397,0.376632648397,0.714857255563,0.162896256486,0.256145886137,0.71135405437
 12/08  24:00:00,1.76692485348,12.4511566304,0.0,11.8268260217,0.0,0.334706656685,0.334706656685,0.334706656685,0.502633986536,0.1145364375,0.173494335907,0.618153436849
 12/09  01:00:00,1.34119657257,13.4480184979,0.0,13.0143381697,0.0,0.368209759622,0.368209759622,0.368209759622,0.256901791512,0.0585408254713,0.122837147866,0.511307048096
 12/09  02:00:00,1.15860721037,13.3897204777,0.0,13.0591923749,0.0,0.369443827433,0.369443827433,0.369443827433,0.156375021012,0.0356335685143,0.102975685881,0.470779107534
 12/09  03:00:00,1.06869890106,13.3844319407,0.0,13.0819228887,0.0,0.370047413984,0.370047413984,0.370047413984,0.100526810211,0.0229072875,0.0864965903205,0.465320799041
 12/09  04:00:00,1.06704539375,13.9261828958,0.0,13.6161594648,0.0,0.38509486,0.38509486,0.38509486,0.100526810211,0.0229072875,0.0763456071944,0.458770828849
 12/09  05:00:00,1.05971354521,13.879987742,0.0,13.4893173593,0.0,0.381476643061,0.381476643061,0.381476643061,0.100526810211,0.0229072875,0.0899621050554,0.441440699384
 12/09  06:00:00,1.12333751833,13.6037150893,0.0,12.8586268138,0.0,0.363580783866,0.363580783866,0.363580783866,0.111696460064,0.0254525406486,0.106595392246,0.492612341507
 12/09  07:00:00,1.41750359063,14.1245668398,0.0,12.7156984629,0.0,0.35945126337,0.35945126337,0.35945126337,0.234562596039,0.0534503375,0.177474275597,0.569165118123
 12/09  08:00:00,1.89900528322,14.4261284625,0.0,12.8252531235,0.0,0.362497532855,0.362497532855,0.362497532855,0.480294791063,0.109445918986,0.281086459277,0.604780581041
 12/09  09:00:00,1.82973129641,14.0474225043,0.0,12.4895230436,0.0,0.352948026419,0.352948026419,0.352948026419,0.469125063036,0.106900675,0.36605048386,0.511307048096
 12/09  10:00:00,1.65897012808,16.7145316434,0.0,15.3032962582,0.0,0.432446321114,0.432446321114,0.432446321114,0.256901791512,0.0585408254713,0.45251754537,0.435163644616
 12/09  11:00:00,1.64700509881,16.8568886431,0.0,15.618640519,0.0,0.441441091971,0.441441091971,0.441441091971,0.212223271524,0.0483598189856,0.476182943291,0.445397973041
 12/09  12:00:00,1.70451733482,17.9905238875,0.0,16.9103883127,0.0,0.478027785426,0.478027785426,0.478027785426,0.212223271524,0.0483598189856,0.496972028135,0.445534430753
 12/09  13:00:00,1.72157702866,19.283738487,0.0,18.3255850514,0.0,0.518148736463,0.518148736463,0.518148736463,0.212223271524,0.0483598189856,0.481415945109,0.438029256575
 12/09  14:00:00,1.69186112344,19.1959734024,0.0,18.3123959042,0.0,0.517883066808,0.517883066808,0.517883066808,0.212223271524,0.0483598189856,0.43681890348,0.453176062644
 12/09  15:00:00,1.71948393336,19.4608236114,0.0,18.6466361321,0.0,0.527375255353,0.527375255353,0.527375255353,0.234562596039,0.0534503375,0.402002089622,0.478693654849
 12/09  16:00:00,1.81629804786,17.727830075,0.0,16.9041985533,0.0,0.478136744552,0.478136744552,0.478136744552,0.323919638512,0.0738123504713,0.411726405573,0.505302908753
 12/09  17:00:00,2.32999166949,19.4836399991,0.0,18.5635599245,0.0,0.525157015503,0.525157015503,0.525157015503,0.580821561563,0.132353206486,0.470575105936,0.59768478
 12/09  18:00:00,3.11811106535,20.2800895205,0.0,19.1723544106,0.0,0.542497854475,0.542497854475,0.542497854475,1.0164376986,0.231618118986,0.578065905983,0.726091487301
 12/09  19:00:00,3.5200493009,19.2984696698,0.0,18.0103468898,0.0,0.509784293671,0.509784293671,0.509784293671,1.34035694,0.305430469457,0.522761393651,0.788316204123
 12/09  20:00:00,3.32927821299,20.0739430287,0.0,18.7475780607,0.0,0.530735679334,0.530735679334,0.530735679334,1.25100029714,0.285068456486,0.425376441419,0.813697338616
 12/09  21:00:00,3.17374290432,19.9579628401,0.0,18.7260102913,0.0,0.530241538175,0.530241538175,0.530241538175,1.13930379611,0.259615925,0.37951047539,0.841671169644
 12/09  22:00:00,2.87475399919,18.4135082587,0.0,17.3114410151,0.0,0.490236719497,0.490236719497,0.490236719497,0.960589450587,0.218891837971,0.359614732068,0.822021259068
 12/09  23:00:00,2.40197259348,18.5655219698,0.0,17.6688568727,0.0,0.500310393774,0.500310393774,0.500310393774,0.714857255563,0.162896256486,0.289154633287,0.71135405437
 12/09  24:00:00,1.95996849095,18.6678430846,0.0,17.9981472349,0.0,0.509626307987,0.509626307987,0.509626307987,0.502633986536,0.1145364375,0.191618322082,0.618153436849
 12/10  01:00:00,1.4860184346,18.5497267985,0.0,18.1190564147,0.0,0.513031621658,0.513031621658,0.513031621658,0.256901791512,0.0585408254713,0.122837147866,0.511307048096
 12/10  02:00:00,1.3102128204,18.7313407198,0.0,18.4037664938,0.0,0.521049437462,0.521049437462,0.521049437462,0.156375021012,0.0356335685143,0.102975685881,0.470779107534
 12/10  03:00:00,1.22936704769,19.0449533944,0.0,18.7455925018,0.0,0.530715560618,0.530715560618,0.530715560618,0.100526810211,0.0229072875,0.0864965903205,0.465320799041
 12/10  04:00:00,1.20774683252,18.8789446187,0.0,18.5720443064,0.0,0.525796298764,0.525796298764,0.525796298764,0.100526810211,0.0229072875,0.0763456071944,0.458770828849
 12/10  05:00:00,1.25998210395,20.9327413624,0.0,20.5454769948,0.0,0.581745201802,0.581745201802,0.581745201802,0.100526810211,0.0229072875,0.0899621050554,0.441440699384
 12/10  06:00:00,1.3414471998,21.2838853005,0.0,20.541575195,0.0,0.581690465331,0.581690465331,0.581690465331,0.111696460064,0.0254525406486,0.106595392246,0.492612341507
 12/10  07:00:00,1.62917685879,21.5743173586,0.0,20.1665454466,0.0,0.571124531533,0.571124531533,0.571124531533,0.234562596039,0.0534503375,0.177474275597,0.569165118123
 12/10  08:00:00,2.13699904051,22.8029479055,0.0,21.2025834735,0.0,0.600491290143,0.600491290143,0.600491290143,0.480294791063,0.109445918986,0.281086459277,0.604780581041
 12/10  09:00:00,2.02616743866,20.9515379934,0.0,19.3943566239,0.0,0.549384168666,0.549384168666,0.549384168666,0.469125063036,0.106900675,0.36605048386,0.511307048096
 12/10  10:00:00,1.72952678753,19.1703632355,0.0,17.7591244725,0.0,0.50300298056,0.50300298056,0.50300298056,0.256901791512,0.0585408254713,0.45251754537,0.435163644616
 12/10  11:00:00,1.68701312988,18.2386590005,0.0,16.9997082955,0.0,0.481449123036,0.481449123036,0.481449123036,0.212223271524,0.0483598189856,0.476182943291,0.445397973041
 12/10  12:00:00,1.68232390574,17.1761573255,0.0,16.0951464076,0.0,0.455834356342,0.455834356342,0.455834356342,0.212223271524,0.0483598189856,0.496972028135,0.445534430753
 12/10  13:00:00,1.60675165009,15.2014087403,0.0,14.2415480434,0.0,0.403323357894,0.403323357894,0.403323357894,0.212223271524,0.0483598189856,0.481415945109,0.438029256575
 12/10  14:00:00,1.54973191324,14.1545270074,0.0,13.2688808723,0.0,0.375753856602,0.375753856602,0.375753856602,0.212223271524,0.0483598189856,0.43681890348,0.453176062644
 12/10  15:00:00,1.57903871694,14.4798679831,0.0,13.6635437107,0.0,0.386930038926,0.386930038926,0.386930038926,0.234562596039,0.0534503375,0.402002089622,0.478693654849
 12/10  16:00:00,1.74839760774,15.3096382043,0.0,14.4842464779,0.0,0.410236304434,0.410236304434,0.410236304434,0.323919638512,0.0738123504713,0.411726405573,0.505302908753
 12/10  17:00:00,2.24586134928,16.4892310118,0.0,15.5673141651,0.0,0.441026695298,0.441026695298,0.441026695298,0.580821561563,0.132353206486,0.470575105936,0.59768478
 12/10  18:00:00,3.07114298485,18.5930723476,0.0,17.4835810884,0.0,0.495529773973,0.495529773973,0.495529773973,1.0164376986,0.231618118986,0.578065905983,0.726091487301
 12/10  19:00:00,3.50316421073,18.6747135476,0.0,17.3844949624,0.0,0.492899203494,0.492899203494,0.492899203494,1.34035694,0.305430469457,0.522761393651,0.788316204123
 12/10  20:00:00,3.33202056282,20.1386506089,0.0,18.8103228781,0.0,0.533478029165,0.533478029165,0.533478029165,1.25100029714,0.285068456486,0.425376441419,0.813697338616
 12/10  21:00:00,3.19835244512,20.7941868382,0.0,19.5605314225,0.0,0.554851078976,0.554851078976,0.554851078976,1.13930379611,0.259615925,0.37951047539,0.841671169644
 12/10  22:00:00,2.94362393875,20.8115485892,0.0,19.7083949381,0.0,0.559106659057,0.559106659057,0.559106659057,0.960589450587,0.218891837971,0.359614732068,0.822021259068
 12/10  23:00:00,2.46499274698,20.7531807549,0.0,19.856353177,0.0,0.563330547274,0.563330547274,0.563330547274,0.714857255563,0.162896256486,0.289154633287,0.71135405437
 12/10  24:00:00,2.07090570443,22.5418807829,0.0,21.8730046479,0.0,0.62056352146,0.62056352146,0.62056352146,0.502633986536,0.1145364375,0.191618322082,0.618153436849
 12/11  01:00:00,1.60189765009,22.8468117184,0.0,22.4359943952,0.0,0.636580134044,0.636580134044,0.636580134044,0.256901791512,0.0585408254713,0.115167850971,0.511307048096
 12/11  02:00:00,1.4310168118,23.099456444,0.0,22.7838350847,0.0,0.646458290256,0.646458290256,0.646458290256,0.156375021012,0.0356335685143,0.0983708244822,0.470779107534
 12/11  03:00:00,1.34655120736,23.2319738195,0.0,22.9420998964,0.0,0.650946165104,0.650946165104,0.650946165104,0.100526810211,0.0229072875,0.0834501454999,0.465320799041
 12/11  04:00:00,1.35904286395,24.2158329738,0.0,23.9192305616,0.0,0.678685301719,0.678685301719,0.678685301719,0.100526810211,0.0229072875,0.0747526356716,0.458770828849
 12/11  05:00:00,1.35491056355,24.3252148504,0.0,23.955637,0.0,0.679790009597,0.679790009597,0.679790009597,0.100526810211,0.0229072875,0.0868457568597,0.441440699384
 12/11  06:00:00,1.47099222761,25.9253395814,0.0,25.2285982234,0.0,0.716014967807,0.716014967807,0.716014967807,0.111696460064,0.0254525406486,0.101815917579,0.492612341507
 12/11  07:00:00,1.72680366642,25.3022296244,0.0,23.9953905416,0.0,0.681147770014,0.681147770014,0.681147770014,0.234562596039,0.0534503375,0.165077844744,0.569165118123
 12/11  08:00:00,2.14438298316,23.7624969155,0.0,22.2843629675,0.0,0.632563488222,0.632563488222,0.632563488222,0.480294791063,0.109445918986,0.25639820385,0.604780581041
 12/11  09:00:00,2.04885402336,22.91856166,0.0,21.4889494619,0.0,0.609914270857,0.609914270857,0.609914270857,0.469125063036,0.106900675,0.32820696637,0.511307048096
 12/11  10:00:00,1.77485114692,22.4647210068,0.0,21.1719713825,0.0,0.60086357457,0.60086357457,0.60086357457,0.256901791512,0.0585408254713,0.39998131075,0.435163644616
 12/11  11:00:00,1.69728993953,20.559253986,0.0,19.4224428015,0.0,0.551128199939,0.551128199939,0.551128199939,0.212223271524,0.0483598189856,0.416780676038,0.445397973041
 12/11  12:00:00,1.62125979632,17.071601684,0.0,16.0749512356,0.0,0.456007132802,0.456007132802,0.456007132802,0.212223271524,0.0483598189856,0.435735142253,0.445534430753
 12/11  13:00:00,1.5565199676,15.3039726571,0.0,14.4172513864,0.0,0.408870598976,0.408870598976,0.408870598976,0.212223271524,0.0483598189856,0.425637021538,0.438029256575
 12/11  14:00:00,1.4949957983,13.9374935139,0.0,13.115151396,0.0,0.371870446091,0.371870446091,0.371870446091,0.212223271524,0.0483598189856,0.385966199058,0.453176062644
 12/11  15:00:00,1.50644306219,13.4556255333,0.0,12.6965708118,0.0,0.359980884894,0.359980884894,0.359980884894,0.234562596039,0.0534503375,0.356355588907,0.478693654849
 12/11  16:00:00,1.65394113099,13.4318771799,0.0,12.6629313185,0.0,0.35901529587,0.35901529587,0.35901529587,0.323919638512,0.0738123504713,0.368490937387,0.505302908753
 12/11  17:00:00,2.18480322265,15.7291570147,0.0,14.8765982044,0.0,0.421872807642,0.421872807642,0.421872807642,0.580821561563,0.132353206486,0.428670866964,0.59768478
 12/11  18:00:00,3.0103766302,17.805170286,0.0,16.7787373652,0.0,0.47600733777,0.47600733777,0.47600733777,1.0164376986,0.231618118986,0.536821987543,0.726091487301
 12/11  19:00:00,3.42898741026,17.3496707539,0.0,16.1665907003,0.0,0.45875110435,0.45875110435,0.45875110435,1.34035694,0.305430469457,0.482732692333,0.788316204123
 12/11  20:00:00,3.3049880121,20.4576093517,0.0,19.249623368,0.0,0.54639769152,0.54639769152,0.54639769152,1.25100029714,0.285068456486,0.385424228339,0.813697338616
 12/11  21:00:00,3.12923677424,19.661848535,0.0,18.5427201399,0.0,0.52640000666,0.52640000666,0.52640000666,1.13930379611,0.259615925,0.338845876819,0.841671169644
 12/11  22:00:00,2.87821910645,19.8608176811,0.0,18.8537612774,0.0,0.535243160325,0.535243160325,0.535243160325,0.960589450587,0.218891837971,0.318073398495,0.822021259068
 12/11  23:00:00,2.47040781182,22.0156236451,0.0,21.1948574541,0.0,0.601754359262,0.601754359262,0.601754359262,0.714857255563,0.162896256486,0.256145886137,0.71135405437
 12/11  24:00:00,2.03197799128,21.7440265356,0.0,21.1226611204,0.0,0.599759794489,0.599759794489,0.599759794489,0.502633986536,0.1145364375,0.173494335907,0.618153436849
 12/12  01:00:00,1.55012504728,21.0074665067,0.0,20.5963156592,0.0,0.584807531228,0.584807531228,0.584807531228,0.256901791512,0.0585408254713,0.115167850971,0.511307048096
 12/12  02:00:00,1.37683362971,21.1779848804,0.0,20.8621738947,0.0,0.592275108164,0.592275108164,0.592275108164,0.156375021012,0.0356335685143,0.0983708244822,0.470779107534
 12/12  03:00:00,1.2745850145,20.686387238,0.0,20.3961394178,0.0,0.578979972243,0.578979972243,0.578979972243,0.100526810211,0.0229072875,0.0834501454999,0.465320799041
 12/12  04:00:00,1.23795880993,19.9432445536,0.0,19.6455676156,0.0,0.557601247694,0.557601247694,0.557601247694,0.100526810211,0.0229072875,0.0747526356716,0.458770828849
 12/12  05:00:00,1.22634186191,19.7951617199,0.0,19.4239373268,0.0,0.551221307958,0.551221307958,0.551221307958,0.100526810211,0.0229072875,0.0868457568597,0.441440699384
 12/12  06:00:00,1.29471173524,19.7205935377,0.0,19.020841004,0.0,0.539734475442,0.539734475442,0.539734475442,0.111696460064,0.0254525406486,0.101815917579,0.492612341507
 12/12  07:00:00,1.59902520719,20.8144782722,0.0,19.5026967483,0.0,0.553369310779,0.553369310779,0.553369310779,0.234562596039,0.0534503375,0.165077844744,0.569165118123
 12/12  08:00:00,2.0093707475,19.0181904863,0.0,17.5350577316,0.0,0.497551252566,0.497551252566,0.497551252566,0.480294791063,0.109445918986,0.25639820385,0.604780581041
 12/12  09:00:00,1.93434221385,18.8956950607,0.0,17.4610249008,0.0,0.495402461345,0.495402461345,0.495402461345,0.469125063036,0.106900675,0.32820696637,0.511307048096
 12/12  10:00:00,1.65273722731,18.1747190872,0.0,16.8773600539,0.0,0.478749654958,0.478749654958,0.478749654958,0.256901791512,0.0585408254713,0.39998131075,0.435163644616
 12/12  11:00:00,1.63812370367,18.4856687814,0.0,17.3452431068,0.0,0.491961964084,0.491961964084,0.491961964084,0.212223271524,0.0483598189856,0.416780676038,0.445397973041
 12/12  12:00:00,1.62301413421,17.1405532155,0.0,16.1413275389,0.0,0.457761470695,0.457761470695,0.457761470695,0.212223271524,0.0483598189856,0.435735142253,0.445534430753
 12/12  13:00:00,1.57347206791,15.9063039472,0.0,15.0175672368,0.0,0.425822699291,0.425822699291,0.425822699291,0.212223271524,0.0483598189856,0.425637021538,0.438029256575
 12/12  14:00:00,1.51072892252,14.4973752459,0.0,13.6730967763,0.0,0.38760357031,0.38760357031,0.38760357031,0.212223271524,0.0483598189856,0.385966199058,0.453176062644
 12/12  15:00:00,1.53007692633,14.2952477549,0.0,13.5342260445,0.0,0.38361474903,0.38361474903,0.38361474903,0.234562596039,0.0534503375,0.356355588907,0.478693654849
 12/12  16:00:00,1.65602453325,13.5121906276,0.0,12.7411062311,0.0,0.361098698128,0.361098698128,0.361098698128,0.323919638512,0.0738123504713,0.368490937387,0.505302908753
 12/12  17:00:00,2.11375378859,13.2363884022,0.0,12.3803596393,0.0,0.350823373577,0.350823373577,0.350823373577,0.580821561563,0.132353206486,0.428670866964,0.59768478
 12/12  18:00:00,2.87390515998,13.0147418916,0.0,11.983091278,0.0,0.339535867548,0.339535867548,0.339535867548,1.0164376986,0.231618118986,0.536821987543,0.726091487301
 12/12  19:00:00,3.3056750689,13.027452727,0.0,11.83851192,0.0,0.335438762982,0.335438762982,0.335438762982,1.34035694,0.305430469457,0.482732692333,0.788316204123
 12/12  20:00:00,3.08084247808,12.5885937451,0.0,11.373986369,0.0,0.322252157502,0.322252157502,0.322252157502,1.25100029714,0.285068456486,0.385424228339,0.813697338616
 12/12  21:00:00,2.92773218585,12.5928544721,0.0,11.4673496045,0.0,0.324895418269,0.324895418269,0.324895418269,1.13930379611,0.259615925,0.338845876819,0.841671169644
 12/12  22:00:00,2.65568400673,12.0530366941,0.0,11.0398407879,0.0,0.31270806061,0.31270806061,0.31270806061,0.960589450587,0.218891837971,0.318073398495,0.822021259068
 12/12  23:00:00,2.18655710236,12.0520693685,0.0,11.2250412159,0.0,0.317903649807,0.317903649807,0.317903649807,0.714857255563,0.162896256486,0.256145886137,0.71135405437
 12/12  24:00:00,1.72476857787,10.959369684,0.0,10.331715134,0.0,0.292550381075,0.292550381075,0.292550381075,0.502633986536,0.1145364375,0.173494335907,0.618153436849
 12/13  01:00:00,1.27325785854,11.295394036,0.0,10.8781881936,0.0,0.307940342491,0.307940342491,0.307940342491,0.256901791512,0.0585408254713,0.115167850971,0.511307048096
 12/13  02:00:00,1.10022664981,11.4763008373,0.0,11.1549568762,0.0,0.315668128264,0.315668128264,0.315668128264,0.156375021012,0.0356335685143,0.0983708244822,0.470779107534
 12/13  03:00:00,0.999400467877,11.0339192615,0.0,10.7381368053,0.0,0.303795425624,0.303795425624,0.303795425624,0.100526810211,0.0229072875,0.0834501454999,0.465320799041
 12/13  04:00:00,0.989591688329,11.2360445489,0.0,10.9329400164,0.0,0.309234126097,0.309234126097,0.309234126097,0.100526810211,0.0229072875,0.0747526356716,0.458770828849
 12/13  05:00:00,0.983265337356,11.272980972,0.0,10.896275702,0.0,0.308144783401,0.308144783401,0.308144783401,0.100526810211,0.0229072875,0.0868457568597,0.441440699384
 12/13  06:00:00,1.06037992462,11.506223002,0.0,10.800109159,0.0,0.305402664819,0.305402664819,0.305402664819,0.111696460064,0.0254525406486,0.101815917579,0.492612341507
 12/13  07:00:00,1.33318187973,11.4899211452,0.0,10.1699600094,0.0,0.287525983325,0.287525983325,0.287525983325,0.234562596039,0.0534503375,0.165077844744,0.569165118123
 12/13  08:00:00,1.81752512446,12.3072125015,0.0,10.8151780057,0.0,0.305705629517,0.305705629517,0.305705629517,0.480294791063,0.109445918986,0.25639820385,0.604780581041
 12/13  09:00:00,1.71845585496,11.3333322883,0.0,9.89076090659,0.0,0.279516102456,0.279516102456,0.279516102456,0.469125063036,0.106900675,0.32820696637,0.511307048096
 12/13  10:00:00,1.43840691737,10.6639967074,0.0,9.35874119757,0.0,0.264419345024,0.264419345024,0.264419345024,0.256901791512,0.0585408254713,0.39998131075,0.435163644616
 12/13  11:00:00,1.42610894691,11.0592089462,0.0,9.91104607068,0.0,0.279947207321,0.279947207321,0.279947207321,0.212223271524,0.0483598189856,0.416780676038,0.445397973041
 12/13  12:00:00,1.41058831244,9.69386745936,0.0,8.68738261381,0.0,0.245335648927,0.245335648927,0.245335648927,0.212223271524,0.0483598189856,0.435735142253,0.445534430753
 12/13  13:00:00,1.37597103347,8.98252180643,0.0,8.08682969812,0.0,0.228321664852,0.228321664852,0.228321664852,0.212223271524,0.0483598189856,0.425637021538,0.438029256575
 12/13  14:00:00,1.35684591288,9.10930875171,0.0,8.27881569076,0.0,0.233720560665,0.233720560665,0.233720560665,0.212223271524,0.0483598189856,0.385966199058,0.453176062644
 12/13  15:00:00,1.38509328352,9.22013464369,0.0,8.45327895219,0.0,0.23863110622,0.23863110622,0.23863110622,0.234562596039,0.0534503375,0.356355588907,0.478693654849
 12/13  16:00:00,1.52769881449,9.02330233351,0.0,8.24658781029,0.0,0.232772979365,0.232772979365,0.232772979365,0.323919638512,0.0738123504713,0.368490937387,0.505302908753
 12/13  17:00:00,1.99677221968,9.14699558103,0.0,8.28540658865,0.0,0.233841804663,0.233841804663,0.233841804663,0.580821561563,0.132353206486,0.428670866964,0.59768478
 12/13  18:00:00,2.77248234442,9.47421268589,0.0,8.4367736801,0.0,0.238113051983,0.238113051983,0.238113051983,1.0164376986,0.231618118986,0.536821987543,0.726091487301
 12/13  19:00:00,3.19798089764,9.26330544832,0.0,8.0684625919,0.0,0.227744591727,0.227744591727,0.227744591727,1.34035694,0.305430469457,0.482732692333,0.788316204123
 12/13  20:00:00,2.97270269277,8.80585968689,0.0,7.58524081746,0.0,0.214112372192,0.214112372192,0.214112372192,1.25100029714,0.285068456486,0.385424228339,0.813697338616
 12/13  21:00:00,2.8124775237,8.55804995136,0.0,7.42675733151,0.0,0.209640756118,0.209640756118,0.209640756118,1.13930379611,0.259615925,0.338845876819,0.841671169644
 12/13  22:00:00,2.55389076906,8.49153808595,0.0,7.47285307962,0.0,0.21091482294,0.21091482294,0.21091482294,0.960589450587,0.218891837971,0.318073398495,0.822021259068
 12/13  23:00:00,2.09038151053,8.68918784643,0.0,7.85727471938,0.0,0.221728057976,0.221728057976,0.221728057976,0.714857255563,0.162896256486,0.256145886137,0.71135405437
 12/13  24:00:00,1.6502868436,8.36153683359,0.0,7.72969165417,0.0,0.218068646807,0.218068646807,0.218068646807,0.502633986536,0.1145364375,0.173494335907,0.618153436849
 12/14  01:00:00,1.18969357159,8.37536531498,0.0,7.95507360246,0.0,0.224376055542,0.224376055542,0.224376055542,0.256901791512,0.0585408254713,0.115167850971,0.511307048096
 12/14  02:00:00,1.00466933949,8.12972185894,0.0,7.80510967085,0.0,0.220110817951,0.220110817951,0.220110817951,0.156375021012,0.0356335685143,0.0983708244822,0.470779107534
 12/14  03:00:00,0.919241152891,8.23047451138,0.0,7.93147310507,0.0,0.223636110638,0.223636110638,0.223636110638,0.100526810211,0.0229072875,0.0834501454999,0.465320799041
 12/14  04:00:00,0.898339498309,8.03939161299,0.0,7.73316412354,0.0,0.217981936076,0.217981936076,0.217981936076,0.100526810211,0.0229072875,0.0747526356716,0.458770828849
 12/14  05:00:00,0.892036458634,8.07746297373,0.0,7.6972168941,0.0,0.21691590468,0.21691590468,0.21691590468,0.100526810211,0.0229072875,0.0868457568597,0.441440699384
 12/14  06:00:00,0.969211348239,8.31439494632,0.0,7.60383094137,0.0,0.21423408844,0.21423408844,0.21423408844,0.111696460064,0.0254525406486,0.101815917579,0.492612341507
 12/14  07:00:00,1.24823917402,8.51787196513,0.0,7.19181326062,0.0,0.202583277613,0.202583277613,0.202583277613,0.234562596039,0.0534503375,0.165077844744,0.569165118123
 12/14  08:00:00,1.73177596334,9.30850859238,0.0,7.80995473456,0.0,0.2199564684,0.2199564684,0.2199564684,0.480294791063,0.109445918986,0.25639820385,0.604780581041
 12/14  09:00:00,1.63996351936,8.58793157932,0.0,7.13896134185,0.0,0.201023766859,0.201023766859,0.201023766859,0.469125063036,0.106900675,0.32820696637,0.511307048096
 12/14  10:00:00,1.37728289374,8.53151884724,0.0,7.22051027291,0.0,0.203295321392,0.203295321392,0.203295321392,0.256901791512,0.0585408254713,0.39998131075,0.435163644616
 12/14  11:00:00,1.36451215602,8.91021709459,0.0,7.7567447986,0.0,0.218350416434,0.218350416434,0.218350416434,0.212223271524,0.0483598189856,0.416780676038,0.445397973041
 12/14  12:00:00,1.367265244,8.18831172209,0.0,7.17726442537,0.0,0.202012580489,0.202012580489,0.202012580489,0.212223271524,0.0483598189856,0.435735142253,0.445534430753
 12/14  13:00:00,1.34593618395,7.94581536583,0.0,7.04596130169,0.0,0.19828681533,0.19828681533,0.19828681533,0.212223271524,0.0483598189856,0.425637021538,0.438029256575
 12/14  14:00:00,1.31062649777,7.49843206122,0.0,6.66391588569,0.0,0.18750114556,0.18750114556,0.18750114556,0.212223271524,0.0483598189856,0.385966199058,0.453176062644
 12/14  15:00:00,1.32972280317,7.28459565885,0.0,6.51381440525,0.0,0.183260625879,0.183260625879,0.183260625879,0.234562596039,0.0534503375,0.356355588907,0.478693654849
 12/14  16:00:00,1.48543321526,7.55258187719,0.0,6.77188783973,0.0,0.190507380136,0.190507380136,0.190507380136,0.323919638512,0.0738123504713,0.368490937387,0.505302908753
 12/14  17:00:00,1.95687193064,7.75978745571,0.0,6.89417977312,0.0,0.193941515627,0.193941515627,0.193941515627,0.580821561563,0.132353206486,0.428670866964,0.59768478
 12/14  18:00:00,2.74206896981,8.42375498532,0.0,7.38234754865,0.0,0.20769967738,0.20769967738,0.20769967738,1.0164376986,0.231618118986,0.536821987543,0.726091487301
 12/14  19:00:00,3.15868699973,7.89678170352,0.0,6.6973215172,0.0,0.188450693817,0.188450693817,0.188450693817,1.34035694,0.305430469457,0.482732692333,0.788316204123
 12/14  20:00:00,2.96649402076,8.61274774011,0.0,7.38767334603,0.0,0.207903700181,0.207903700181,0.207903700181,1.25100029714,0.285068456486,0.385424228339,0.813697338616
 12/14  21:00:00,2.82129253826,8.89703994807,0.0,7.76181383107,0.0,0.218455770679,0.218455770679,0.218455770679,1.13930379611,0.259615925,0.338845876819,0.841671169644
 12/14  22:00:00,2.56805312868,9.01867654304,0.0,7.99652949644,0.0,0.225077182561,0.225077182561,0.225077182561,0.960589450587,0.218891837971,0.318073398495,0.822021259068
 12/14  23:00:00,2.10493253283,9.22910778084,0.0,8.39428908516,0.0,0.236279080274,0.236279080274,0.236279080274,0.714857255563,0.162896256486,0.256145886137,0.71135405437
 12/14  24:00:00,1.67832827766,9.37765609581,0.0,8.74378049667,0.0,0.246110080864,0.246110080864,0.246110080864,0.502633986536,0.1145364375,0.173494335907,0.618153436849
 12/15  01:00:00,1.21948324371,9.45179639546,0.0,9.03024655463,0.0,0.254165727656,0.254165727656,0.254165727656,0.256901791512,0.0585408254713,0.115167850971,0.511307048096
 12/15  02:00:00,1.04749339416,9.66799673948,0.0,9.34237077073,0.0,0.26293487262,0.26293487262,0.26293487262,0.156375021012,0.0356335685143,0.0983708244822,0.470779107534
 12/15  03:00:00,0.963138917781,9.80651854837,0.0,9.50682464328,0.0,0.267533875528,0.267533875528,0.267533875528,0.100526810211,0.0229072875,0.0834501454999,0.465320799041
 12/15  04:00:00,0.94443069977,9.69139367744,0.0,9.38456283312,0.0,0.264073137538,0.264073137538,0.264073137538,0.100526810211,0.0229072875,0.0747526356716,0.458770828849
 12/15  05:00:00,0.940030417267,9.79578983297,0.0,9.4148110575,0.0,0.264909863312,0.264909863312,0.264909863312,0.100526810211,0.0229072875,0.0868457568597,0.441440699384
 12/15  06:00:00,1.02448933616,10.2911172857,0.0,9.57903485563,0.0,0.269512076365,0.269512076365,0.269512076365,0.111696460064,0.0254525406486,0.101815917579,0.492612341507
 12/15  07:00:00,1.31126275277,10.7698009991,0.0,9.44075102304,0.0,0.26560685636,0.26560685636,0.26560685636,0.234562596039,0.0534503375,0.165077844744,0.569165118123
 12/15  08:00:00,1.80206097582,11.818209711,0.0,10.316356457,0.0,0.290241480883,0.290241480883,0.290241480883,0.480294791063,0.109445918986,0.25639820385,0.604780581041
 12/15  09:00:00,1.69559989262,10.5745703361,0.0,9.1225412801,0.0,0.256660140123,0.256660140123,0.256660140123,0.469125063036,0.106900675,0.32820696637,0.511307048096
 12/15  10:00:00,1.439553073,10.7512149234,0.0,9.43741899031,0.0,0.265565500654,0.265565500654,0.265565500654,0.256901791512,0.0585408254713,0.39998131075,0.435163644616
 12/15  11:00:00,1.42584090136,11.0955223394,0.0,9.93983653096,0.0,0.279679161772,0.279679161772,0.279679161772,0.212223271524,0.0483598189856,0.416780676038,0.445397973041
 12/15  12:00:00,1.41340749351,9.83276797169,0.0,8.81960756009,0.0,0.248154829998,0.248154829998,0.248154829998,0.212223271524,0.0483598189856,0.435735142253,0.445534430753
 12/15  13:00:00,1.38424599004,9.31112139048,0.0,8.40940145565,0.0,0.236596621414,0.236596621414,0.236596621414,0.212223271524,0.0483598189856,0.425637021538,0.438029256575
 12/15  14:00:00,1.35083105904,8.92977446629,0.0,8.09361755981,0.0,0.227705706827,0.227705706827,0.227705706827,0.212223271524,0.0483598189856,0.385966199058,0.453176062644
 12/15  15:00:00,1.37052362706,8.73659157098,0.0,7.96434132862,0.0,0.224061449766,0.224061449766,0.224061449766,0.234562596039,0.0534503375,0.356355588907,0.478693654849
 12/15  16:00:00,1.51124906751,8.47138122364,0.0,7.68916714543,0.0,0.216323232388,0.216323232388,0.216323232388,0.323919638512,0.0738123504713,0.368490937387,0.505302908753
 12/15  17:00:00,1.97789021445,8.50813440811,0.0,7.64056467984,0.0,0.214959799437,0.214959799437,0.214959799437,0.580821561563,0.132353206486,0.428670866964,0.59768478
 12/15  18:00:00,2.76554624235,9.25921530971,0.0,8.21534422743,0.0,0.23117694992,0.23117694992,0.23117694992,1.0164376986,0.231618118986,0.536821987543,0.726091487301
 12/15  19:00:00,3.18455517782,8.81624182067,0.0,7.61444165677,0.0,0.21431887191,0.21431887191,0.21431887191,1.34035694,0.305430469457,0.482732692333,0.788316204123
 12/15  20:00:00,2.98028107592,9.10358667822,0.0,7.87559043035,0.0,0.221690755343,0.221690755343,0.221690755343,1.25100029714,0.285068456486,0.385424228339,0.813697338616
 12/15  21:00:00,2.83502330022,9.38573978492,0.0,8.24788837584,0.0,0.232186532647,0.232186532647,0.232186532647,1.13930379611,0.259615925,0.338845876819,0.841671169644
 12/15  22:00:00,2.58171725494,9.50430883862,0.0,8.47978954163,0.0,0.23874130882,0.23874130882,0.23874130882,0.960589450587,0.218891837971,0.318073398495,0.822021259068
 12/15  23:00:00,2.11640340633,9.63596306765,0.0,8.799232627,0.0,0.247749953778,0.247749953778,0.247749953778,0.714857255563,0.162896256486,0.256145886137,0.71135405437
 12/15  24:00:00,1.69681706443,10.0333627434,0.0,9.39785510489,0.0,0.26459886764,0.26459886764,0.26459886764,0.502633986536,0.1145364375,0.173494335907,0.618153436849
 12/16  01:00:00,1.24281061582,10.0243105501,0.0,9.58360444932,0.0,0.269823802879,0.269823802879,0.269823802879,0.256901791512,0.0585408254713,0.122837147866,0.511307048096
 12/16  02:00:00,1.06273721462,10.0526076718,0.0,9.71660730802,0.0,0.273573831682,0.273573831682,0.273573831682,0.156375021012,0.0356335685143,0.102975685881,0.470779107534
 12/16  03:00:00,0.981810891541,10.3653249578,0.0,10.0579041718,0.0,0.283159404468,0.283159404468,0.283159404468,0.100526810211,0.0229072875,0.0864965903205,0.465320799041
 12/16  04:00:00,0.967289422447,10.4510571937,0.0,10.1359183439,0.0,0.285338888692,0.285338888692,0.285338888692,0.100526810211,0.0229072875,0.0763456071944,0.458770828849
 12/16  05:00:00,0.980709192481,11.1414808728,0.0,10.7442741179,0.0,0.302472290331,0.302472290331,0.302472290331,0.100526810211,0.0229072875,0.0899621050554,0.441440699384
 12/16  06:00:00,1.07627974084,12.0010341058,0.0,11.2430105026,0.0,0.316523006376,0.316523006376,0.316523006376,0.111696460064,0.0254525406486,0.106595392246,0.492612341507
 12/16  07:00:00,1.40344875984,13.7016927964,0.0,12.2677768992,0.0,0.345396432584,0.345396432584,0.345396432584,0.234562596039,0.0534503375,0.177474275597,0.569165118123
 12/16  08:00:00,1.86126937626,13.1618212206,0.0,11.5322919464,0.0,0.324761625893,0.324761625893,0.324761625893,0.480294791063,0.109445918986,0.281086459277,0.604780581041
 12/16  09:00:00,1.76552097065,11.8384289946,0.0,10.2518440225,0.0,0.288737700662,0.288737700662,0.288737700662,0.469125063036,0.106900675,0.36605048386,0.511307048096
 12/16  10:00:00,1.47621627774,10.3063293141,0.0,8.86774058724,0.0,0.249692470768,0.249692470768,0.249692470768,0.256901791512,0.0585408254713,0.45251754537,0.435163644616
 12/16  11:00:00,1.42686949909,9.12462267579,0.0,7.86094230478,0.0,0.221305492244,0.221305492244,0.221305492244,0.212223271524,0.0483598189856,0.476182943291,0.445397973041
 12/16  12:00:00,1.37992650631,6.55511717057,0.0,5.45127949098,0.0,0.153436956908,0.153436956908,0.153436956908,0.212223271524,0.0483598189856,0.496972028135,0.445534430753
 12/16  13:00:00,1.32383266607,5.25954304167,0.0,4.2786266816,0.0,0.120404373875,0.120404373875,0.120404373875,0.212223271524,0.0483598189856,0.481415945109,0.438029256575
 12/16  14:00:00,1.2757892349,4.52370931228,0.0,3.61838317569,0.0,0.101811178271,0.101811178271,0.101811178271,0.212223271524,0.0483598189856,0.43681890348,0.453176062644
 12/16  15:00:00,1.29857643821,4.61891006716,0.0,3.78404449928,0.0,0.106467760198,0.106467760198,0.106467760198,0.234562596039,0.0534503375,0.402002089622,0.478693654849
 12/16  16:00:00,1.45546877897,5.01326717936,0.0,4.16909240993,0.0,0.117307475659,0.117307475659,0.117307475659,0.323919638512,0.0738123504713,0.411726405573,0.505302908753
 12/16  17:00:00,1.95194463595,6.16920134377,0.0,5.2271032955,0.0,0.147109981964,0.147109981964,0.147109981964,0.580821561563,0.132353206486,0.470575105936,0.59768478
 12/16  18:00:00,2.75163695712,7.38499000102,0.0,6.25233551192,0.0,0.176023746244,0.176023746244,0.176023746244,1.0164376986,0.231618118986,0.578065905983,0.726091487301
 12/16  19:00:00,3.18927645253,7.67317872741,0.0,6.35689336957,0.0,0.179011445297,0.179011445297,0.179011445297,1.34035694,0.305430469457,0.522761393651,0.788316204123
 12/16  20:00:00,2.99352942454,8.27851014538,0.0,6.92336611702,0.0,0.194986890882,0.194986890882,0.194986890882,1.25100029714,0.285068456486,0.425376441419,0.813697338616
 12/16  21:00:00,2.85178702215,8.65392193467,0.0,7.39485633854,0.0,0.208285656005,0.208285656005,0.208285656005,1.13930379611,0.259615925,0.37951047539,0.841671169644
 12/16  22:00:00,2.61902297965,9.45120729732,0.0,8.32485119643,0.0,0.234505699956,0.234505699956,0.234505699956,0.960589450587,0.218891837971,0.359614732068,0.822021259068
 12/16  23:00:00,2.14922616823,9.70432739182,0.0,8.78773825628,0.0,0.247563968522,0.247563968522,0.247563968522,0.714857255563,0.162896256486,0.289154633287,0.71135405437
 12/16  24:00:00,1.7188979251,10.2181735238,0.0,9.53298852215,0.0,0.268555742128,0.268555742128,0.268555742128,0.502633986536,0.1145364375,0.191618322082,0.618153436849
 12/17  01:00:00,1.27749406496,11.250635177,0.0,10.8093125498,0.0,0.304507252015,0.304507252015,0.304507252015,0.256901791512,0.0585408254713,0.122837147866,0.511307048096
 12/17  02:00:00,1.08764077411,10.9311762079,0.0,10.5949987639,0.0,0.298477391165,0.298477391165,0.298477391165,0.156375021012,0.0356335685143,0.102975685881,0.470779107534
 12/17  03:00:00,1.0046542914,11.1700476189,0.0,10.8625861312,0.0,0.306002804329,0.306002804329,0.306002804329,0.100526810211,0.0229072875,0.0864965903205,0.465320799041
 12/17  04:00:00,1.00362727094,11.7344141943,0.0,11.4193170271,0.0,0.321676737183,0.321676737183,0.321676737183,0.100526810211,0.0229072875,0.0763456071944,0.458770828849
 12/17  05:00:00,1.00324156283,11.9348116818,0.0,11.5374750133,0.0,0.325004660683,0.325004660683,0.325004660683,0.100526810211,0.0229072875,0.0899621050554,0.441440699384
 12/17  06:00:00,1.09949062051,12.8188169698,0.0,12.0596114338,0.0,0.339733886041,0.339733886041,0.339733886041,0.111696460064,0.0254525406486,0.106595392246,0.492612341507
 12/17  07:00:00,1.38254159894,12.9552878132,0.0,11.5181531524,0.0,0.324489271679,0.324489271679,0.324489271679,0.234562596039,0.0534503375,0.177474275597,0.569165118123
 12/17  08:00:00,1.89103341547,14.2170114803,0.0,12.5833353527,0.0,0.354525665099,0.354525665099,0.354525665099,0.480294791063,0.109445918986,0.281086459277,0.604780581041
 12/17  09:00:00,1.77316003535,12.1078720645,0.0,10.51786337,0.0,0.296376765355,0.296376765355,0.296376765355,0.469125063036,0.106900675,0.36605048386,0.511307048096
 12/17  10:00:00,1.5230897271,11.9667590859,0.0,10.5254207663,0.0,0.296565920132,0.296565920132,0.296565920132,0.256901791512,0.0585408254713,0.45251754537,0.435163644616
 12/17  11:00:00,1.49146989122,11.4131646037,0.0,10.1477274168,0.0,0.285905884379,0.285905884379,0.285905884379,0.212223271524,0.0483598189856,0.476182943291,0.445397973041
 12/17  12:00:00,1.4479500526,8.96620566399,0.0,7.86120660274,0.0,0.221460503206,0.221460503206,0.221460503206,0.212223271524,0.0483598189856,0.496972028135,0.445534430753
 12/17  13:00:00,1.39736453506,7.86664078018,0.0,6.885116255,0.0,0.193936242869,0.193936242869,0.193936242869,0.212223271524,0.0483598189856,0.481415945109,0.438029256575
 12/17  14:00:00,1.36337210132,7.62964496034,0.0,6.72413545926,0.0,0.189394044688,0.189394044688,0.189394044688,0.212223271524,0.0483598189856,0.43681890348,0.453176062644
 12/17  15:00:00,1.39799047673,8.14395953422,0.0,7.30936934002,0.0,0.205881798715,0.205881798715,0.205881798715,0.234562596039,0.0534503375,0.402002089622,0.478693654849
 12/17  16:00:00,1.5593335758,8.69513559577,0.0,7.85123023104,0.0,0.221172272494,0.221172272494,0.221172272494,0.323919638512,0.0738123504713,0.411726405573,0.505302908753
 12/17  17:00:00,2.04117650933,9.33043534629,0.0,8.38812857448,0.0,0.236341855341,0.236341855341,0.236341855341,0.580821561563,0.132353206486,0.470575105936,0.59768478
 12/17  18:00:00,2.84798331309,10.7977936942,0.0,9.66423674735,0.0,0.272370102218,0.272370102218,0.272370102218,1.0164376986,0.231618118986,0.578065905983,0.726091487301
 12/17  19:00:00,3.27787718571,10.8111875871,0.0,9.49358968877,0.0,0.267612178475,0.267612178475,0.267612178475,1.34035694,0.305430469457,0.522761393651,0.788316204123
 12/17  20:00:00,3.0719206309,11.0528367849,0.0,9.69630564615,0.0,0.273378097236,0.273378097236,0.273378097236,1.25100029714,0.285068456486,0.425376441419,0.813697338616
 12/17  21:00:00,2.91266354962,10.8068982185,0.0,9.54657037826,0.0,0.269162183477,0.269162183477,0.269162183477,1.13930379611,0.259615925,0.37951047539,0.841671169644
 12/17  22:00:00,2.67520309944,11.4372373594,0.0,10.3096889739,0.0,0.290685819745,0.290685819745,0.290685819745,0.960589450587,0.218891837971,0.359614732068,0.822021259068
 12/17  23:00:00,2.20465345473,11.6628064265,0.0,10.7456561403,0.0,0.302991255026,0.302991255026,0.302991255026,0.714857255563,0.162896256486,0.289154633287,0.71135405437
 12/17  24:00:00,1.77496829537,12.1977450547,0.0,11.5125523775,0.0,0.324626112405,0.324626112405,0.324626112405,0.502633986536,0.1145364375,0.191618322082,0.618153436849
 12/18  01:00:00,1.27918780415,11.5539696019,0.0,11.1315151921,0.0,0.313870288104,0.313870288104,0.313870288104,0.256901791512,0.0585408254713,0.115167850971,0.511307048096
 12/18  02:00:00,1.09458117495,11.3222151362,0.0,10.9960787928,0.0,0.310022653403,0.310022653403,0.310022653403,0.156375021012,0.0356335685143,0.0983708244822,0.470779107534
 12/18  03:00:00,1.00905614232,11.4196265211,0.0,11.1195324584,0.0,0.313451100066,0.313451100066,0.313451100066,0.100526810211,0.0229072875,0.0834501454999,0.465320799041
 12/18  04:00:00,0.978571153434,10.8872532233,0.0,10.5799314031,0.0,0.298213591202,0.298213591202,0.298213591202,0.100526810211,0.0229072875,0.0747526356716,0.458770828849
 12/18  05:00:00,0.972173282168,10.9226002012,0.0,10.5403162425,0.0,0.297052728214,0.297052728214,0.297052728214,0.100526810211,0.0229072875,0.0868457568597,0.441440699384
 12/18  06:00:00,1.04862640131,11.1366956781,0.0,10.4207395821,0.0,0.293649141513,0.293649141513,0.293649141513,0.111696460064,0.0254525406486,0.101815917579,0.492612341507
 12/18  07:00:00,1.35292453139,12.2428253219,0.0,10.9051317782,0.0,0.307268634983,0.307268634983,0.307268634983,0.234562596039,0.0534503375,0.165077844744,0.569165118123
 12/18  08:00:00,1.81387298218,12.2315654144,0.0,10.7198216327,0.0,0.302053487242,0.302053487242,0.302053487242,0.480294791063,0.109445918986,0.25639820385,0.604780581041
 12/18  09:00:00,1.71814193419,11.3710032567,0.0,9.90892364797,0.0,0.279202181684,0.279202181684,0.279202181684,0.469125063036,0.106900675,0.32820696637,0.511307048096
 12/18  10:00:00,1.45447732195,11.2784533009,0.0,9.95557436977,0.0,0.280489749605,0.280489749605,0.280489749605,0.256901791512,0.0585408254713,0.39998131075,0.435163644616
 12/18  11:00:00,1.43812566707,11.5282902435,0.0,10.3646340221,0.0,0.29196392748,0.29196392748,0.29196392748,0.212223271524,0.0483598189856,0.416780676038,0.445397973041
 12/18  12:00:00,1.42620551519,10.2849263903,0.0,9.26498169837,0.0,0.260952851678,0.260952851678,0.260952851678,0.212223271524,0.0483598189856,0.435735142253,0.445534430753
 12/18  13:00:00,1.38783997204,9.43715170549,0.0,8.5294967613,0.0,0.240190603423,0.240190603423,0.240190603423,0.212223271524,0.0483598189856,0.425637021538,0.438029256575
 12/18  14:00:00,1.36652923154,9.48602591455,0.0,8.64446052078,0.0,0.243403879332,0.243403879332,0.243403879332,0.212223271524,0.0483598189856,0.385966199058,0.453176062644
 12/18  15:00:00,1.38444114027,9.22944506873,0.0,8.45232768157,0.0,0.237978962969,0.237978962969,0.237978962969,0.234562596039,0.0534503375,0.356355588907,0.478693654849
 12/18  16:00:00,1.53044869156,9.1528314755,0.0,8.36567006921,0.0,0.235522856438,0.235522856438,0.235522856438,0.323919638512,0.0738123504713,0.368490937387,0.505302908753
 12/18  17:00:00,1.99121737562,8.98245532711,0.0,8.1092201911,0.0,0.228286960606,0.228286960606,0.228286960606,0.580821561563,0.132353206486,0.428670866964,0.59768478
 12/18  18:00:00,2.78335228221,9.89622591568,0.0,8.84517986957,0.0,0.248982989775,0.248982989775,0.248982989775,1.0164376986,0.231618118986,0.536821987543,0.726091487301
 12/18  19:00:00,3.18693766495,8.90695418085,0.0,7.69701763595,0.0,0.216701359036,0.216701359036,0.216701359036,1.34035694,0.305430469457,0.482732692333,0.788316204123
 12/18  20:00:00,2.98467155043,9.26570059293,0.0,8.02947765206,0.0,0.226081229856,0.226081229856,0.226081229856,1.25100029714,0.285068456486,0.385424228339,0.813697338616
 12/18  21:00:00,2.83177038119,9.27600864278,0.0,8.13038679141,0.0,0.228933613611,0.228933613611,0.228933613611,1.13930379611,0.259615925,0.338845876819,0.841671169644
 12/18  22:00:00,2.57857334124,9.39826698061,0.0,8.36679550486,0.0,0.235597395123,0.235597395123,0.235597395123,0.960589450587,0.218891837971,0.318073398495,0.822021259068
 12/18  23:00:00,2.11641759097,9.64101747473,0.0,8.79881258276,0.0,0.247764138417,0.247764138417,0.247764138417,0.714857255563,0.162896256486,0.256145886137,0.71135405437
 12/18  24:00:00,1.69438968919,9.95021056918,0.0,9.31083321039,0.0,0.262171492399,0.262171492399,0.262171492399,0.502633986536,0.1145364375,0.173494335907,0.618153436849
 12/19  01:00:00,1.23665341833,10.0616501933,0.0,9.63692673528,0.0,0.271335902279,0.271335902279,0.271335902279,0.256901791512,0.0585408254713,0.115167850971,0.511307048096
 12/19  02:00:00,1.05701709754,10.0047617493,0.0,9.67698975589,0.0,0.272458575998,0.272458575998,0.272458575998,0.156375021012,0.0356335685143,0.0983708244822,0.470779107534
 12/19  03:00:00,0.975155702924,10.2314125969,0.0,9.92982444498,0.0,0.279550660672,0.279550660672,0.279550660672,0.100526810211,0.0229072875,0.0834501454999,0.465320799041
 12/19  04:00:00,0.97104294097,10.6351248209,0.0,10.3263539335,0.0,0.290685378738,0.290685378738,0.290685378738,0.100526810211,0.0229072875,0.0747526356716,0.458770828849
 12/19  05:00:00,0.967530320681,10.7716638262,0.0,10.3881799568,0.0,0.292409766727,0.292409766727,0.292409766727,0.100526810211,0.0229072875,0.0868457568597,0.441440699384
 12/19  06:00:00,1.04301673817,10.9508238601,0.0,10.2329517446,0.0,0.288039478371,0.288039478371,0.288039478371,0.111696460064,0.0254525406486,0.101815917579,0.492612341507
 12/19  07:00:00,1.33010065843,11.4467806764,0.0,10.1055039066,0.0,0.284444762022,0.284444762022,0.284444762022,0.234562596039,0.0534503375,0.165077844744,0.569165118123
 12/19  08:00:00,1.80120368235,11.7972172921,0.0,10.2813687094,0.0,0.289384187407,0.289384187407,0.289384187407,0.480294791063,0.109445918986,0.25639820385,0.604780581041
 12/19  09:00:00,1.73022813022,11.8141841248,0.0,10.3482179411,0.0,0.29128837772,0.29128837772,0.29128837772,0.469125063036,0.106900675,0.32820696637,0.511307048096
 12/19  10:00:00,1.46586312625,11.6947289226,0.0,10.3686143813,0.0,0.291875553904,0.291875553904,0.291875553904,0.256901791512,0.0585408254713,0.39998131075,0.435163644616
 12/19  11:00:00,1.44995633402,11.9587770206,0.0,10.7925245016,0.0,0.303794594434,0.303794594434,0.303794594434,0.212223271524,0.0483598189856,0.416780676038,0.445397973041
 12/19  12:00:00,1.45130775834,11.1842557442,0.0,10.1621925602,0.0,0.28605509482,0.28605509482,0.28605509482,0.212223271524,0.0483598189856,0.435735142253,0.445534430753
 12/19  13:00:00,1.41197553041,10.3005431785,0.0,9.39112061243,0.0,0.264326161787,0.264326161787,0.264326161787,0.212223271524,0.0483598189856,0.425637021538,0.438029256575
 12/19  14:00:00,1.37452324666,9.77577044805,0.0,8.93250113592,0.0,0.251397894447,0.251397894447,0.251397894447,0.212223271524,0.0483598189856,0.385966199058,0.453176062644
 12/19  15:00:00,1.39980965436,9.78120532345,0.0,9.00249495922,0.0,0.253347477061,0.253347477061,0.253347477061,0.234562596039,0.0534503375,0.356355588907,0.478693654849
 12/19  16:00:00,1.55445134824,10.0103864731,0.0,9.22184073086,0.0,0.259525513116,0.259525513116,0.259525513116,0.323919638512,0.0738123504713,0.368490937387,0.505302908753
 12/19  17:00:00,2.01718276636,9.90831537022,0.0,9.03387064391,0.0,0.254252351351,0.254252351351,0.254252351351,0.580821561563,0.132353206486,0.428670866964,0.59768478
 12/19  18:00:00,2.81352679088,10.9697871683,0.0,9.91740131383,0.0,0.279157498452,0.279157498452,0.279157498452,1.0164376986,0.231618118986,0.536821987543,0.726091487301
 12/19  19:00:00,3.22003203769,10.0848043217,0.0,8.87246813222,0.0,0.249795731775,0.249795731775,0.249795731775,1.34035694,0.305430469457,0.482732692333,0.788316204123
 12/19  20:00:00,3.00618838545,10.0320062386,0.0,8.79354409839,0.0,0.247598064869,0.247598064869,0.247598064869,1.25100029714,0.285068456486,0.385424228339,0.813697338616
 12/19  21:00:00,2.85079025191,9.95348425573,0.0,8.80572937946,0.0,0.247953484334,0.247953484334,0.247953484334,1.13930379611,0.259615925,0.338845876819,0.841671169644
 12/19  22:00:00,2.59506588949,9.98586149962,0.0,8.95254659251,0.0,0.252089943367,0.252089943367,0.252089943367,0.960589450587,0.218891837971,0.318073398495,0.822021259068
 12/19  23:00:00,2.12938934651,10.1030454982,0.0,9.25947148953,0.0,0.260735893956,0.260735893956,0.260735893956,0.714857255563,0.162896256486,0.256145886137,0.71135405437
 12/19  24:00:00,1.70912535064,10.4746810729,0.0,9.83444376016,0.0,0.276907153852,0.276907153852,0.276907153852,0.502633986536,0.1145364375,0.173494335907,0.618153436849
 12/20  01:00:00,1.25204887106,10.6090020429,0.0,10.1837832194,0.0,0.286731355013,0.286731355013,0.286731355013,0.256901791512,0.0585408254713,0.115167850971,0.511307048096
 12/20  02:00:00,1.07754273726,10.7348274494,0.0,10.4067853043,0.0,0.292984215722,0.292984215722,0.292984215722,0.156375021012,0.0356335685143,0.0983708244822,0.470779107534
 12/20  03:00:00,0.993926453357,10.8986216235,0.0,10.5969271566,0.0,0.298321411104,0.298321411104,0.298321411104,0.100526810211,0.0229072875,0.0834501454999,0.465320799041
 12/20  04:00:00,0.986273658049,11.176214754,0.0,10.867360287,0.0,0.305916095817,0.305916095817,0.305916095817,0.100526810211,0.0229072875,0.0747526356716,0.458770828849
 12/20  05:00:00,0.988652865983,11.5221071748,0.0,11.1383091601,0.0,0.313532312028,0.313532312028,0.313532312028,0.100526810211,0.0229072875,0.0868457568597,0.441440699384
 12/20  06:00:00,1.07842706936,12.2096133837,0.0,11.4906784719,0.0,0.323449809561,0.323449809561,0.323449809561,0.111696460064,0.0254525406486,0.101815917579,0.492612341507
 12/20  07:00:00,1.35587877608,12.3642730049,0.0,11.0206192736,0.0,0.310222879677,0.310222879677,0.310222879677,0.234562596039,0.0534503375,0.165077844744,0.569165118123
 12/20  08:00:00,1.84951202932,13.5144723131,0.0,11.9955917372,0.0,0.337692534382,0.337692534382,0.337692534382,0.480294791063,0.109445918986,0.25639820385,0.604780581041
 12/20  09:00:00,1.76005834868,12.8749610181,0.0,11.4063773834,0.0,0.321118596174,0.321118596174,0.321118596174,0.469125063036,0.106900675,0.32820696637,0.511307048096
 12/20  10:00:00,1.49823497146,12.8432477323,0.0,11.5147383226,0.0,0.324247399115,0.324247399115,0.324247399115,0.256901791512,0.0585408254713,0.39998131075,0.435163644616
 12/20  11:00:00,1.46637423035,12.5396918725,0.0,11.3713187108,0.0,0.320212490765,0.320212490765,0.320212490765,0.212223271524,0.0483598189856,0.416780676038,0.445397973041
 12/20  12:00:00,1.46309110046,11.6004303613,0.0,10.5765705947,0.0,0.297838436944,0.297838436944,0.297838436944,0.212223271524,0.0483598189856,0.435735142253,0.445534430753
 12/20  13:00:00,1.45571744344,11.8514360561,0.0,10.9406125592,0.0,0.308068074819,0.308068074819,0.308068074819,0.212223271524,0.0483598189856,0.425637021538,0.438029256575
 12/20  14:00:00,1.40772751195,10.95160828,0.0,10.1075109506,0.0,0.284602159737,0.284602159737,0.284602159737,0.212223271524,0.0483598189856,0.385966199058,0.453176062644
 12/20  15:00:00,1.43749240852,11.1151711796,0.0,10.3356919757,0.0,0.291030231225,0.291030231225,0.291030231225,0.234562596039,0.0534503375,0.356355588907,0.478693654849
 12/20  16:00:00,1.54011739682,9.4993159724,0.0,8.70939654888,0.0,0.245191561697,0.245191561697,0.245191561697,0.323919638512,0.0738123504713,0.368490937387,0.505302908753
 12/20  17:00:00,2.00602340664,9.51230030397,0.0,8.63571115545,0.0,0.243092991625,0.243092991625,0.243092991625,0.580821561563,0.132353206486,0.428670866964,0.59768478
 12/20  18:00:00,2.78556352719,9.97846396709,0.0,8.9232213138,0.0,0.251194234759,0.251194234759,0.251194234759,1.0164376986,0.231618118986,0.536821987543,0.726091487301
 12/20  19:00:00,3.20453708852,9.53632647095,0.0,8.3214716691,0.0,0.23430078261,0.23430078261,0.23430078261,1.34035694,0.305430469457,0.482732692333,0.788316204123
 12/20  20:00:00,2.99634693867,9.68392101006,0.0,8.44276098049,0.0,0.237756618089,0.237756618089,0.237756618089,1.25100029714,0.285068456486,0.385424228339,0.813697338616
 12/20  21:00:00,2.84307316998,9.68052862672,0.0,8.53024243257,0.0,0.240236402401,0.240236402401,0.240236402401,1.13930379611,0.259615925,0.338845876819,0.841671169644
 12/20  22:00:00,2.58307882762,9.56101965594,0.0,8.52546384363,0.0,0.240102881496,0.240102881496,0.240102881496,0.960589450587,0.218891837971,0.318073398495,0.822021259068
 12/20  23:00:00,2.11963298111,9.75686816562,0.0,8.91147825221,0.0,0.250979528558,0.250979528558,0.250979528558,0.714857255563,0.162896256486,0.256145886137,0.71135405437
 12/20  24:00:00,1.68279466326,9.53888006653,0.0,8.89739003338,0.0,0.250576466467,0.250576466467,0.250576466467,0.502633986536,0.1145364375,0.173494335907,0.618153436849
 12/21  01:00:00,1.22002575509,9.47091696466,0.0,9.04481375185,0.0,0.254708239044,0.254708239044,0.254708239044,0.256901791512,0.0585408254713,0.115167850971,0.511307048096
 12/21  02:00:00,1.02981569886,9.03917653766,0.0,8.71035704623,0.0,0.245257177315,0.245257177315,0.245257177315,0.156375021012,0.0356335685143,0.0983708244822,0.470779107534
 12/21  03:00:00,0.948533508351,9.28697828885,0.0,8.98425208533,0.0,0.252928466099,0.252928466099,0.252928466099,0.100526810211,0.0229072875,0.0834501454999,0.465320799041
 12/21  04:00:00,0.961112035881,10.2849660122,0.0,9.97510982182,0.0,0.280754473648,0.280754473648,0.280754473648,0.100526810211,0.0229072875,0.0747526356716,0.458770828849
 12/21  05:00:00,0.96076093563,10.5335313981,0.0,10.148649267,0.0,0.285640381675,0.285640381675,0.285640381675,0.100526810211,0.0229072875,0.0868457568597,0.441440699384
 12/21  06:00:00,1.04016844987,10.8536669404,0.0,10.132809771,0.0,0.285191190068,0.285191190068,0.285191190068,0.111696460064,0.0254525406486,0.101815917579,0.492612341507
 12/21  07:00:00,1.3515204646,12.2146563313,0.0,10.8675843461,0.0,0.305864568189,0.305864568189,0.305864568189,0.234562596039,0.0534503375,0.165077844744,0.569165118123
 12/21  08:00:00,1.78984326374,11.3998007678,0.0,9.87752606926,0.0,0.2780237688,0.2780237688,0.2780237688,0.480294791063,0.109445918986,0.25639820385,0.604780581041
 12/21  09:00:00,1.72033748405,11.4698477594,0.0,9.99708712735,0.0,0.281397731544,0.281397731544,0.281397731544,0.469125063036,0.106900675,0.32820696637,0.511307048096
 12/21  10:00:00,1.45576625483,11.3432077562,0.0,10.0109608152,0.0,0.281778682482,0.281778682482,0.281778682482,0.256901791512,0.0585408254713,0.39998131075,0.435163644616
 12/21  11:00:00,1.44071211919,11.6368187026,0.0,10.4652302091,0.0,0.294550379597,0.294550379597,0.294550379597,0.212223271524,0.0483598189856,0.416780676038,0.445397973041
 12/21  12:00:00,1.44076855262,10.8158008035,0.0,9.78904590564,0.0,0.2755158891,0.2755158891,0.2755158891,0.212223271524,0.0483598189856,0.435735142253,0.445534430753
 12/21  13:00:00,1.41299222015,10.3416655808,0.0,9.42821857999,0.0,0.265342851528,0.265342851528,0.265342851528,0.212223271524,0.0483598189856,0.425637021538,0.438029256575
 12/21  14:00:00,1.38381085621,10.1098381151,0.0,9.2631177907,0.0,0.260685503999,0.260685503999,0.260685503999,0.212223271524,0.0483598189856,0.385966199058,0.453176062644
 12/21  15:00:00,1.42540796013,10.693825279,0.0,9.91223003346,0.0,0.278945782832,0.278945782832,0.278945782832,0.234562596039,0.0534503375,0.356355588907,0.478693654849
 12/21  16:00:00,1.57293821255,10.6696509318,0.0,9.87833106464,0.0,0.278012377423,0.278012377423,0.278012377423,0.323919638512,0.0738123504713,0.368490937387,0.505302908753
 12/21  17:00:00,2.05315254894,11.1876804887,0.0,10.3101260375,0.0,0.290222133925,0.290222133925,0.290222133925,0.580821561563,0.132353206486,0.428670866964,0.59768478
 12/21  18:00:00,2.83312147774,11.667612954,0.0,10.6111380927,0.0,0.298752185304,0.298752185304,0.298752185304,1.0164376986,0.231618118986,0.536821987543,0.726091487301
 12/21  19:00:00,3.24556356983,10.9930735833,0.0,9.77647257147,0.0,0.275327263919,0.275327263919,0.275327263919,1.34035694,0.305430469457,0.482732692333,0.788316204123
 12/21  20:00:00,3.04009085019,11.23675872,0.0,9.9938549219,0.0,0.281500529607,0.281500529607,0.281500529607,1.25100029714,0.285068456486,0.385424228339,0.813697338616
 12/21  21:00:00,2.91742084868,12.3187619818,0.0,11.167164985,0.0,0.314584081101,0.314584081101,0.314584081101,1.13930379611,0.259615925,0.338845876819,0.841671169644
 12/21  22:00:00,2.69021836461,13.3593070158,0.0,12.3232267895,0.0,0.347242418488,0.347242418488,0.347242418488,0.960589450587,0.218891837971,0.318073398495,0.822021259068
 12/21  23:00:00,2.214584533,13.1195178671,0.0,12.2742032526,0.0,0.345931080443,0.345931080443,0.345931080443,0.714857255563,0.162896256486,0.256145886137,0.71135405437
 12/21  24:00:00,1.78886508977,13.2949275073,0.0,12.6540724342,0.0,0.356646892974,0.356646892974,0.356646892974,0.502633986536,0.1145364375,0.173494335907,0.618153436849
 12/22  01:00:00,1.31392422536,13.9289840662,0.0,13.6922941675,0.0,0.385931557327,0.385931557327,0.385931557327,0.256901791512,0.0585408254713,0.0778430029501,0.511307048096
 12/22  02:00:00,1.16381129678,14.4665116962,0.0,14.2326351698,0.0,0.401195962429,0.401195962429,0.401195962429,0.156375021012,0.0356335685143,0.0764276372866,0.470779107534
 12/22  03:00:00,1.09513135379,14.924554668,0.0,14.6910673419,0.0,0.414160015906,0.414160015906,0.414160015906,0.100526810211,0.0229072875,0.0688164411345,0.465320799041
 12/22  04:00:00,1.0910387999,15.0752275745,0.0,14.8422152218,0.0,0.418477156859,0.418477156859,0.418477156859,0.100526810211,0.0229072875,0.0669567164835,0.458770828849
 12/22  05:00:00,1.11121910473,16.214716735,0.0,15.9830337074,0.0,0.450713394114,0.450713394114,0.450713394114,0.100526810211,0.0229072875,0.0722309135167,0.441440699384
 12/22  06:00:00,1.17743198186,16.0425360837,0.0,15.8076837523,0.0,0.445844986734,0.445844986734,0.445844986734,0.111696460064,0.0254525406486,0.0784256529087,0.492612341507
 12/22  07:00:00,1.42851048601,15.9208877,0.0,15.6806405877,0.0,0.442338178246,0.442338178246,0.442338178246,0.234562596039,0.0534503375,0.105594256106,0.569165118123
 12/22  08:00:00,1.8386832577,15.9587726156,0.0,15.7162132192,0.0,0.443366276719,0.443366276719,0.443366276719,0.480294791063,0.109445918986,0.139895689891,0.604780581041
 12/22  09:00:00,1.63349423756,13.5353161472,0.0,13.2991829834,0.0,0.375272114218,0.375272114218,0.375272114218,0.469125063036,0.106900675,0.147489337206,0.511307048096
 12/22  10:00:00,1.31217036295,13.9131705491,0.0,13.6816263778,0.0,0.385998770708,0.385998770708,0.385998770708,0.256901791512,0.0585408254713,0.152165330641,0.435163644616
 12/22  11:00:00,1.2419428463,13.443057027,0.0,13.2105107085,0.0,0.372666092856,0.372666092856,0.372666092856,0.212223271524,0.0483598189856,0.139895689891,0.445397973041
 12/22  12:00:00,1.25179979166,13.3485399991,0.0,13.1158527747,0.0,0.36997955289,0.36997955289,0.36997955289,0.212223271524,0.0483598189856,0.152302717512,0.445534430753
 12/22  13:00:00,1.25741376281,13.2582770999,0.0,13.0260403274,0.0,0.367433038015,0.367433038015,0.367433038015,0.212223271524,0.0483598189856,0.167968377707,0.438029256575
 12/22  14:00:00,1.20787523556,11.6284546855,0.0,11.3946210771,0.0,0.321367020545,0.321367020545,0.321367020545,0.212223271524,0.0483598189856,0.149349061857,0.453176062644
 12/22  15:00:00,1.26694822378,12.0131110324,0.0,11.7774269613,0.0,0.332134560393,0.332134560393,0.332134560393,0.234562596039,0.0534503375,0.144707074999,0.478693654849
 12/22  16:00:00,1.43070705052,12.1626768248,0.0,11.9253306252,0.0,0.336303775081,0.336303775081,0.336303775081,0.323919638512,0.0738123504713,0.167968377707,0.505302908753
 12/22  17:00:00,1.9281839939,13.0125144283,0.0,12.7693334257,0.0,0.360151016424,0.360151016424,0.360151016424,0.580821561563,0.132353206486,0.23377342943,0.59768478
 12/22  18:00:00,2.734158794,14.2183725917,0.0,13.9676127573,0.0,0.39406135769,0.39406135769,0.39406135769,1.0164376986,0.231618118986,0.342550131417,0.726091487301
 12/22  19:00:00,3.15262220887,13.6698217386,0.0,13.4150752555,0.0,0.378546249459,0.378546249459,0.378546249459,1.34035694,0.305430469457,0.286572345834,0.788316204123
 12/22  20:00:00,2.92036267063,13.0914073038,0.0,12.8355384622,0.0,0.362252550314,0.362252550314,0.362252550314,1.25100029714,0.285068456486,0.184944028075,0.813697338616
 12/22  21:00:00,2.77023289615,13.2626757501,0.0,13.0046686007,0.0,0.367068347527,0.367068347527,0.367068347527,1.13930379611,0.259615925,0.139173657865,0.841671169644
 12/22  22:00:00,2.49564091847,12.7122070351,0.0,12.4556485846,0.0,0.351599394496,0.351599394496,0.351599394496,0.960589450587,0.218891837971,0.119138976352,0.822021259068
 12/22  23:00:00,2.10894164029,14.3011292322,0.0,14.0522760669,0.0,0.396698659951,0.396698659951,0.396698659951,0.714857255563,0.162896256486,0.0997354139171,0.71135405437
 12/22  24:00:00,1.731635966,13.9339819472,0.0,13.691476552,0.0,0.386537363651,0.386537363651,0.386537363651,0.502633986536,0.1145364375,0.086374741461,0.618153436849
 12/23  01:00:00,1.32019350604,14.1283612127,0.0,13.8929152418,0.0,0.39220083801,0.39220083801,0.39220083801,0.256901791512,0.0585408254713,0.0778430029501,0.511307048096
 12/23  02:00:00,1.17569991192,14.8657363183,0.0,14.6327469732,0.0,0.413084577572,0.413084577572,0.413084577572,0.156375021012,0.0356335685143,0.0764276372866,0.470779107534
 12/23  03:00:00,1.08807452811,14.6537641906,0.0,14.4210320303,0.0,0.407103190222,0.407103190222,0.407103190222,0.100526810211,0.0229072875,0.0688164411345,0.465320799041
 12/23  04:00:00,1.07460932437,14.4744264311,0.0,14.2418299349,0.0,0.402047681326,0.402047681326,0.402047681326,0.100526810211,0.0229072875,0.0669567164835,0.458770828849
 12/23  05:00:00,1.06253794009,14.4728497006,0.0,14.2413666191,0.0,0.402032229481,0.402032229481,0.402032229481,0.100526810211,0.0229072875,0.0722309135167,0.441440699384
 12/23  06:00:00,1.10626033747,13.5068390226,0.0,13.2715633995,0.0,0.374673342346,0.374673342346,0.374673342346,0.111696460064,0.0254525406486,0.0784256529087,0.492612341507
 12/23  07:00:00,1.37274327994,13.9342811252,0.0,13.6936306681,0.0,0.386570972171,0.386570972171,0.386570972171,0.234562596039,0.0534503375,0.105594256106,0.569165118123
 12/23  08:00:00,1.74827983416,12.7455494054,0.0,12.5024555524,0.0,0.352962853178,0.352962853178,0.352962853178,0.480294791063,0.109445918986,0.139895689891,0.604780581041
 12/23  09:00:00,1.60708993329,12.5940043633,0.0,12.3571887755,0.0,0.348867809954,0.348867809954,0.348867809954,0.469125063036,0.106900675,0.147489337206,0.511307048096
 12/23  10:00:00,1.24759742882,11.6179658633,0.0,11.3859022767,0.0,0.321425836575,0.321425836575,0.321425836575,0.256901791512,0.0585408254713,0.152165330641,0.435163644616
 12/23  11:00:00,1.18778563213,11.5177121507,0.0,11.2845286029,0.0,0.318508878691,0.318508878691,0.318508878691,0.212223271524,0.0483598189856,0.139895689891,0.445397973041
 12/23  12:00:00,1.16408320113,10.2351299355,0.0,10.0013963047,0.0,0.282262962359,0.282262962359,0.282262962359,0.212223271524,0.0483598189856,0.152302717512,0.445534430753
 12/23  13:00:00,1.13557110404,8.93704725486,0.0,8.70321733893,0.0,0.245590379248,0.245590379248,0.245590379248,0.212223271524,0.0483598189856,0.167968377707,0.438029256575
 12/23  14:00:00,1.11004444993,8.15779765542,0.0,7.92261639509,0.0,0.223536234918,0.223536234918,0.223536234918,0.212223271524,0.0483598189856,0.149349061857,0.453176062644
 12/23  15:00:00,1.14946603093,7.84534149807,0.0,7.6082642504,0.0,0.214652367538,0.214652367538,0.214652367538,0.234562596039,0.0534503375,0.144707074999,0.478693654849
 12/23  16:00:00,1.31953244856,8.21875590275,0.0,7.97979480982,0.0,0.225129173117,0.225129173117,0.225129173117,0.323919638512,0.0738123504713,0.167968377707,0.505302908753
 12/23  17:00:00,1.76740653522,7.31139871889,0.0,7.06639891744,0.0,0.199373557746,0.199373557746,0.199373557746,0.580821561563,0.132353206486,0.23377342943,0.59768478
 12/23  18:00:00,2.57163691637,8.45827746615,0.0,8.20517583736,0.0,0.23153948006,0.23153948006,0.23153948006,1.0164376986,0.231618118986,0.342550131417,0.726091487301
 12/23  19:00:00,2.98447176091,7.71186680558,0.0,7.4548038085,0.0,0.210395801492,0.210395801492,0.210395801492,1.34035694,0.305430469457,0.286572345834,0.788316204123
 12/23  20:00:00,2.77752599056,8.03263407311,0.0,7.77399445542,0.0,0.219415870248,0.219415870248,0.219415870248,1.25100029714,0.285068456486,0.184944028075,0.813697338616
 12/23  21:00:00,2.63156118237,8.35217635245,0.0,8.09190129064,0.0,0.228396633752,0.228396633752,0.228396633752,1.13930379611,0.259615925,0.139173657865,0.841671169644
 12/23  22:00:00,2.38532937044,8.80666249676,0.0,8.54792764791,0.0,0.241287846465,0.241287846465,0.241287846465,0.960589450587,0.218891837971,0.119138976352,0.822021259068
 12/23  23:00:00,1.95446204642,8.83165046386,0.0,8.58060427645,0.0,0.242219066086,0.242219066086,0.242219066086,0.714857255563,0.162896256486,0.0997354139171,0.71135405437
 12/23  24:00:00,1.599261821,9.24864053941,0.0,9.00368997141,0.0,0.254163218656,0.254163218656,0.254163218656,0.502633986536,0.1145364375,0.086374741461,0.618153436849
 12/24  01:00:00,1.20062594554,9.89780441046,0.0,9.65986338047,0.0,0.272633277509,0.272633277509,0.272633277509,0.256901791512,0.0585408254713,0.0778430029501,0.511307048096
 12/24  02:00:00,1.04135463885,10.1127933336,0.0,9.87745080548,0.0,0.278739304505,0.278739304505,0.278739304505,0.156375021012,0.0356335685143,0.0764276372866,0.470779107534
 12/24  03:00:00,0.962309731997,10.2055115954,0.0,9.97034877968,0.0,0.28133839411,0.28133839411,0.28133839411,0.100526810211,0.0229072875,0.0688164411345,0.465320799041
 12/24  04:00:00,0.954452887666,10.2257047519,0.0,9.99080550857,0.0,0.281891244622,0.281891244622,0.281891244622,0.100526810211,0.0229072875,0.0669567164835,0.458770828849
 12/24  05:00:00,0.958369848991,10.7921019241,0.0,10.5581877259,0.0,0.29786413838,0.29786413838,0.29786413838,0.100526810211,0.0229072875,0.0722309135167,0.441440699384
 12/24  06:00:00,1.03713770586,11.0693606214,0.0,10.8319986584,0.0,0.30555071073,0.30555071073,0.30555071073,0.111696460064,0.0254525406486,0.0784256529087,0.492612341507
 12/24  07:00:00,1.28078747342,10.6871077708,0.0,10.444563801,0.0,0.294615165656,0.294615165656,0.294615165656,0.234562596039,0.0534503375,0.105594256106,0.569165118123
 12/24  08:00:00,1.72233717141,11.838469047,0.0,11.5934391684,0.0,0.327020190428,0.327020190428,0.327020190428,0.480294791063,0.109445918986,0.139895689891,0.604780581041
 12/24  09:00:00,1.55102025254,10.6184884166,0.0,10.3805727793,0.0,0.292798129198,0.292798129198,0.292798129198,0.469125063036,0.106900675,0.147489337206,0.511307048096
 12/24  10:00:00,1.20053968717,9.95981398919,0.0,9.72651638556,0.0,0.274368094926,0.274368094926,0.274368094926,0.256901791512,0.0585408254713,0.152165330641,0.435163644616
 12/24  11:00:00,1.13563532943,9.678894664,0.0,9.4445049096,0.0,0.266358575986,0.266358575986,0.266358575986,0.212223271524,0.0483598189856,0.139895689891,0.445397973041
 12/24  12:00:00,1.11076285612,8.35412501931,0.0,8.11916482537,0.0,0.228942617347,0.228942617347,0.228942617347,0.212223271524,0.0483598189856,0.152302717512,0.445534430753
 12/24  13:00:00,1.08318483143,7.08840876086,0.0,6.85335072448,0.0,0.193204106636,0.193204106636,0.193204106636,0.212223271524,0.0483598189856,0.167968377707,0.438029256575
 12/24  14:00:00,1.07744839444,7.01020327321,0.0,6.77385976535,0.0,0.190940179432,0.190940179432,0.190940179432,0.212223271524,0.0483598189856,0.149349061857,0.453176062644
 12/24  15:00:00,1.11345776073,6.57622725244,0.0,6.33797834666,0.0,0.178644097346,0.178644097346,0.178644097346,0.234562596039,0.0534503375,0.144707074999,0.478693654849
 12/24  16:00:00,1.27003433099,6.47193075611,0.0,6.23160027572,0.0,0.17563105555,0.17563105555,0.17563105555,0.323919638512,0.0738123504713,0.167968377707,0.505302908753
 12/24  17:00:00,1.74020817437,6.35618858893,0.0,6.10957495364,0.0,0.172175196895,0.172175196895,0.172175196895,0.580821561563,0.132353206486,0.23377342943,0.59768478
 12/24  18:00:00,2.55157041769,7.75675355977,0.0,7.50237885411,0.0,0.211472981381,0.211472981381,0.211472981381,1.0164376986,0.231618118986,0.342550131417,0.726091487301
 12/24  19:00:00,2.96824996954,7.14626252833,0.0,6.88790679653,0.0,0.194174010128,0.194174010128,0.194174010128,1.34035694,0.305430469457,0.286572345834,0.788316204123
 12/24  20:00:00,2.75249305004,7.15451997533,0.0,6.89475640513,0.0,0.194382929727,0.194382929727,0.194382929727,1.25100029714,0.285068456486,0.184944028075,0.813697338616
 12/24  21:00:00,2.59649073724,7.1185170393,0.0,6.85696316641,0.0,0.193326188616,0.193326188616,0.193326188616,1.13930379611,0.259615925,0.139173657865,0.841671169644
 12/24  22:00:00,2.34411642079,7.35642007343,0.0,7.09634400094,0.0,0.200074896811,0.200074896811,0.200074896811,0.960589450587,0.218891837971,0.119138976352,0.822021259068
 12/24  23:00:00,1.92244099828,7.70815376951,0.0,7.45560322953,0.0,0.210198017943,0.210198017943,0.210198017943,0.714857255563,0.162896256486,0.0997354139171,0.71135405437
 12/24  24:00:00,1.55837036119,7.81169589246,0.0,7.56548796891,0.0,0.21327175884,0.21327175884,0.21327175884,0.502633986536,0.1145364375,0.086374741461,0.618153436849
 12/25  01:00:00,1.16281568887,8.56997461663,0.0,8.33084781227,0.0,0.234823020839,0.234823020839,0.234823020839,0.256901791512,0.0585408254713,0.0778430029501,0.511307048096
 12/25  02:00:00,0.984406248435,8.10660563758,0.0,7.8700858937,0.0,0.221790914088,0.221790914088,0.221790914088,0.156375021012,0.0356335685143,0.0764276372866,0.470779107534
 12/25  03:00:00,0.90341752474,8.13179575658,0.0,7.89515618469,0.0,0.222446186853,0.222446186853,0.222446186853,0.100526810211,0.0229072875,0.0688164411345,0.465320799041
 12/25  04:00:00,0.98333622619,11.2696067741,0.0,11.0340273638,0.0,0.310774583146,0.310774583146,0.310774583146,0.100526810211,0.0229072875,0.0669567164835,0.458770828849
 12/25  05:00:00,0.990470363087,11.9480834088,0.0,11.7140928266,0.0,0.329964652475,0.329964652475,0.329964652475,0.100526810211,0.0229072875,0.0722309135167,0.441440699384
 12/25  06:00:00,1.07481305277,12.4205487418,0.0,12.1834390737,0.0,0.343226057645,0.343226057645,0.343226057645,0.111696460064,0.0254525406486,0.0784256529087,0.492612341507
 12/25  07:00:00,1.35260837864,13.2464691029,0.0,13.0045382112,0.0,0.366436070871,0.366436070871,0.366436070871,0.234562596039,0.0534503375,0.105594256106,0.569165118123
 12/25  08:00:00,1.72394422188,11.9056052306,0.0,11.6612522383,0.0,0.328627240895,0.328627240895,0.328627240895,0.480294791063,0.109445918986,0.139895689891,0.604780581041
 12/25  09:00:00,1.62849881033,13.3744773446,0.0,13.1369873564,0.0,0.370276686996,0.370276686996,0.370276686996,0.469125063036,0.106900675,0.147489337206,0.511307048096
 12/25  10:00:00,1.29144312303,13.1896291231,0.0,12.9573786994,0.0,0.365271530787,0.365271530787,0.365271530787,0.256901791512,0.0585408254713,0.152165330641,0.435163644616
 12/25  11:00:00,1.23614879152,13.2469674791,0.0,13.0138932776,0.0,0.366872038078,0.366872038078,0.366872038078,0.212223271524,0.0483598189856,0.139895689891,0.445397973041
 12/25  12:00:00,1.29490813406,14.8859402374,0.0,14.6528504689,0.0,0.413087895282,0.413087895282,0.413087895282,0.212223271524,0.0483598189856,0.152302717512,0.445534430753
 12/25  13:00:00,1.25546930279,13.1962139558,0.0,12.964281384,0.0,0.365488578001,0.365488578001,0.365488578001,0.212223271524,0.0483598189856,0.167968377707,0.438029256575
 12/25  14:00:00,1.25734463581,13.3834391929,0.0,13.1500693708,0.0,0.370836420801,0.370836420801,0.370836420801,0.212223271524,0.0483598189856,0.149349061857,0.453176062644
 12/25  15:00:00,1.32980716184,14.2415808708,0.0,14.0063941927,0.0,0.39499349845,0.39499349845,0.39499349845,0.234562596039,0.0534503375,0.144707074999,0.478693654849
 12/25  16:00:00,1.48992166825,14.2562245442,0.0,14.0198022956,0.0,0.395518392808,0.395518392808,0.395518392808,0.323919638512,0.0738123504713,0.167968377707,0.505302908753
 12/25  17:00:00,1.98701867494,15.0886468112,0.0,14.8465504732,0.0,0.41898569746,0.41898569746,0.41898569746,0.580821561563,0.132353206486,0.23377342943,0.59768478
 12/25  18:00:00,2.79925787131,16.5135780269,0.0,16.263761841,0.0,0.459160435008,0.459160435008,0.459160435008,1.0164376986,0.231618118986,0.342550131417,0.726091487301
 12/25  19:00:00,3.2188933272,16.0039919272,0.0,15.7505527076,0.0,0.444817367784,0.444817367784,0.444817367784,1.34035694,0.305430469457,0.286572345834,0.788316204123
 12/25  20:00:00,3.02155267082,16.6590170897,0.0,16.4045262732,0.0,0.463442550502,0.463442550502,0.463442550502,1.25100029714,0.285068456486,0.184944028075,0.813697338616
 12/25  21:00:00,2.90165025141,17.896264937,0.0,17.6402767037,0.0,0.498485702786,0.498485702786,0.498485702786,1.13930379611,0.259615925,0.139173657865,0.841671169644
 12/25  22:00:00,2.63952813199,17.7830455816,0.0,17.5288457604,0.0,0.495486608012,0.495486608012,0.495486608012,0.960589450587,0.218891837971,0.119138976352,0.822021259068
 12/25  23:00:00,2.23956843313,18.8970783294,0.0,18.6505558226,0.0,0.527325452799,0.527325452799,0.527325452799,0.714857255563,0.162896256486,0.0997354139171,0.71135405437
 12/25  24:00:00,1.89891049097,19.8220266511,0.0,19.582105961,0.0,0.553811888627,0.553811888627,0.553811888627,0.502633986536,0.1145364375,0.086374741461,0.618153436849
 12/26  01:00:00,1.51840631914,19.9749179768,0.0,19.5530216706,0.0,0.55308880309,0.55308880309,0.55308880309,0.256901791512,0.0585408254713,0.115167850971,0.511307048096
 12/26  02:00:00,1.38432293265,21.5266428518,0.0,21.2029651555,0.0,0.599764411111,0.599764411111,0.599764411111,0.156375021012,0.0356335685143,0.0983708244822,0.470779107534
 12/26  03:00:00,1.29414559368,21.4523668077,0.0,21.1558679974,0.0,0.598540551429,0.598540551429,0.598540551429,0.100526810211,0.0229072875,0.0834501454999,0.465320799041
 12/26  04:00:00,1.28380859056,21.6294099887,0.0,21.3256250731,0.0,0.603451028325,0.603451028325,0.603451028325,0.100526810211,0.0229072875,0.0747526356716,0.458770828849
 12/26  05:00:00,1.2903870773,22.1200129884,0.0,21.7403019771,0.0,0.615266523342,0.615266523342,0.615266523342,0.100526810211,0.0229072875,0.0868457568597,0.441440699384
 12/26  06:00:00,1.36968900551,22.4379493643,0.0,21.7185011632,0.0,0.614711745706,0.614711745706,0.614711745706,0.111696460064,0.0254525406486,0.101815917579,0.492612341507
 12/26  07:00:00,1.6551899892,22.8867374118,0.0,21.5336459355,0.0,0.609534092794,0.609534092794,0.609534092794,0.234562596039,0.0534503375,0.165077844744,0.569165118123
 12/26  08:00:00,2.15701946607,24.3230397897,0.0,22.7922405943,0.0,0.64519997113,0.64519997113,0.64519997113,0.480294791063,0.109445918986,0.25639820385,0.604780581041
 12/26  09:00:00,2.04862448858,23.0141940426,0.0,21.5343370756,0.0,0.609684736079,0.609684736079,0.609684736079,0.469125063036,0.106900675,0.32820696637,0.511307048096
 12/26  10:00:00,1.73422262447,21.1192657946,0.0,19.7808552493,0.0,0.560235052123,0.560235052123,0.560235052123,0.256901791512,0.0585408254713,0.39998131075,0.435163644616
 12/26  11:00:00,1.67204436849,19.7479391102,0.0,18.5714833419,0.0,0.525882628903,0.525882628903,0.525882628903,0.212223271524,0.0483598189856,0.416780676038,0.445397973041
 12/26  12:00:00,1.6668034367,18.7431591177,0.0,17.7131595397,0.0,0.501550773186,0.501550773186,0.501550773186,0.212223271524,0.0483598189856,0.435735142253,0.445534430753
 12/26  13:00:00,1.60058008384,16.9123000354,0.0,15.9966948141,0.0,0.452930715217,0.452930715217,0.452930715217,0.212223271524,0.0483598189856,0.425637021538,0.438029256575
 12/26  14:00:00,1.5724226715,16.7166836094,0.0,15.8687035864,0.0,0.449297319292,0.449297319292,0.449297319292,0.212223271524,0.0483598189856,0.385966199058,0.453176062644
 12/26  15:00:00,1.60399707716,16.941381921,0.0,16.1593064826,0.0,0.457534899859,0.457534899859,0.457534899859,0.234562596039,0.0534503375,0.356355588907,0.478693654849
 12/26  16:00:00,1.73389700726,16.2938245018,0.0,15.50192502,0.0,0.438971172134,0.438971172134,0.438971172134,0.323919638512,0.0738123504713,0.368490937387,0.505302908753
 12/26  17:00:00,2.220453768,17.033654326,0.0,16.154362798,0.0,0.457523352988,0.457523352988,0.457523352988,0.580821561563,0.132353206486,0.428670866964,0.59768478
 12/26  18:00:00,3.02020889463,18.2093267212,0.0,17.1494926119,0.0,0.485839602199,0.485839602199,0.485839602199,1.0164376986,0.231618118986,0.536821987543,0.726091487301
 12/26  19:00:00,3.43834139094,17.742164248,0.0,16.5199467766,0.0,0.468105085031,0.468105085031,0.468105085031,1.34035694,0.305430469457,0.482732692333,0.788316204123
 12/26  20:00:00,3.23569283613,18.0835570079,0.0,16.8348635911,0.0,0.477102515552,0.477102515552,0.477102515552,1.25100029714,0.285068456486,0.385424228339,0.813697338616
 12/26  21:00:00,3.1130611342,19.1579230439,0.0,18.0018477888,0.0,0.510224366625,0.510224366625,0.510224366625,1.13930379611,0.259615925,0.338845876819,0.841671169644
 12/26  22:00:00,2.86196242604,19.3474035064,0.0,18.3077990924,0.0,0.518986479922,0.518986479922,0.518986479922,0.960589450587,0.218891837971,0.318073398495,0.822021259068
 12/26  23:00:00,2.39387701214,19.3741299542,0.0,18.5274173346,0.0,0.525223559589,0.525223559589,0.525223559589,0.714857255563,0.162896256486,0.256145886137,0.71135405437
 12/26  24:00:00,1.97378093316,19.7434351573,0.0,19.103508505,0.0,0.541562736368,0.541562736368,0.541562736368,0.502633986536,0.1145364375,0.173494335907,0.618153436849
 12/27  01:00:00,1.54802561085,20.977544954,0.0,20.556273975,0.0,0.582708094797,0.582708094797,0.582708094797,0.256901791512,0.0585408254713,0.115167850971,0.511307048096
 12/27  02:00:00,1.36840373416,20.9179327133,0.0,20.5958000531,0.0,0.583845212621,0.583845212621,0.583845212621,0.156375021012,0.0356335685143,0.0983708244822,0.470779107534
 12/27  03:00:00,1.27581606019,20.7623840827,0.0,20.4670743581,0.0,0.580211017937,0.580211017937,0.580211017937,0.100526810211,0.0229072875,0.0834501454999,0.465320799041
 12/27  04:00:00,1.25449093477,20.556309832,0.0,20.253587283,0.0,0.574133372536,0.574133372536,0.574133372536,0.100526810211,0.0229072875,0.0747526356716,0.458770828849
 12/27  05:00:00,1.26548181215,21.2063722373,0.0,20.8272704846,0.0,0.590361258195,0.590361258195,0.590361258195,0.100526810211,0.0229072875,0.0868457568597,0.441440699384
 12/27  06:00:00,1.31413337739,20.4469147109,0.0,19.727308711,0.0,0.559156117596,0.559156117596,0.559156117596,0.111696460064,0.0254525406486,0.101815917579,0.492612341507
 12/27  07:00:00,1.60599561143,21.1233073206,0.0,19.7682849836,0.0,0.560339715027,0.560339715027,0.560339715027,0.234562596039,0.0534503375,0.165077844744,0.569165118123
 12/27  08:00:00,2.0807925821,21.6078545688,0.0,20.0746083352,0.0,0.568973087162,0.568973087162,0.568973087162,0.480294791063,0.109445918986,0.25639820385,0.604780581041
 12/27  09:00:00,1.95892758757,19.8277929684,0.0,18.3449853149,0.0,0.519987835064,0.519987835064,0.519987835064,0.469125063036,0.106900675,0.32820696637,0.511307048096
 12/27  10:00:00,1.67841240179,19.1396186656,0.0,17.7985563353,0.0,0.504424829444,0.504424829444,0.504424829444,0.256901791512,0.0585408254713,0.39998131075,0.435163644616
 12/27  11:00:00,1.650428757,18.9727802618,0.0,17.7945453129,0.0,0.504267017408,0.504267017408,0.504267017408,0.212223271524,0.0483598189856,0.416780676038,0.445397973041
 12/27  12:00:00,1.6037247175,16.5059183035,0.0,15.474123191,0.0,0.438472053984,0.438472053984,0.438472053984,0.212223271524,0.0483598189856,0.435735142253,0.445534430753
 12/27  13:00:00,1.55558937773,15.3150299355,0.0,14.3979888924,0.0,0.407940009103,0.407940009103,0.407940009103,0.212223271524,0.0483598189856,0.425637021538,0.438029256575
 12/27  14:00:00,1.50391082884,14.2899181124,0.0,13.4404388941,0.0,0.380785476625,0.380785476625,0.380785476625,0.212223271524,0.0483598189856,0.385966199058,0.453176062644
 12/27  15:00:00,1.5182181509,13.9061834662,0.0,13.1225932687,0.0,0.371755973607,0.371755973607,0.371755973607,0.234562596039,0.0534503375,0.356355588907,0.478693654849
 12/27  16:00:00,1.70982668051,15.437142349,0.0,14.6438773891,0.0,0.41490084539,0.41490084539,0.41490084539,0.323919638512,0.0738123504713,0.368490937387,0.505302908753
 12/27  17:00:00,2.19566216227,16.1501046018,0.0,15.2697000787,0.0,0.432731747257,0.432731747257,0.432731747257,0.580821561563,0.132353206486,0.428670866964,0.59768478
 12/27  18:00:00,2.98833195469,17.0771621043,0.0,16.0155878579,0.0,0.453962662257,0.453962662257,0.453962662257,1.0164376986,0.231618118986,0.536821987543,0.726091487301
 12/27  19:00:00,3.4119932462,16.8060891928,0.0,15.5820062369,0.0,0.441756940289,0.441756940289,0.441756940289,1.34035694,0.305430469457,0.482732692333,0.788316204123
 12/27  20:00:00,3.2229365373,17.6263353593,0.0,16.3761217788,0.0,0.464346216723,0.464346216723,0.464346216723,1.25100029714,0.285068456486,0.385424228339,0.813697338616
 12/27  21:00:00,3.08447098376,18.1407722838,0.0,16.9832503555,0.0,0.481634216186,0.481634216186,0.481634216186,1.13930379611,0.259615925,0.338845876819,0.841671169644
 12/27  22:00:00,2.82883191307,18.1716915112,0.0,17.1305658625,0.0,0.485855966949,0.485855966949,0.485855966949,0.960589450587,0.218891837971,0.318073398495,0.822021259068
 12/27  23:00:00,2.38037291714,18.8897989674,0.0,18.0419389871,0.0,0.511719464588,0.511719464588,0.511719464588,0.714857255563,0.162896256486,0.256145886137,0.71135405437
 12/27  24:00:00,1.9541621804,19.0421397922,0.0,18.4018080477,0.0,0.521943983609,0.521943983609,0.521943983609,0.502633986536,0.1145364375,0.173494335907,0.618153436849
 12/28  01:00:00,1.4782319877,18.5045483302,0.0,18.0832678461,0.0,0.512914471647,0.512914471647,0.512914471647,0.256901791512,0.0585408254713,0.115167850971,0.511307048096
 12/28  02:00:00,1.3060344853,18.7083361427,0.0,18.3857859474,0.0,0.521475963755,0.521475963755,0.521475963755,0.156375021012,0.0356335685143,0.0983708244822,0.470779107534
 12/28  03:00:00,1.22899131293,19.1043632822,0.0,18.8086031817,0.0,0.533386270677,0.533386270677,0.533386270677,0.100526810211,0.0229072875,0.0834501454999,0.465320799041
 12/28  04:00:00,1.22231501998,19.4157239047,0.0,19.1127204897,0.0,0.541957457748,0.541957457748,0.541957457748,0.100526810211,0.0229072875,0.0747526356716,0.458770828849
 12/28  05:00:00,1.23293547222,20.05203442,0.0,19.6727070758,0.0,0.557814918268,0.557814918268,0.557814918268,0.100526810211,0.0229072875,0.0868457568597,0.441440699384
 12/28  06:00:00,1.31897200452,20.6107767484,0.0,19.890271559,0.0,0.563994744724,0.563994744724,0.563994744724,0.111696460064,0.0254525406486,0.101815917579,0.492612341507
 12/28  07:00:00,1.60487107336,21.077965821,0.0,19.7209845727,0.0,0.559215176955,0.559215176955,0.559215176955,0.234562596039,0.0534503375,0.165077844744,0.569165118123
 12/28  08:00:00,2.10138210186,22.3265457264,0.0,20.790980383,0.0,0.589562606922,0.589562606922,0.589562606922,0.480294791063,0.109445918986,0.25639820385,0.604780581041
 12/28  09:00:00,1.9919292095,20.9834236343,0.0,19.4987002402,0.0,0.552989457003,0.552989457003,0.552989457003,0.469125063036,0.106900675,0.32820696637,0.511307048096
 12/28  10:00:00,1.73152081748,21.0007888471,0.0,19.6583930926,0.0,0.557533245128,0.557533245128,0.557533245128,0.256901791512,0.0585408254713,0.39998131075,0.435163644616
 12/28  11:00:00,1.69693394663,20.6005063397,0.0,19.4214113593,0.0,0.550772207043,0.550772207043,0.550772207043,0.212223271524,0.0483598189856,0.416780676038,0.445397973041
 12/28  12:00:00,1.67991055425,19.1805799158,0.0,18.1486048869,0.0,0.514657890731,0.514657890731,0.514657890731,0.212223271524,0.0483598189856,0.435735142253,0.445534430753
 12/28  13:00:00,1.64217031474,18.3560067245,0.0,17.4393361759,0.0,0.494520946114,0.494520946114,0.494520946114,0.212223271524,0.0483598189856,0.425637021538,0.438029256575
 12/28  14:00:00,1.60246671559,17.7535611046,0.0,16.9046903127,0.0,0.479341363379,0.479341363379,0.479341363379,0.212223271524,0.0483598189856,0.385966199058,0.453176062644
 12/28  15:00:00,1.61357556114,17.2567921342,0.0,16.4740140106,0.0,0.467113383844,0.467113383844,0.467113383844,0.234562596039,0.0534503375,0.356355588907,0.478693654849
 12/28  16:00:00,1.76314106443,17.3064642563,0.0,16.5134425537,0.0,0.468215229302,0.468215229302,0.468215229302,0.323919638512,0.0738123504713,0.368490937387,0.505302908753
 12/28  17:00:00,2.23850045427,17.6523882983,0.0,16.7718138806,0.0,0.475570039261,0.475570039261,0.475570039261,0.580821561563,0.132353206486,0.428670866964,0.59768478
 12/28  18:00:00,3.0442499694,19.0397604138,0.0,17.9779197125,0.0,0.509880676971,0.509880676971,0.509880676971,1.0164376986,0.231618118986,0.536821987543,0.726091487301
 12/28  19:00:00,3.46646951806,18.7188366958,0.0,17.4939493754,0.0,0.496233212148,0.496233212148,0.496233212148,1.34035694,0.305430469457,0.482732692333,0.788316204123
 12/28  20:00:00,3.26159236537,18.9814257846,0.0,17.7301749546,0.0,0.503002044792,0.503002044792,0.503002044792,1.25100029714,0.285068456486,0.385424228339,0.813697338616
 12/28  21:00:00,3.08872189281,18.2839964822,0.0,17.1254324997,0.0,0.485885125237,0.485885125237,0.485885125237,1.13930379611,0.259615925,0.338845876819,0.841671169644
 12/28  22:00:00,2.86706239636,19.5126271163,0.0,18.4706499311,0.0,0.524086450243,0.524086450243,0.524086450243,0.960589450587,0.218891837971,0.318073398495,0.822021259068
 12/28  23:00:00,2.39421830519,19.3708585705,0.0,18.5228988494,0.0,0.525564852632,0.525564852632,0.525564852632,0.714857255563,0.162896256486,0.256145886137,0.71135405437
 12/28  24:00:00,1.95887199427,19.1996918004,0.0,18.559487642,0.0,0.526653797476,0.526653797476,0.526653797476,0.502633986536,0.1145364375,0.173494335907,0.618153436849
 12/29  01:00:00,1.47424443531,18.3565015472,0.0,17.9356275578,0.0,0.508926919259,0.508926919259,0.508926919259,0.256901791512,0.0585408254713,0.115167850971,0.511307048096
 12/29  02:00:00,1.29286576964,18.2379532679,0.0,17.9158889686,0.0,0.5083072481,0.5083072481,0.5083072481,0.156375021012,0.0356335685143,0.0983708244822,0.470779107534
 12/29  03:00:00,1.19107934113,17.7640068012,0.0,17.4685191361,0.0,0.495474298878,0.495474298878,0.495474298878,0.100526810211,0.0229072875,0.0834501454999,0.465320799041
 12/29  04:00:00,1.15918544316,17.1876056371,0.0,16.8843134729,0.0,0.478827880927,0.478827880927,0.478827880927,0.100526810211,0.0229072875,0.0747526356716,0.458770828849
 12/29  05:00:00,1.16086906241,17.5114947063,0.0,17.1314999838,0.0,0.485748508451,0.485748508451,0.485748508451,0.100526810211,0.0229072875,0.0868457568597,0.441440699384
 12/29  06:00:00,1.25626570307,18.4029048247,0.0,17.6807594773,0.0,0.501288443268,0.501288443268,0.501288443268,0.111696460064,0.0254525406486,0.101815917579,0.492612341507
 12/29  07:00:00,1.5484410991,19.0942172889,0.0,17.7344086434,0.0,0.502785202693,0.502785202693,0.502785202693,0.234562596039,0.0534503375,0.165077844744,0.569165118123
 12/29  08:00:00,1.97497978805,17.8749221523,0.0,16.3361128655,0.0,0.463160293115,0.463160293115,0.463160293115,0.480294791063,0.109445918986,0.25639820385,0.604780581041
 12/29  09:00:00,1.90268427968,17.8464556069,0.0,16.3577202523,0.0,0.463744527181,0.463744527181,0.463744527181,0.469125063036,0.106900675,0.32820696637,0.511307048096
 12/29  10:00:00,1.59460292722,16.1854350284,0.0,14.8391517377,0.0,0.420615354874,0.420615354874,0.420615354874,0.256901791512,0.0585408254713,0.39998131075,0.435163644616
 12/29  11:00:00,1.57756639617,16.404789555,0.0,15.2220137147,0.0,0.431404656583,0.431404656583,0.431404656583,0.212223271524,0.0483598189856,0.416780676038,0.445397973041
 12/29  12:00:00,1.54447174513,14.4187594866,0.0,13.3830988978,0.0,0.379219081619,0.379219081619,0.379219081619,0.212223271524,0.0483598189856,0.435735142253,0.445534430753
 12/29  13:00:00,1.55424246371,15.2703697204,0.0,14.3504277504,0.0,0.406593095085,0.406593095085,0.406593095085,0.212223271524,0.0483598189856,0.425637021538,0.438029256575
 12/29  14:00:00,1.50777413801,14.4278399463,0.0,13.5759879337,0.0,0.384648785795,0.384648785795,0.384648785795,0.212223271524,0.0483598189856,0.385966199058,0.453176062644
 12/29  15:00:00,1.49941365521,13.2458455936,0.0,12.4598408338,0.0,0.352951477915,0.352951477915,0.352951477915,0.234562596039,0.0534503375,0.356355588907,0.478693654849
 12/29  16:00:00,1.65223209428,13.4112629422,0.0,12.6150433417,0.0,0.35730625916,0.35730625916,0.35730625916,0.323919638512,0.0738123504713,0.368490937387,0.505302908753
 12/29  17:00:00,2.12241726706,13.5762644485,0.0,12.6919665243,0.0,0.359486852051,0.359486852051,0.359486852051,0.580821561563,0.132353206486,0.428670866964,0.59768478
 12/29  18:00:00,2.9203292299,14.6906031338,0.0,13.6246392658,0.0,0.385959937464,0.385959937464,0.385959937464,1.0164376986,0.231618118986,0.536821987543,0.726091487301
 12/29  19:00:00,3.31684672627,13.4633050731,0.0,12.2339550022,0.0,0.346610420354,0.346610420354,0.346610420354,1.34035694,0.305430469457,0.482732692333,0.788316204123
 12/29  20:00:00,3.10381685146,13.4409747559,0.0,12.1849191082,0.0,0.345226530877,0.345226530877,0.345226530877,1.25100029714,0.285068456486,0.385424228339,0.813697338616
 12/29  21:00:00,2.94581924217,13.269291003,0.0,12.1059758152,0.0,0.342982474597,0.342982474597,0.342982474597,1.13930379611,0.259615925,0.338845876819,0.841671169644
 12/29  22:00:00,2.6848657626,13.1142616074,0.0,12.0678676472,0.0,0.34188981648,0.34188981648,0.34188981648,0.960589450587,0.218891837971,0.318073398495,0.822021259068
 12/29  23:00:00,2.22434929984,13.408397618,0.0,12.5559914869,0.0,0.355695847286,0.355695847286,0.355695847286,0.714857255563,0.162896256486,0.256145886137,0.71135405437
 12/29  24:00:00,1.78814034509,13.209715952,0.0,12.5654502025,0.0,0.355922148299,0.355922148299,0.355922148299,0.502633986536,0.1145364375,0.173494335907,0.618153436849
 12/30  01:00:00,1.33516336903,13.2314234881,0.0,12.7880618055,0.0,0.362176556082,0.362176556082,0.362176556082,0.256901791512,0.0585408254713,0.122837147866,0.511307048096
 12/30  02:00:00,1.16190713921,13.5004453834,0.0,13.1650654424,0.0,0.372743756272,0.372743756272,0.372743756272,0.156375021012,0.0356335685143,0.102975685881,0.470779107534
 12/30  03:00:00,1.07636520586,13.6485501421,0.0,13.3428298895,0.0,0.377713718786,0.377713718786,0.377713718786,0.100526810211,0.0229072875,0.0864965903205,0.465320799041
 12/30  04:00:00,1.06307213919,13.778117908,0.0,13.4644835996,0.0,0.381121605434,0.381121605434,0.381121605434,0.100526810211,0.0229072875,0.0763456071944,0.458770828849
 12/30  05:00:00,1.06065875138,13.9099355133,0.0,13.511225882,0.0,0.382421849232,0.382421849232,0.382421849232,0.100526810211,0.0229072875,0.0899621050554,0.441440699384
 12/30  06:00:00,1.14232656549,14.2894134526,0.0,13.5176705909,0.0,0.382569831025,0.382569831025,0.382569831025,0.111696460064,0.0254525406486,0.106595392246,0.492612341507
 12/30  07:00:00,1.4237126444,14.3922350564,0.0,12.9214219659,0.0,0.365660317135,0.365660317135,0.365660317135,0.234562596039,0.0534503375,0.177474275597,0.569165118123
 12/30  08:00:00,1.88154569426,13.8684610011,0.0,12.1944512132,0.0,0.345037943896,0.345037943896,0.345037943896,0.480294791063,0.109445918986,0.281086459277,0.604780581041
 12/30  09:00:00,1.81469786197,13.5740773801,0.0,11.9440281235,0.0,0.337914591977,0.337914591977,0.337914591977,0.469125063036,0.106900675,0.36605048386,0.511307048096
 12/30  10:00:00,1.56611606504,13.4817429989,0.0,12.00474766,0.0,0.339592258071,0.339592258071,0.339592258071,0.256901791512,0.0585408254713,0.45251754537,0.435163644616
 12/30  11:00:00,1.54755675567,13.3866576425,0.0,12.0909840115,0.0,0.341992748833,0.341992748833,0.341992748833,0.212223271524,0.0483598189856,0.476182943291,0.445397973041
 12/30  12:00:00,1.56081218485,12.9500178519,0.0,11.8205901586,0.0,0.334322635452,0.334322635452,0.334322635452,0.212223271524,0.0483598189856,0.496972028135,0.445534430753
 12/30  13:00:00,1.52188996702,12.2629961763,0.0,11.2612091413,0.0,0.318461674827,0.318461674827,0.318461674827,0.212223271524,0.0483598189856,0.481415945109,0.438029256575
 12/30  14:00:00,1.46923848765,11.365291835,0.0,10.4418281937,0.0,0.295260431014,0.295260431014,0.295260431014,0.212223271524,0.0483598189856,0.43681890348,0.453176062644
 12/30  15:00:00,1.48198727533,11.1039074848,0.0,10.253181381,0.0,0.289878597318,0.289878597318,0.289878597318,0.234562596039,0.0534503375,0.402002089622,0.478693654849
 12/30  16:00:00,1.62810057002,11.1163946372,0.0,10.2558689192,0.0,0.289939266713,0.289939266713,0.289939266713,0.323919638512,0.0738123504713,0.411726405573,0.505302908753
 12/30  17:00:00,2.08161904755,10.7536265168,0.0,9.79136685611,0.0,0.276784393565,0.276784393565,0.276784393565,0.580821561563,0.132353206486,0.470575105936,0.59768478
 12/30  18:00:00,2.8767060267,11.8101760797,0.0,10.6507831241,0.0,0.301092815833,0.301092815833,0.301092815833,1.0164376986,0.231618118986,0.578065905983,0.726091487301
 12/30  19:00:00,3.27479271608,10.7048235024,0.0,9.35593754054,0.0,0.26452770885,0.26452770885,0.26452770885,1.34035694,0.305430469457,0.522761393651,0.788316204123
 12/30  20:00:00,3.06560974296,10.8345732303,0.0,9.44551774322,0.0,0.267067209305,0.267067209305,0.267067209305,1.25100029714,0.285068456486,0.425376441419,0.813697338616
 12/30  21:00:00,2.90508637396,10.5417430671,0.0,9.25179463986,0.0,0.261585007809,0.261585007809,0.261585007809,1.13930379611,0.259615925,0.37951047539,0.841671169644
 12/30  22:00:00,2.65505669617,10.7220064969,0.0,9.56871579157,0.0,0.270539416473,0.270539416473,0.270539416473,0.960589450587,0.218891837971,0.359614732068,0.822021259068
 12/30  23:00:00,2.18741465223,11.044039629,0.0,10.1072951524,0.0,0.285752452529,0.285752452529,0.285752452529,0.714857255563,0.162896256486,0.289154633287,0.71135405437
 12/30  24:00:00,1.75274566465,11.3949086154,0.0,10.6972986206,0.0,0.302403481684,0.302403481684,0.302403481684,0.502633986536,0.1145364375,0.191618322082,0.618153436849
 12/31  01:00:00,1.29116956353,11.7029320776,0.0,11.2569684882,0.0,0.318182750585,0.318182750585,0.318182750585,0.256901791512,0.0585408254713,0.122837147866,0.511307048096
 12/31  02:00:00,1.11761187982,11.9593129618,0.0,11.6218923766,0.0,0.328448496875,0.328448496875,0.328448496875,0.156375021012,0.0356335685143,0.102975685881,0.470779107534
 12/31  03:00:00,1.03277094539,12.1317248162,0.0,11.824238574,0.0,0.334119458313,0.334119458313,0.334119458313,0.100526810211,0.0229072875,0.0864965903205,0.465320799041
 12/31  04:00:00,1.02124808422,12.3236012097,0.0,12.0081821871,0.0,0.339297550461,0.339297550461,0.339297550461,0.100526810211,0.0229072875,0.0763456071944,0.458770828849
 12/31  05:00:00,1.02011774427,12.5012124149,0.0,12.1005774638,0.0,0.341880842118,0.341880842118,0.341880842118,0.100526810211,0.0229072875,0.0899621050554,0.441440699384
 12/31  06:00:00,1.09963486059,12.8048227558,0.0,12.0304165401,0.0,0.339878126122,0.339878126122,0.339878126122,0.111696460064,0.0254525406486,0.106595392246,0.492612341507
 12/31  07:00:00,1.39702989567,13.4742532737,0.0,11.9993290734,0.0,0.338977568413,0.338977568413,0.338977568413,0.234562596039,0.0534503375,0.177474275597,0.569165118123
 12/31  08:00:00,1.90674342584,14.7849091123,0.0,13.1065720356,0.0,0.370235675473,0.370235675473,0.370235675473,0.480294791063,0.109445918986,0.281086459277,0.604780581041
 12/31  09:00:00,1.82112597353,13.8235562542,0.0,12.1900559624,0.0,0.34434270354,0.34434270354,0.34434270354,0.469125063036,0.106900675,0.36605048386,0.511307048096
 12/31  10:00:00,1.55993474689,13.2820132722,0.0,11.8017422903,0.0,0.333410939922,0.333410939922,0.333410939922,0.256901791512,0.0585408254713,0.45251754537,0.435163644616
 12/31  11:00:00,1.54255224894,13.2287326479,0.0,11.9300585107,0.0,0.336988242101,0.336988242101,0.336988242101,0.212223271524,0.0483598189856,0.476182943291,0.445397973041
 12/31  12:00:00,1.54582189686,12.4379371298,0.0,11.3056703711,0.0,0.319332347464,0.319332347464,0.319332347464,0.212223271524,0.0483598189856,0.496972028135,0.445534430753
 12/31  13:00:00,1.50776789406,11.7801298379,0.0,10.7756706706,0.0,0.304339601863,0.304339601863,0.304339601863,0.212223271524,0.0483598189856,0.481415945109,0.438029256575
 12/31  14:00:00,1.47207442564,11.4807105267,0.0,10.5550129322,0.0,0.298096369006,0.298096369006,0.298096369006,0.212223271524,0.0483598189856,0.43681890348,0.453176062644
 12/31  15:00:00,1.4868365798,11.2887371341,0.0,10.4360574998,0.0,0.294727901788,0.294727901788,0.294727901788,0.234562596039,0.0534503375,0.402002089622,0.478693654849
 12/31  16:00:00,1.64310640839,11.6602734523,0.0,10.7979307272,0.0,0.30494510508,0.30494510508,0.30494510508,0.323919638512,0.0738123504713,0.411726405573,0.505302908753
 12/31  17:00:00,2.10946025771,11.7492271679,0.0,10.7852371213,0.0,0.304625603722,0.304625603722,0.304625603722,0.580821561563,0.132353206486,0.470575105936,0.59768478
 12/31  18:00:00,2.92340418936,13.4701796869,0.0,12.3091996925,0.0,0.347790978488,0.347790978488,0.347790978488,1.0164376986,0.231618118986,0.578065905983,0.726091487301
 12/31  19:00:00,3.33942804187,12.9977885491,0.0,11.6471426417,0.0,0.329163034644,0.329163034644,0.329163034644,1.34035694,0.305430469457,0.522761393651,0.788316204123
 12/31  20:00:00,3.13747688021,13.3823356596,0.0,11.9916686827,0.0,0.33893434655,0.33893434655,0.33893434655,1.25100029714,0.285068456486,0.425376441419,0.813697338616
 12/31  21:00:00,3.00935150685,14.2322964824,0.0,12.9413112449,0.0,0.365850140707,0.365850140707,0.365850140707,1.13930379611,0.259615925,0.37951047539,0.841671169644
 12/31  22:00:00,2.77632224427,15.0110681364,0.0,13.8573271223,0.0,0.391804964571,0.391804964571,0.391804964571,0.960589450587,0.218891837971,0.359614732068,0.822021259068
 12/31  23:00:00,2.30431830295,15.1764339492,0.0,14.2398514829,0.0,0.402656103245,0.402656103245,0.402656103245,0.714857255563,0.162896256486,0.289154633287,0.71135405437
 12/31  24:00:00,1.86576745662,15.3879031603,0.0,14.6910549905,0.0,0.415425273655,0.415425273655,0.415425273655,0.502633986536,0.1145364375,0.191618322082,0.618153436849
