Date/Time,Electricity:Facility [kW](Hourly),Gas:Facility [kW](Hourly),Heating:Electricity [kW](Hourly),Heating:Gas [kW](Hourly),Cooling:Electricity [kW](Hourly),HVACFan:Fans:Electricity [kW](Hourly),Electricity:HVAC [kW](Hourly),Fans:Electricity [kW](Hourly),General:InteriorLights:Electricity [kW](Hourly),General:ExteriorLights:Electricity [kW](Hourly),Appl:InteriorEquipment:Electricity [kW](Hourly),Misc:InteriorEquipment:Electricity [kW](Hourly),Water Heater:WaterSystems:Gas [kW](Hourly) 
 01/01  01:00:00,0.93326814593,8.17491281049,0.0,7.71700658664,0.0,0.212474539994,0.212474539994,0.212474539994,0.161612796136,0.0352113105958,0.092942924749,0.413914574456,0.429396734268
 01/01  02:00:00,0.817405689351,8.65169366229,0.0,8.28769663358,0.0,0.228187511577,0.228187511577,0.228187511577,0.0942741659095,0.0205399387695,0.0761857795615,0.381106293534,0.337747298514
 01/01  03:00:00,0.77770128956,9.03869759252,0.0,8.70092599591,0.0,0.239565073289,0.239565073289,0.239565073289,0.0673386720226,0.0146713809326,0.0623264934745,0.376687669841,0.311826211101
 01/01  04:00:00,0.770592569965,9.28286539062,0.0,8.93859076529,0.0,0.246108765066,0.246108765066,0.246108765066,0.0673386720226,0.0146713809326,0.0539764305342,0.371385321409,0.318694453458
 01/01  05:00:00,0.773517467604,9.54135644994,0.0,9.12409693108,0.0,0.251216359157,0.251216359157,0.251216359157,0.0673386720226,0.0146713809326,0.0658228643082,0.357356191184,0.392645641409
 01/01  06:00:00,0.832198150879,9.97093047383,0.0,9.23308392285,0.0,0.254217129039,0.254217129039,0.254217129039,0.0673386720226,0.0146713809326,0.080078180578,0.398780788307,0.710379441985
 01/01  07:00:00,1.07654959204,11.1338376415,0.0,9.79465066536,0.0,0.269678906083,0.269678906083,0.269678906083,0.15487897491,0.0337441825195,0.14038354292,0.460751985603,1.30745143277
 01/01  08:00:00,1.40252270195,11.2043287667,0.0,9.69054886735,0.0,0.266812641632,0.266812641632,0.266812641632,0.316491771045,0.0689554931152,0.228567290958,0.489583505201,1.48005850686
 01/01  09:00:00,1.32754853551,9.69638143932,0.0,8.22091330495,0.0,0.226348747171,0.226348747171,0.226348747171,0.303024045,0.06602121875,0.30112795013,0.413914574456,1.44695864479
 01/01  10:00:00,1.13430260807,8.6531870779,0.0,7.30854034206,0.0,0.201228122559,0.201228122559,0.201228122559,0.15487897491,0.0337441825195,0.375064554145,0.352274773936,1.3203828548
 01/01  11:00:00,1.13341935463,8.60313306967,0.0,7.41414469495,0.0,0.204135757281,0.204135757281,0.204135757281,0.127943439226,0.0278756155762,0.395792849183,0.360559693361,1.16415384736
 01/01  12:00:00,1.09904870503,6.5600863519,0.0,5.51474359483,0.0,0.151839005881,0.151839005881,0.151839005881,0.127943439226,0.0278756155762,0.413608485392,0.360670158953,1.02050062109
 01/01  13:00:00,1.04939305019,5.37545885534,0.0,4.43866269493,0.0,0.122210964019,0.122210964019,0.122210964019,0.127943439226,0.0278756155762,0.399656479991,0.354594551375,0.91237249839
 01/01  14:00:00,1.0082663072,4.75821225831,0.0,3.88777458047,0.0,0.107043204682,0.107043204682,0.107043204682,0.127943439226,0.0278756155762,0.361435815596,0.366856232124,0.845169459281
 01/01  15:00:00,1.0028757057,4.52926724538,0.0,3.72140699986,0.0,0.102462558707,0.102462558707,0.102462558707,0.134677344045,0.0293427618652,0.331767743197,0.387513297889,0.781169215504
 01/01  16:00:00,1.08035132364,4.78399916997,0.0,3.96747026676,0.0,0.109237488708,0.109237488708,0.109237488708,0.168346700955,0.0366784568848,0.339922588697,0.409054088393,0.788354192797
 01/01  17:00:00,1.35576684008,5.28915878591,0.0,4.38504420228,0.0,0.120734670791,0.120734670791,0.120734670791,0.282822414136,0.0616197980958,0.389638662656,0.4838392944,0.870788839193
 01/01  18:00:00,1.88449607,6.86667977665,0.0,5.79285630512,0.0,0.159496362334,0.159496362334,0.159496362334,0.525241650136,0.114436773096,0.480421867651,0.587787416781,1.03333801808
 01/01  19:00:00,2.20527289902,6.17832592815,0.0,4.94276358846,0.0,0.136090517478,0.136090517478,0.136090517478,0.781128612181,0.170188022461,0.432594020017,0.638159726883,1.19160735669
 01/01  20:00:00,2.17455777685,6.37104644201,0.0,5.10019466292,0.0,0.140425112084,0.140425112084,0.140425112084,0.828265695136,0.180457991846,0.349590650728,0.658706327056,1.22548159323
 01/01  21:00:00,2.0272148702,6.58692550641,0.0,5.40125107625,0.0,0.148714184047,0.148714184047,0.148714184047,0.713789981955,0.155516632422,0.310730298291,0.681351773484,1.13874447773
 01/01  22:00:00,1.86884859681,6.9682304993,0.0,5.90024957222,0.0,0.162453251741,0.162453251741,0.162453251741,0.599314185181,0.130575291211,0.293949140492,0.665444728188,1.02214661556
 01/01  23:00:00,1.55396291263,7.32294081304,0.0,6.44137970104,0.0,0.17735234168,0.17735234168,0.17735234168,0.45116911509,0.0982982549805,0.234174068073,0.57585713281,0.841897389231
 01/01  24:00:00,1.24009468731,7.71677068625,0.0,7.04135795906,0.0,0.19387171392,0.19387171392,0.19387171392,0.309757866226,0.0674883468263,0.151455627092,0.500409133249,0.640945690141
 01/02  01:00:00,0.921587645313,7.9735766337,0.0,7.53152862491,0.0,0.207367722453,0.207367722453,0.207367722453,0.161612796136,0.0352113105958,0.0863692416722,0.413914574456,0.413538519206
 01/02  02:00:00,0.806712217065,8.39812398846,0.0,8.04266781608,0.0,0.221441063365,0.221441063365,0.221441063365,0.0942741659095,0.0205399387695,0.0722387554862,0.381106293534,0.329206442179
 01/02  03:00:00,0.766550903315,8.72254395987,0.0,8.3907869084,0.0,0.231025925471,0.231025925471,0.231025925471,0.0673386720226,0.0146713809326,0.0597152550472,0.376687669841,0.305811665965
 01/02  04:00:00,0.763766499941,9.07808643523,0.0,8.7402611473,0.0,0.240648099214,0.240648099214,0.240648099214,0.0673386720226,0.0146713809326,0.0526110263622,0.371385321409,0.312245116056
 01/02  05:00:00,0.754988839252,8.95169877858,0.0,8.54815864897,0.0,0.235358886421,0.235358886421,0.235358886421,0.0673386720226,0.0146713809326,0.0631517086927,0.357356191184,0.378926252157
 01/02  06:00:00,0.80415091604,9.06192156418,0.0,8.36320797338,0.0,0.2302665868,0.2302665868,0.2302665868,0.0673386720226,0.0146713809326,0.0759814879778,0.398780788307,0.671246481807
 01/02  07:00:00,1.03504864946,9.92319024547,0.0,8.67326501862,0.0,0.238803475724,0.238803475724,0.238803475724,0.15487897491,0.0337441825195,0.129758030703,0.460751985603,1.21818968347
 01/02  08:00:00,1.33286098949,9.33360417948,0.0,7.92903181857,0.0,0.218312291085,0.218312291085,0.218312291085,0.316491771045,0.0689554931152,0.207405929039,0.489583505201,1.37085096838
 01/02  09:00:00,1.28403910216,9.18056666236,0.0,7.81877703464,0.0,0.21527661472,0.21527661472,0.21527661472,0.303024045,0.06602121875,0.268690649238,0.413914574456,1.33328013814
 01/02  10:00:00,1.09996687262,8.93561662458,0.0,7.69699101566,0.0,0.211923445578,0.211923445578,0.211923445578,0.15487897491,0.0337441825195,0.330033495679,0.352274773936,1.21436172787
 01/02  11:00:00,1.11868749071,9.82551112319,0.0,8.72834914472,0.0,0.240320122655,0.240320122655,0.240320122655,0.127943439226,0.0278756155762,0.344876619894,0.360559693361,1.07232745112
 01/02  12:00:00,1.10251087441,8.51539377109,0.0,7.54686324031,0.0,0.207789934786,0.207789934786,0.207789934786,0.127943439226,0.0278756155762,0.361119725873,0.360670158953,0.943688394806
 01/02  13:00:00,1.0730874464,7.90495011174,0.0,7.03569762485,0.0,0.193715866326,0.193715866326,0.193715866326,0.127943439226,0.0278756155762,0.3518459739,0.354594551375,0.844828824883
 01/02  14:00:00,1.04850575589,7.74294072751,0.0,6.93236159129,0.0,0.190870685886,0.190870685886,0.190870685886,0.127943439226,0.0278756155762,0.317847783081,0.366856232124,0.785310917676
 01/02  15:00:00,1.04636240608,7.47517742029,0.0,6.72185802529,0.0,0.185074831256,0.185074831256,0.185074831256,0.134677344045,0.0293427618652,0.292642171022,0.387513297889,0.726628364987
 01/02  16:00:00,1.11465865193,7.32163221528,0.0,6.55947124742,0.0,0.180603789857,0.180603789857,0.180603789857,0.168346700955,0.0366784568848,0.302863615842,0.409054088393,0.733986257447
 01/02  17:00:00,1.37734581341,7.3116001157,0.0,6.47331274848,0.0,0.178231563369,0.178231563369,0.178231563369,0.282822414136,0.0616197980958,0.353720743409,0.4838392944,0.804961622788
 01/02  18:00:00,1.8924616481,8.36206320667,0.0,7.36613420004,0.0,0.202813870652,0.202813870652,0.202813870652,0.525241650136,0.114436773096,0.445069937436,0.587787416781,0.955443553177
 01/02  19:00:00,2.20108193472,7.17341372039,0.0,6.03668868621,0.0,0.166209868721,0.166209868721,0.166209868721,0.781128612181,0.170188022461,0.398283704478,0.638159726883,1.09277005117
 01/02  20:00:00,2.15787541789,6.89800504112,0.0,5.7380551789,0.0,0.15798750732,0.15798750732,0.15798750732,0.828265695136,0.180457991846,0.315345896534,0.658706327056,1.11457967636
 01/02  21:00:00,2.00280792103,6.8611996856,0.0,5.78073435427,0.0,0.15916260521,0.15916260521,0.15916260521,0.713789981955,0.155516632422,0.275874927963,0.681351773484,1.0335353789
 01/02  22:00:00,1.83397271998,6.90676776709,0.0,5.92679855266,0.0,0.16318423238,0.16318423238,0.16318423238,0.599314185181,0.130575291211,0.258342283024,0.665444728188,0.934134902911
 01/02  23:00:00,1.51796835659,6.97425509852,0.0,6.16166937308,0.0,0.169650997565,0.169650997565,0.169650997565,0.45116911509,0.0982982549805,0.205880856148,0.57585713281,0.772922002681
 01/02  24:00:00,1.20914277047,7.11392999289,0.0,6.48141490713,0.0,0.178454642411,0.178454642411,0.178454642411,0.309757866226,0.0674883468263,0.135920781757,0.500409133249,0.598048048709
 01/03  01:00:00,0.902675034957,7.28701612764,0.0,6.84462873239,0.0,0.188455112097,0.188455112097,0.188455112097,0.161612796136,0.0352113105958,0.0863692416722,0.413914574456,0.41387790567
 01/03  02:00:00,0.783776106693,7.56570931875,0.0,7.20963570401,0.0,0.198504952993,0.198504952993,0.198504952993,0.0942741659095,0.0205399387695,0.0722387554862,0.381106293534,0.329823884535
 01/03  03:00:00,0.747833313104,8.04322559082,0.0,7.71097008449,0.0,0.212308335261,0.212308335261,0.212308335261,0.0673386720226,0.0146713809326,0.0597152550472,0.376687669841,0.30631012083
 01/03  04:00:00,0.741188134536,8.25833456779,0.0,7.92022221675,0.0,0.218069733809,0.218069733809,0.218069733809,0.0673386720226,0.0146713809326,0.0526110263622,0.371385321409,0.312532179171
 01/03  05:00:00,0.744424373742,8.56873396943,0.0,8.16446067778,0.0,0.224794420911,0.224794420911,0.224794420911,0.0673386720226,0.0146713809326,0.0631517086927,0.357356191184,0.3796594142
 01/03  06:00:00,0.802326489219,8.99713916118,0.0,8.2969453812,0.0,0.228442159979,0.228442159979,0.228442159979,0.0673386720226,0.0146713809326,0.0759814879778,0.398780788307,0.672726670983
 01/03  07:00:00,1.03879708836,10.0617209958,0.0,8.80940710727,0.0,0.242551914621,0.242551914621,0.242551914621,0.15487897491,0.0337441825195,0.129758030703,0.460751985603,1.22057834514
 01/03  08:00:00,1.34274249806,9.69488112652,0.0,8.28792501489,0.0,0.228193799664,0.228193799664,0.228193799664,0.316491771045,0.0689554931152,0.207405929039,0.489583505201,1.37323471909
 01/03  09:00:00,1.29429755087,9.5549322396,0.0,8.19136057454,0.0,0.225535063429,0.225535063429,0.225535063429,0.303024045,0.06602121875,0.268690649238,0.413914574456,1.33506217548
 01/03  10:00:00,1.11255400248,9.39471873192,0.0,8.15415150209,0.0,0.224510575441,0.224510575441,0.224510575441,0.15487897491,0.0337441825195,0.330033495679,0.352274773936,1.21630334878
 01/03  11:00:00,1.13664199412,10.4792415916,0.0,9.38045090252,0.0,0.258274626057,0.258274626057,0.258274626057,0.127943439226,0.0278756155762,0.344876619894,0.360559693361,1.07395616173
 01/03  12:00:00,1.11761678667,9.06536819763,0.0,8.09550508888,0.0,0.222895847044,0.222895847044,0.222895847044,0.127943439226,0.0278756155762,0.361119725873,0.360670158953,0.94502097277
 01/03  13:00:00,1.08697804845,8.41040603966,0.0,7.54019979966,0.0,0.207606468377,0.207606468377,0.207606468377,0.127943439226,0.0278756155762,0.3518459739,0.354594551375,0.845782577988
 01/03  14:00:00,1.05775362602,8.07967980107,0.0,7.26824124393,0.0,0.200118556014,0.200118556014,0.200118556014,0.127943439226,0.0278756155762,0.317847783081,0.366856232124,0.786170338587
 01/03  15:00:00,1.0474104735,7.51402539782,0.0,6.75992349503,0.0,0.186122898675,0.186122898675,0.186122898675,0.134677344045,0.0293427618652,0.292642171022,0.387513297889,0.727410872783
 01/03  16:00:00,1.12542597234,7.71404633,0.0,6.95053684273,0.0,0.19137111026,0.19137111026,0.19137111026,0.168346700955,0.0366784568848,0.302863615842,0.409054088393,0.735334776849
 01/03  17:00:00,1.39651407281,8.00896996679,0.0,7.16949773182,0.0,0.197399822775,0.197399822775,0.197399822775,0.282822414136,0.0616197980958,0.353720743409,0.4838392944,0.806146490536
 01/03  18:00:00,1.91831783404,9.30226180785,0.0,8.30522251258,0.0,0.228670056594,0.228670056594,0.228670056594,0.525241650136,0.114436773096,0.445069937436,0.587787416781,0.956553841817
 01/03  19:00:00,2.23159087871,8.28243255717,0.0,7.14476366647,0.0,0.19671881271,0.19671881271,0.19671881271,0.781128612181,0.170188022461,0.398283704478,0.638159726883,1.09371390769
 01/03  20:00:00,2.1948509843,8.24245731521,0.0,7.08099579457,0.0,0.194963073733,0.194963073733,0.194963073733,0.828265695136,0.180457991846,0.315345896534,0.658706327056,1.11609133479
 01/03  21:00:00,2.04390344407,8.35467188452,0.0,7.27331046228,0.0,0.200258128246,0.200258128246,0.200258128246,0.713789981955,0.155516632422,0.275874927963,0.681351773484,1.03443146981
 01/03  22:00:00,1.88201681735,8.65199927215,0.0,7.67174463356,0.0,0.21122832975,0.21122832975,0.21122832975,0.599314185181,0.130575291211,0.258342283024,0.665444728188,0.934420327072
 01/03  23:00:00,1.56866562854,8.81530067858,0.0,8.00297789663,0.0,0.22034826951,0.22034826951,0.22034826951,0.45116911509,0.0982982549805,0.205880856148,0.57585713281,0.772659059178
 01/03  24:00:00,1.26995415333,9.32195545734,0.0,8.69006466865,0.0,0.239266025273,0.239266025273,0.239266025273,0.309757866226,0.0674883468263,0.135920781757,0.500409133249,0.597423751634
 01/04  01:00:00,0.964599149338,9.53481035362,0.0,9.09369254286,0.0,0.250379226478,0.250379226478,0.250379226478,0.161612796136,0.0352113105958,0.0863692416722,0.413914574456,0.412608321174
 01/04  02:00:00,0.844204452606,9.75895859289,0.0,9.40437368742,0.0,0.258933298907,0.258933298907,0.258933298907,0.0942741659095,0.0205399387695,0.0722387554862,0.381106293534,0.328335175268
 01/04  03:00:00,0.805041895965,10.1197635411,0.0,9.78876731497,0.0,0.269516918121,0.269516918121,0.269516918121,0.0673386720226,0.0146713809326,0.0597152550472,0.376687669841,0.305050840629
 01/04  04:00:00,0.799846888717,10.3877280106,0.0,10.0506892007,0.0,0.27672848799,0.27672848799,0.27672848799,0.0673386720226,0.0146713809326,0.0526110263622,0.371385321409,0.311458638114
 01/04  05:00:00,0.797938566754,10.5113676881,0.0,10.1080788636,0.0,0.278308613923,0.278308613923,0.278308613923,0.0673386720226,0.0146713809326,0.0631517086927,0.357356191184,0.378674947062
 01/04  06:00:00,0.850803143917,10.7572606915,0.0,10.0576018044,0.0,0.276918814677,0.276918814677,0.276918814677,0.0673386720226,0.0146713809326,0.0759814879778,0.398780788307,0.6721917781
 01/04  07:00:00,1.0701753007,11.2018667496,0.0,9.94905363318,0.0,0.273930126967,0.273930126967,0.273930126967,0.15487897491,0.0337441825195,0.129758030703,0.460751985603,1.22107757299
 01/04  08:00:00,1.40766540117,12.0542079096,0.0,10.645903862,0.0,0.293116702767,0.293116702767,0.293116702767,0.316491771045,0.0689554931152,0.207405929039,0.489583505201,1.37458265504
 01/04  09:00:00,1.3469535062,11.4687723561,0.0,10.1038078453,0.0,0.278191018761,0.278191018761,0.278191018761,0.303024045,0.06602121875,0.268690649238,0.413914574456,1.33645502122
 01/04  10:00:00,1.15342755493,10.8798271029,0.0,9.63866570997,0.0,0.265384127885,0.265384127885,0.265384127885,0.15487897491,0.0337441825195,0.330033495679,0.352274773936,1.21689751185
 01/04  11:00:00,1.18075581447,12.0819902726,0.0,10.982650593,0.0,0.302388446408,0.302388446408,0.302388446408,0.127943439226,0.0278756155762,0.344876619894,0.360559693361,1.07450515225
 01/04  12:00:00,1.14058237902,9.89943467823,0.0,8.92960797672,0.0,0.24586143939,0.24586143939,0.24586143939,0.127943439226,0.0278756155762,0.361119725873,0.360670158953,0.944984565535
 01/04  13:00:00,1.10414457107,9.03447974158,0.0,8.16368234992,0.0,0.224772990988,0.224772990988,0.224772990988,0.127943439226,0.0278756155762,0.3518459739,0.354594551375,0.846373729652
 01/04  14:00:00,1.08254198438,8.98046325981,0.0,8.16854640389,0.0,0.224906914371,0.224906914371,0.224906914371,0.127943439226,0.0278756155762,0.317847783081,0.366856232124,0.786648637366
 01/04  15:00:00,1.08423861242,8.85218173358,0.0,8.09750959211,0.0,0.222951037603,0.222951037603,0.222951037603,0.134677344045,0.0293427618652,0.292642171022,0.387513297889,0.727981111458
 01/04  16:00:00,1.15186574787,8.67402272136,0.0,7.91082094057,0.0,0.217810885795,0.217810885795,0.217810885795,0.168346700955,0.0366784568848,0.302863615842,0.409054088393,0.735027070369
 01/04  17:00:00,1.41325055767,8.61681126196,0.0,7.77736144999,0.0,0.214136307634,0.214136307634,0.214136307634,0.282822414136,0.0616197980958,0.353720743409,0.4838392944,0.806124067534
 01/04  18:00:00,1.93454156099,9.89201688754,0.0,8.89446302901,0.0,0.244893783537,0.244893783537,0.244893783537,0.525241650136,0.114436773096,0.445069937436,0.587787416781,0.957068405079
 01/04  19:00:00,2.23941510376,8.5673143317,0.0,7.42893698999,0.0,0.204543037753,0.204543037753,0.204543037753,0.781128612181,0.170188022461,0.398283704478,0.638159726883,1.09442235871
 01/04  20:00:00,2.19724242003,8.32971385048,0.0,7.16785196677,0.0,0.197354509457,0.197354509457,0.197354509457,0.828265695136,0.180457991846,0.315345896534,0.658706327056,1.11649169785
 01/04  21:00:00,2.05008163495,8.58018245307,0.0,7.49770035716,0.0,0.206436319123,0.206436319123,0.206436319123,0.713789981955,0.155516632422,0.275874927963,0.681351773484,1.03555214348
 01/04  22:00:00,1.88498776263,8.76087982286,0.0,7.77964840536,0.0,0.214199275027,0.214199275027,0.214199275027,0.599314185181,0.130575291211,0.258342283024,0.665444728188,0.935397105984
 01/04  23:00:00,1.57525475523,9.05523902429,0.0,8.2422928475,0.0,0.226937396205,0.226937396205,0.226937396205,0.45116911509,0.0982982549805,0.205880856148,0.57585713281,0.773282454022
 01/04  24:00:00,1.26850641709,9.26965798784,0.0,8.63748335667,0.0,0.237818289036,0.237818289036,0.237818289036,0.309757866226,0.0674883468263,0.135920781757,0.500409133249,0.59770759412
 01/05  01:00:00,0.962909460041,9.47368198612,0.0,9.032323574,0.0,0.248689537182,0.248689537182,0.248689537182,0.161612796136,0.0352113105958,0.0863692416722,0.413914574456,0.412848922533
 01/05  02:00:00,0.84189678258,9.67533456147,0.0,9.32055985828,0.0,0.256625628881,0.256625628881,0.256625628881,0.0942741659095,0.0205399387695,0.0722387554862,0.381106293534,0.328524972982
 01/05  03:00:00,0.794440972012,9.73457032031,0.0,9.40374518494,0.0,0.258915994169,0.258915994169,0.258915994169,0.0673386720226,0.0146713809326,0.0597152550472,0.376687669841,0.304879749868
 01/05  04:00:00,0.783331750788,9.78772187605,0.0,9.45086473142,0.0,0.260213350061,0.260213350061,0.260213350061,0.0673386720226,0.0146713809326,0.0526110263622,0.371385321409,0.311276972763
 01/05  05:00:00,0.779911627181,9.85675450316,0.0,9.45334624748,0.0,0.260281674349,0.260281674349,0.260281674349,0.0673386720226,0.0146713809326,0.0631517086927,0.357356191184,0.378794378224
 01/05  06:00:00,0.829025934287,9.96709977504,0.0,9.26666059252,0.0,0.255141605047,0.255141605047,0.255141605047,0.0673386720226,0.0146713809326,0.0759814879778,0.398780788307,0.672972073523
 01/05  07:00:00,1.04379418887,10.2455077151,0.0,8.99090018197,0.0,0.247549015132,0.247549015132,0.247549015132,0.15487897491,0.0337441825195,0.129758030703,0.460751985603,1.2228719897
 01/05  08:00:00,1.37325175441,10.8065011274,0.0,9.39601133974,0.0,0.258703056006,0.258703056006,0.258703056006,0.316491771045,0.0689554931152,0.207405929039,0.489583505201,1.37676839514
 01/05  09:00:00,1.30951813466,10.1112685243,0.0,8.7441672561,0.0,0.24075564722,0.24075564722,0.24075564722,0.303024045,0.06602121875,0.268690649238,0.413914574456,1.33859177859
 01/05  10:00:00,1.11502596423,9.48723850377,0.0,8.24393235341,0.0,0.226982537188,0.226982537188,0.226982537188,0.15487897491,0.0337441825195,0.330033495679,0.352274773936,1.21904226931
 01/05  11:00:00,1.13257391636,10.3340904603,0.0,9.23269963387,0.0,0.254206548301,0.254206548301,0.254206548301,0.127943439226,0.0278756155762,0.344876619894,0.360559693361,1.07655629903
 01/05  12:00:00,1.10298408266,8.53612226325,0.0,7.56405001067,0.0,0.208263143029,0.208263143029,0.208263143029,0.127943439226,0.0278756155762,0.361119725873,0.360670158953,0.947230116607
 01/05  13:00:00,1.06247649209,7.52272224784,0.0,6.65031119521,0.0,0.183104912009,0.183104912009,0.183104912009,0.127943439226,0.0278756155762,0.3518459739,0.354594551375,0.84798739062
 01/05  14:00:00,1.03813772654,7.36955047259,0.0,6.55579811787,0.0,0.180502656535,0.180502656535,0.180502656535,0.127943439226,0.0278756155762,0.317847783081,0.366856232124,0.788484136164
 01/05  15:00:00,1.04213130559,7.32461059647,0.0,6.56818582389,0.0,0.180843730773,0.180843730773,0.180843730773,0.134677344045,0.0293427618652,0.292642171022,0.387513297889,0.729733742565
 01/05  16:00:00,1.11233097029,7.23998142578,0.0,6.47493060287,0.0,0.178276108215,0.178276108215,0.178276108215,0.168346700955,0.0366784568848,0.302863615842,0.409054088393,0.736876112485
 01/05  17:00:00,1.37830713945,7.3497639764,0.0,6.50822779958,0.0,0.179192889414,0.179192889414,0.179192889414,0.282822414136,0.0616197980958,0.353720743409,0.4838392944,0.808210432391
 01/05  18:00:00,1.90078900291,8.6684598425,0.0,7.66858103412,0.0,0.211141225466,0.211141225466,0.211141225466,0.525241650136,0.114436773096,0.445069937436,0.587787416781,0.959393354925
 01/05  19:00:00,2.21533325383,7.69526715392,0.0,6.55429198789,0.0,0.180461187829,0.180461187829,0.180461187829,0.781128612181,0.170188022461,0.398283704478,0.638159726883,1.09702018302
 01/05  20:00:00,2.18254150369,7.79869210233,0.0,6.63391943917,0.0,0.182653593121,0.182653593121,0.182653593121,0.828265695136,0.180457991846,0.315345896534,0.658706327056,1.11940247731
 01/05  21:00:00,2.04062998717,8.23919405702,0.0,7.15441956613,0.0,0.196984671345,0.196984671345,0.196984671345,0.713789981955,0.155516632422,0.275874927963,0.681351773484,1.03784453846
 01/05  22:00:00,1.88077623775,8.60965599491,0.0,7.62668718357,0.0,0.209987750148,0.209987750148,0.209987750148,0.599314185181,0.130575291211,0.258342283024,0.665444728188,0.93713449982
 01/05  23:00:00,1.57197227808,8.93739296015,0.0,8.12307433864,0.0,0.223654919049,0.223654919049,0.223654919049,0.45116911509,0.0982982549805,0.205880856148,0.57585713281,0.774654898746
 01/05  24:00:00,1.27105435926,9.36315344472,0.0,8.7300237921,0.0,0.240366231198,0.240366231198,0.240366231198,0.309757866226,0.0674883468263,0.135920781757,0.500409133249,0.598662615573
 01/06  01:00:00,0.969765630736,9.72309197642,0.0,9.28133747661,0.0,0.255545707876,0.255545707876,0.255545707876,0.161612796136,0.0352113105958,0.0863692416722,0.413914574456,0.413245010224
 01/06  02:00:00,0.856044906611,10.1890478771,0.0,9.83441514813,0.0,0.270773752911,0.270773752911,0.270773752911,0.0942741659095,0.0205399387695,0.0722387554862,0.381106293534,0.328382998721
 01/06  03:00:00,0.814613778925,10.4669915262,0.0,10.1364150089,0.0,0.279088801082,0.279088801082,0.279088801082,0.0673386720226,0.0146713809326,0.0597152550472,0.376687669841,0.304631131785
 01/06  04:00:00,0.812979938724,10.8643946959,0.0,10.5276773302,0.0,0.289861537997,0.289861537997,0.289861537997,0.0673386720226,0.0146713809326,0.0526110263622,0.371385321409,0.311137193867
 01/06  05:00:00,0.813911368567,11.0913822167,0.0,10.6882058605,0.0,0.294281415736,0.294281415736,0.294281415736,0.0673386720226,0.0146713809326,0.0631517086927,0.357356191184,0.378562478824
 01/06  06:00:00,0.868783351035,11.4114425101,0.0,10.7106371128,0.0,0.294899021795,0.294899021795,0.294899021795,0.0673386720226,0.0146713809326,0.0759814879778,0.398780788307,0.673338288283
 01/06  07:00:00,1.10611273302,12.5102096248,0.0,11.2542895541,0.0,0.309867559282,0.309867559282,0.309867559282,0.15487897491,0.0337441825195,0.129758030703,0.460751985603,1.22418452734
 01/06  08:00:00,1.40365449971,11.911930306,0.0,10.500229218,0.0,0.289105801306,0.289105801306,0.289105801306,0.316491771045,0.0689554931152,0.207405929039,0.489583505201,1.3779796955
 01/06  09:00:00,1.34009812549,11.2233800914,0.0,9.85482263454,0.0,0.271335638046,0.271335638046,0.271335638046,0.303024045,0.06602121875,0.268690649238,0.413914574456,1.34004796729
 01/06  10:00:00,1.13017465904,10.0388003525,0.0,8.79412805033,0.0,0.242131231995,0.242131231995,0.242131231995,0.15487897491,0.0337441825195,0.330033495679,0.352274773936,1.22040842111
 01/06  11:00:00,1.1352812476,10.4338314812,0.0,9.331029029,0.0,0.256913879539,0.256913879539,0.256913879539,0.127943439226,0.0278756155762,0.344876619894,0.360559693361,1.07796792488
 01/06  12:00:00,1.08588416568,7.91630868999,0.0,6.9429865556,0.0,0.191163226054,0.191163226054,0.191163226054,0.127943439226,0.0278756155762,0.361119725873,0.360670158953,0.94847999842
 01/06  13:00:00,1.04347280641,6.8343671521,0.0,5.96010347647,0.0,0.164101226332,0.164101226332,0.164101226332,0.127943439226,0.0278756155762,0.3518459739,0.354594551375,0.849840013619
 01/06  14:00:00,1.00561935165,6.19094182255,0.0,5.374741257,0.0,0.147984281644,0.147984281644,0.147984281644,0.127943439226,0.0278756155762,0.317847783081,0.366856232124,0.790932347004
 01/06  15:00:00,1.005362183,5.99135088155,0.0,5.2327431809,0.0,0.144074608177,0.144074608177,0.144074608177,0.134677344045,0.0293427618652,0.292642171022,0.387513297889,0.731916670633
 01/06  16:00:00,1.08510255046,6.25377016342,0.0,5.48600319919,0.0,0.151047688384,0.151047688384,0.151047688384,0.168346700955,0.0366784568848,0.302863615842,0.409054088393,0.739592253815
 01/06  17:00:00,1.36397555047,6.8318441829,0.0,5.98770912201,0.0,0.164861300432,0.164861300432,0.164861300432,0.282822414136,0.0616197980958,0.353720743409,0.4838392944,0.810809316459
 01/06  18:00:00,1.90740897435,8.91149298992,0.0,7.90901625599,0.0,0.2177611969,0.2177611969,0.2177611969,0.525241650136,0.114436773096,0.445069937436,0.587787416781,0.961991280478
 01/06  19:00:00,2.22791658295,8.15399338733,0.0,7.01131443248,0.0,0.193044516947,0.193044516947,0.193044516947,0.781128612181,0.170188022461,0.398283704478,0.638159726883,1.09872397184
 01/06  20:00:00,2.19255209397,8.16394299535,0.0,6.99750084083,0.0,0.192664183394,0.192664183394,0.192664183394,0.828265695136,0.180457991846,0.315345896534,0.658706327056,1.12107196867
 01/06  21:00:00,2.04754065572,8.49148831129,0.0,7.40541281321,0.0,0.203895339894,0.203895339894,0.203895339894,0.713789981955,0.155516632422,0.275874927963,0.681351773484,1.03914554565
 01/06  22:00:00,1.87906032914,8.54868896176,0.0,7.5643659375,0.0,0.208271841532,0.208271841532,0.208271841532,0.599314185181,0.130575291211,0.258342283024,0.665444728188,0.938488712742
 01/06  23:00:00,1.5626625773,8.59992353215,0.0,7.78494901685,0.0,0.214345218273,0.214345218273,0.214345218273,0.45116911509,0.0982982549805,0.205880856148,0.57585713281,0.775310792531
 01/06  24:00:00,1.2543054561,8.75524073332,0.0,8.12170904524,0.0,0.223617328037,0.223617328037,0.223617328037,0.309757866226,0.0674883468263,0.135920781757,0.500409133249,0.599064651033
 01/07  01:00:00,0.956115511517,9.00526105822,0.0,8.54681551681,0.0,0.23532190558,0.23532190558,0.23532190558,0.161612796136,0.0352113105958,0.092942924749,0.413914574456,0.42993605183
 01/07  02:00:00,0.832434382124,9.19753269931,0.0,8.83353389539,0.0,0.243216204349,0.243216204349,0.243216204349,0.0942741659095,0.0205399387695,0.0761857795615,0.381106293534,0.337749073723
 01/07  03:00:00,0.783076423685,9.23369367099,0.0,8.89614912921,0.0,0.244940207414,0.244940207414,0.244940207414,0.0673386720226,0.0146713809326,0.0623264934745,0.376687669841,0.31159915627
 01/07  04:00:00,0.77442264246,9.42174989404,0.0,9.07769775981,0.0,0.249938837561,0.249938837561,0.249938837561,0.0673386720226,0.0146713809326,0.0539764305342,0.371385321409,0.318471962357
 01/07  05:00:00,0.770249664634,9.42348701836,0.0,9.00541138389,0.0,0.247948556187,0.247948556187,0.247948556187,0.0673386720226,0.0146713809326,0.0658228643082,0.357356191184,0.393461757018
 01/07  06:00:00,0.821640240984,9.59195072798,0.0,8.84962404949,0.0,0.243659219144,0.243659219144,0.243659219144,0.0673386720226,0.0146713809326,0.080078180578,0.398780788307,0.714859569498
 01/07  07:00:00,1.05654497423,10.41873274,0.0,9.06808941529,0.0,0.249674288275,0.249674288275,0.249674288275,0.15487897491,0.0337441825195,0.14038354292,0.460751985603,1.31890778133
 01/07  08:00:00,1.37394622129,10.1799953267,0.0,8.65266033012,0.0,0.238236160968,0.238236160968,0.238236160968,0.316491771045,0.0689554931152,0.228567290958,0.489583505201,1.49361360401
 01/07  09:00:00,1.33780761335,10.0828893464,0.0,8.59351969478,0.0,0.236607825013,0.236607825013,0.236607825013,0.303024045,0.06602121875,0.30112795013,0.413914574456,1.46086016208
 01/07  10:00:00,1.16370441441,9.73296324758,0.0,8.37640444082,0.0,0.230629928896,0.230629928896,0.230629928896,0.15487897491,0.0337441825195,0.375064554145,0.352274773936,1.33229492571
 01/07  11:00:00,1.18079629775,10.333414669,0.0,9.13485994932,0.0,0.251512700404,0.251512700404,0.251512700404,0.127943439226,0.0278756155762,0.395792849183,0.360559693361,1.17372019231
 01/07  12:00:00,1.15807588297,8.71160896443,0.0,7.65859161048,0.0,0.21086618382,0.21086618382,0.21086618382,0.127943439226,0.0278756155762,0.413608485392,0.360670158953,1.02817521798
 01/07  13:00:00,1.12112144402,7.98638394622,0.0,7.04381476491,0.0,0.193939357855,0.193939357855,0.193939357855,0.127943439226,0.0278756155762,0.399656479991,0.354594551375,0.918145519301
 01/07  14:00:00,1.08550754121,7.56757837932,0.0,6.69315122278,0.0,0.184284438688,0.184284438688,0.184284438688,0.127943439226,0.0278756155762,0.361435815596,0.366856232124,0.849158937995
 01/07  15:00:00,1.07618674614,7.1951346772,0.0,6.38404028274,0.0,0.175773599147,0.175773599147,0.175773599147,0.134677344045,0.0293427618652,0.331767743197,0.387513297889,0.784403364446
 01/07  16:00:00,1.13976467173,6.94499249442,0.0,6.12534385744,0.0,0.168650836798,0.168650836798,0.168650836798,0.168346700955,0.0366784568848,0.339922588697,0.409054088393,0.791473926571
 01/07  17:00:00,1.40580996387,7.11109467892,0.0,6.20259427623,0.0,0.170777794578,0.170777794578,0.170777794578,0.282822414136,0.0616197980958,0.389638662656,0.4838392944,0.875174658257
 01/07  18:00:00,1.92137258571,8.21243753032,0.0,7.13219943142,0.0,0.196372878048,0.196372878048,0.196372878048,0.525241650136,0.114436773096,0.480421867651,0.587787416781,1.03975264545
 01/07  19:00:00,2.23352086442,7.21302153736,0.0,5.96872055741,0.0,0.164338482875,0.164338482875,0.164338482875,0.781128612181,0.170188022461,0.432594020017,0.638159726883,1.20034599694
 01/07  20:00:00,2.19932668014,7.27993648877,0.0,5.99979322131,0.0,0.165194015379,0.165194015379,0.165194015379,0.828265695136,0.180457991846,0.349590650728,0.658706327056,1.23477308161
 01/07  21:00:00,2.05046539938,7.43992669858,0.0,6.24570277797,0.0,0.171964713233,0.171964713233,0.171964713233,0.713789981955,0.155516632422,0.310730298291,0.681351773484,1.14729396818
 01/07  22:00:00,1.88333014088,7.50168185088,0.0,6.42621456985,0.0,0.176934795805,0.176934795805,0.176934795805,0.599314185181,0.130575291211,0.293949140492,0.665444728188,1.02963296951
 01/07  23:00:00,1.56589795625,7.76164167748,0.0,6.8748566258,0.0,0.189287385295,0.189287385295,0.189287385295,0.45116911509,0.0982982549805,0.234174068073,0.57585713281,0.847121328907
 01/07  24:00:00,1.24462407097,7.88436632263,0.0,7.20586370867,0.0,0.198401097572,0.198401097572,0.198401097572,0.309757866226,0.0674883468263,0.151455627092,0.500409133249,0.644035576907
 01/08  01:00:00,0.931971390228,8.12913016888,0.0,7.66990883888,0.0,0.211177784292,0.211177784292,0.211177784292,0.161612796136,0.0352113105958,0.092942924749,0.413914574456,0.430711840413
 01/08  02:00:00,0.812773567809,8.4841066451,0.0,8.11945947699,0.0,0.223555390034,0.223555390034,0.223555390034,0.0942741659095,0.0205399387695,0.0761857795615,0.381106293534,0.338397437912
 01/08  03:00:00,0.769588436504,8.74440176665,0.0,8.40626979631,0.0,0.231452220233,0.231452220233,0.231452220233,0.0673386720226,0.0146713809326,0.0623264934745,0.376687669841,0.31218658484
 01/08  04:00:00,0.761479433421,8.95215792498,0.0,8.60760459286,0.0,0.236995628523,0.236995628523,0.236995628523,0.0673386720226,0.0146713809326,0.0539764305342,0.371385321409,0.318973160253
 01/08  05:00:00,0.76342217321,9.1760965252,0.0,8.7574391031,0.0,0.241121064763,0.241121064763,0.241121064763,0.0673386720226,0.0146713809326,0.0658228643082,0.357356191184,0.394043544658
 01/08  06:00:00,0.822875306945,9.63816964441,0.0,8.89448124581,0.0,0.244894285105,0.244894285105,0.244894285105,0.0673386720226,0.0146713809326,0.080078180578,0.398780788307,0.71622128961
 01/08  07:00:00,1.06853037573,10.8564232782,0.0,9.50339532211,0.0,0.261659689774,0.261659689774,0.261659689774,0.15487897491,0.0337441825195,0.14038354292,0.460751985603,1.32129241265
 01/08  08:00:00,1.38055951355,10.4226139419,0.0,8.89285296678,0.0,0.244849453235,0.244849453235,0.244849453235,0.316491771045,0.0689554931152,0.228567290958,0.489583505201,1.49603958262
 01/08  09:00:00,1.32685665501,9.68780892553,0.0,8.19578442894,0.0,0.225656866672,0.225656866672,0.225656866672,0.303024045,0.06602121875,0.30112795013,0.413914574456,1.463515007
 01/08  10:00:00,1.13547294625,8.71013690031,0.0,7.35104664626,0.0,0.202398460738,0.202398460738,0.202398460738,0.15487897491,0.0337441825195,0.375064554145,0.352274773936,1.334826373
 01/08  11:00:00,1.14439272594,9.01410795058,0.0,7.81269399252,0.0,0.215109128589,0.215109128589,0.215109128589,0.127943439226,0.0278756155762,0.395792849183,0.360559693361,1.17657943071
 01/08  12:00:00,1.11142835139,7.02006539475,0.0,5.96436834753,0.0,0.164218652241,0.164218652241,0.164218652241,0.127943439226,0.0278756155762,0.413608485392,0.360670158953,1.03085491125
 01/08  13:00:00,1.07528853375,6.32455488551,0.0,5.37917828429,0.0,0.14810644758,0.14810644758,0.14810644758,0.127943439226,0.0278756155762,0.399656479991,0.354594551375,0.920952939206
 01/08  14:00:00,1.0433692516,6.04013172984,0.0,5.16270217017,0.0,0.142146149082,0.142146149082,0.142146149082,0.127943439226,0.0278756155762,0.361435815596,0.366856232124,0.85216134111
 01/08  15:00:00,1.03628752991,5.74929923407,0.0,4.93491365099,0.0,0.135874382914,0.135874382914,0.135874382914,0.134677344045,0.0293427618652,0.331767743197,0.387513297889,0.787694553066
 01/08  16:00:00,1.12265560616,6.32695204246,0.0,5.5039481283,0.0,0.151541771227,0.151541771227,0.151541771227,0.168346700955,0.0366784568848,0.339922588697,0.409054088393,0.794829203743
 01/08  17:00:00,1.40361995093,7.03435079971,0.0,6.12305371462,0.0,0.168587781644,0.168587781644,0.168587781644,0.282822414136,0.0616197980958,0.389638662656,0.4838392944,0.877971340659
 01/08  18:00:00,1.93592173422,8.74318470041,0.0,7.66061980047,0.0,0.210922026552,0.210922026552,0.210922026552,0.525241650136,0.114436773096,0.480421867651,0.587787416781,1.04207944649
 01/08  19:00:00,2.24967777315,7.802012793,0.0,6.55553425803,0.0,0.180495391607,0.180495391607,0.180495391607,0.781128612181,0.170188022461,0.432594020017,0.638159726883,1.20252355196
 01/08  20:00:00,2.21643341213,7.90289011903,0.0,6.62110419545,0.0,0.182300747367,0.182300747367,0.182300747367,0.828265695136,0.180457991846,0.349590650728,0.658706327056,1.23641573773
 01/08  21:00:00,2.07506460229,8.33519101979,0.0,7.13913787322,0.0,0.196563916142,0.196563916142,0.196563916142,0.713789981955,0.155516632422,0.310730298291,0.681351773484,1.14912319414
 01/08  22:00:00,1.91436564636,8.63012426566,0.0,7.55341409329,0.0,0.207970301286,0.207970301286,0.207970301286,0.599314185181,0.130575291211,0.293949140492,0.665444728188,1.03087586086
 01/08  23:00:00,1.60095146174,9.03584493453,0.0,8.14798861036,0.0,0.224340890788,0.224340890788,0.224340890788,0.45116911509,0.0982982549805,0.234174068073,0.57585713281,0.848192601398
 01/08  24:00:00,1.27948467922,9.15098847599,0.0,8.47198972804,0.0,0.233261705829,0.233261705829,0.233261705829,0.309757866226,0.0674883468263,0.151455627092,0.500409133249,0.6445317109
 01/09  01:00:00,0.96391553214,9.51135136083,0.0,9.06886378731,0.0,0.249695609281,0.249695609281,0.249695609281,0.161612796136,0.0352113105958,0.0863692416722,0.413914574456,0.413978083938
 01/09  02:00:00,0.841863800114,9.67484008046,0.0,9.31936194577,0.0,0.256592646414,0.256592646414,0.256592646414,0.0942741659095,0.0205399387695,0.0722387554862,0.381106293534,0.329228404482
 01/09  03:00:00,0.796313497368,9.80299102632,0.0,9.47175470037,0.0,0.260788519525,0.260788519525,0.260788519525,0.0673386720226,0.0146713809326,0.0597152550472,0.376687669841,0.305290940442
 01/09  04:00:00,0.788649030415,9.98120558194,0.0,9.64398660808,0.0,0.265530629688,0.265530629688,0.265530629688,0.0673386720226,0.0146713809326,0.0526110263622,0.371385321409,0.311638801989
 01/09  05:00:00,0.786466926442,10.0956244031,0.0,9.69143259692,0.0,0.26683697361,0.26683697361,0.26683697361,0.0673386720226,0.0146713809326,0.0631517086927,0.357356191184,0.379577928694
 01/09  06:00:00,0.840146040903,10.3739039021,0.0,9.67053926901,0.0,0.266261711663,0.266261711663,0.266261711663,0.0673386720226,0.0146713809326,0.0759814879778,0.398780788307,0.675897524088
 01/09  07:00:00,1.05404396989,10.6246883642,0.0,9.3631689145,0.0,0.25779879616,0.25779879616,0.25779879616,0.15487897491,0.0337441825195,0.129758030703,0.460751985603,1.22978390635
 01/09  08:00:00,1.38648464373,11.2950035279,0.0,9.8766256008,0.0,0.271935945325,0.271935945325,0.271935945325,0.316491771045,0.0689554931152,0.207405929039,0.489583505201,1.38465653456
 01/09  09:00:00,1.32152207842,10.5549216309,0.0,9.18014661164,0.0,0.252759590974,0.252759590974,0.252759590974,0.303024045,0.06602121875,0.268690649238,0.413914574456,1.3462655297
 01/09  10:00:00,1.13671562149,10.2819437098,0.0,9.03169369136,0.0,0.248672194443,0.248672194443,0.248672194443,0.15487897491,0.0337441825195,0.330033495679,0.352274773936,1.22598613736
 01/09  11:00:00,1.16044402595,11.3519746655,0.0,10.2449330022,0.0,0.282076657895,0.282076657895,0.282076657895,0.127943439226,0.0278756155762,0.344876619894,0.360559693361,1.08220713596
 01/09  12:00:00,1.13862665324,9.83511090511,0.0,8.85857664864,0.0,0.243905713606,0.243905713606,0.243905713606,0.127943439226,0.0278756155762,0.361119725873,0.360670158953,0.951692120496
 01/09  13:00:00,1.10999299124,9.25226901517,0.0,8.37609507962,0.0,0.230621411166,0.230621411166,0.230621411166,0.127943439226,0.0278756155762,0.3518459739,0.354594551375,0.851750273539
 01/09  14:00:00,1.0834097048,9.01677872182,0.0,8.2000617291,0.0,0.225774634795,0.225774634795,0.225774634795,0.127943439226,0.0278756155762,0.317847783081,0.366856232124,0.791448774168
 01/09  15:00:00,1.06805362002,8.26833132636,0.0,7.50967590169,0.0,0.206766045201,0.206766045201,0.206766045201,0.134677344045,0.0293427618652,0.292642171022,0.387513297889,0.731964394665
 01/09  16:00:00,1.13930362035,8.22200854553,0.0,7.45456853118,0.0,0.205248758276,0.205248758276,0.205248758276,0.168346700955,0.0366784568848,0.302863615842,0.409054088393,0.739265303934
 01/09  17:00:00,1.40627588264,8.36896333887,0.0,7.52404350817,0.0,0.207161632602,0.207161632602,0.207161632602,0.282822414136,0.0616197980958,0.353720743409,0.4838392944,0.811594086268
 01/09  18:00:00,1.93743190301,10.0038078557,0.0,8.99943931687,0.0,0.247784125566,0.247784125566,0.247784125566,0.525241650136,0.114436773096,0.445069937436,0.587787416781,0.963883085424
 01/09  19:00:00,2.24790817935,8.88335750153,0.0,7.73740274939,0.0,0.213036113351,0.213036113351,0.213036113351,0.781128612181,0.170188022461,0.398283704478,0.638159726883,1.10199976914
 01/09  20:00:00,2.212446678,8.89021489927,0.0,7.72006569994,0.0,0.212558767431,0.212558767431,0.212558767431,0.828265695136,0.180457991846,0.315345896534,0.658706327056,1.12477901347
 01/09  21:00:00,2.06044489339,8.9632316197,0.0,7.87409055284,0.0,0.216799577569,0.216799577569,0.216799577569,0.713789981955,0.155516632422,0.275874927963,0.681351773484,1.04221111443
 01/09  22:00:00,1.89388447243,9.08967930353,0.0,8.10277402841,0.0,0.223095984827,0.223095984827,0.223095984827,0.599314185181,0.130575291211,0.258342283024,0.665444728188,0.941070963605
 01/09  23:00:00,1.581425344,9.28375407497,0.0,8.46640663611,0.0,0.233107984969,0.233107984969,0.233107984969,0.45116911509,0.0982982549805,0.205880856148,0.57585713281,0.7776837161
 01/09  24:00:00,1.27345375356,9.45211069182,0.0,8.81716901726,0.0,0.242765625499,0.242765625499,0.242765625499,0.309757866226,0.0674883468263,0.135920781757,0.500409133249,0.600474637512
 01/10  01:00:00,0.977141769327,9.99178537891,0.0,9.54923644508,0.0,0.262921846467,0.262921846467,0.262921846467,0.161612796136,0.0352113105958,0.0863692416722,0.413914574456,0.414039444242
 01/10  02:00:00,0.856851071093,10.2189573315,0.0,9.86369478143,0.0,0.271579917393,0.271579917393,0.271579917393,0.0942741659095,0.0205399387695,0.0722387554862,0.381106293534,0.329012819868
 01/10  03:00:00,0.815028362246,10.4824213741,0.0,10.1514725411,0.0,0.279503384402,0.279503384402,0.279503384402,0.0673386720226,0.0146713809326,0.0597152550472,0.376687669841,0.305003447576
 01/10  04:00:00,0.808712345109,10.7098109946,0.0,10.3726797101,0.0,0.285593944382,0.285593944382,0.285593944382,0.0673386720226,0.0146713809326,0.0526110263622,0.371385321409,0.311551112646
 01/10  05:00:00,0.81095086008,10.9848254616,0.0,10.5806811495,0.0,0.291320907248,0.291320907248,0.291320907248,0.0673386720226,0.0146713809326,0.0631517086927,0.357356191184,0.379530434683
 01/10  06:00:00,0.869471941871,11.4392943445,0.0,10.7356465093,0.0,0.295587612631,0.295587612631,0.295587612631,0.0673386720226,0.0146713809326,0.0759814879778,0.398780788307,0.676180726151
 01/10  07:00:00,1.114223455,12.8116411951,0.0,11.5488683539,0.0,0.317978281266,0.317978281266,0.317978281266,0.15487897491,0.0337441825195,0.129758030703,0.460751985603,1.23103729785
 01/10  08:00:00,1.43347026617,13.0030868292,0.0,11.5831282147,0.0,0.31892156777,0.31892156777,0.31892156777,0.316491771045,0.0689554931152,0.207405929039,0.489583505201,1.38623722192
 01/10  09:00:00,1.34995224378,11.5882183536,0.0,10.2127210245,0.0,0.281189756339,0.281189756339,0.281189756339,0.303024045,0.06602121875,0.268690649238,0.413914574456,1.34698783953
 01/10  10:00:00,1.13073375392,10.065508171,0.0,8.81443419548,0.0,0.242690326873,0.242690326873,0.242690326873,0.15487897491,0.0337441825195,0.330033495679,0.352274773936,1.22681009449
 01/10  11:00:00,1.12943184518,10.2269875258,0.0,9.11858062485,0.0,0.251064477127,0.251064477127,0.251064477127,0.127943439226,0.0278756155762,0.344876619894,0.360559693361,1.08357237362
 01/10  12:00:00,1.08961340637,8.05674426475,0.0,7.07843137157,0.0,0.194892466744,0.194892466744,0.194892466744,0.127943439226,0.0278756155762,0.361119725873,0.360670158953,0.953470757209
 01/10  13:00:00,1.04815024937,7.00822481578,0.0,6.12998669238,0.0,0.168778669295,0.168778669295,0.168778669295,0.127943439226,0.0278756155762,0.3518459739,0.354594551375,0.853814461383
 01/10  14:00:00,1.00918487411,6.32378175332,0.0,5.50423987959,0.0,0.151549804098,0.151549804098,0.151549804098,0.127943439226,0.0278756155762,0.317847783081,0.366856232124,0.794273655182
 01/10  15:00:00,1.01398032892,6.3071779292,0.0,5.54575145412,0.0,0.152692754101,0.152692754101,0.152692754101,0.134677344045,0.0293427618652,0.292642171022,0.387513297889,0.734735445066
 01/10  16:00:00,1.10091567646,6.8309026173,0.0,6.06033082233,0.0,0.166860814388,0.166860814388,0.166860814388,0.168346700955,0.0366784568848,0.302863615842,0.409054088393,0.742397084548
 01/10  17:00:00,1.37645198959,7.28813697423,0.0,6.44084935655,0.0,0.177337739555,0.177337739555,0.177337739555,0.282822414136,0.0616197980958,0.353720743409,0.4838392944,0.813961873246
 01/10  18:00:00,1.90422878504,8.80007333431,0.0,7.79351280881,0.0,0.214581007596,0.214581007596,0.214581007596,0.525241650136,0.114436773096,0.445069937436,0.587787416781,0.966075072049
 01/10  19:00:00,2.21670319061,7.75258873623,0.0,6.60404764852,0.0,0.181831124603,0.181831124603,0.181831124603,0.781128612181,0.170188022461,0.398283704478,0.638159726883,1.1045861047
 01/10  20:00:00,2.18337783115,7.83651878766,0.0,6.66429458214,0.0,0.183489920583,0.183489920583,0.183489920583,0.828265695136,0.180457991846,0.315345896534,0.658706327056,1.12685401967
 01/10  21:00:00,2.03156816058,7.91636786379,0.0,6.82529695463,0.0,0.187922844755,0.187922844755,0.187922844755,0.713789981955,0.155516632422,0.275874927963,0.681351773484,1.04414095673
 01/10  22:00:00,1.8657707458,8.07057729948,0.0,7.08169256805,0.0,0.194982258196,0.194982258196,0.194982258196,0.599314185181,0.130575291211,0.258342283024,0.665444728188,0.94305041991
 01/10  23:00:00,1.55022898105,8.15224442483,0.0,7.33336482147,0.0,0.20191162202,0.20191162202,0.20191162202,0.45116911509,0.0982982549805,0.205880856148,0.57585713281,0.779215880589
 01/10  24:00:00,1.24146547594,8.29158110952,0.0,7.65536511791,0.0,0.210777347881,0.210777347881,0.210777347881,0.309757866226,0.0674883468263,0.135920781757,0.500409133249,0.601748954567
 01/11  01:00:00,0.935852442724,8.49294918708,0.0,8.04962145421,0.0,0.221632519864,0.221632519864,0.221632519864,0.161612796136,0.0352113105958,0.0863692416722,0.413914574456,0.414818243283
 01/11  02:00:00,0.810645766294,8.54140748825,0.0,8.18553305212,0.0,0.225374612594,0.225374612594,0.225374612594,0.0942741659095,0.0205399387695,0.0722387554862,0.381106293534,0.329624705928
 01/11  03:00:00,0.759401575276,8.46268904034,0.0,8.13112562583,0.0,0.223876597432,0.223876597432,0.223876597432,0.0673386720226,0.0146713809326,0.0597152550472,0.376687669841,0.305618029008
 01/11  04:00:00,0.749945937124,8.57610468723,0.0,8.23830277482,0.0,0.226827536397,0.226827536397,0.226827536397,0.0673386720226,0.0146713809326,0.0526110263622,0.371385321409,0.312221740547
 01/11  05:00:00,0.745812080769,8.61999001782,0.0,8.21486174828,0.0,0.226182127938,0.226182127938,0.226182127938,0.0673386720226,0.0146713809326,0.0631517086927,0.357356191184,0.380514392098
 01/11  06:00:00,0.792523035058,8.64615248626,0.0,7.94088709612,0.0,0.218638705818,0.218638705818,0.218638705818,0.0673386720226,0.0146713809326,0.0759814879778,0.398780788307,0.677798281147
 01/11  07:00:00,1.01520682033,9.21791015731,0.0,7.95261620067,0.0,0.218961646594,0.218961646594,0.218961646594,0.15487897491,0.0337441825195,0.129758030703,0.460751985603,1.23355841325
 01/11  08:00:00,1.30771332938,8.43829381869,0.0,7.01567693516,0.0,0.193164630975,0.193164630975,0.193164630975,0.316491771045,0.0689554931152,0.207405929039,0.489583505201,1.38889549099
 01/11  09:00:00,1.2520521494,8.03648994122,0.0,6.65702125373,0.0,0.183289661961,0.183289661961,0.183289661961,0.303024045,0.06602121875,0.268690649238,0.413914574456,1.3509591979
 01/11  10:00:00,1.06421684456,7.65317794912,0.0,6.39856155649,0.0,0.176173417513,0.176173417513,0.176173417513,0.15487897491,0.0337441825195,0.330033495679,0.352274773936,1.23035251158
 01/11  11:00:00,1.06995616515,8.0694123683,0.0,6.95844315791,0.0,0.191588797087,0.191588797087,0.191588797087,0.127943439226,0.0278756155762,0.344876619894,0.360559693361,1.08613468303
 01/11  12:00:00,1.04913937919,6.58863848333,0.0,5.60842779202,0.0,0.154418439562,0.154418439562,0.154418439562,0.127943439226,0.0278756155762,0.361119725873,0.360670158953,0.955368555338
 01/11  13:00:00,1.02418484524,6.13909967891,0.0,5.25957096379,0.0,0.144813265163,0.144813265163,0.144813265163,0.127943439226,0.0278756155762,0.3518459739,0.354594551375,0.855105053112
 01/11  14:00:00,0.993093124269,5.7395431171,0.0,4.91979272896,0.0,0.135458054262,0.135458054262,0.135458054262,0.127943439226,0.0278756155762,0.317847783081,0.366856232124,0.794482169587
 01/11  15:00:00,1.00098744157,5.83544045952,0.0,5.07385398684,0.0,0.139699866748,0.139699866748,0.139699866748,0.134677344045,0.0293427618652,0.292642171022,0.387513297889,0.734895442657
 01/11  16:00:00,1.05395104883,5.12501493489,0.0,4.35459073318,0.0,0.119896186754,0.119896186754,0.119896186754,0.168346700955,0.0366784568848,0.302863615842,0.409054088393,0.742249491297
 01/11  17:00:00,1.31125488554,4.92018750895,0.0,4.07291161955,0.0,0.112140635502,0.112140635502,0.112140635502,0.282822414136,0.0616197980958,0.353720743409,0.4838392944,0.813950144965
 01/11  18:00:00,1.79086678704,4.68398584665,0.0,3.67624169825,0.0,0.101219009595,0.101219009595,0.101219009595,0.525241650136,0.114436773096,0.445069937436,0.587787416781,0.967258694946
 01/11  19:00:00,2.13496528429,4.78701692232,0.0,3.63535332203,0.0,0.100093218289,0.100093218289,0.100093218289,0.781128612181,0.170188022461,0.398283704478,0.638159726883,1.10770861729
 01/11  20:00:00,2.08221948162,4.16559299616,0.0,2.99025603755,0.0,0.0823315710448,0.0823315710448,0.0823315710448,0.828265695136,0.180457991846,0.315345896534,0.658706327056,1.12996677276
 01/11  21:00:00,1.9214723939,3.92120562546,0.0,2.82665430951,0.0,0.0778270780764,0.0778270780764,0.0778270780764,0.713789981955,0.155516632422,0.275874927963,0.681351773484,1.04762136352
 01/11  22:00:00,1.74927741507,3.84321937649,0.0,2.85069246533,0.0,0.0784889274661,0.0784889274661,0.0784889274661,0.599314185181,0.130575291211,0.258342283024,0.665444728188,0.946692599643
 01/11  23:00:00,1.43314250884,3.90353822349,0.0,3.08082201194,0.0,0.0848251498092,0.0848251498092,0.0848251498092,0.45116911509,0.0982982549805,0.205880856148,0.57585713281,0.783052488774
 01/11  24:00:00,1.13157781077,4.304408643,0.0,3.66428065242,0.0,0.100889682714,0.100889682714,0.100889682714,0.309757866226,0.0674883468263,0.135920781757,0.500409133249,0.605660953529
 01/12  01:00:00,0.836631436216,4.89297189834,0.0,4.44594658203,0.0,0.122411513357,0.122411513357,0.122411513357,0.161612796136,0.0352113105958,0.0863692416722,0.413914574456,0.418515826725
 01/12  02:00:00,0.742871742618,6.08330796279,0.0,5.72400242769,0.0,0.157600588919,0.157600588919,0.157600588919,0.0942741659095,0.0205399387695,0.0722387554862,0.381106293534,0.333055804894
 01/12  03:00:00,0.70373298361,6.44342685614,0.0,6.10926037757,0.0,0.168208005766,0.168208005766,0.168208005766,0.0673386720226,0.0146713809326,0.0597152550472,0.376687669841,0.308221093069
 01/12  04:00:00,0.699232914449,6.73646439918,0.0,6.39642218987,0.0,0.176114513722,0.176114513722,0.176114513722,0.0673386720226,0.0146713809326,0.0526110263622,0.371385321409,0.314462037443
 01/12  05:00:00,0.712400255655,7.40873199334,0.0,7.00135506418,0.0,0.192770302823,0.192770302823,0.192770302823,0.0673386720226,0.0146713809326,0.0631517086927,0.357356191184,0.382763051702
 01/12  06:00:00,0.778475052144,8.13836691631,0.0,7.43066889927,0.0,0.204590722904,0.204590722904,0.204590722904,0.0673386720226,0.0146713809326,0.0759814879778,0.398780788307,0.680230908038
 01/12  07:00:00,1.01894924646,9.35661020746,0.0,8.08853990774,0.0,0.222704072729,0.222704072729,0.222704072729,0.15487897491,0.0337441825195,0.129758030703,0.460751985603,1.23633475633
 01/12  08:00:00,1.31980448343,8.8804170213,0.0,7.4548237406,0.0,0.20525578503,0.20525578503,0.20525578503,0.316491771045,0.0689554931152,0.207405929039,0.489583505201,1.39187188816
 01/12  09:00:00,1.2776850635,8.96993227488,0.0,7.58800040498,0.0,0.208922576056,0.208922576056,0.208922576056,0.303024045,0.06602121875,0.268690649238,0.413914574456,1.35342238031
 01/12  10:00:00,1.0941958441,8.74440649054,0.0,7.48738912569,0.0,0.206152417051,0.206152417051,0.206152417051,0.15487897491,0.0337441825195,0.330033495679,0.352274773936,1.2327534838
 01/12  11:00:00,1.09761623892,9.07571620182,0.0,7.96304809328,0.0,0.219248870863,0.219248870863,0.219248870863,0.127943439226,0.0278756155762,0.344876619894,0.360559693361,1.08783358119
 01/12  12:00:00,1.06524276173,7.17521470058,0.0,6.19329743871,0.0,0.170521822103,0.170521822103,0.170521822103,0.127943439226,0.0278756155762,0.361119725873,0.360670158953,0.957075125896
 01/12  13:00:00,1.03283339276,6.45516634074,0.0,5.57368341324,0.0,0.153461812686,0.153461812686,0.153461812686,0.127943439226,0.0278756155762,0.3518459739,0.354594551375,0.857059265478
 01/12  14:00:00,0.999138145722,5.96117923148,0.0,5.13934595342,0.0,0.141503075715,0.141503075715,0.141503075715,0.127943439226,0.0278756155762,0.317847783081,0.366856232124,0.796565059505
 01/12  15:00:00,1.0039253608,5.94456890358,0.0,5.18055826323,0.0,0.142637785977,0.142637785977,0.142637785977,0.134677344045,0.0293427618652,0.292642171022,0.387513297889,0.737319610335
 01/12  16:00:00,1.08829390073,6.37512328789,0.0,5.60191200895,0.0,0.154239038651,0.154239038651,0.154239038651,0.168346700955,0.0366784568848,0.302863615842,0.409054088393,0.745036568527
 01/12  17:00:00,1.3787284219,7.37368196928,0.0,6.52352864189,0.0,0.179614171863,0.179614171863,0.179614171863,0.282822414136,0.0616197980958,0.353720743409,0.4838392944,0.816827582966
 01/12  18:00:00,1.91051847977,9.03120688296,0.0,8.02195248728,0.0,0.220870702318,0.220870702318,0.220870702318,0.525241650136,0.114436773096,0.445069937436,0.587787416781,0.96876894223
 01/12  19:00:00,2.22782938908,8.15970004409,0.0,7.00814757924,0.0,0.192957323075,0.192957323075,0.192957323075,0.781128612181,0.170188022461,0.398283704478,0.638159726883,1.10759748184
 01/12  20:00:00,2.19675526272,8.32541572617,0.0,7.15015857075,0.0,0.196867352146,0.196867352146,0.196867352146,0.828265695136,0.180457991846,0.315345896534,0.658706327056,1.12988696956
 01/12  21:00:00,2.05396902732,8.73269024678,0.0,7.63888919111,0.0,0.210323711496,0.210323711496,0.210323711496,0.713789981955,0.155516632422,0.275874927963,0.681351773484,1.04687110323
 01/12  22:00:00,1.89186431092,9.02042605492,0.0,8.02940241571,0.0,0.221075823319,0.221075823319,0.221075823319,0.599314185181,0.130575291211,0.258342283024,0.665444728188,0.94518932769
 01/12  23:00:00,1.57976595638,9.22655097713,0.0,8.40613821455,0.0,0.231448597355,0.231448597355,0.231448597355,0.45116911509,0.0982982549805,0.205880856148,0.57585713281,0.780749039816
 01/12  24:00:00,1.27487322226,9.50589294838,0.0,8.86872366166,0.0,0.244185094205,0.244185094205,0.244185094205,0.309757866226,0.0674883468263,0.135920781757,0.500409133249,0.602702249679
 01/13  01:00:00,0.972304465739,9.81693854019,0.0,9.37354714297,0.0,0.25808454288,0.25808454288,0.25808454288,0.161612796136,0.0352113105958,0.0863692416722,0.413914574456,0.414881907635
 01/13  02:00:00,0.858334080383,10.2731916032,0.0,9.91755719929,0.0,0.273062926683,0.273062926683,0.273062926683,0.0942741659095,0.0205399387695,0.0722387554862,0.381106293534,0.329384673732
 01/13  03:00:00,0.817302903323,10.5656357162,0.0,10.2340831375,0.0,0.281777925479,0.281777925479,0.281777925479,0.0673386720226,0.0146713809326,0.0597152550472,0.376687669841,0.305607193224
 01/13  04:00:00,0.814493021659,10.9200068968,0.0,10.5826320131,0.0,0.291374620933,0.291374620933,0.291374620933,0.0673386720226,0.0146713809326,0.0526110263622,0.371385321409,0.311794711802
 01/13  05:00:00,0.818207793002,11.2491216697,0.0,10.8442506066,0.0,0.29857784017,0.29857784017,0.29857784017,0.0673386720226,0.0146713809326,0.0631517086927,0.357356191184,0.380257185608
 01/13  06:00:00,0.874032748444,11.6071876844,0.0,10.9012935293,0.0,0.300148419204,0.300148419204,0.300148419204,0.0673386720226,0.0146713809326,0.0759814879778,0.398780788307,0.678427046113
 01/13  07:00:00,1.08931510101,11.9116556938,0.0,10.6442049913,0.0,0.293069927274,0.293069927274,0.293069927274,0.15487897491,0.0337441825195,0.129758030703,0.460751985603,1.23571515919
 01/13  08:00:00,1.42480126123,12.6935789147,0.0,11.2682727585,0.0,0.31025256283,0.31025256283,0.31025256283,0.316491771045,0.0689554931152,0.207405929039,0.489583505201,1.39158476373
 01/13  09:00:00,1.3533872949,11.7187415851,0.0,10.3374809702,0.0,0.284624807452,0.284624807452,0.284624807452,0.303024045,0.06602121875,0.268690649238,0.413914574456,1.35275112537
 01/13  10:00:00,1.15989003896,11.1294711152,0.0,9.87338104025,0.0,0.271846611916,0.271846611916,0.271846611916,0.15487897491,0.0337441825195,0.330033495679,0.352274773936,1.23182619395
 01/13  11:00:00,1.18604611113,12.2869295751,0.0,11.1747924573,0.0,0.307678743076,0.307678743076,0.307678743076,0.127943439226,0.0278756155762,0.344876619894,0.360559693361,1.08730259048
 01/13  12:00:00,1.13160947305,9.58427437081,0.0,8.60371493328,0.0,0.236888533418,0.236888533418,0.236888533418,0.127943439226,0.0278756155762,0.361119725873,0.360670158953,0.95571730155
 01/13  13:00:00,1.08134093459,8.21567282288,0.0,7.33546164684,0.0,0.20196935451,0.20196935451,0.20196935451,0.127943439226,0.0278756155762,0.3518459739,0.354594551375,0.855787514023
 01/13  14:00:00,1.0459193477,7.65956808313,0.0,6.83842408207,0.0,0.188284277693,0.188284277693,0.188284277693,0.127943439226,0.0278756155762,0.317847783081,0.366856232124,0.79587578251
 01/13  15:00:00,1.04455136809,7.41868482121,0.0,6.65608171128,0.0,0.183263793271,0.183263793271,0.183263793271,0.134677344045,0.0293427618652,0.292642171022,0.387513297889,0.735912079914
 01/13  16:00:00,1.11749721642,7.4340796676,0.0,6.66256699166,0.0,0.183442354343,0.183442354343,0.183442354343,0.168346700955,0.0366784568848,0.302863615842,0.409054088393,0.743337965519
 01/13  17:00:00,1.38889851466,7.74207755382,0.0,6.89290312234,0.0,0.189784264624,0.189784264624,0.189784264624,0.282822414136,0.0616197980958,0.353720743409,0.4838392944,0.815848687049
 01/13  18:00:00,1.91159825445,9.07054780997,0.0,8.06116955461,0.0,0.221950477001,0.221950477001,0.221950477001,0.525241650136,0.114436773096,0.445069937436,0.587787416781,0.968892801915
 01/13  19:00:00,2.21949058889,7.85754194834,0.0,6.70528505275,0.0,0.184618522884,0.184618522884,0.184618522884,0.781128612181,0.170188022461,0.398283704478,0.638159726883,1.10830191258
 01/13  20:00:00,2.17580557375,7.56526132744,0.0,6.3892726416,0.0,0.175917663174,0.175917663174,0.175917663174,0.828265695136,0.180457991846,0.315345896534,0.658706327056,1.13061849998
 01/13  21:00:00,2.01898530125,7.46349511168,0.0,6.36829157261,0.0,0.175339985426,0.175339985426,0.175339985426,0.713789981955,0.155516632422,0.275874927963,0.681351773484,1.04827358664
 01/13  22:00:00,1.84664564178,7.37966814438,0.0,6.38707497446,0.0,0.175857154179,0.175857154179,0.175857154179,0.599314185181,0.130575291211,0.258342283024,0.665444728188,0.946758858397
 01/13  23:00:00,1.52897355951,7.38310409927,0.0,6.56137478448,0.0,0.180656200485,0.180656200485,0.180656200485,0.45116911509,0.0982982549805,0.205880856148,0.57585713281,0.782065592016
 01/13  24:00:00,1.21938768241,7.49171996101,0.0,6.85350679586,0.0,0.188699554347,0.188699554347,0.188699554347,0.309757866226,0.0674883468263,0.135920781757,0.500409133249,0.603746128101
 01/14  01:00:00,0.917418395599,7.60266332539,0.0,7.1413487798,0.0,0.196624789663,0.196624789663,0.196624789663,0.161612796136,0.0352113105958,0.092942924749,0.413914574456,0.432805056004
 01/14  02:00:00,0.787735166327,7.57578904334,0.0,7.21007283161,0.0,0.198516988552,0.198516988552,0.198516988552,0.0942741659095,0.0205399387695,0.0761857795615,0.381106293534,0.339466481524
 01/14  03:00:00,0.736339561158,7.53763220965,0.0,7.19868139513,0.0,0.198203344888,0.198203344888,0.198203344888,0.0673386720226,0.0146713809326,0.0623264934745,0.376687669841,0.313005429015
 01/14  04:00:00,0.720275700527,7.45678823135,0.0,7.1110983378,0.0,0.195791895628,0.195791895628,0.195791895628,0.0673386720226,0.0146713809326,0.0539764305342,0.371385321409,0.320109721674
 01/14  05:00:00,0.712307181126,7.32152035534,0.0,6.90095911919,0.0,0.190006072679,0.190006072679,0.190006072679,0.0673386720226,0.0146713809326,0.0658228643082,0.357356191184,0.395947358692
 01/14  06:00:00,0.760480990306,7.37708001076,0.0,6.62833984135,0.0,0.182499968466,0.182499968466,0.182499968466,0.0673386720226,0.0146713809326,0.080078180578,0.398780788307,0.721273060413
 01/14  07:00:00,0.989816250949,8.00874749824,0.0,6.64452376326,0.0,0.182945564997,0.182945564997,0.182945564997,0.15487897491,0.0337441825195,0.14038354292,0.460751985603,1.3324881916
 01/14  08:00:00,1.29385974716,7.28707482842,0.0,5.74394548657,0.0,0.158149686838,0.158149686838,0.158149686838,0.316491771045,0.0689554931152,0.228567290958,0.489583505201,1.50940794932
 01/14  09:00:00,1.25536955785,7.10507896689,0.0,5.59939617619,0.0,0.154169769511,0.154169769511,0.154169769511,0.303024045,0.06602121875,0.30112795013,0.413914574456,1.47717330112
 01/14  10:00:00,1.08597264623,6.92451770046,0.0,5.55321175624,0.0,0.152898160724,0.152898160724,0.152898160724,0.15487897491,0.0337441825195,0.375064554145,0.352274773936,1.34704206317
 01/14  11:00:00,1.09631198047,7.27791086417,0.0,6.06641686453,0.0,0.167028383121,0.167028383121,0.167028383121,0.127943439226,0.0278756155762,0.395792849183,0.360559693361,1.18665947229
 01/14  12:00:00,1.08739024485,6.15568310471,0.0,5.09131209096,0.0,0.140180545701,0.140180545701,0.140180545701,0.127943439226,0.0278756155762,0.413608485392,0.360670158953,1.03952887777
 01/14  13:00:00,1.05646907431,5.64808158669,0.0,4.69566160312,0.0,0.129286988146,0.129286988146,0.129286988146,0.127943439226,0.0278756155762,0.399656479991,0.354594551375,0.927996321559
 01/14  14:00:00,1.02785144947,5.48238145153,0.0,4.59910061462,0.0,0.126628346951,0.126628346951,0.126628346951,0.127943439226,0.0278756155762,0.361435815596,0.366856232124,0.858012618361
 01/14  15:00:00,1.02909029147,5.49347146541,0.0,4.67351227828,0.0,0.128677144477,0.128677144477,0.128677144477,0.134677344045,0.0293427618652,0.331767743197,0.387513297889,0.793268157115
 01/14  16:00:00,1.10472333368,5.68107552503,0.0,4.85265379068,0.0,0.133609498754,0.133609498754,0.133609498754,0.168346700955,0.0366784568848,0.339922588697,0.409054088393,0.800247023939
 01/14  17:00:00,1.36877303262,5.77501831471,0.0,4.85742490978,0.0,0.133740863335,0.133740863335,0.133740863335,0.282822414136,0.0616197980958,0.389638662656,0.4838392944,0.884267660501
 01/14  18:00:00,1.88263557465,6.81626477589,0.0,5.72528371565,0.0,0.157635866985,0.157635866985,0.157635866985,0.525241650136,0.114436773096,0.480421867651,0.587787416781,1.05049560679
 01/14  19:00:00,2.19710836261,5.90322160907,0.0,4.64623026613,0.0,0.127925981068,0.127925981068,0.127925981068,0.781128612181,0.170188022461,0.432594020017,0.638159726883,1.21303635993
 01/14  20:00:00,2.15684602929,5.7494483882,0.0,4.45690971884,0.0,0.122713364524,0.122713364524,0.122713364524,0.828265695136,0.180457991846,0.349590650728,0.658706327056,1.24716848351
 01/14  21:00:00,2.00352723975,5.74727923226,0.0,4.54092399814,0.0,0.125026553602,0.125026553602,0.125026553602,0.713789981955,0.155516632422,0.310730298291,0.681351773484,1.15942528169
 01/14  22:00:00,1.83642527322,5.8087486884,0.0,4.72264494385,0.0,0.130029928151,0.130029928151,0.130029928151,0.599314185181,0.130575291211,0.293949140492,0.665444728188,1.04026943303
 01/14  23:00:00,1.51529269438,5.93242873481,0.0,5.03688987843,0.0,0.138682123425,0.138682123425,0.138682123425,0.45116911509,0.0982982549805,0.234174068073,0.57585713281,0.855875133614
 01/14  24:00:00,1.19391515443,6.04917336017,0.0,5.36413225742,0.0,0.147692181037,0.147692181037,0.147692181037,0.309757866226,0.0674883468263,0.151455627092,0.500409133249,0.650574065702
 01/15  01:00:00,0.876531351074,6.11966475515,0.0,5.65634454393,0.0,0.155737745138,0.155737745138,0.155737745138,0.161612796136,0.0352113105958,0.092942924749,0.413914574456,0.434810721636
 01/15  02:00:00,0.75077636531,6.2350842577,0.0,5.8677411297,0.0,0.161558187535,0.161558187535,0.161558187535,0.0942741659095,0.0205399387695,0.0761857795615,0.381106293534,0.341093397798
 01/15  03:00:00,0.704381479456,6.37850257998,0.0,6.03797420168,0.0,0.166245263185,0.166245263185,0.166245263185,0.0673386720226,0.0146713809326,0.0623264934745,0.376687669841,0.314582992791
 01/15  04:00:00,0.694853787672,6.5349491238,0.0,6.18778268337,0.0,0.170369982774,0.170369982774,0.170369982774,0.0673386720226,0.0146713809326,0.0539764305342,0.371385321409,0.321586268565
 01/15  05:00:00,0.692816569921,6.61515038444,0.0,6.19306642273,0.0,0.170515461474,0.170515461474,0.170515461474,0.0673386720226,0.0146713809326,0.0658228643082,0.357356191184,0.397470084259
 01/15  06:00:00,0.75083568177,7.02857434367,0.0,6.27802535424,0.0,0.17285465993,0.17285465993,0.17285465993,0.0673386720226,0.0146713809326,0.080078180578,0.398780788307,0.723081880431
 01/15  07:00:00,0.976163763046,7.51541661375,0.0,6.14866981729,0.0,0.169293077093,0.169293077093,0.169293077093,0.15487897491,0.0337441825195,0.14038354292,0.460751985603,1.33501125307
 01/15  08:00:00,1.31183136,7.94267953021,0.0,6.39666865354,0.0,0.176121299677,0.176121299677,0.176121299677,0.316491771045,0.0689554931152,0.228567290958,0.489583505201,1.51228948413
 01/15  09:00:00,1.26351265167,7.40294233988,0.0,5.89515071057,0.0,0.162312863331,0.162312863331,0.162312863331,0.303024045,0.06602121875,0.30112795013,0.413914574456,1.47928213972
 01/15  10:00:00,1.09235143606,7.15807245508,0.0,5.78488733993,0.0,0.159276950546,0.159276950546,0.159276950546,0.15487897491,0.0337441825195,0.375064554145,0.352274773936,1.3489212341
 01/15  11:00:00,1.11533294256,7.97076960385,0.0,6.75725205717,0.0,0.186049345216,0.186049345216,0.186049345216,0.127943439226,0.0278756155762,0.395792849183,0.360559693361,1.18868301932
 01/15  12:00:00,1.10835249497,6.91843554365,0.0,5.85265423692,0.0,0.16114279582,0.16114279582,0.16114279582,0.127943439226,0.0278756155762,0.413608485392,0.360670158953,1.04093917075
 01/15  13:00:00,1.07694030936,6.39252969616,0.0,5.43917024048,0.0,0.149758223194,0.149758223194,0.149758223194,0.127943439226,0.0278756155762,0.399656479991,0.354594551375,0.92893579367
 01/15  14:00:00,1.04684066781,6.17293047273,0.0,5.28878288423,0.0,0.145617565287,0.145617565287,0.145617565287,0.127943439226,0.0278756155762,0.361435815596,0.366856232124,0.858879369943
 01/15  15:00:00,1.02896931447,5.48904973645,0.0,4.66911843262,0.0,0.128556167474,0.128556167474,0.128556167474,0.134677344045,0.0293427618652,0.331767743197,0.387513297889,0.793240273813
 01/15  16:00:00,1.0870671563,5.0400650647,0.0,4.21138713735,0.0,0.115953321369,0.115953321369,0.115953321369,0.168346700955,0.0366784568848,0.339922588697,0.409054088393,0.800503216928
 01/15  17:00:00,1.35434312755,5.25241215754,0.0,4.33333542351,0.0,0.11931095826,0.11931095826,0.11931095826,0.282822414136,0.0616197980958,0.389638662656,0.4838392944,0.885750989602
 01/15  18:00:00,1.87826770486,6.65962245408,0.0,5.56664409746,0.0,0.1532679972,0.1532679972,0.1532679972,0.525241650136,0.114436773096,0.480421867651,0.587787416781,1.05249290317
 01/15  19:00:00,2.20051248726,6.02873616812,0.0,4.76986697273,0.0,0.13133010572,0.13133010572,0.13133010572,0.781128612181,0.170188022461,0.432594020017,0.638159726883,1.21491421237
 01/15  20:00:00,2.16517007271,6.05400027279,0.0,4.75923628412,0.0,0.131037407943,0.131037407943,0.131037407943,0.828265695136,0.180457991846,0.349590650728,0.658706327056,1.24939380281
 01/15  21:00:00,2.01884763971,6.30530830744,0.0,5.09735597052,0.0,0.140346953558,0.140346953558,0.140346953558,0.713789981955,0.155516632422,0.310730298291,0.681351773484,1.1610223845
 01/15  22:00:00,1.86172538131,6.72906121372,0.0,5.64153668847,0.0,0.155330036236,0.155330036236,0.155330036236,0.599314185181,0.130575291211,0.293949140492,0.665444728188,1.04169021373
 01/15  23:00:00,1.54840784838,7.13603141544,0.0,6.23962156361,0.0,0.171797277426,0.171797277426,0.171797277426,0.45116911509,0.0982982549805,0.234174068073,0.57585713281,0.856746129066
 01/15  24:00:00,1.23007012345,7.36251212047,0.0,6.67726904116,0.0,0.183847150058,0.183847150058,0.183847150058,0.309757866226,0.0674883468263,0.151455627092,0.500409133249,0.650776042267
 01/16  01:00:00,0.913205617933,7.67295928145,0.0,7.22709610089,0.0,0.198985695073,0.198985695073,0.198985695073,0.161612796136,0.0352113105958,0.0863692416722,0.413914574456,0.417353690972
 01/16  02:00:00,0.794033025237,7.94003943909,0.0,7.58216366886,0.0,0.208761871538,0.208761871538,0.208761871538,0.0942741659095,0.0205399387695,0.0722387554862,0.381106293534,0.331626040034
 01/16  03:00:00,0.753339735152,8.24432036301,0.0,7.91096155268,0.0,0.217814757308,0.217814757308,0.217814757308,0.0673386720226,0.0146713809326,0.0597152550472,0.376687669841,0.307413424826
 01/16  04:00:00,0.751340938769,8.62856449118,0.0,8.28896878349,0.0,0.228222538043,0.228222538043,0.228222538043,0.0673386720226,0.0146713809326,0.0526110263622,0.371385321409,0.314015535825
 01/16  05:00:00,0.75268978811,8.87193068477,0.0,8.46465785489,0.0,0.233059835278,0.233059835278,0.233059835278,0.0673386720226,0.0146713809326,0.0631517086927,0.357356191184,0.382658952425
 01/16  06:00:00,0.805329359541,9.11543316118,0.0,8.40600866031,0.0,0.231445030302,0.231445030302,0.231445030302,0.0673386720226,0.0146713809326,0.0759814879778,0.398780788307,0.681957391877
 01/16  07:00:00,1.02191006364,9.4693903948,0.0,8.19607583024,0.0,0.225664889907,0.225664889907,0.225664889907,0.15487897491,0.0337441825195,0.129758030703,0.460751985603,1.24157902117
 01/16  08:00:00,1.33734261953,9.52397961106,0.0,8.09180317277,0.0,0.222793921134,0.222793921134,0.222793921134,0.316491771045,0.0689554931152,0.207405929039,0.489583505201,1.39845504575
 01/16  09:00:00,1.28584049385,9.27266617708,0.0,7.88420299828,0.0,0.217078006409,0.217078006409,0.217078006409,0.303024045,0.06602121875,0.268690649238,0.413914574456,1.35995368922
 01/16  10:00:00,1.0965468844,8.83529709734,0.0,7.57277814923,0.0,0.208503457353,0.208503457353,0.208503457353,0.15487897491,0.0337441825195,0.330033495679,0.352274773936,1.23825506706
 01/16  11:00:00,1.1061260661,9.38992106067,0.0,8.27212226477,0.0,0.227758698045,0.227758698045,0.227758698045,0.127943439226,0.0278756155762,0.344876619894,0.360559693361,1.09296426855
 01/16  12:00:00,1.05737790187,6.89358597338,0.0,5.90764827174,0.0,0.162656962242,0.162656962242,0.162656962242,0.127943439226,0.0278756155762,0.361119725873,0.360670158953,0.961095565672
 01/16  13:00:00,1.01319321785,5.74547548438,0.0,4.86035861126,0.0,0.133821637773,0.133821637773,0.133821637773,0.127943439226,0.0278756155762,0.3518459739,0.354594551375,0.860693211108
 01/16  14:00:00,0.966355467573,4.77466672787,0.0,3.94868968368,0.0,0.108720397566,0.108720397566,0.108720397566,0.127943439226,0.0278756155762,0.317847783081,0.366856232124,0.800708825643
 01/16  15:00:00,0.955810925123,4.20089966445,0.0,3.43305751782,0.0,0.094523350302,0.094523350302,0.094523350302,0.134677344045,0.0293427618652,0.292642171022,0.387513297889,0.741151116607
 01/16  16:00:00,1.02696889483,4.15137388465,0.0,3.37460762475,0.0,0.0929140327505,0.0929140327505,0.0929140327505,0.168346700955,0.0366784568848,0.302863615842,0.409054088393,0.748591549482
 01/16  17:00:00,1.30270726812,4.61749100932,0.0,3.76246491888,0.0,0.103593018084,0.103593018084,0.103593018084,0.282822414136,0.0616197980958,0.353720743409,0.4838392944,0.821700346011
 01/16  18:00:00,1.83216451904,6.19232497778,0.0,5.17616197015,0.0,0.142516741588,0.142516741588,0.142516741588,0.525241650136,0.114436773096,0.445069937436,0.587787416781,0.975677554177
 01/16  19:00:00,2.15382919343,5.47940820029,0.0,4.32048440198,0.0,0.118957127424,0.118957127424,0.118957127424,0.781128612181,0.170188022461,0.398283704478,0.638159726883,1.11496881529
 01/16  20:00:00,2.12697818511,5.79907790259,0.0,4.61587767512,0.0,0.127090274536,0.127090274536,0.127090274536,0.828265695136,0.180457991846,0.315345896534,0.658706327056,1.13783004162
 01/16  21:00:00,1.97869061647,6.00582613026,0.0,4.90480165105,0.0,0.135045300644,0.135045300644,0.135045300644,0.713789981955,0.155516632422,0.275874927963,0.681351773484,1.05409452677
 01/16  22:00:00,1.81335779958,6.17569148382,0.0,5.1780713095,0.0,0.142569311972,0.142569311972,0.142569311972,0.599314185181,0.130575291211,0.258342283024,0.665444728188,0.951785862797
 01/16  23:00:00,1.50070825937,6.36086651827,0.0,5.53478822327,0.0,0.152390900344,0.152390900344,0.152390900344,0.45116911509,0.0982982549805,0.205880856148,0.57585713281,0.786414572237
 01/16  24:00:00,1.19702657147,6.6831015653,0.0,6.04135847744,0.0,0.166338443413,0.166338443413,0.166338443413,0.309757866226,0.0674883468263,0.135920781757,0.500409133249,0.607276050807
 01/17  01:00:00,0.887813761178,6.75176885864,0.0,6.3048720743,0.0,0.173593838319,0.173593838319,0.173593838319,0.161612796136,0.0352113105958,0.0863692416722,0.413914574456,0.41838729476
 01/17  02:00:00,0.764806684407,6.8790268579,0.0,6.52067242056,0.0,0.179535530708,0.179535530708,0.179535530708,0.0942741659095,0.0205399387695,0.0722387554862,0.381106293534,0.332104707137
 01/17  03:00:00,0.718764424779,6.9890836562,0.0,6.65519746024,0.0,0.183239446935,0.183239446935,0.183239446935,0.0673386720226,0.0146713809326,0.0597152550472,0.376687669841,0.307940810461
 01/17  04:00:00,0.709500364671,7.1095562591,0.0,6.76933266185,0.0,0.186381963944,0.186381963944,0.186381963944,0.0673386720226,0.0146713809326,0.0526110263622,0.371385321409,0.314643425386
 01/17  05:00:00,0.708914442382,7.28287411966,0.0,6.87475145328,0.0,0.18928448955,0.18928448955,0.18928448955,0.0673386720226,0.0146713809326,0.0631517086927,0.357356191184,0.383508788926
 01/17  06:00:00,0.765705677608,7.67781982991,0.0,6.96688934521,0.0,0.191821348368,0.191821348368,0.191821348368,0.0673386720226,0.0146713809326,0.0759814879778,0.398780788307,0.683463375697
 01/17  07:00:00,0.998460741042,8.6202750032,0.0,7.34440401599,0.0,0.202215567307,0.202215567307,0.202215567307,0.15487897491,0.0337441825195,0.129758030703,0.460751985603,1.24413544382
 01/17  08:00:00,1.30087651646,8.20194099399,0.0,6.76736610076,0.0,0.186327818058,0.186327818058,0.186327818058,0.316491771045,0.0689554931152,0.207405929039,0.489583505201,1.4008535007
 01/17  09:00:00,1.24370100749,7.74449823893,0.0,6.35371047993,0.0,0.174938520049,0.174938520049,0.174938520049,0.303024045,0.06602121875,0.268690649238,0.413914574456,1.36227826941
 01/17  10:00:00,1.04242589368,6.87198007324,0.0,5.60712126692,0.0,0.154382466634,0.154382466634,0.154382466634,0.15487897491,0.0337441825195,0.330033495679,0.352274773936,1.24059492527
 01/17  11:00:00,1.03818610043,6.92494673841,0.0,5.8045646807,0.0,0.159818732374,0.159818732374,0.159818732374,0.127943439226,0.0278756155762,0.344876619894,0.360559693361,1.09554753035
 01/17  12:00:00,1.01258494838,5.26987285007,0.0,4.28078268537,0.0,0.117864008755,0.117864008755,0.117864008755,0.127943439226,0.0278756155762,0.361119725873,0.360670158953,0.964248028724
 01/17  13:00:00,0.989751245902,4.89685964104,0.0,4.0089537703,0.0,0.110379665825,0.110379665825,0.110379665825,0.127943439226,0.0278756155762,0.3518459739,0.354594551375,0.863482208726
 01/17  14:00:00,0.957746194584,4.463489528,0.0,3.63600367261,0.0,0.100111124576,0.100111124576,0.100111124576,0.127943439226,0.0278756155762,0.317847783081,0.366856232124,0.802217636845
 01/17  15:00:00,0.95079417437,4.01977860593,0.0,3.25085075267,0.0,0.0895065995482,0.0895065995482,0.0895065995482,0.134677344045,0.0293427618652,0.292642171022,0.387513297889,0.742236823244
 01/17  16:00:00,1.03266561509,4.35962948192,0.0,3.58151066271,0.0,0.0986107530166,0.0986107530166,0.0986107530166,0.168346700955,0.0366784568848,0.302863615842,0.409054088393,0.749944108787
 01/17  17:00:00,1.30646701938,4.75511596661,0.0,3.8990178688,0.0,0.107352769341,0.107352769341,0.107352769341,0.282822414136,0.0616197980958,0.353720743409,0.4838392944,0.822772353387
 01/17  18:00:00,1.82705230717,6.00745822895,0.0,4.99048808827,0.0,0.137404529722,0.137404529722,0.137404529722,0.525241650136,0.114436773096,0.445069937436,0.587787416781,0.976484687227
 01/17  19:00:00,2.1521834198,5.42111012076,0.0,4.26071043584,0.0,0.117311353792,0.117311353792,0.117311353792,0.781128612181,0.170188022461,0.398283704478,0.638159726883,1.11644470191
 01/17  20:00:00,2.11578415153,5.39370691107,0.0,4.20931399513,0.0,0.115896240953,0.115896240953,0.115896240953,0.828265695136,0.180457991846,0.315345896534,0.658706327056,1.13902273008
 01/17  21:00:00,1.96654491898,5.56615940558,0.0,4.4636738459,0.0,0.122899603161,0.122899603161,0.122899603161,0.713789981955,0.155516632422,0.275874927963,0.681351773484,1.05555560726
 01/17  22:00:00,1.80103557869,5.72954021474,0.0,4.73053223134,0.0,0.130247091083,0.130247091083,0.130247091083,0.599314185181,0.130575291211,0.258342283024,0.665444728188,0.953173671881
 01/17  23:00:00,1.48816880567,5.90655896157,0.0,5.07935931961,0.0,0.139851446643,0.139851446643,0.139851446643,0.45116911509,0.0982982549805,0.205880856148,0.57585713281,0.787535919193
 01/17  24:00:00,1.18175621388,6.12953162955,0.0,5.48674402737,0.0,0.151068085817,0.151068085817,0.151068085817,0.309757866226,0.0674883468263,0.135920781757,0.500409133249,0.608320565135
 01/18  01:00:00,0.875405207176,6.30201900021,0.0,5.85419740539,0.0,0.161185284317,0.161185284317,0.161185284317,0.161612796136,0.0352113105958,0.0863692416722,0.413914574456,0.419312105231
 01/18  02:00:00,0.75428903308,6.49794047852,0.0,6.13867472534,0.0,0.16901787938,0.16901787938,0.16901787938,0.0942741659095,0.0205399387695,0.0722387554862,0.381106293534,0.333016022984
 01/18  03:00:00,0.709268426939,6.64500109289,0.0,6.31030588931,0.0,0.173743449095,0.173743449095,0.173743449095,0.0673386720226,0.0146713809326,0.0597152550472,0.376687669841,0.308749818071
 01/18  04:00:00,0.699299270619,6.7395957213,0.0,6.3988322245,0.0,0.176180869892,0.176180869892,0.176180869892,0.0673386720226,0.0146713809326,0.0526110263622,0.371385321409,0.315183324937
 01/18  05:00:00,0.697617224508,6.87309922939,0.0,6.46444015321,0.0,0.177987271677,0.177987271677,0.177987271677,0.0673386720226,0.0146713809326,0.0631517086927,0.357356191184,0.384045198729
 01/18  06:00:00,0.749972216522,7.10731285429,0.0,6.39545512617,0.0,0.176087887282,0.176087887282,0.176087887282,0.0673386720226,0.0146713809326,0.0759814879778,0.398780788307,0.684390619127
 01/18  07:00:00,0.966178898237,7.44946874341,0.0,6.171937924,0.0,0.169933724502,0.169933724502,0.169933724502,0.15487897491,0.0337441825195,0.129758030703,0.460751985603,1.24579527602
 01/18  08:00:00,1.2933906249,7.93221144873,0.0,6.4954809401,0.0,0.178841926502,0.178841926502,0.178841926502,0.316491771045,0.0689554931152,0.207405929039,0.489583505201,1.40300911609
 01/18  09:00:00,1.23595630232,7.46541766046,0.0,6.0724252925,0.0,0.167193814879,0.167193814879,0.167193814879,0.303024045,0.06602121875,0.268690649238,0.413914574456,1.36448287838
 01/18  10:00:00,1.0537222231,7.28404782693,0.0,6.01740029882,0.0,0.165678796058,0.165678796058,0.165678796058,0.15487897491,0.0337441825195,0.330033495679,0.352274773936,1.24238364707
 01/18  11:00:00,1.06931617098,8.05667025669,0.0,6.93519877663,0.0,0.190948802918,0.190948802918,0.190948802918,0.127943439226,0.0278756155762,0.344876619894,0.360559693361,1.0966369527
 01/18  12:00:00,1.05909470266,6.9593751412,0.0,5.9700019211,0.0,0.164373763027,0.164373763027,0.164373763027,0.127943439226,0.0278756155762,0.361119725873,0.360670158953,0.964531084133
 01/18  13:00:00,1.03467364062,6.52772535058,0.0,5.64052062031,0.0,0.155302060542,0.155302060542,0.155302060542,0.127943439226,0.0278756155762,0.3518459739,0.354594551375,0.862781068254
 01/18  14:00:00,1.00378445288,6.13506356131,0.0,5.308098327,0.0,0.146149382874,0.146149382874,0.146149382874,0.127943439226,0.0278756155762,0.317847783081,0.366856232124,0.801697015758
 01/18  15:00:00,1.00399097043,5.95111173993,0.0,5.18294118365,0.0,0.142703395604,0.142703395604,0.142703395604,0.134677344045,0.0293427618652,0.292642171022,0.387513297889,0.74147952626
 01/18  16:00:00,1.07366067873,5.84781802911,0.0,5.07043811779,0.0,0.139605816653,0.139605816653,0.139605816653,0.168346700955,0.0366784568848,0.302863615842,0.409054088393,0.749205200904
 01/18  17:00:00,1.33678600967,5.85544290895,0.0,5.00019379217,0.0,0.137671759631,0.137671759631,0.137671759631,0.282822414136,0.0616197980958,0.353720743409,0.4838392944,0.821923372351
 01/18  18:00:00,1.84985939271,6.83554953725,0.0,5.81883406031,0.0,0.160211615266,0.160211615266,0.160211615266,0.525241650136,0.114436773096,0.445069937436,0.587787416781,0.976230023488
 01/18  19:00:00,2.1646971714,5.87597978224,0.0,4.71520584777,0.0,0.1298251054,0.1298251054,0.1298251054,0.781128612181,0.170188022461,0.398283704478,0.638159726883,1.11681895146
 01/18  20:00:00,2.12414077012,5.69747674716,0.0,4.51282368037,0.0,0.12425285955,0.12425285955,0.12425285955,0.828265695136,0.180457991846,0.315345896534,0.658706327056,1.13928288093
 01/18  21:00:00,1.97073385921,5.71919063178,0.0,4.61581480048,0.0,0.12708854339,0.12708854339,0.12708854339,0.713789981955,0.155516632422,0.275874927963,0.681351773484,1.05644587887
 01/18  22:00:00,1.80303930413,5.80305425491,0.0,4.8033068914,0.0,0.132250816523,0.132250816523,0.132250816523,0.599314185181,0.130575291211,0.258342283024,0.665444728188,0.953913051991
 01/18  23:00:00,1.49380230685,6.11180934162,0.0,5.28396626068,0.0,0.145484947819,0.145484947819,0.145484947819,0.45116911509,0.0982982549805,0.205880856148,0.57585713281,0.788179358178
 01/18  24:00:00,1.18956328897,6.41342502187,0.0,5.7702944702,0.0,0.158875160909,0.158875160909,0.158875160909,0.309757866226,0.0674883468263,0.135920781757,0.500409133249,0.608663514615
 01/19  01:00:00,0.883183943778,6.58462518663,0.0,6.13671860341,0.0,0.168964020918,0.168964020918,0.168964020918,0.161612796136,0.0352113105958,0.0863692416722,0.413914574456,0.41939709364
 01/19  02:00:00,0.75940072279,6.68353930279,0.0,6.32432964269,0.0,0.17412956909,0.17412956909,0.17412956909,0.0942741659095,0.0205399387695,0.0722387554862,0.381106293534,0.332959929891
 01/19  03:00:00,0.715112924246,6.85720887606,0.0,6.52257614165,0.0,0.179587946403,0.179587946403,0.179587946403,0.0673386720226,0.0146713809326,0.0597152550472,0.376687669841,0.3086873489
 01/19  04:00:00,0.7102152056,7.13613520612,0.0,6.79529545324,0.0,0.187096804873,0.187096804873,0.187096804873,0.0673386720226,0.0146713809326,0.0526110263622,0.371385321409,0.315259581012
 01/19  05:00:00,0.713911151341,7.46511256775,0.0,7.05623030693,0.0,0.194281198509,0.194281198509,0.194281198509,0.0673386720226,0.0146713809326,0.0631517086927,0.357356191184,0.384268383364
 01/19  06:00:00,0.76950575066,7.81717547174,0.0,7.10490676968,0.0,0.19562142142,0.19562142142,0.19562142142,0.0673386720226,0.0146713809326,0.0759814879778,0.398780788307,0.684801593064
 01/19  07:00:00,0.982486184783,8.04263073014,0.0,6.76421329823,0.0,0.186241011048,0.186241011048,0.186241011048,0.15487897491,0.0337441825195,0.129758030703,0.460751985603,1.24668188853
 01/19  08:00:00,1.30923735366,8.50871671548,0.0,7.07102900437,0.0,0.19468865526,0.19468865526,0.19468865526,0.316491771045,0.0689554931152,0.207405929039,0.489583505201,1.40396631858
 01/19  09:00:00,1.25048690117,7.99423365042,0.0,6.60017194389,0.0,0.181724413724,0.181724413724,0.181724413724,0.303024045,0.06602121875,0.268690649238,0.413914574456,1.36555221694
 01/19  10:00:00,1.06617760273,7.73738100725,0.0,6.46977565915,0.0,0.178134175682,0.178134175682,0.178134175682,0.15487897491,0.0337441825195,0.330033495679,0.352274773936,1.24334146705
 01/19  11:00:00,1.08545709539,8.64386694923,0.0,7.52143193184,0.0,0.207089727328,0.207089727328,0.207089727328,0.127943439226,0.0278756155762,0.344876619894,0.360559693361,1.09760049003
 01/19  12:00:00,1.07764826854,7.63396635231,0.0,6.64386143462,0.0,0.182927328913,0.182927328913,0.182927328913,0.127943439226,0.0278756155762,0.361119725873,0.360670158953,0.965262781718
 01/19  13:00:00,1.04982216668,7.07830120948,0.0,6.19071018822,0.0,0.170450586598,0.170450586598,0.170450586598,0.127943439226,0.0278756155762,0.3518459739,0.354594551375,0.86316735924
 01/19  14:00:00,1.02309416489,6.83655642261,0.0,6.00942082327,0.0,0.165459094886,0.165459094886,0.165459094886,0.127943439226,0.0278756155762,0.317847783081,0.366856232124,0.801867380788
 01/19  15:00:00,1.02304444105,6.64348412397,0.0,5.87495707566,0.0,0.16175686623,0.16175686623,0.16175686623,0.134677344045,0.0293427618652,0.292642171022,0.387513297889,0.741836018299
 01/19  16:00:00,1.09334946721,6.56287676623,0.0,5.78552854881,0.0,0.159294605133,0.159294605133,0.159294605133,0.168346700955,0.0366784568848,0.302863615842,0.409054088393,0.749173507001
 01/19  17:00:00,1.35963899662,6.68568472773,0.0,5.83020688822,0.0,0.160524746576,0.160524746576,0.160524746576,0.282822414136,0.0616197980958,0.353720743409,0.4838392944,0.822152095082
 01/19  18:00:00,1.87387397376,7.70805972741,0.0,6.69103587854,0.0,0.184226196312,0.184226196312,0.184226196312,0.525241650136,0.114436773096,0.445069937436,0.587787416781,0.976538395419
 01/19  19:00:00,2.18853194635,6.7421864037,0.0,5.58087716648,0.0,0.153659880343,0.153659880343,0.153659880343,0.781128612181,0.170188022461,0.398283704478,0.638159726883,1.11735425421
 01/19  20:00:00,2.14957113354,6.62162843991,0.0,5.43644625635,0.0,0.149683222964,0.149683222964,0.149683222964,0.828265695136,0.180457991846,0.315345896534,0.658706327056,1.1398119977
 01/19  21:00:00,1.99540917726,6.61512870883,0.0,5.51201437273,0.0,0.151763861432,0.151763861432,0.151763861432,0.713789981955,0.155516632422,0.275874927963,0.681351773484,1.05618438367
 01/19  22:00:00,1.82764595571,6.69694890062,0.0,5.69701252003,0.0,0.156857468105,0.156857468105,0.156857468105,0.599314185181,0.130575291211,0.258342283024,0.665444728188,0.95410206907
 01/19  23:00:00,1.518539173,7.01021899353,0.0,6.18240124026,0.0,0.170221813968,0.170221813968,0.170221813968,0.45116911509,0.0982982549805,0.205880856148,0.57585713281,0.788154030502
 01/19  24:00:00,1.21104178874,7.19336342778,0.0,6.55038663671,0.0,0.180353660683,0.180353660683,0.180353660683,0.309757866226,0.0674883468263,0.135920781757,0.500409133249,0.608509754021
 01/20  01:00:00,0.902509535605,7.28596058051,0.0,6.83861784943,0.0,0.188289612745,0.188289612745,0.188289612745,0.161612796136,0.0352113105958,0.0863692416722,0.413914574456,0.418833241487
 01/20  02:00:00,0.778715223605,7.38431478245,0.0,7.02582606676,0.0,0.193444069906,0.193444069906,0.193444069906,0.0942741659095,0.0205399387695,0.0722387554862,0.381106293534,0.33223898549
 01/20  03:00:00,0.735973038411,7.61424254273,0.0,7.28020874275,0.0,0.200448060567,0.200448060567,0.200448060567,0.0673386720226,0.0146713809326,0.0597152550472,0.376687669841,0.308088414468
 01/20  04:00:00,0.723448027679,7.61627112718,0.0,7.27590727217,0.0,0.200329626952,0.200329626952,0.200329626952,0.0673386720226,0.0146713809326,0.0526110263622,0.371385321409,0.314783683145
 01/20  05:00:00,0.720563786453,7.70623815922,0.0,7.29785186302,0.0,0.200933833622,0.200933833622,0.200933833622,0.0673386720226,0.0146713809326,0.0631517086927,0.357356191184,0.38377241875
 01/20  06:00:00,0.775012343321,8.01725996751,0.0,7.30490443452,0.0,0.201128014081,0.201128014081,0.201128014081,0.0673386720226,0.0146713809326,0.0759814879778,0.398780788307,0.684888424
 01/20  07:00:00,0.99322100591,8.43361742259,0.0,7.15409853033,0.0,0.196975832175,0.196975832175,0.196975832175,0.15487897491,0.0337441825195,0.129758030703,0.460751985603,1.24778334888
 01/20  08:00:00,1.32136889363,8.95072937792,0.0,7.51164261314,0.0,0.206820195228,0.206820195228,0.206820195228,0.316491771045,0.0689554931152,0.207405929039,0.489583505201,1.40536537223
 01/20  09:00:00,1.26037995368,8.35463856698,0.0,6.95948441207,0.0,0.191617466235,0.191617466235,0.191617466235,0.303024045,0.06602121875,0.268690649238,0.413914574456,1.36664466533
 01/20  10:00:00,1.08727672231,8.50454842422,0.0,7.23608885984,0.0,0.199233295266,0.199233295266,0.199233295266,0.15487897491,0.0337441825195,0.330033495679,0.352274773936,1.24419568333
 01/20  11:00:00,1.0965086674,9.04574630817,0.0,7.92282145371,0.0,0.218141299341,0.218141299341,0.218141299341,0.127943439226,0.0278756155762,0.344876619894,0.360559693361,1.0980903271
 01/20  12:00:00,1.06618501133,7.21823256704,0.0,6.22751963929,0.0,0.171464071697,0.171464071697,0.171464071697,0.127943439226,0.0278756155762,0.361119725873,0.360670158953,0.965870791775
 01/20  13:00:00,1.0414748991,6.77601642238,0.0,5.88754012918,0.0,0.162103319026,0.162103319026,0.162103319026,0.127943439226,0.0278756155762,0.3518459739,0.354594551375,0.864052631188
 01/20  14:00:00,1.00809868859,6.29300476945,0.0,5.46478997302,0.0,0.150463618586,0.150463618586,0.150463618586,0.127943439226,0.0278756155762,0.317847783081,0.366856232124,0.802946577883
 01/20  15:00:00,1.01604732967,6.39016258983,0.0,5.62082425273,0.0,0.154759754845,0.154759754845,0.154759754845,0.134677344045,0.0293427618652,0.292642171022,0.387513297889,0.742647307083
 01/20  16:00:00,1.0931562049,6.55705088311,0.0,5.77850932412,0.0,0.159101342821,0.159101342821,0.159101342821,0.168346700955,0.0366784568848,0.302863615842,0.409054088393,0.750366848573
 01/20  17:00:00,1.36466358391,6.86914884544,0.0,6.01269827396,0.0,0.165549333869,0.165549333869,0.165549333869,0.282822414136,0.0616197980958,0.353720743409,0.4838392944,0.823124827054
 01/20  18:00:00,1.8898731665,8.29018610025,0.0,7.27212138537,0.0,0.200225389053,0.200225389053,0.200225389053,0.525241650136,0.114436773096,0.445069937436,0.587787416781,0.977579261433
 01/20  19:00:00,2.20400150127,7.30474424258,0.0,6.14272639915,0.0,0.169129435269,0.169129435269,0.169129435269,0.781128612181,0.170188022461,0.398283704478,0.638159726883,1.11806286042
 01/20  20:00:00,2.17028322737,7.37485067695,0.0,6.18870280689,0.0,0.170395316796,0.170395316796,0.170395316796,0.828265695136,0.180457991846,0.315345896534,0.658706327056,1.14077768421
 01/20  21:00:00,2.0238032057,7.64756577571,0.0,6.5432763043,0.0,0.180157889876,0.180157889876,0.180157889876,0.713789981955,0.155516632422,0.275874927963,0.681351773484,1.05735951898
 01/20  22:00:00,1.86263231833,7.96803651152,0.0,6.9677058972,0.0,0.191843830726,0.191843830726,0.191843830726,0.599314185181,0.130575291211,0.258342283024,0.665444728188,0.954496302794
 01/20  23:00:00,1.55058664979,8.17416813225,0.0,7.34635523447,0.0,0.202269290761,0.202269290761,0.202269290761,0.45116911509,0.0982982549805,0.205880856148,0.57585713281,0.788149175008
 01/20  24:00:00,1.24618931236,8.46941086932,0.0,7.82693332924,0.0,0.215501184303,0.215501184303,0.215501184303,0.309757866226,0.0674883468263,0.135920781757,0.500409133249,0.608010503026
 01/21  01:00:00,0.945949062972,8.64072652373,0.0,8.1775733931,0.0,0.225155457036,0.225155457036,0.225155457036,0.161612796136,0.0352113105958,0.092942924749,0.413914574456,0.434643641037
 01/21  02:00:00,0.822014336827,8.82184597244,0.0,8.45508121964,0.0,0.232796159053,0.232796159053,0.232796159053,0.0942741659095,0.0205399387695,0.0761857795615,0.381106293534,0.340515022588
 01/21  03:00:00,0.774858691173,8.9374662858,0.0,8.59768374167,0.0,0.236722474902,0.236722474902,0.236722474902,0.0673386720226,0.0146713809326,0.0623264934745,0.376687669841,0.313837158624
 01/21  04:00:00,0.76543382159,9.09760876843,0.0,8.75122669246,0.0,0.240950016692,0.240950016692,0.240950016692,0.0673386720226,0.0146713809326,0.0539764305342,0.371385321409,0.32080190411
 01/21  05:00:00,0.764440608257,9.21648329003,0.0,8.79442833468,0.0,0.24213949981,0.24213949981,0.24213949981,0.0673386720226,0.0146713809326,0.0658228643082,0.357356191184,0.397441077905
 01/21  06:00:00,0.818037831582,9.47185738717,0.0,8.71878570489,0.0,0.240056809742,0.240056809742,0.240056809742,0.0673386720226,0.0146713809326,0.080078180578,0.398780788307,0.725604573282
 01/21  07:00:00,1.03963659343,9.82796174889,0.0,8.45398249221,0.0,0.232765907477,0.232765907477,0.232765907477,0.15487897491,0.0337441825195,0.14038354292,0.460751985603,1.3422437133
 01/21  08:00:00,1.37600494715,10.2822622597,0.0,8.72743258791,0.0,0.240294886835,0.240294886835,0.240294886835,0.316491771045,0.0689554931152,0.228567290958,0.489583505201,1.52110827922
 01/21  09:00:00,1.32683021691,9.71134564646,0.0,8.19482420594,0.0,0.225630428579,0.225630428579,0.225630428579,0.303024045,0.06602121875,0.30112795013,0.413914574456,1.48801195093
 01/21  10:00:00,1.15637374702,9.49105997538,0.0,8.11015697178,0.0,0.223299261509,0.223299261509,0.223299261509,0.15487897491,0.0337441825195,0.375064554145,0.352274773936,1.35663912255
 01/21  11:00:00,1.18204645963,10.4001266574,0.0,9.18026542439,0.0,0.252762862279,0.252762862279,0.252762862279,0.127943439226,0.0278756155762,0.395792849183,0.360559693361,1.19502670565
 01/21  12:00:00,1.15417507728,8.58784280295,0.0,7.5169156094,0.0,0.206965378136,0.206965378136,0.206965378136,0.127943439226,0.0278756155762,0.413608485392,0.360670158953,1.04608505758
 01/21  13:00:00,1.10452404078,7.39899928927,0.0,6.44100244596,0.0,0.177341954609,0.177341954609,0.177341954609,0.127943439226,0.0278756155762,0.399656479991,0.354594551375,0.933573181293
 01/21  14:00:00,1.06552504265,6.85627633361,0.0,5.9673933367,0.0,0.164301940129,0.164301940129,0.164301940129,0.127943439226,0.0278756155762,0.361435815596,0.366856232124,0.863614778357
 01/21  15:00:00,1.05744247215,6.52726382773,0.0,5.70325431253,0.0,0.157029325156,0.157029325156,0.157029325156,0.134677344045,0.0293427618652,0.331767743197,0.387513297889,0.79731848519
 01/21  16:00:00,1.12874129093,6.55780131406,0.0,5.72497823141,0.0,0.157627456001,0.157627456001,0.157627456001,0.168346700955,0.0366784568848,0.339922588697,0.409054088393,0.804648372237
 01/21  17:00:00,1.39803239058,6.84349656696,0.0,5.92011532961,0.0,0.163000221296,0.163000221296,0.163000221296,0.282822414136,0.0616197980958,0.389638662656,0.4838392944,0.890055492922
 01/21  18:00:00,1.92161410765,8.23933371738,0.0,7.14097143014,0.0,0.196614399987,0.196614399987,0.196614399987,0.525241650136,0.114436773096,0.480421867651,0.587787416781,1.05787683378
 01/21  19:00:00,2.23573155289,7.31444691182,0.0,6.04901204799,0.0,0.166549171351,0.166549171351,0.166549171351,0.781128612181,0.170188022461,0.432594020017,0.638159726883,1.22147988082
 01/21  20:00:00,2.19782637902,7.24672487619,0.0,5.94530276944,0.0,0.16369371425,0.16369371425,0.16369371425,0.828265695136,0.180457991846,0.349590650728,0.658706327056,1.25605192089
 01/21  21:00:00,2.05066822335,7.46692304916,0.0,6.25306927872,0.0,0.172167537196,0.172167537196,0.172167537196,0.713789981955,0.155516632422,0.310730298291,0.681351773484,1.16692381801
 01/21  22:00:00,1.89009521271,7.76472568893,0.0,6.67191979137,0.0,0.18369986764,0.18369986764,0.18369986764,0.599314185181,0.130575291211,0.293949140492,0.665444728188,1.04697158605
 01/21  23:00:00,1.57260060111,8.01870620937,0.0,7.11829451967,0.0,0.195990030153,0.195990030153,0.195990030153,0.45116911509,0.0982982549805,0.234174068073,0.57585713281,0.860747966932
 01/21  24:00:00,1.26151840854,8.50714517898,0.0,7.81946058633,0.0,0.215295435144,0.215295435144,0.215295435144,0.309757866226,0.0674883468263,0.151455627092,0.500409133249,0.653217555602
 01/22  01:00:00,0.95336529208,8.9106307816,0.0,8.44692843617,0.0,0.232571686143,0.232571686143,0.232571686143,0.161612796136,0.0352113105958,0.092942924749,0.413914574456,0.435192855838
 01/22  02:00:00,0.835383582457,9.30754846976,0.0,8.94064789782,0.0,0.246165404682,0.246165404682,0.246165404682,0.0942741659095,0.0205399387695,0.0761857795615,0.381106293534,0.340650841734
 01/22  03:00:00,0.783460715604,9.2498938654,0.0,8.91010648746,0.0,0.245324499333,0.245324499333,0.245324499333,0.0673386720226,0.0146713809326,0.0623264934745,0.376687669841,0.313841992437
 01/22  04:00:00,0.773006128363,9.37232349028,0.0,9.02625042586,0.0,0.248522323465,0.248522323465,0.248522323465,0.0673386720226,0.0146713809326,0.0539764305342,0.371385321409,0.320492892548
 01/22  05:00:00,0.766509888276,9.2914389377,0.0,8.86958391585,0.0,0.244208779829,0.244208779829,0.244208779829,0.0673386720226,0.0146713809326,0.0658228643082,0.357356191184,0.3972411444
 01/22  06:00:00,0.819885859371,9.53908730842,0.0,8.78590547657,0.0,0.24190483753,0.24190483753,0.24190483753,0.0673386720226,0.0146713809326,0.080078180578,0.398780788307,0.725714722852
 01/22  07:00:00,1.04286938614,9.94648523478,0.0,8.57139647793,0.0,0.235998700183,0.235998700183,0.235998700183,0.15487897491,0.0337441825195,0.14038354292,0.460751985603,1.34335321346
 01/22  08:00:00,1.36119113981,9.74570255942,0.0,8.1893998954,0.0,0.225481079492,0.225481079492,0.225481079492,0.316491771045,0.0689554931152,0.228567290958,0.489583505201,1.52258127149
 01/22  09:00:00,1.31985047704,9.45937225582,0.0,7.94132231054,0.0,0.2186506887,0.2186506887,0.2186506887,0.303024045,0.06602121875,0.30112795013,0.413914574456,1.48954045569
 01/22  10:00:00,1.14819406854,9.19537397892,0.0,7.81307369433,0.0,0.215119583028,0.215119583028,0.215119583028,0.15487897491,0.0337441825195,0.375064554145,0.352274773936,1.35803640355
 01/22  11:00:00,1.16800666064,9.89118484793,0.0,8.67034446495,0.0,0.238723063288,0.238723063288,0.238723063288,0.127943439226,0.0278756155762,0.395792849183,0.360559693361,1.19600585562
 01/22  12:00:00,1.14823925271,8.37305611979,0.0,7.30132838048,0.0,0.201029553567,0.201029553567,0.201029553567,0.127943439226,0.0278756155762,0.413608485392,0.360670158953,1.04688560334
 01/22  13:00:00,1.11330558415,7.71873776752,0.0,6.75994526172,0.0,0.186123497983,0.186123497983,0.186123497983,0.127943439226,0.0278756155762,0.399656479991,0.354594551375,0.934368843786
 01/22  14:00:00,1.08361059716,7.51316742044,0.0,6.62425482842,0.0,0.182387494642,0.182387494642,0.182387494642,0.127943439226,0.0278756155762,0.361435815596,0.366856232124,0.863644373466
 01/22  15:00:00,1.07517997228,7.17148646372,0.0,6.34747458161,0.0,0.174766825285,0.174766825285,0.174766825285,0.134677344045,0.0293427618652,0.331767743197,0.387513297889,0.797320852092
 01/22  16:00:00,1.14306219775,7.07779861308,0.0,6.24510893615,0.0,0.171948362817,0.171948362817,0.171948362817,0.168346700955,0.0366784568848,0.339922588697,0.409054088393,0.804514966516
 01/22  17:00:00,1.40050333861,6.9329872719,0.0,6.00985936304,0.0,0.165471169326,0.165471169326,0.165471169326,0.282822414136,0.0616197980958,0.389638662656,0.4838392944,0.889802164421
 01/22  18:00:00,1.91731084409,8.08328242282,0.0,6.98467828896,0.0,0.192311136422,0.192311136422,0.192311136422,0.525241650136,0.114436773096,0.480421867651,0.587787416781,1.05811868042
 01/22  19:00:00,2.22644227199,6.97802426178,0.0,5.71162836933,0.0,0.157259890446,0.157259890446,0.157259890446,0.781128612181,0.170188022461,0.432594020017,0.638159726883,1.22244090945
 01/22  20:00:00,2.18444779338,6.76174889939,0.0,5.45939686527,0.0,0.150315128615,0.150315128615,0.150315128615,0.828265695136,0.180457991846,0.349590650728,0.658706327056,1.25698184827
 01/22  21:00:00,2.0316477174,6.77697461771,0.0,5.56225065304,0.0,0.153147031244,0.153147031244,0.153147031244,0.713789981955,0.155516632422,0.310730298291,0.681351773484,1.16779401224
 01/22  22:00:00,1.8643460939,6.8306385858,0.0,5.7367201224,0.0,0.157950748829,0.157950748829,0.157950748829,0.599314185181,0.130575291211,0.293949140492,0.665444728188,1.04808415188
 01/22  23:00:00,1.54097448285,6.87117113053,0.0,5.96964413122,0.0,0.164363911896,0.164363911896,0.164363911896,0.45116911509,0.0982982549805,0.234174068073,0.57585713281,0.861863276543
 01/22  24:00:00,1.22139264697,7.05075686142,0.0,6.36210590109,0.0,0.175169673571,0.175169673571,0.175169673571,0.309757866226,0.0674883468263,0.151455627092,0.500409133249,0.654183923286
 01/23  01:00:00,0.897434310794,7.10205545133,0.0,6.65428732543,0.0,0.183214387934,0.183214387934,0.183214387934,0.161612796136,0.0352113105958,0.0863692416722,0.413914574456,0.419258636314
 01/23  02:00:00,0.77402033971,7.21399481621,0.0,6.85530940182,0.0,0.188749186011,0.188749186011,0.188749186011,0.0942741659095,0.0205399387695,0.0722387554862,0.381106293534,0.33243568419
 01/23  03:00:00,0.729249655545,7.37008568927,0.0,7.03601765114,0.0,0.193724677701,0.193724677701,0.193724677701,0.0673386720226,0.0146713809326,0.0597152550472,0.376687669841,0.308122652628
 01/23  04:00:00,0.720006328565,7.49136654116,0.0,7.15090587326,0.0,0.196887927838,0.196887927838,0.196887927838,0.0673386720226,0.0146713809326,0.0526110263622,0.371385321409,0.31488049603
 01/23  05:00:00,0.717232600976,7.58569899092,0.0,7.17686428366,0.0,0.197602648145,0.197602648145,0.197602648145,0.0673386720226,0.0146713809326,0.0631517086927,0.357356191184,0.38422082981
 01/23  06:00:00,0.769324246266,7.81207082671,0.0,7.09831458879,0.0,0.195439917026,0.195439917026,0.195439917026,0.0673386720226,0.0146713809326,0.0759814879778,0.398780788307,0.686289128931
 01/23  07:00:00,0.985234962826,8.14685385684,0.0,6.86404802788,0.0,0.18898978909,0.18898978909,0.18898978909,0.15487897491,0.0337441825195,0.129758030703,0.460751985603,1.25107028557
 01/23  08:00:00,1.31710504498,8.79982483277,0.0,7.35678100902,0.0,0.20255634658,0.20255634658,0.20255634658,0.316491771045,0.0689554931152,0.207405929039,0.489583505201,1.40932243121
 01/23  09:00:00,1.2568517091,8.23035396939,0.0,6.83133970993,0.0,0.188089221658,0.188089221658,0.188089221658,0.303024045,0.06602121875,0.268690649238,0.413914574456,1.37050476987
 01/23  10:00:00,1.07445779595,8.04248395849,0.0,6.7705095994,0.0,0.186414368901,0.186414368901,0.186414368901,0.15487897491,0.0337441825195,0.330033495679,0.352274773936,1.24771047804
 01/23  11:00:00,1.08878639994,8.76824790032,0.0,7.64235119682,0.0,0.210419031885,0.210419031885,0.210419031885,0.127943439226,0.0278756155762,0.344876619894,0.360559693361,1.10106217614
 01/23  12:00:00,1.07749080368,7.63153931255,0.0,6.63814236181,0.0,0.182769864053,0.182769864053,0.182769864053,0.127943439226,0.0278756155762,0.361119725873,0.360670158953,0.968554814769
 01/23  13:00:00,1.05456693537,7.25332672853,0.0,6.36303865302,0.0,0.175195355295,0.175195355295,0.175195355295,0.127943439226,0.0278756155762,0.3518459739,0.354594551375,0.865864413491
 01/23  14:00:00,1.04024250271,7.46218798013,0.0,6.63224290785,0.0,0.182607432707,0.182607432707,0.182607432707,0.127943439226,0.0278756155762,0.317847783081,0.366856232124,0.804676853723
 01/23  15:00:00,1.04401630494,7.40722448762,0.0,6.6366483907,0.0,0.182728730121,0.182728730121,0.182728730121,0.134677344045,0.0293427618652,0.292642171022,0.387513297889,0.743885066911
 01/23  16:00:00,1.11878682136,7.48874858217,0.0,6.70940502606,0.0,0.184731959282,0.184731959282,0.184731959282,0.168346700955,0.0366784568848,0.302863615842,0.409054088393,0.751168845692
 01/23  17:00:00,1.38919538331,7.76125994754,0.0,6.9036852955,0.0,0.190081133268,0.190081133268,0.190081133268,0.282822414136,0.0616197980958,0.353720743409,0.4838392944,0.824248907607
 01/23  18:00:00,1.92223638591,9.46728221359,0.0,8.44754304921,0.0,0.232588608459,0.232588608459,0.232588608459,0.525241650136,0.114436773096,0.445069937436,0.587787416781,0.979253710925
 01/23  19:00:00,2.24114252061,8.65565469244,0.0,7.49167621163,0.0,0.206270454609,0.206270454609,0.206270454609,0.781128612181,0.170188022461,0.398283704478,0.638159726883,1.1200234978
 01/23  20:00:00,2.20542974585,8.65328915398,0.0,7.46521299315,0.0,0.205541835279,0.205541835279,0.205541835279,0.828265695136,0.180457991846,0.315345896534,0.658706327056,1.14270597497
 01/23  21:00:00,2.06085130439,8.99465261423,0.0,7.8888512689,0.0,0.217205988568,0.217205988568,0.217205988568,0.713789981955,0.155516632422,0.275874927963,0.681351773484,1.0588713929
 01/23  22:00:00,1.89705129328,9.21925201554,0.0,8.21779193752,0.0,0.226262805673,0.226262805673,0.226262805673,0.599314185181,0.130575291211,0.258342283024,0.665444728188,0.955625766506
 01/23  23:00:00,1.59067268259,9.63081138329,0.0,8.80226698368,0.0,0.242355323565,0.242355323565,0.242355323565,0.45116911509,0.0982982549805,0.205880856148,0.57585713281,0.788880676842
 01/23  24:00:00,1.28501373535,9.87967418016,0.0,9.23702381796,0.0,0.254325607293,0.254325607293,0.254325607293,0.309757866226,0.0674883468263,0.135920781757,0.500409133249,0.608183325148
 01/24  01:00:00,0.986669522244,10.3411362559,0.0,9.89528135014,0.0,0.272449599385,0.272449599385,0.272449599385,0.161612796136,0.0352113105958,0.0863692416722,0.413914574456,0.417345416197
 01/24  02:00:00,0.868152442253,10.6310725126,0.0,10.2741569275,0.0,0.282881288553,0.282881288553,0.282881288553,0.0942741659095,0.0205399387695,0.0722387554862,0.381106293534,0.330665854874
 01/24  03:00:00,0.827783421305,10.9470651935,0.0,10.6147321616,0.0,0.292258443462,0.292258443462,0.292258443462,0.0673386720226,0.0146713809326,0.0597152550472,0.376687669841,0.306387646341
 01/24  04:00:00,0.820621377034,11.1437160683,0.0,10.8052118987,0.0,0.297502976307,0.297502976307,0.297502976307,0.0673386720226,0.0146713809326,0.0526110263622,0.371385321409,0.3129239977
 01/24  05:00:00,0.822576103591,11.4097040324,0.0,11.0029062347,0.0,0.302946150759,0.302946150759,0.302946150759,0.0673386720226,0.0146713809326,0.0631517086927,0.357356191184,0.38218392026
 01/24  06:00:00,0.877342219675,11.7335070013,0.0,11.0214924542,0.0,0.303457890435,0.303457890435,0.303457890435,0.0673386720226,0.0146713809326,0.0759814879778,0.398780788307,0.68454743811
 01/24  07:00:00,1.11305316648,12.7879531237,0.0,11.5063638531,0.0,0.316807992742,0.316807992742,0.316807992742,0.15487897491,0.0337441825195,0.129758030703,0.460751985603,1.24985372722
 01/24  08:00:00,1.43059460078,12.9205999954,0.0,11.4786849776,0.0,0.31604590238,0.31604590238,0.31604590238,0.316491771045,0.0689554931152,0.207405929039,0.489583505201,1.4081936253
 01/24  09:00:00,1.35552726819,11.8124556017,0.0,10.4152041082,0.0,0.286764780745,0.286764780745,0.286764780745,0.303024045,0.06602121875,0.268690649238,0.413914574456,1.36874200399
 01/24  10:00:00,1.1546401319,10.9532741668,0.0,9.68270611327,0.0,0.266596704851,0.266596704851,0.266596704851,0.15487897491,0.0337441825195,0.330033495679,0.352274773936,1.24630417252
 01/24  11:00:00,1.18834469287,12.3830910516,0.0,11.2582762026,0.0,0.309977324811,0.309977324811,0.309977324811,0.127943439226,0.0278756155762,0.344876619894,0.360559693361,1.0999803216
 01/24  12:00:00,1.1576166468,10.5400424325,0.0,9.54828707413,0.0,0.262895707166,0.262895707166,0.262895707166,0.127943439226,0.0278756155762,0.361119725873,0.360670158953,0.966913222349
 01/24  13:00:00,1.11149141953,9.31944045927,0.0,8.43051751031,0.0,0.232119839448,0.232119839448,0.232119839448,0.127943439226,0.0278756155762,0.3518459739,0.354594551375,0.864499286946
 01/24  14:00:00,1.07887654896,8.86401686958,0.0,8.03541897482,0.0,0.221241478955,0.221241478955,0.221241478955,0.127943439226,0.0278756155762,0.317847783081,0.366856232124,0.803329676203
 01/24  15:00:00,1.07470306825,8.52063960892,0.0,7.75118171104,0.0,0.213415493426,0.213415493426,0.213415493426,0.134677344045,0.0293427618652,0.292642171022,0.387513297889,0.74276686786
 01/24  16:00:00,1.1552172411,8.81112404311,0.0,8.03254609095,0.0,0.221162379025,0.221162379025,0.221162379025,0.168346700955,0.0366784568848,0.302863615842,0.409054088393,0.750403241743
 01/24  17:00:00,1.42884131282,9.20055360982,0.0,8.34361263563,0.0,0.229727062785,0.229727062785,0.229727062785,0.282822414136,0.0616197980958,0.353720743409,0.4838392944,0.823615229759
 01/24  18:00:00,1.96033023568,10.8501891161,0.0,9.83109935482,0.0,0.27068245823,0.27068245823,0.27068245823,0.525241650136,0.114436773096,0.445069937436,0.587787416781,0.978604307816
 01/24  19:00:00,2.26936715483,9.68017437678,0.0,8.5167857996,0.0,0.234495088825,0.234495088825,0.234495088825,0.781128612181,0.170188022461,0.398283704478,0.638159726883,1.11943359416
 01/24  20:00:00,2.230160156,9.55109184397,0.0,8.36341349312,0.0,0.230272245433,0.230272245433,0.230272245433,0.828265695136,0.180457991846,0.315345896534,0.658706327056,1.14230816499
 01/24  21:00:00,2.0766705884,9.56878739596,0.0,8.46340254876,0.0,0.233025272577,0.233025272577,0.233025272577,0.713789981955,0.155516632422,0.275874927963,0.681351773484,1.05845489477
 01/24  22:00:00,1.91012306789,9.69382232271,0.0,8.69255456473,0.0,0.23933458029,0.23933458029,0.23933458029,0.599314185181,0.130575291211,0.258342283024,0.665444728188,0.955433446468
 01/24  23:00:00,1.596124543,9.82847186432,0.0,9.00027679074,0.0,0.247807183972,0.247807183972,0.247807183972,0.45116911509,0.0982982549805,0.205880856148,0.57585713281,0.78853135082
 01/24  24:00:00,1.29112428687,10.1011018818,0.0,9.45895707337,0.0,0.260436158816,0.260436158816,0.260436158816,0.309757866226,0.0674883468263,0.135920781757,0.500409133249,0.607677771386
 01/25  01:00:00,0.984279470673,10.254000541,0.0,9.8084754499,0.0,0.270059547813,0.270059547813,0.270059547813,0.161612796136,0.0352113105958,0.0863692416722,0.413914574456,0.417015601552
 01/25  02:00:00,0.862009955488,10.4076419715,0.0,10.0510637945,0.0,0.276738801788,0.276738801788,0.276738801788,0.0942741659095,0.0205399387695,0.0722387554862,0.381106293534,0.330328446769
 01/25  03:00:00,0.8203799138,10.6779538585,0.0,10.345839163,0.0,0.284854935957,0.284854935957,0.284854935957,0.0673386720226,0.0146713809326,0.0597152550472,0.376687669841,0.306169310003
 01/25  04:00:00,0.810372457725,10.7712268084,0.0,10.4329744635,0.0,0.287254056998,0.287254056998,0.287254056998,0.0673386720226,0.0146713809326,0.0526110263622,0.371385321409,0.312672173057
 01/25  05:00:00,0.806616174637,10.8300426311,0.0,10.4232467759,0.0,0.286986221805,0.286986221805,0.286986221805,0.0673386720226,0.0146713809326,0.0631517086927,0.357356191184,0.382181977779
 01/25  06:00:00,0.862205904116,11.1841422147,0.0,10.4717463676,0.0,0.288321574876,0.288321574876,0.288321574876,0.0673386720226,0.0146713809326,0.0759814879778,0.398780788307,0.68492873807
 01/25  07:00:00,1.10181119973,12.3807706089,0.0,11.0980592562,0.0,0.305566025999,0.305566025999,0.305566025999,0.15487897491,0.0337441825195,0.129758030703,0.460751985603,1.25097580935
 01/25  08:00:00,1.42002451715,12.5380001655,0.0,11.0947829581,0.0,0.30547581875,0.30547581875,0.30547581875,0.316491771045,0.0689554931152,0.207405929039,0.489583505201,1.40949581482
 01/25  09:00:00,1.34586463106,11.4625310877,0.0,10.0642602523,0.0,0.27710214362,0.27710214362,0.27710214362,0.303024045,0.06602121875,0.268690649238,0.413914574456,1.36976134579
 01/25  10:00:00,1.157630841,11.0628860716,0.0,9.79132770092,0.0,0.269587413957,0.269587413957,0.269587413957,0.15487897491,0.0337441825195,0.330033495679,0.352274773936,1.24729448963
 01/25  11:00:00,1.16489463308,11.5318803665,0.0,10.4065776138,0.0,0.286527265017,0.286527265017,0.286527265017,0.127943439226,0.0278756155762,0.344876619894,0.360559693361,1.10046822538
 01/25  12:00:00,1.13724931587,9.80088968134,0.0,8.80855220087,0.0,0.24252837624,0.24252837624,0.24252837624,0.127943439226,0.0278756155762,0.361119725873,0.360670158953,0.967495344499
 01/25  13:00:00,1.11343093191,9.39091541316,0.0,8.50095997279,0.0,0.234059351828,0.234059351828,0.234059351828,0.127943439226,0.0278756155762,0.3518459739,0.354594551375,0.865531778362
 01/25  14:00:00,1.08419736824,9.05755758435,0.0,8.22866941055,0.0,0.226562298235,0.226562298235,0.226562298235,0.127943439226,0.0278756155762,0.317847783081,0.366856232124,0.803619955243
 01/25  15:00:00,1.08371733559,8.84806124904,0.0,8.07857698616,0.0,0.222429760771,0.222429760771,0.222429760771,0.134677344045,0.0293427618652,0.292642171022,0.387513297889,0.742793232868
 01/25  16:00:00,1.15429909777,8.77786947534,0.0,7.99919942196,0.0,0.220244235691,0.220244235691,0.220244235691,0.168346700955,0.0366784568848,0.302863615842,0.409054088393,0.750495342964
 01/25  17:00:00,1.41793456622,8.80474751445,0.0,7.9474831258,0.0,0.218820316181,0.218820316181,0.218820316181,0.282822414136,0.0616197980958,0.353720743409,0.4838392944,0.823938644221
 01/25  18:00:00,1.94358214347,10.2426733114,0.0,9.2228140613,0.0,0.253934366016,0.253934366016,0.253934366016,0.525241650136,0.114436773096,0.445069937436,0.587787416781,0.979373796628
 01/25  19:00:00,2.24602892115,8.83398010791,0.0,7.6691486992,0.0,0.21115685515,0.21115685515,0.21115685515,0.781128612181,0.170188022461,0.398283704478,0.638159726883,1.1208764257
 01/25  20:00:00,2.20339348783,8.58023222464,0.0,7.39125676031,0.0,0.203505577259,0.203505577259,0.203505577259,0.828265695136,0.180457991846,0.315345896534,0.658706327056,1.14360527848
 01/25  21:00:00,2.0508315213,8.63182568602,0.0,7.524935987,0.0,0.207186205476,0.207186205476,0.207186205476,0.713789981955,0.155516632422,0.275874927963,0.681351773484,1.05995974659
 01/25  22:00:00,1.88459309321,8.76777657442,0.0,7.76531413956,0.0,0.213804605605,0.213804605605,0.213804605605,0.599314185181,0.130575291211,0.258342283024,0.665444728188,0.956628123342
 01/25  23:00:00,1.57877100018,9.19919225015,0.0,8.37000172711,0.0,0.230453641156,0.230453641156,0.230453641156,0.45116911509,0.0982982549805,0.205880856148,0.57585713281,0.789526800274
 01/25  24:00:00,1.27241199169,9.42249186084,0.0,8.77933256291,0.0,0.241723863627,0.241723863627,0.241723863627,0.309757866226,0.0674883468263,0.135920781757,0.500409133249,0.608692260885
 01/26  01:00:00,0.964636978382,9.54117959767,0.0,9.09506648152,0.0,0.250417055522,0.250417055522,0.250417055522,0.161612796136,0.0352113105958,0.0863692416722,0.413914574456,0.417603626571
 01/26  02:00:00,0.84479082472,9.78262714801,0.0,9.42567053299,0.0,0.259519671021,0.259519671021,0.259519671021,0.0942741659095,0.0205399387695,0.0722387554862,0.381106293534,0.330706884815
 01/26  03:00:00,0.80507621281,10.1223097336,0.0,9.7900136917,0.0,0.269551234967,0.269551234967,0.269551234967,0.0673386720226,0.0146713809326,0.0597152550472,0.376687669841,0.306350656369
 01/26  04:00:00,0.795971446891,10.2486190284,0.0,9.9099344067,0.0,0.272853046164,0.272853046164,0.272853046164,0.0673386720226,0.0146713809326,0.0526110263622,0.371385321409,0.313104449813
 01/26  05:00:00,0.797650964171,10.5048162101,0.0,10.0976332307,0.0,0.278021011339,0.278021011339,0.278021011339,0.0673386720226,0.0146713809326,0.0631517086927,0.357356191184,0.382569101898
 01/26  06:00:00,0.849006950062,10.7054055489,0.0,9.9923646244,0.0,0.275122620822,0.275122620822,0.275122620822,0.0673386720226,0.0146713809326,0.0759814879778,0.398780788307,0.685573815512
 01/26  07:00:00,1.08519969753,11.7783662041,0.0,10.4947348676,0.0,0.288954523794,0.288954523794,0.288954523794,0.15487897491,0.0337441825195,0.129758030703,0.460751985603,1.2518957931
 01/26  08:00:00,1.37984261822,11.0792914943,0.0,9.63538938229,0.0,0.265293919822,0.265293919822,0.265293919822,0.316491771045,0.0689554931152,0.207405929039,0.489583505201,1.41018071952
 01/26  09:00:00,1.32742715567,10.7945810485,0.0,9.39461710785,0.0,0.258664668223,0.258664668223,0.258664668223,0.303024045,0.06602121875,0.268690649238,0.413914574456,1.37145445105
 01/26  10:00:00,1.14315885125,10.5385802253,0.0,9.265709713,0.0,0.25511542421,0.25511542421,0.25511542421,0.15487897491,0.0337441825195,0.330033495679,0.352274773936,1.24860663127
 01/26  11:00:00,1.15977877194,11.3470582248,0.0,10.2207711914,0.0,0.281411403878,0.281411403878,0.281411403878,0.127943439226,0.0278756155762,0.344876619894,0.360559693361,1.10145250599
 01/26  12:00:00,1.1374933455,9.81038596029,0.0,8.81741527799,0.0,0.242772405866,0.242772405866,0.242772405866,0.127943439226,0.0278756155762,0.361119725873,0.360670158953,0.968128546322
 01/26  13:00:00,1.10705136096,9.15939914695,0.0,8.2692560191,0.0,0.227679780887,0.227679780887,0.227679780887,0.127943439226,0.0278756155762,0.3518459739,0.354594551375,0.865719465836
 01/26  14:00:00,1.06705150805,8.43526861895,0.0,7.60593731276,0.0,0.209416438046,0.209416438046,0.209416438046,0.127943439226,0.0278756155762,0.317847783081,0.366856232124,0.804063087641
 01/26  15:00:00,1.05693489431,7.87596365423,0.0,7.10584737907,0.0,0.195647319486,0.195647319486,0.195647319486,0.134677344045,0.0293427618652,0.292642171022,0.387513297889,0.743425245147
 01/26  16:00:00,1.12293038032,7.63919115942,0.0,6.85989774779,0.0,0.188875518247,0.188875518247,0.188875518247,0.168346700955,0.0366784568848,0.302863615842,0.409054088393,0.751118701212
 01/26  17:00:00,1.39185374342,7.85846735489,0.0,7.0002360752,0.0,0.192739493381,0.192739493381,0.192739493381,0.282822414136,0.0616197980958,0.353720743409,0.4838392944,0.824905535265
 01/26  18:00:00,1.91881663455,9.34442495556,0.0,8.32333878554,0.0,0.229168857097,0.229168857097,0.229168857097,0.525241650136,0.114436773096,0.445069937436,0.587787416781,0.980600716559
 01/26  19:00:00,2.22946085391,8.23315576958,0.0,7.06740185426,0.0,0.194588787903,0.194588787903,0.194588787903,0.781128612181,0.170188022461,0.398283704478,0.638159726883,1.12179893231
 01/26  20:00:00,2.19116853418,8.13748060488,0.0,6.94725039695,0.0,0.191280623612,0.191280623612,0.191280623612,0.828265695136,0.180457991846,0.315345896534,0.658706327056,1.14486002207
 01/26  21:00:00,2.04095240225,8.27378499726,0.0,7.16612957772,0.0,0.197307086429,0.197307086429,0.197307086429,0.713789981955,0.155516632422,0.275874927963,0.681351773484,1.06072546711
 01/26  22:00:00,1.87322293738,8.35565636996,0.0,7.35235375636,0.0,0.202434449772,0.202434449772,0.202434449772,0.599314185181,0.130575291211,0.258342283024,0.665444728188,0.957468302084
 01/26  23:00:00,1.55980326623,8.51106781262,0.0,7.68109976328,0.0,0.211485907201,0.211485907201,0.211485907201,0.45116911509,0.0982982549805,0.205880856148,0.57585713281,0.790304326576
 01/26  24:00:00,1.25146487775,8.66221185677,0.0,8.01854015823,0.0,0.220776749691,0.220776749691,0.220776749691,0.309757866226,0.0674883468263,0.135920781757,0.500409133249,0.609204661499
 01/27  01:00:00,0.943762151316,8.7835295457,0.0,8.33689951259,0.0,0.229542228457,0.229542228457,0.229542228457,0.161612796136,0.0352113105958,0.0863692416722,0.413914574456,0.418120543525
 01/27  02:00:00,0.821046415212,8.92050539372,0.0,8.56328125767,0.0,0.235775261513,0.235775261513,0.235775261513,0.0942741659095,0.0205399387695,0.0722387554862,0.381106293534,0.330974405848
 01/27  03:00:00,0.775898281513,9.06307840578,0.0,8.73028066197,0.0,0.240373303669,0.240373303669,0.240373303669,0.0673386720226,0.0146713809326,0.0597152550472,0.376687669841,0.306852358301
 01/27  04:00:00,0.766284834489,9.17087100162,0.0,8.83172624375,0.0,0.243166433762,0.243166433762,0.243166433762,0.0673386720226,0.0146713809326,0.0526110263622,0.371385321409,0.313564585997
 01/27  05:00:00,0.764384640478,9.297192374,0.0,8.88941111125,0.0,0.244754687646,0.244754687646,0.244754687646,0.0673386720226,0.0146713809326,0.0631517086927,0.357356191184,0.383167385303
 01/27  06:00:00,0.817646741366,9.5673073565,0.0,8.85337198523,0.0,0.243762412126,0.243762412126,0.243762412126,0.0673386720226,0.0146713809326,0.0759814879778,0.398780788307,0.68646826228
 01/27  07:00:00,1.03369311612,9.90924293822,0.0,8.62403248594,0.0,0.237447942381,0.237447942381,0.237447942381,0.15487897491,0.0337441825195,0.129758030703,0.460751985603,1.25347490889
 01/27  08:00:00,1.36425522749,10.5153202128,0.0,9.06926039125,0.0,0.24970652909,0.24970652909,0.24970652909,0.316491771045,0.0689554931152,0.207405929039,0.489583505201,1.41233842899
 01/27  09:00:00,1.30265494929,9.89659400954,0.0,8.49489858251,0.0,0.233892461844,0.233892461844,0.233892461844,0.303024045,0.06602121875,0.268690649238,0.413914574456,1.37318593744
 01/27  10:00:00,1.11955750889,9.68294213172,0.0,8.40851658997,0.0,0.231514081843,0.231514081843,0.231514081843,0.15487897491,0.0337441825195,0.330033495679,0.352274773936,1.25016166069
 01/27  11:00:00,1.13594316806,10.4828132182,0.0,9.35506976627,0.0,0.257575800005,0.257575800005,0.257575800005,0.127943439226,0.0278756155762,0.344876619894,0.360559693361,1.10290892457
 01/27  12:00:00,1.102913033,8.55574228854,0.0,7.56146951004,0.0,0.20819209337,0.20819209337,0.20819209337,0.127943439226,0.0278756155762,0.361119725873,0.360670158953,0.969430642519
 01/27  13:00:00,1.05934168843,7.42819093711,0.0,6.53645614023,0.0,0.179970108356,0.179970108356,0.179970108356,0.127943439226,0.0278756155762,0.3518459739,0.354594551375,0.867311134874
 01/27  14:00:00,1.02182263655,6.79476551572,0.0,5.96323932516,0.0,0.164187566547,0.164187566547,0.164187566547,0.127943439226,0.0278756155762,0.317847783081,0.366856232124,0.806257972009
 01/27  15:00:00,1.0118386224,6.24007748921,0.0,5.4679653657,0.0,0.150551047577,0.150551047577,0.150551047577,0.134677344045,0.0293427618652,0.292642171022,0.387513297889,0.745421093498
 01/27  16:00:00,1.08231400059,6.16609979998,0.0,5.38472396961,0.0,0.148259138513,0.148259138513,0.148259138513,0.168346700955,0.0366784568848,0.302863615842,0.409054088393,0.753201119951
 01/27  17:00:00,1.36001469476,6.70454499255,0.0,5.84385212325,0.0,0.160900444718,0.160900444718,0.160900444718,0.282822414136,0.0616197980958,0.353720743409,0.4838392944,0.827367124874
 01/27  18:00:00,1.89349748777,8.42713962582,0.0,7.4037555619,0.0,0.203849710322,0.203849710322,0.203849710322,0.525241650136,0.114436773096,0.445069937436,0.587787416781,0.982898610465
 01/27  19:00:00,2.21125815382,7.57399617071,0.0,6.40628567325,0.0,0.176386087819,0.176386087819,0.176386087819,0.781128612181,0.170188022461,0.398283704478,0.638159726883,1.12375551445
 01/27  20:00:00,2.18011937722,7.73811987275,0.0,6.54594858887,0.0,0.180231466648,0.180231466648,0.180231466648,0.828265695136,0.180457991846,0.315345896534,0.658706327056,1.14680109802
 01/27  21:00:00,2.03429162044,8.03344596716,0.0,6.92421213621,0.0,0.190646304618,0.190646304618,0.190646304618,0.713789981955,0.155516632422,0.275874927963,0.681351773484,1.06230387852
 01/27  22:00:00,1.86843037543,8.1829388735,0.0,7.17828945607,0.0,0.197641887822,0.197641887822,0.197641887822,0.599314185181,0.130575291211,0.258342283024,0.665444728188,0.958815105905
 01/27  23:00:00,1.56048451281,8.53660795759,0.0,7.70584241883,0.0,0.212167153782,0.212167153782,0.212167153782,0.45116911509,0.0982982549805,0.205880856148,0.57585713281,0.791101815992
 01/27  24:00:00,1.25292840528,8.71609452031,0.0,8.07169500493,0.0,0.222240277223,0.222240277223,0.222240277223,0.309757866226,0.0674883468263,0.135920781757,0.500409133249,0.609932478328
 01/28  01:00:00,0.953962604724,8.93260690649,0.0,8.46862263825,0.0,0.233168998787,0.233168998787,0.233168998787,0.161612796136,0.0352113105958,0.092942924749,0.413914574456,0.435474778661
 01/28  02:00:00,0.82967061103,9.09979622717,0.0,8.73315462294,0.0,0.240452433255,0.240452433255,0.240452433255,0.0942741659095,0.0205399387695,0.0761857795615,0.381106293534,0.340391874025
 01/28  03:00:00,0.78105660106,9.16226594975,0.0,8.82278982463,0.0,0.242920384789,0.242920384789,0.242920384789,0.0673386720226,0.0146713809326,0.0623264934745,0.376687669841,0.313530739618
 01/28  04:00:00,0.769187099661,9.23374043737,0.0,8.88754453831,0.0,0.244703294762,0.244703294762,0.244703294762,0.0673386720226,0.0146713809326,0.0539764305342,0.371385321409,0.320615727195
 01/28  05:00:00,0.770370791095,9.43215537848,0.0,9.00981065777,0.0,0.248069682648,0.248069682648,0.248069682648,0.0673386720226,0.0146713809326,0.0658228643082,0.357356191184,0.397730843254
 01/28  06:00:00,0.827062848001,9.802413665,0.0,9.04657138288,0.0,0.249081826161,0.249081826161,0.249081826161,0.0673386720226,0.0146713809326,0.080078180578,0.398780788307,0.728375173129
 01/28  07:00:00,1.06741490125,10.843905447,0.0,9.46288164974,0.0,0.260544215295,0.260544215295,0.260544215295,0.15487897491,0.0337441825195,0.14038354292,0.460751985603,1.34928825383
 01/28  08:00:00,1.37333666802,10.1933276576,0.0,8.63052155244,0.0,0.237626607697,0.237626607697,0.237626607697,0.316491771045,0.0689554931152,0.228567290958,0.489583505201,1.52908471257
 01/28  09:00:00,1.34249256315,10.2883194168,0.0,8.76367555666,0.0,0.241292774815,0.241292774815,0.241292774815,0.303024045,0.06602121875,0.30112795013,0.413914574456,1.49613437051
 01/28  10:00:00,1.16858754774,9.94191681039,0.0,8.55375826434,0.0,0.235513062225,0.235513062225,0.235513062225,0.15487897491,0.0337441825195,0.375064554145,0.352274773936,1.36389466501
 01/28  11:00:00,1.18638186451,10.5634644893,0.0,9.33772592781,0.0,0.257098267161,0.257098267161,0.257098267161,0.127943439226,0.0278756155762,0.395792849183,0.360559693361,1.20090403411
 01/28  12:00:00,1.16982110805,9.16120727979,0.0,8.08517438749,0.0,0.222611408901,0.222611408901,0.222611408901,0.127943439226,0.0278756155762,0.413608485392,0.360670158953,1.05119075633
 01/28  13:00:00,1.13878556278,8.64750150785,0.0,7.68536984627,0.0,0.211603476612,0.211603476612,0.211603476612,0.127943439226,0.0278756155762,0.399656479991,0.354594551375,0.937707999566
 01/28  14:00:00,1.0888611013,7.70686274616,0.0,6.81495144087,0.0,0.187637998779,0.187637998779,0.187637998779,0.127943439226,0.0278756155762,0.361435815596,0.366856232124,0.866643086742
 01/28  15:00:00,1.06885212938,6.94475685516,0.0,6.1176493735,0.0,0.168438982381,0.168438982381,0.168438982381,0.134677344045,0.0293427618652,0.331767743197,0.387513297889,0.800416451639
 01/28  16:00:00,1.13911009954,6.93742952311,0.0,6.10157000713,0.0,0.167996264607,0.167996264607,0.167996264607,0.168346700955,0.0366784568848,0.339922588697,0.409054088393,0.807684805569
 01/28  17:00:00,1.41213834317,7.35985830448,0.0,6.43243896638,0.0,0.177106173887,0.177106173887,0.177106173887,0.282822414136,0.0616197980958,0.389638662656,0.4838392944,0.894093593668
 01/28  18:00:00,1.94398389885,9.05688228556,0.0,7.95343501282,0.0,0.218984191182,0.218984191182,0.218984191182,0.525241650136,0.114436773096,0.480421867651,0.587787416781,1.06296181928
 01/28  19:00:00,2.25571007344,8.04563647803,0.0,6.77462545403,0.0,0.186527691899,0.186527691899,0.186527691899,0.781128612181,0.170188022461,0.432594020017,0.638159726883,1.22705604099
 01/28  20:00:00,2.21966640351,8.04608312549,0.0,6.7385253968,0.0,0.185533738743,0.185533738743,0.185533738743,0.828265695136,0.180457991846,0.349590650728,0.658706327056,1.26218754283
 01/28  21:00:00,2.07390179633,8.31659835361,0.0,7.09690513661,0.0,0.195401110178,0.195401110178,0.195401110178,0.713789981955,0.155516632422,0.310730298291,0.681351773484,1.17276326457
 01/28  22:00:00,1.9116765606,8.55314463443,0.0,7.45574736807,0.0,0.205281215528,0.205281215528,0.205281215528,0.599314185181,0.130575291211,0.293949140492,0.665444728188,1.05156295484
 01/28  23:00:00,1.59613387537,8.876524391,0.0,7.97301543107,0.0,0.219523304413,0.219523304413,0.219523304413,0.45116911509,0.0982982549805,0.234174068073,0.57585713281,0.863845237165
 01/28  24:00:00,1.28460599931,9.34740277873,0.0,8.65799441755,0.0,0.238383025916,0.238383025916,0.238383025916,0.309757866226,0.0674883468263,0.151455627092,0.500409133249,0.654941324125
 01/29  01:00:00,0.971499987827,9.56916370496,0.0,9.10557472167,0.0,0.250706381891,0.250706381891,0.250706381891,0.161612796136,0.0352113105958,0.092942924749,0.413914574456,0.435079493703
 01/29  02:00:00,0.860735144804,10.227912963,0.0,9.86140844458,0.0,0.27151696703,0.27151696703,0.27151696703,0.0942741659095,0.0205399387695,0.0761857795615,0.381106293534,0.340254788216
 01/29  03:00:00,0.812158430449,10.2917272105,0.0,9.95239821091,0.0,0.274022214178,0.274022214178,0.274022214178,0.0673386720226,0.0146713809326,0.0623264934745,0.376687669841,0.313383614096
 01/29  04:00:00,0.808067883168,10.6455501476,0.0,10.2996820228,0.0,0.28358407827,0.28358407827,0.28358407827,0.0673386720226,0.0146713809326,0.0539764305342,0.371385321409,0.320287952913
 01/29  05:00:00,0.812853438381,10.9747840427,0.0,10.55276667,0.0,0.290552329934,0.290552329934,0.290552329934,0.0673386720226,0.0146713809326,0.0658228643082,0.357356191184,0.397403495297
 01/29  06:00:00,0.869308184689,11.3364341257,0.0,10.5809083509,0.0,0.291327162849,0.291327162849,0.291327162849,0.0673386720226,0.0146713809326,0.080078180578,0.398780788307,0.728058665759
 01/29  07:00:00,1.11235831982,12.4764430786,0.0,11.0952120795,0.0,0.305487633872,0.305487633872,0.305487633872,0.15487897491,0.0337441825195,0.14038354292,0.460751985603,1.34949545575
 01/29  08:00:00,1.41725790376,11.7889097856,0.0,10.2257266323,0.0,0.281547843443,0.281547843443,0.281547843443,0.316491771045,0.0689554931152,0.228567290958,0.489583505201,1.52946176076
 01/29  09:00:00,1.37523441492,11.4777386559,0.0,9.95284902536,0.0,0.274034626581,0.274034626581,0.274034626581,0.303024045,0.06602121875,0.30112795013,0.413914574456,1.49638014094
 01/29  10:00:00,1.20088021581,11.1149378371,0.0,9.72661752655,0.0,0.267805730298,0.267805730298,0.267805730298,0.15487897491,0.0337441825195,0.375064554145,0.352274773936,1.3640564295
 01/29  11:00:00,1.22959738094,12.1331717817,0.0,10.9072995103,0.0,0.30031378359,0.30031378359,0.30031378359,0.127943439226,0.0278756155762,0.395792849183,0.360559693361,1.20103774404
 01/29  12:00:00,1.2038914369,10.3982331359,0.0,9.32259771431,0.0,0.256681737751,0.256681737751,0.256681737751,0.127943439226,0.0278756155762,0.413608485392,0.360670158953,1.05079328557
 01/29  13:00:00,1.17042203662,9.79629576088,0.0,8.83439634615,0.0,0.243239950452,0.243239950452,0.243239950452,0.127943439226,0.0278756155762,0.399656479991,0.354594551375,0.937475752716
 01/29  14:00:00,1.13756872037,9.47554209284,0.0,8.58399641541,0.0,0.23634561785,0.23634561785,0.23634561785,0.127943439226,0.0278756155762,0.361435815596,0.366856232124,0.866277458882
 01/29  15:00:00,1.12681313729,9.04895141508,0.0,8.22277443855,0.0,0.226399990293,0.226399990293,0.226399990293,0.134677344045,0.0293427618652,0.331767743197,0.387513297889,0.799485946507
 01/29  16:00:00,1.20079854843,9.17690709653,0.0,8.3420745234,0.0,0.229684713503,0.229684713503,0.229684713503,0.168346700955,0.0366784568848,0.339922588697,0.409054088393,0.806657862711
 01/29  17:00:00,1.45790061537,9.02036959876,0.0,8.09450989473,0.0,0.22286844608,0.22286844608,0.22286844608,0.282822414136,0.0616197980958,0.389638662656,0.4838392944,0.892533959604
 01/29  18:00:00,1.98476152368,10.5367852199,0.0,9.43446516086,0.0,0.259761816014,0.259761816014,0.259761816014,0.525241650136,0.114436773096,0.480421867651,0.587787416781,1.06183460559
 01/29  19:00:00,2.28779453885,9.21046252648,0.0,7.93992286277,0.0,0.218612157306,0.218612157306,0.218612157306,0.781128612181,0.170188022461,0.432594020017,0.638159726883,1.2265846807
 01/29  20:00:00,2.24875051608,9.10180845794,0.0,7.79485096072,0.0,0.214617851314,0.214617851314,0.214617851314,0.828265695136,0.180457991846,0.349590650728,0.658706327056,1.26158731137
 01/29  21:00:00,2.1037735313,9.40124482253,0.0,8.18183689124,0.0,0.225272845144,0.225272845144,0.225272845144,0.713789981955,0.155516632422,0.310730298291,0.681351773484,1.17247797886
 01/29  22:00:00,1.94080385689,9.61067416455,0.0,8.51364135059,0.0,0.234408511815,0.234408511815,0.234408511815,0.599314185181,0.130575291211,0.293949140492,0.665444728188,1.05119850244
 01/29  23:00:00,1.61966354792,9.73049900993,0.0,8.82760552965,0.0,0.243052976967,0.243052976967,0.243052976967,0.45116911509,0.0982982549805,0.234174068073,0.57585713281,0.863229757504
 01/29  24:00:00,1.29991296933,9.90273725181,0.0,9.21393861895,0.0,0.253689995935,0.253689995935,0.253689995935,0.309757866226,0.0674883468263,0.151455627092,0.500409133249,0.654331595812
 01/30  01:00:00,0.98264203015,10.1953308704,0.0,9.74900413963,0.0,0.268422107291,0.268422107291,0.268422107291,0.161612796136,0.0352113105958,0.0863692416722,0.413914574456,0.417817241188
 01/30  02:00:00,0.86446600671,10.4971631033,0.0,10.1402667807,0.0,0.279194853011,0.279194853011,0.279194853011,0.0942741659095,0.0205399387695,0.0722387554862,0.381106293534,0.33064659241
 01/30  03:00:00,0.825162089635,10.8515383583,0.0,10.519526243,0.0,0.289637111791,0.289637111791,0.289637111791,0.0673386720226,0.0146713809326,0.0597152550472,0.376687669841,0.306066729839
 01/30  04:00:00,0.814273985979,10.9127831981,0.0,10.5746767081,0.0,0.291155585252,0.291155585252,0.291155585252,0.0673386720226,0.0146713809326,0.0526110263622,0.371385321409,0.31252631818
 01/30  05:00:00,0.81540382843,11.1494251249,0.0,10.7424115201,0.0,0.295773875598,0.295773875598,0.295773875598,0.0673386720226,0.0146713809326,0.0631517086927,0.357356191184,0.382399727447
 01/30  06:00:00,0.873100517111,11.5814229599,0.0,10.8674351887,0.0,0.299216187871,0.299216187871,0.299216187871,0.0673386720226,0.0146713809326,0.0759814879778,0.398780788307,0.686520662244
 01/30  07:00:00,1.11235980965,12.7678663597,0.0,11.4811813575,0.0,0.316114635918,0.316114635918,0.316114635918,0.15487897491,0.0337441825195,0.129758030703,0.460751985603,1.25494945889
 01/30  08:00:00,1.41106623679,12.2171339455,0.0,10.7694211122,0.0,0.296517538391,0.296517538391,0.296517538391,0.316491771045,0.0689554931152,0.207405929039,0.489583505201,1.41399144078
 01/30  09:00:00,1.35582253033,11.8291842429,0.0,10.4259279336,0.0,0.287060042884,0.287060042884,0.287060042884,0.303024045,0.06602121875,0.268690649238,0.413914574456,1.37474681974
 01/30  10:00:00,1.16094590261,11.1875550226,0.0,9.91172966667,0.0,0.272902475568,0.272902475568,0.272902475568,0.15487897491,0.0337441825195,0.330033495679,0.352274773936,1.25156147491
 01/30  11:00:00,1.17984160742,12.0784659929,0.0,10.9494468888,0.0,0.301474239366,0.301474239366,0.301474239366,0.127943439226,0.0278756155762,0.344876619894,0.360559693361,1.10418457673
 01/30  12:00:00,1.13726272862,9.80403693687,0.0,8.8090393476,0.0,0.24254178899,0.24254178899,0.24254178899,0.127943439226,0.0278756155762,0.361119725873,0.360670158953,0.970155453293
 01/30  13:00:00,1.10137776058,8.95565699625,0.0,8.06319268783,0.0,0.222006180504,0.222006180504,0.222006180504,0.127943439226,0.0278756155762,0.3518459739,0.354594551375,0.868040646406
 01/30  14:00:00,1.05708409061,8.07560117036,0.0,7.2439239343,0.0,0.199449020603,0.199449020603,0.199449020603,0.127943439226,0.0278756155762,0.317847783081,0.366856232124,0.806409017506
 01/30  15:00:00,1.05366828938,7.75933160251,0.0,6.98720534444,0.0,0.19238071456,0.19238071456,0.19238071456,0.134677344045,0.0293427618652,0.292642171022,0.387513297889,0.745435228057
 01/30  16:00:00,1.13163908819,7.95762386251,0.0,7.17619520167,0.0,0.197584226119,0.197584226119,0.197584226119,0.168346700955,0.0366784568848,0.302863615842,0.409054088393,0.753253950427
 01/30  17:00:00,1.4110674825,8.55861082703,0.0,7.69807286567,0.0,0.211953232462,0.211953232462,0.211953232462,0.282822414136,0.0616197980958,0.353720743409,0.4838392944,0.827212216928
 01/30  18:00:00,1.95262949116,10.5748945251,0.0,9.55141080414,0.0,0.262981713714,0.262981713714,0.262981713714,0.525241650136,0.114436773096,0.445069937436,0.587787416781,0.982998267547
 01/30  19:00:00,2.26471585903,9.51580773197,0.0,8.34785224029,0.0,0.229843793027,0.229843793027,0.229843793027,0.781128612181,0.170188022461,0.398283704478,0.638159726883,1.12400050867
 01/30  20:00:00,2.23729131452,9.81523276968,0.0,8.6224148645,0.0,0.23740340395,0.23740340395,0.23740340395,0.828265695136,0.180457991846,0.315345896534,0.658706327056,1.14744771932
 01/30  21:00:00,2.09456125464,10.2227205716,0.0,9.11318576135,0.0,0.250915938814,0.250915938814,0.250915938814,0.713789981955,0.155516632422,0.275874927963,0.681351773484,1.06260485779
 01/30  22:00:00,1.93529175179,10.6113122615,0.0,9.60667302519,0.0,0.264503264184,0.264503264184,0.264503264184,0.599314185181,0.130575291211,0.258342283024,0.665444728188,0.958804924794
 01/30  23:00:00,1.62478648403,10.8717463194,0.0,10.0412692209,0.0,0.276469125004,0.276469125004,0.276469125004,0.45116911509,0.0982982549805,0.205880856148,0.57585713281,0.790813375725
 01/30  24:00:00,1.32167742634,11.211986525,0.0,10.5686372192,0.0,0.290989298285,0.290989298285,0.290989298285,0.309757866226,0.0674883468263,0.135920781757,0.500409133249,0.608882268745
 01/31  01:00:00,1.0153458188,11.3824793808,0.0,10.9367951684,0.0,0.301125895943,0.301125895943,0.301125895943,0.161612796136,0.0352113105958,0.0863692416722,0.413914574456,0.417174722852
 01/31  02:00:00,0.892600527402,11.5181562739,0.0,11.1621034746,0.0,0.307329373703,0.307329373703,0.307329373703,0.0942741659095,0.0205399387695,0.0722387554862,0.381106293534,0.329803069078
 01/31  03:00:00,0.84952996925,11.735774039,0.0,11.404559751,0.0,0.314004991407,0.314004991407,0.314004991407,0.0673386720226,0.0146713809326,0.0597152550472,0.376687669841,0.305268902503
 01/31  04:00:00,0.835973873582,11.7003873424,0.0,11.3628096089,0.0,0.312855472856,0.312855472856,0.312855472856,0.0673386720226,0.0146713809326,0.0526110263622,0.371385321409,0.311997561601
 01/31  05:00:00,0.833783189545,11.8163416421,0.0,11.4099439726,0.0,0.314153236714,0.314153236714,0.314153236714,0.0673386720226,0.0146713809326,0.0631517086927,0.357356191184,0.381783792032
 01/31  06:00:00,0.886565209721,12.0700757344,0.0,11.3564684703,0.0,0.312680880481,0.312680880481,0.312680880481,0.0673386720226,0.0146713809326,0.0759814879778,0.398780788307,0.686140155098
 01/31  07:00:00,1.1056201813,12.5231379932,0.0,11.2364002349,0.0,0.309375007562,0.309375007562,0.309375007562,0.15487897491,0.0337441825195,0.129758030703,0.460751985603,1.25500221487
 01/31  08:00:00,1.43636727957,13.1364637206,0.0,11.6883468044,0.0,0.321818581166,0.321818581166,0.321818581166,0.316491771045,0.0689554931152,0.207405929039,0.489583505201,1.41439552363
 01/31  09:00:00,1.37266958038,12.441472409,0.0,11.0378073439,0.0,0.303907092937,0.303907092937,0.303907092937,0.303024045,0.06602121875,0.268690649238,0.413914574456,1.37515557555
 01/31  10:00:00,1.18672472062,12.1239349741,0.0,10.8480080008,0.0,0.298681293574,0.298681293574,0.298681293574,0.15487897491,0.0337441825195,0.330033495679,0.352274773936,1.25166309231
 01/31  11:00:00,1.19684554853,12.6958554904,0.0,11.5670245314,0.0,0.318478180471,0.318478180471,0.318478180471,0.127943439226,0.0278756155762,0.344876619894,0.360559693361,1.10399643172
 01/31  12:00:00,1.16275143354,10.7298192047,0.0,9.73478086831,0.0,0.268030493911,0.268030493911,0.268030493911,0.127943439226,0.0278756155762,0.361119725873,0.360670158953,0.970196200461
 01/31  13:00:00,1.12044856072,9.64800291972,0.0,8.75583798212,0.0,0.241076980643,0.241076980643,0.241076980643,0.127943439226,0.0278756155762,0.3518459739,0.354594551375,0.867741275584
 01/31  14:00:00,1.08500368855,9.08911655517,0.0,8.25795470349,0.0,0.227368618546,0.227368618546,0.227368618546,0.127943439226,0.0278756155762,0.317847783081,0.366856232124,0.805893633132
 01/31  15:00:00,1.08341941762,8.83946043203,0.0,8.06775670188,0.0,0.222131842803,0.222131842803,0.222131842803,0.134677344045,0.0293427618652,0.292642171022,0.387513297889,0.745012700133
 01/31  16:00:00,1.15825558463,8.92376498923,0.0,8.14289774549,0.0,0.224200722555,0.224200722555,0.224200722555,0.168346700955,0.0366784568848,0.302863615842,0.409054088393,0.752692533324
 01/31  17:00:00,1.43854659501,9.55611413007,0.0,8.69610534622,0.0,0.239432344968,0.239432344968,0.239432344968,0.282822414136,0.0616197980958,0.353720743409,0.4838392944,0.826683039417
 01/31  18:00:00,1.98141032301,11.619718301,0.0,10.5967213103,0.0,0.291762545563,0.291762545563,0.291762545563,0.525241650136,0.114436773096,0.445069937436,0.587787416781,0.982511537218
 01/31  19:00:00,2.29766812101,10.7124403507,0.0,9.54466773974,0.0,0.262796055002,0.262796055002,0.262796055002,0.781128612181,0.170188022461,0.398283704478,0.638159726883,1.12381762793
 01/31  20:00:00,2.26735772639,10.9067209209,0.0,9.71441722144,0.0,0.267469815823,0.267469815823,0.267469815823,0.828265695136,0.180457991846,0.315345896534,0.658706327056,1.14693351361
 01/31  21:00:00,2.11388554744,10.9241005599,0.0,9.81503782723,0.0,0.270240231617,0.270240231617,0.270240231617,0.713789981955,0.155516632422,0.275874927963,0.681351773484,1.06213278024
 01/31  22:00:00,1.93296596836,10.5259998769,0.0,9.52220132315,0.0,0.262177480756,0.262177480756,0.262177480756,0.599314185181,0.130575291211,0.258342283024,0.665444728188,0.957964242202
 01/31  23:00:00,1.60193140205,10.0409317766,0.0,9.21118003372,0.0,0.253614043022,0.253614043022,0.253614043022,0.45116911509,0.0982982549805,0.205880856148,0.57585713281,0.790088020124
 01/31  24:00:00,1.27483911727,9.5101353225,0.0,8.86748497922,0.0,0.244150989209,0.244150989209,0.244150989209,0.309757866226,0.0674883468263,0.135920781757,0.500409133249,0.608183306232
 02/01  01:00:00,0.948045562903,8.94979650933,0.0,8.50450397541,0.0,0.234156929862,0.234156929862,0.234156929862,0.159647361282,0.0347830924178,0.0862813993051,0.416064780037,0.416634943095
 02/01  02:00:00,0.806859429698,8.32054250954,0.0,7.96455935346,0.0,0.21929048082,0.21929048082,0.21929048082,0.0946058622986,0.0206122069615,0.07215281313,0.383086066488,0.329597063649
 02/01  03:00:00,0.73468610553,7.59869320933,0.0,7.26705891721,0.0,0.200086002676,0.200086002676,0.200086002676,0.0650415324201,0.0141708909201,0.0596311906089,0.378644488905,0.305554125388
 02/01  04:00:00,0.702108514595,6.87380479797,0.0,6.53536395823,0.0,0.179940036998,0.179940036998,0.179940036998,0.0650415324201,0.0141708909201,0.0525294584498,0.373314595806,0.31272778387
 02/01  05:00:00,0.686463082893,6.50457769781,0.0,6.09642742688,0.0,0.167854672481,0.167854672481,0.167854672481,0.0650415324201,0.0141708909201,0.06307140009,0.359212586982,0.383408529184
 02/01  06:00:00,0.735876282107,6.36713870938,0.0,5.65123904454,0.0,0.155597173969,0.155597173969,0.155597173969,0.070954396724,0.0154591552211,0.0759011793751,0.400852376818,0.688289869565
 02/01  07:00:00,0.926620906774,6.7764336805,0.0,5.48655321781,0.0,0.151062832203,0.151062832203,0.151062832203,0.135995937503,0.0296300497838,0.129674584873,0.463145502412,1.25798005933
 02/01  08:00:00,1.1980432625,6.36335068428,0.0,4.91166986439,0.0,0.135234405118,0.135234405118,0.135234405118,0.271991875007,0.0592600995675,0.207318086672,0.492126796137,1.41778425128
 02/01  09:00:00,1.12653601129,6.11200061505,0.0,4.70383441674,0.0,0.129512012551,0.129512012551,0.129512012551,0.242427511691,0.0528187780623,0.268600928953,0.416064780037,1.37950860748
 02/01  10:00:00,0.974112800437,5.96330655584,0.0,4.68273135414,0.0,0.128930975918,0.128930975918,0.128930975918,0.118257286077,0.0257652495955,0.329942516084,0.354104772762,1.25618527452
 02/01  11:00:00,0.985899876888,6.44883853294,0.0,5.31532290987,0.0,0.146348299371,0.146348299371,0.146348299371,0.0946058622986,0.0206122069615,0.344788777527,0.362432730729,1.10855208518
 02/01  12:00:00,0.977612492467,5.42027316522,0.0,4.42035051422,0.0,0.121706769532,0.121706769532,0.121706769532,0.0946058622986,0.0206122069615,0.361031883506,0.362543770169,0.974951464964
 02/01  13:00:00,0.948884887011,4.83203449797,0.0,3.93576213436,0.0,0.108364459669,0.108364459669,0.108364459669,0.0946058622986,0.0206122069615,0.351753757089,0.356436600993,0.87172182543
 02/01  14:00:00,0.917460539784,4.41712375506,0.0,3.58158956552,0.0,0.09861292547,0.09861292547,0.09861292547,0.0946058622986,0.0206122069615,0.31775556627,0.368761978784,0.810134707516
 02/01  15:00:00,0.913229089777,4.10343765194,0.0,3.32762179447,0.0,0.0916203585049,0.0916203585049,0.0916203585049,0.100518718243,0.02190046762,0.292551191427,0.389526353982,0.748986172755
 02/01  16:00:00,0.962026884901,3.94272333745,0.0,3.15770189419,0.0,0.0869419055009,0.0869419055009,0.0869419055009,0.118257286077,0.0257652495955,0.302771399031,0.411179044697,0.756700370706
 02/01  17:00:00,1.16101262694,3.79467269982,0.0,2.93061184041,0.0,0.0806893703795,0.0806893703795,0.0806893703795,0.183298868653,0.0399361532645,0.353623489359,0.48635274528,0.830561994235
 02/01  18:00:00,1.5754947749,4.31513882753,0.0,3.28732794468,0.0,0.0905109364639,0.0905109364639,0.0905109364639,0.354771941823,0.0772957669992,0.444963271704,0.590840857908,0.987115115355
 02/01  19:00:00,1.90171684474,3.83437742649,0.0,2.66004466499,0.0,0.0732397672869,0.0732397672869,0.0732397672869,0.609025248997,0.132691084591,0.398173901519,0.641474842348,1.13014944091
 02/01  20:00:00,2.01441902663,3.71910998819,0.0,2.52024405329,0.0,0.0693905972326,0.0693905972326,0.0693905972326,0.780498322167,0.170050698326,0.315239230802,0.662128178106,1.15326005976
 02/01  21:00:00,1.93555411306,3.73212337532,0.0,2.6164906113,0.0,0.0720405811234,0.0720405811234,0.0720405811234,0.727282535073,0.158456334187,0.275771399459,0.684891263216,1.06845901962
 02/01  22:00:00,1.75343051127,3.72277604045,0.0,2.71166540561,0.0,0.0746610558388,0.0746610558388,0.0746610558388,0.603112393052,0.131402823933,0.258240654531,0.668901583919,0.965038223005
 02/01  23:00:00,1.42993458535,3.77527164457,0.0,2.93842611903,0.0,0.0809045231381,0.0809045231381,0.0809045231381,0.449377887715,0.0979079739608,0.205783602099,0.578848598435,0.796975757457
 02/01  24:00:00,1.12825268828,3.94184440402,0.0,3.29210086036,0.0,0.0906423505105,0.0906423505105,0.0906423505105,0.313381950212,0.068277924177,0.135829802162,0.503008661214,0.615097457068
 02/02  01:00:00,0.815396763768,4.13859542089,0.0,3.68674248423,0.0,0.101508130726,0.101508130726,0.101508130726,0.159647361282,0.0347830924178,0.0862813993051,0.416064780037,0.423195345828
 02/02  02:00:00,0.697645194627,4.36006772468,0.0,3.99793365128,0.0,0.110076245749,0.110076245749,0.110076245749,0.0946058622986,0.0206122069615,0.07215281313,0.383086066488,0.335747980966
 02/02  03:00:00,0.647361250768,4.4329878575,0.0,4.09544842968,0.0,0.112761147913,0.112761147913,0.112761147913,0.0650415324201,0.0141708909201,0.0596311906089,0.378644488905,0.311459261096
 02/02  04:00:00,0.638827205695,4.58074271402,0.0,4.2370072817,0.0,0.116658728099,0.116658728099,0.116658728099,0.0650415324201,0.0141708909201,0.0525294584498,0.373314595806,0.318022376443
 02/02  05:00:00,0.638422195589,4.76440812437,0.0,4.35159793454,0.0,0.119813785177,0.119813785177,0.119813785177,0.0650415324201,0.0141708909201,0.06307140009,0.359212586982,0.388068448084
 02/02  06:00:00,0.698796625343,5.02501271263,0.0,4.30451790098,0.0,0.118517517205,0.118517517205,0.118517517205,0.070954396724,0.0154591552211,0.0759011793751,0.400852376818,0.692885016376
 02/02  07:00:00,0.88909354354,5.41786271006,0.0,4.12357152001,0.0,0.113535468968,0.113535468968,0.113535468968,0.135995937503,0.0296300497838,0.129674584873,0.463145502412,1.2623907867
 02/02  08:00:00,1.18470157534,5.88301755206,0.0,4.42710410079,0.0,0.121892717955,0.121892717955,0.121892717955,0.271991875007,0.0592600995675,0.207318086672,0.492126796137,1.42201688267
 02/02  09:00:00,1.11099639295,5.55133970546,0.0,4.13944050332,0.0,0.113972394205,0.113972394205,0.113972394205,0.242427511691,0.0528187780623,0.268600928953,0.416064780037,1.38324161131
 02/02  10:00:00,0.975170417835,6.00549655062,0.0,4.72114367605,0.0,0.129988593317,0.129988593317,0.129988593317,0.118257286077,0.0257652495955,0.329942516084,0.354104772762,1.25996294738
 02/02  11:00:00,1.00782952085,7.24873779408,0.0,6.11180048721,0.0,0.168277943329,0.168277943329,0.168277943329,0.0946058622986,0.0206122069615,0.344788777527,0.362432730729,1.11197376898
 02/02  12:00:00,1.0134778078,6.72540552562,0.0,5.72296716979,0.0,0.157572084868,0.157572084868,0.157572084868,0.0946058622986,0.0206122069615,0.361031883506,0.362543770169,0.977467169797
 02/02  13:00:00,0.99892303071,6.65157941107,0.0,5.75313133314,0.0,0.158402603368,0.158402603368,0.158402603368,0.0946058622986,0.0206122069615,0.351753757089,0.356436600993,0.873897539748
 02/02  14:00:00,0.981535822476,6.74580395474,0.0,5.90878311346,0.0,0.162688208162,0.162688208162,0.162688208162,0.0946058622986,0.0206122069615,0.31775556627,0.368761978784,0.81162135926
 02/02  15:00:00,0.989619527399,6.87903182318,0.0,6.10209778722,0.0,0.168010796127,0.168010796127,0.168010796127,0.100518718243,0.02190046762,0.292551191427,0.389526353982,0.750104351238
 02/02  16:00:00,1.04883142524,7.09612863367,0.0,6.31041472999,0.0,0.173746445836,0.173746445836,0.173746445836,0.118257286077,0.0257652495955,0.302771399031,0.411179044697,0.757392831126
 02/02  17:00:00,1.25333586056,7.14817060761,0.0,6.28376183177,0.0,0.173012603999,0.173012603999,0.173012603999,0.183298868653,0.0399361532645,0.353623489359,0.48635274528,0.830909910656
 02/02  18:00:00,1.69342491824,8.59853665419,0.0,7.57051261699,0.0,0.208441079809,0.208441079809,0.208441079809,0.354771941823,0.0772957669992,0.444963271704,0.590840857908,0.987328269708
 02/02  19:00:00,2.00779176659,7.68605986321,0.0,6.51265152614,0.0,0.179314689137,0.179314689137,0.179314689137,0.609025248997,0.132691084591,0.398173901519,0.641474842348,1.1292250165
 02/02  20:00:00,2.12714769383,7.81236378842,0.0,6.6145127937,0.0,0.182119264425,0.182119264425,0.182119264425,0.780498322167,0.170050698326,0.315239230802,0.662128178106,1.15224511959
 02/02  21:00:00,2.05074687177,7.91503279386,0.0,6.80025435902,0.0,0.187233339839,0.187233339839,0.187233339839,0.727282535073,0.158456334187,0.275771399459,0.684891263216,1.06760469045
 02/02  22:00:00,1.87172552899,8.01801539368,0.0,7.00810219726,0.0,0.19295607356,0.19295607356,0.19295607356,0.603112393052,0.131402823933,0.258240654531,0.668901583919,0.963840784582
 02/02  23:00:00,1.55099354007,8.17087954082,0.0,7.33524820873,0.0,0.201963477858,0.201963477858,0.201963477858,0.449377887715,0.0979079739608,0.205783602099,0.578848598435,0.795761564006
 02/02  24:00:00,1.2570508308,8.61815300817,0.0,7.97000774846,0.0,0.219440493032,0.219440493032,0.219440493032,0.313381950212,0.068277924177,0.135829802162,0.503008661214,0.613499173118
 02/03  01:00:00,0.945214479042,8.8518704365,0.0,8.40167992503,0.0,0.231325846,0.231325846,0.231325846,0.159647361282,0.0347830924178,0.0862813993051,0.416064780037,0.421532920642
 02/03  02:00:00,0.82932765676,9.14088666655,0.0,8.78059809502,0.0,0.241758707883,0.241758707883,0.241758707883,0.0946058622986,0.0206122069615,0.07215281313,0.383086066488,0.333902479096
 02/03  03:00:00,0.784231818747,9.40190277397,0.0,9.06654320014,0.0,0.249631715893,0.249631715893,0.249631715893,0.0650415324201,0.0141708909201,0.0596311906089,0.378644488905,0.309279407105
 02/03  04:00:00,0.781091813745,9.74579017384,0.0,9.40401184328,0.0,0.258923336149,0.258923336149,0.258923336149,0.0650415324201,0.0141708909201,0.0525294584498,0.373314595806,0.316065274683
 02/03  05:00:00,0.782685162511,10.0018543486,0.0,9.59118224416,0.0,0.264076752099,0.264076752099,0.264076752099,0.0650415324201,0.0141708909201,0.06307140009,0.359212586982,0.385930362652
 02/03  06:00:00,0.846966983861,10.4044312975,0.0,9.68601740986,0.0,0.266687875723,0.266687875723,0.266687875723,0.070954396724,0.0154591552211,0.0759011793751,0.400852376818,0.690804092377
 02/03  07:00:00,1.06293099359,11.7299365219,0.0,10.4372914936,0.0,0.287372919018,0.287372919018,0.287372919018,0.135995937503,0.0296300497838,0.129674584873,0.463145502412,1.2607446249
 02/03  08:00:00,1.34810486658,11.8162114704,0.0,10.3618588006,0.0,0.2852960092,0.2852960092,0.2852960092,0.271991875007,0.0592600995675,0.207318086672,0.492126796137,1.42045610118
 02/03  09:00:00,1.24234422687,10.3190022446,0.0,8.90995135851,0.0,0.245320228124,0.245320228124,0.245320228124,0.242427511691,0.0528187780623,0.268600928953,0.416064780037,1.3803932953
 02/03  10:00:00,1.06350872369,9.21150449974,0.0,7.92956237942,0.0,0.218326899168,0.218326899168,0.218326899168,0.118257286077,0.0257652495955,0.329942516084,0.354104772762,1.25755219314
 02/03  11:00:00,1.08387081238,10.0089071519,0.0,8.87359560698,0.0,0.244319234863,0.244319234863,0.244319234863,0.0946058622986,0.0206122069615,0.344788777527,0.362432730729,1.11034800702
 02/03  12:00:00,1.03433285224,7.48132553643,0.0,6.48041564019,0.0,0.17842712931,0.17842712931,0.17842712931,0.0946058622986,0.0206122069615,0.361031883506,0.362543770169,0.975938710207
 02/03  13:00:00,0.990092239601,6.33073089529,0.0,5.4323998556,0.0,0.149571812259,0.149571812259,0.149571812259,0.0946058622986,0.0206122069615,0.351753757089,0.356436600993,0.873780501505
 02/03  14:00:00,0.947155259575,5.49826426269,0.0,4.66009218622,0.0,0.128307645261,0.128307645261,0.128307645261,0.0946058622986,0.0206122069615,0.31775556627,0.368761978784,0.812772594443
 02/03  15:00:00,0.953096103678,5.55414318105,0.0,4.7755788479,0.0,0.131487372405,0.131487372405,0.131487372405,0.100518718243,0.02190046762,0.292551191427,0.389526353982,0.751734648426
 02/03  16:00:00,1.01886448835,6.01000109773,0.0,5.22202527253,0.0,0.143779508953,0.143779508953,0.143779508953,0.118257286077,0.0257652495955,0.302771399031,0.411179044697,0.759654752654
 02/03  17:00:00,1.23796453946,6.59222131365,0.0,5.72548042001,0.0,0.157641282902,0.157641282902,0.157641282902,0.183298868653,0.0399361532645,0.353623489359,0.48635274528,0.833242028459
 02/03  18:00:00,1.67810737582,8.04402543925,0.0,7.01418442932,0.0,0.193123537387,0.193123537387,0.193123537387,0.354771941823,0.0772957669992,0.444963271704,0.590840857908,0.989145242434
 02/03  19:00:00,1.99411633943,7.19146320651,0.0,6.01596443369,0.0,0.165639261975,0.165639261975,0.165639261975,0.609025248997,0.132691084591,0.398173901519,0.641474842348,1.13131545224
 02/03  20:00:00,2.11035598917,7.20437466628,0.0,6.00464351043,0.0,0.165327559771,0.165327559771,0.165327559771,0.780498322167,0.170050698326,0.315239230802,0.662128178106,1.15412528073
 02/03  21:00:00,2.03111921305,7.2039937387,0.0,6.08738414088,0.0,0.167605681112,0.167605681112,0.167605681112,0.727282535073,0.158456334187,0.275771399459,0.684891263216,1.06943585343
 02/03  22:00:00,1.85536640323,7.4255280311,0.0,6.41394403943,0.0,0.176596947796,0.176596947796,0.176596947796,0.603112393052,0.131402823933,0.258240654531,0.668901583919,0.965511579829
 02/03  23:00:00,1.53570115757,7.61712167061,0.0,6.77983382123,0.0,0.186671095356,0.186671095356,0.186671095356,0.449377887715,0.0979079739608,0.205783602099,0.578848598435,0.797418081303
 02/03  24:00:00,1.23267990074,7.73454088087,0.0,7.08486344944,0.0,0.195069562976,0.195069562976,0.195069562976,0.313381950212,0.068277924177,0.135829802162,0.503008661214,0.615031344839
 02/04  01:00:00,0.924939367664,7.89475003079,0.0,7.42654039226,0.0,0.204477051545,0.204477051545,0.204477051545,0.159647361282,0.0347830924178,0.0928550823819,0.416064780037,0.439552047694
 02/04  02:00:00,0.802086356397,8.01822463366,0.0,7.64784823648,0.0,0.210570383444,0.210570383444,0.210570383444,0.0946058622986,0.0206122069615,0.0760998372053,0.383086066488,0.34399030474
 02/04  03:00:00,0.753146602018,8.18588672674,0.0,7.84269884494,0.0,0.215935260736,0.215935260736,0.215935260736,0.0650415324201,0.0141708909201,0.0622424290361,0.378644488905,0.317107715068
 02/04  04:00:00,0.738563821204,8.15987228835,0.0,7.80981786805,0.0,0.215029939435,0.215029939435,0.215029939435,0.0650415324201,0.0141708909201,0.0538948626218,0.373314595806,0.324341364423
 02/04  05:00:00,0.73196469837,8.07848538027,0.0,7.65201587936,0.0,0.210685132342,0.210685132342,0.210685132342,0.0650415324201,0.0141708909201,0.0657425557055,0.359212586982,0.401727759155
 02/04  06:00:00,0.792332727405,8.31441498585,0.0,7.55292833145,0.0,0.207956926668,0.207956926668,0.207956926668,0.070954396724,0.0154591552211,0.0799978719753,0.400852376818,0.733876859122
 02/04  07:00:00,0.986832856343,8.67762968519,0.0,7.28751658812,0.0,0.200649269554,0.200649269554,0.200649269554,0.135995937503,0.0296300497838,0.14030009709,0.463145502412,1.35821269372
 02/04  08:00:00,1.29598517035,9.27364507996,0.0,7.70031446462,0.0,0.212014951045,0.212014951045,0.212014951045,0.271991875007,0.0592600995675,0.228479448591,0.492126796137,1.53943404673
 02/04  09:00:00,1.22789671087,8.74195710446,0.0,7.20710996984,0.0,0.198435411235,0.198435411235,0.198435411235,0.242427511691,0.0528187780623,0.301038229845,0.416064780037,1.5061895438
 02/04  10:00:00,1.08512001999,8.47678082014,0.0,7.07896419088,0.0,0.19490713701,0.19490713701,0.19490713701,0.118257286077,0.0257652495955,0.37497357455,0.354104772762,1.37342670208
 02/04  11:00:00,1.11287852218,9.31262112853,0.0,8.07788526337,0.0,0.222410715371,0.222410715371,0.222410715371,0.0946058622986,0.0206122069615,0.395705006816,0.362432730729,1.20977232727
 02/04  12:00:00,1.11930290864,8.74487125058,0.0,7.66012583953,0.0,0.210908426185,0.210908426185,0.210908426185,0.0946058622986,0.0206122069615,0.413520643025,0.362543770169,1.05977422502
 02/04  13:00:00,1.09422055321,8.44739371831,0.0,7.47784441351,0.0,0.205889619772,0.205889619772,0.205889619772,0.0946058622986,0.0206122069615,0.39956426318,0.356436600993,0.944998766617
 02/04  14:00:00,1.06886092218,8.39638812102,0.0,7.49729925087,0.0,0.20642527535,0.20642527535,0.20642527535,0.0946058622986,0.0206122069615,0.361343598785,0.368761978784,0.873689388127
 02/04  15:00:00,1.0718857873,8.50209895925,0.0,7.66895361551,0.0,0.211151483855,0.211151483855,0.211151483855,0.100518718243,0.02190046762,0.331676763602,0.389526353982,0.806315659019
 02/04  16:00:00,1.12603308571,8.60998699334,0.0,7.7683841636,0.0,0.213889133451,0.213889133451,0.213889133451,0.118257286077,0.0257652495955,0.339830371887,0.411179044697,0.813281757198
 02/04  17:00:00,1.34266117013,9.15627225712,0.0,8.22350097844,0.0,0.226419994322,0.226419994322,0.226419994322,0.183298868653,0.0399361532645,0.389541408607,0.48635274528,0.8992724135
 02/04  18:00:00,1.79245769241,10.9927279057,0.0,9.88338027747,0.0,0.272121923762,0.272121923762,0.272121923762,0.354771941823,0.0772957669992,0.48031520192,0.590840857908,1.06865186076
 02/04  19:00:00,2.09577832421,9.74038551685,0.0,8.46215528173,0.0,0.232990931219,0.232990931219,0.232990931219,0.609025248997,0.132691084591,0.432484217059,0.641474842348,1.23404691454
 02/04  20:00:00,2.21119728439,9.73804511148,0.0,8.42340834571,0.0,0.231924100795,0.231924100795,0.231924100795,0.780498322167,0.170050698326,0.349483984996,0.662128178106,1.26903089063
 02/04  21:00:00,2.13355626335,9.76791138044,0.0,8.5419289044,0.0,0.235187361089,0.235187361089,0.235187361089,0.727282535073,0.158456334187,0.310626769787,0.684891263216,1.17880873164
 02/04  22:00:00,1.96029183201,10.0349790645,0.0,8.93157213436,0.0,0.245915519102,0.245915519102,0.245915519102,0.603112393052,0.131402823933,0.293847511999,0.668901583919,1.05733451832
 02/04  23:00:00,1.63812853719,10.3812429794,0.0,9.47236281988,0.0,0.260805263053,0.260805263053,0.260805263053,0.449377887715,0.0979079739608,0.234076814023,0.578848598435,0.869010391466
 02/04  24:00:00,1.327979581,10.6753188334,0.0,9.98189646091,0.0,0.274834397896,0.274834397896,0.274834397896,0.313381950212,0.068277924177,0.151364647498,0.503008661214,0.658776285924
 02/05  01:00:00,1.01304745598,11.093422487,0.0,10.6265976691,0.0,0.292585139858,0.292585139858,0.292585139858,0.159647361282,0.0347830924178,0.0928550823819,0.416064780037,0.438167227078
 02/05  02:00:00,0.890680484892,11.23447796,0.0,10.8655583356,0.0,0.299164511939,0.299164511939,0.299164511939,0.0946058622986,0.0206122069615,0.0760998372053,0.383086066488,0.342533531982
 02/05  03:00:00,0.843245783257,11.4568134066,0.0,11.115071973,0.0,0.306034441976,0.306034441976,0.306034441976,0.0650415324201,0.0141708909201,0.0622424290361,0.378644488905,0.315661266842
 02/05  04:00:00,0.836935164518,11.731381066,0.0,11.3826332478,0.0,0.31340128275,0.31340128275,0.31340128275,0.0650415324201,0.0141708909201,0.0538948626218,0.373314595806,0.32303476227
 02/05  05:00:00,0.838320321936,11.9400100467,0.0,11.514817736,0.0,0.317040755908,0.317040755908,0.317040755908,0.0650415324201,0.0141708909201,0.0657425557055,0.359212586982,0.400450568899
 02/05  06:00:00,0.903553208641,12.3527549911,0.0,11.5924202456,0.0,0.319177407903,0.319177407903,0.319177407903,0.070954396724,0.0154591552211,0.0799978719753,0.400852376818,0.732724950282
 02/05  07:00:00,1.12928537366,13.8503966562,0.0,12.4613459536,0.0,0.343101786874,0.343101786874,0.343101786874,0.135995937503,0.0296300497838,0.14030009709,0.463145502412,1.35715029927
 02/05  08:00:00,1.4204023957,13.7913912846,0.0,12.2191078577,0.0,0.336432176395,0.336432176395,0.336432176395,0.271991875007,0.0592600995675,0.228479448591,0.492126796137,1.53838685834
 02/05  09:00:00,1.31763459686,11.9990152911,0.0,10.4663609711,0.0,0.28817329722,0.28817329722,0.28817329722,0.242427511691,0.0528187780623,0.301038229845,0.416064780037,1.50399672915
 02/05  10:00:00,1.15150132095,10.8864533517,0.0,9.48991157659,0.0,0.261288437969,0.261288437969,0.261288437969,0.118257286077,0.0257652495955,0.37497357455,0.354104772762,1.37215184793
 02/05  11:00:00,1.18779391365,12.0328463091,0.0,10.7987880571,0.0,0.297326106847,0.297326106847,0.297326106847,0.0946058622986,0.0206122069615,0.395705006816,0.362432730729,1.20909471416
 02/05  12:00:00,1.15450286255,10.0214901541,0.0,8.93857678324,0.0,0.246108380095,0.246108380095,0.246108380095,0.0946058622986,0.0206122069615,0.413520643025,0.362543770169,1.05794218481
 02/05  13:00:00,1.13222108948,9.82630557704,0.0,8.85801160329,0.0,0.243890156052,0.243890156052,0.243890156052,0.0946058622986,0.0206122069615,0.39956426318,0.356436600993,0.943743435561
 02/05  14:00:00,1.10332517689,9.64762875317,0.0,8.74902983762,0.0,0.240889530062,0.240889530062,0.240889530062,0.0946058622986,0.0206122069615,0.361343598785,0.368761978784,0.873199433521
 02/05  15:00:00,1.09670503465,9.40300654676,0.0,8.57038065375,0.0,0.235970731207,0.235970731207,0.235970731207,0.100518718243,0.02190046762,0.331676763602,0.389526353982,0.805796208287
 02/05  16:00:00,1.14691559122,9.36780073423,0.0,8.52683001129,0.0,0.234771638966,0.234771638966,0.234771638966,0.118257286077,0.0257652495955,0.339830371887,0.411179044697,0.812649650391
 02/05  17:00:00,1.35440955682,9.58256719036,0.0,8.65019858417,0.0,0.238168381016,0.238168381016,0.238168381016,0.183298868653,0.0399361532645,0.389541408607,0.48635274528,0.898869740999
 02/05  18:00:00,1.8031822218,11.382296218,0.0,10.272891717,0.0,0.282846453152,0.282846453152,0.282846453152,0.354771941823,0.0772957669992,0.48031520192,0.590840857908,1.06870873342
 02/05  19:00:00,2.11209028594,10.3329413154,0.0,9.05460045708,0.0,0.249302892948,0.249302892948,0.249302892948,0.609025248997,0.132691084591,0.432484217059,0.641474842348,1.23415753775
 02/05  20:00:00,2.22065925561,10.081754737,0.0,8.76706408092,0.0,0.241386072018,0.241386072018,0.241386072018,0.780498322167,0.170050698326,0.349483984996,0.662128178106,1.2690847809
 02/05  21:00:00,2.1457393996,10.2109462242,0.0,8.98441647327,0.0,0.247370497334,0.247370497334,0.247370497334,0.727282535073,0.158456334187,0.310626769787,0.684891263216,1.17935600655
 02/05  22:00:00,1.97527592298,10.5795775161,0.0,9.47578947324,0.0,0.260899610075,0.260899610075,0.260899610075,0.603112393052,0.131402823933,0.293847511999,0.668901583919,1.05771563098
 02/05  23:00:00,1.65058186017,10.8337368985,0.0,9.92466348356,0.0,0.273258586032,0.273258586032,0.273258586032,0.449377887715,0.0979079739608,0.234076814023,0.578848598435,0.869203646843
 02/05  24:00:00,1.34974797108,11.4661999408,0.0,10.7725173496,0.0,0.296602787976,0.296602787976,0.296602787976,0.313381950212,0.068277924177,0.151364647498,0.503008661214,0.659036504611
 02/06  01:00:00,1.0213950758,11.6183880252,0.0,11.1685345653,0.0,0.307506442754,0.307506442754,0.307506442754,0.159647361282,0.0347830924178,0.0862813993051,0.416064780037,0.421195869058
 02/06  02:00:00,0.909282815447,12.0444784092,0.0,11.6845436041,0.0,0.321713866569,0.321713866569,0.321713866569,0.0946058622986,0.0206122069615,0.07215281313,0.383086066488,0.333548712611
 02/06  03:00:00,0.868435214988,12.4597282686,0.0,12.1247833235,0.0,0.333835112134,0.333835112134,0.333835112134,0.0650415324201,0.0141708909201,0.0596311906089,0.378644488905,0.308864778373
 02/06  04:00:00,0.865652532582,12.8165567265,0.0,12.4752298078,0.0,0.343484054986,0.343484054986,0.343484054986,0.0650415324201,0.0141708909201,0.0525294584498,0.373314595806,0.315613862778
 02/06  05:00:00,0.870062515447,13.1748943242,0.0,12.7646994484,0.0,0.351454105035,0.351454105035,0.351454105035,0.0650415324201,0.0141708909201,0.06307140009,0.359212586982,0.385453134024
 02/06  06:00:00,0.935717892278,13.6276935121,0.0,12.909421705,0.0,0.35543878414,0.35543878414,0.35543878414,0.070954396724,0.0154591552211,0.0759011793751,0.400852376818,0.690662011792
 02/06  07:00:00,1.15612776643,15.1154981961,0.0,13.822168147,0.0,0.38056969186,0.38056969186,0.38056969186,0.135995937503,0.0296300497838,0.129674584873,0.463145502412,1.26142964573
 02/06  08:00:00,1.44319349284,15.2707344236,0.0,13.8154469585,0.0,0.380384635461,0.380384635461,0.380384635461,0.271991875007,0.0592600995675,0.207318086672,0.492126796137,1.42139089658
 02/06  09:00:00,1.34107531707,13.9057655199,0.0,12.4958326289,0.0,0.344051318326,0.344051318326,0.344051318326,0.242427511691,0.0528187780623,0.268600928953,0.416064780037,1.38127530014
 02/06  10:00:00,1.15474973415,12.5256852175,0.0,11.2434063755,0.0,0.309567909627,0.309567909627,0.309567909627,0.118257286077,0.0257652495955,0.329942516084,0.354104772762,1.25788891476
 02/06  11:00:00,1.17920012441,13.4714900349,0.0,12.335925394,0.0,0.33964854689,0.33964854689,0.33964854689,0.0946058622986,0.0206122069615,0.344788777527,0.362432730729,1.11060110297
 02/06  12:00:00,1.13333169401,11.0769937328,0.0,10.0760215607,0.0,0.277425971073,0.277425971073,0.277425971073,0.0946058622986,0.0206122069615,0.361031883506,0.362543770169,0.976000986112
 02/06  13:00:00,1.09983006452,10.3160487794,0.0,9.41804217177,0.0,0.259309637179,0.259309637179,0.259309637179,0.0946058622986,0.0206122069615,0.351753757089,0.356436600993,0.873456069415
 02/06  14:00:00,1.06130248435,9.64249933942,0.0,8.80588247915,0.0,0.242454870031,0.242454870031,0.242454870031,0.0946058622986,0.0206122069615,0.31775556627,0.368761978784,0.811217378246
 02/06  15:00:00,1.07295838573,9.90578338299,0.0,9.12893817328,0.0,0.251349654458,0.251349654458,0.251349654458,0.100518718243,0.02190046762,0.292551191427,0.389526353982,0.750015524995
 02/06  16:00:00,1.13397833862,10.189155489,0.0,9.40292309093,0.0,0.258893359221,0.258893359221,0.258893359221,0.118257286077,0.0257652495955,0.302771399031,0.411179044697,0.757911325563
 02/06  17:00:00,1.3436405582,10.4286178223,0.0,9.56359924938,0.0,0.263317301648,0.263317301648,0.263317301648,0.183298868653,0.0399361532645,0.353623489359,0.48635274528,0.831519707767
 02/06  18:00:00,1.80870792291,12.7863634416,0.0,11.7575540684,0.0,0.323724084472,0.323724084472,0.323724084472,0.354771941823,0.0772957669992,0.444963271704,0.590840857908,0.988113605708
 02/06  19:00:00,2.118007976,11.6897665583,0.0,10.5156686124,0.0,0.28953089855,0.28953089855,0.28953089855,0.609025248997,0.132691084591,0.398173901519,0.641474842348,1.12991462533
 02/06  20:00:00,2.23188686838,11.616945847,0.0,10.4186057451,0.0,0.286858438982,0.286858438982,0.286858438982,0.780498322167,0.170050698326,0.315239230802,0.662128178106,1.15273422681
 02/06  21:00:00,2.1542698062,11.6755929841,0.0,10.5601738619,0.0,0.29075627426,0.29075627426,0.29075627426,0.727282535073,0.158456334187,0.275771399459,0.684891263216,1.06824537773
 02/06  22:00:00,1.98824169781,12.250155482,0.0,11.239931772,0.0,0.30947224238,0.30947224238,0.30947224238,0.603112393052,0.131402823933,0.258240654531,0.668901583919,0.964151298145
 02/06  23:00:00,1.67217971301,12.5720497169,0.0,11.7366908233,0.0,0.323149650803,0.323149650803,0.323149650803,0.449377887715,0.0979079739608,0.205783602099,0.578848598435,0.795489125594
 02/06  24:00:00,1.37568530091,12.9259604609,0.0,12.2787733412,0.0,0.338074963144,0.338074963144,0.338074963144,0.313381950212,0.068277924177,0.135829802162,0.503008661214,0.61254103309
 02/07  01:00:00,1.06666816805,13.2615254412,0.0,12.8128386366,0.0,0.352779535011,0.352779535011,0.352779535011,0.159647361282,0.0347830924178,0.0862813993051,0.416064780037,0.420029213773
 02/07  02:00:00,0.951074712354,13.5611560466,0.0,13.202411786,0.0,0.363505763477,0.363505763477,0.363505763477,0.0946058622986,0.0206122069615,0.07215281313,0.383086066488,0.332358168229
 02/07  03:00:00,0.905662608832,13.8109649216,0.0,13.47687023,0.0,0.371062505977,0.371062505977,0.371062505977,0.0650415324201,0.0141708909201,0.0596311906089,0.378644488905,0.308014524878
 02/07  04:00:00,0.907472554831,14.3345325521,0.0,13.994119493,0.0,0.385304077235,0.385304077235,0.385304077235,0.0650415324201,0.0141708909201,0.0525294584498,0.373314595806,0.314700003259
 02/07  05:00:00,0.907185846318,14.5224912018,0.0,14.1130068214,0.0,0.388577435906,0.388577435906,0.388577435906,0.0650415324201,0.0141708909201,0.06307140009,0.359212586982,0.38474263861
 02/07  06:00:00,0.969931771901,14.8695262496,0.0,14.1520587495,0.0,0.389652663763,0.389652663763,0.389652663763,0.070954396724,0.0154591552211,0.0759011793751,0.400852376818,0.689857704846
 02/07  07:00:00,1.15970091431,15.2447172781,0.0,13.9519437225,0.0,0.384142839737,0.384142839737,0.384142839737,0.135995937503,0.0296300497838,0.129674584873,0.463145502412,1.2608731522
 02/07  08:00:00,1.43726628023,15.054938713,0.0,13.6001725129,0.0,0.374457422845,0.374457422845,0.374457422845,0.271991875007,0.0592600995675,0.207318086672,0.492126796137,1.42086963156
 02/07  09:00:00,1.35094533094,14.2646696951,0.0,12.854308341,0.0,0.353921332194,0.353921332194,0.353921332194,0.242427511691,0.0528187780623,0.268600928953,0.416064780037,1.38170376329
 02/07  10:00:00,1.16566628502,12.9223216693,0.0,11.6398919734,0.0,0.320484460505,0.320484460505,0.320484460505,0.118257286077,0.0257652495955,0.329942516084,0.354104772762,1.25803976868
 02/07  11:00:00,1.17684139634,13.3855997507,0.0,12.2502571532,0.0,0.33728981882,0.33728981882,0.33728981882,0.0946058622986,0.0206122069615,0.344788777527,0.362432730729,1.11037905955
 02/07  12:00:00,1.12135586292,10.6420928289,0.0,9.64106324807,0.0,0.265450139984,0.265450139984,0.265450139984,0.0946058622986,0.0206122069615,0.361031883506,0.362543770169,0.976058394793
 02/07  13:00:00,1.07236712838,9.3188141121,0.0,8.42059721173,0.0,0.231846701042,0.231846701042,0.231846701042,0.0946058622986,0.0206122069615,0.351753757089,0.356436600993,0.873666362196
 02/07  14:00:00,1.04123152407,8.91453643009,0.0,8.07691169224,0.0,0.22238390976,0.22238390976,0.22238390976,0.0946058622986,0.0206122069615,0.31775556627,0.368761978784,0.812225255829
 02/07  15:00:00,1.03657533737,8.58507290695,0.0,7.80751762163,0.0,0.214966606096,0.214966606096,0.214966606096,0.100518718243,0.02190046762,0.292551191427,0.389526353982,0.750725600606
 02/07  16:00:00,1.09955230112,8.93927659728,0.0,8.15258054097,0.0,0.224467321721,0.224467321721,0.224467321721,0.118257286077,0.0257652495955,0.302771399031,0.411179044697,0.758374983761
 02/07  17:00:00,1.3123299164,9.29220694094,0.0,8.42640686368,0.0,0.232006659844,0.232006659844,0.232006659844,0.183298868653,0.0399361532645,0.353623489359,0.48635274528,0.832301212081
 02/07  18:00:00,1.76956238789,11.3654144763,0.0,10.3358008945,0.0,0.284578549451,0.284578549451,0.284578549451,0.354771941823,0.0772957669992,0.444963271704,0.590840857908,0.98891781432
 02/07  19:00:00,2.06964114287,9.93422293481,0.0,8.75900087301,0.0,0.241164065419,0.241164065419,0.241164065419,0.609025248997,0.132691084591,0.398173901519,0.641474842348,1.13103874122
 02/07  20:00:00,2.18159397666,9.79161697042,0.0,8.59198418049,0.0,0.236565547261,0.236565547261,0.236565547261,0.780498322167,0.170050698326,0.315239230802,0.662128178106,1.1540269148
 02/07  21:00:00,2.11380449444,10.2067499387,0.0,9.09048682373,0.0,0.2502909625,0.2502909625,0.2502909625,0.727282535073,0.158456334187,0.275771399459,0.684891263216,1.06908937055
 02/07  22:00:00,1.93668430203,10.3787300176,0.0,9.3673838287,0.0,0.257914846593,0.257914846593,0.257914846593,0.603112393052,0.131402823933,0.258240654531,0.668901583919,0.965273777067
 02/07  23:00:00,1.60665034247,10.1928836541,0.0,9.35668527459,0.0,0.257620280256,0.257620280256,0.257620280256,0.449377887715,0.0979079739608,0.205783602099,0.578848598435,0.796328611411
 02/07  24:00:00,1.30021628519,10.1860257639,0.0,9.53776309387,0.0,0.262605947421,0.262605947421,0.262605947421,0.313381950212,0.068277924177,0.135829802162,0.503008661214,0.613616583486
 02/08  01:00:00,0.981699578585,10.1768944637,0.0,9.72680694257,0.0,0.267810945543,0.267810945543,0.267810945543,0.159647361282,0.0347830924178,0.0862813993051,0.416064780037,0.421429930333
 02/08  02:00:00,0.857855136656,10.1770817842,0.0,9.81670694016,0.0,0.270286187778,0.270286187778,0.270286187778,0.0946058622986,0.0206122069615,0.07215281313,0.383086066488,0.333988751627
 02/08  03:00:00,0.805022853244,10.1572243938,0.0,9.82166685003,0.0,0.270422750389,0.270422750389,0.270422750389,0.0650415324201,0.0141708909201,0.0596311906089,0.378644488905,0.309477377041
 02/08  04:00:00,0.792569139038,10.1628379567,0.0,9.82086458659,0.0,0.270400661441,0.270400661441,0.270400661441,0.0650415324201,0.0141708909201,0.0525294584498,0.373314595806,0.316260314272
 02/08  05:00:00,0.78956488542,10.2523548209,0.0,9.84105155561,0.0,0.270956475008,0.270956475008,0.270956475008,0.0650415324201,0.0141708909201,0.06307140009,0.359212586982,0.386561523581
 02/08  06:00:00,0.847826672129,10.4370532811,0.0,9.71724100977,0.0,0.267547563991,0.267547563991,0.267547563991,0.070954396724,0.0154591552211,0.0759011793751,0.400852376818,0.692202476087
 02/08  07:00:00,1.03846235841,10.8438931148,0.0,9.54859857608,0.0,0.262904283839,0.262904283839,0.262904283839,0.135995937503,0.0296300497838,0.129674584873,0.463145502412,1.26339413532
 02/08  08:00:00,1.33760190859,11.4379696189,0.0,9.98039476269,0.0,0.274793051211,0.274793051211,0.274793051211,0.271991875007,0.0592600995675,0.207318086672,0.492126796137,1.4236782876
 02/08  09:00:00,1.23257992081,9.96801520338,0.0,8.55531491985,0.0,0.235555922065,0.235555922065,0.235555922065,0.242427511691,0.0528187780623,0.268600928953,0.416064780037,1.3840426927
 02/08  10:00:00,1.07491900629,9.62922266302,0.0,8.34398015409,0.0,0.229737181775,0.229737181775,0.229737181775,0.118257286077,0.0257652495955,0.329942516084,0.354104772762,1.26085258175
 02/08  11:00:00,1.10724866413,10.8603781695,0.0,9.7226716231,0.0,0.267697086614,0.267697086614,0.267697086614,0.0946058622986,0.0206122069615,0.344788777527,0.362432730729,1.11274300855
 02/08  12:00:00,1.06532895622,8.60947279438,0.0,7.60618411364,0.0,0.209423233285,0.209423233285,0.209423233285,0.0946058622986,0.0206122069615,0.361031883506,0.362543770169,0.978317494708
 02/08  13:00:00,1.03940160392,8.12318876943,0.0,7.22330002296,0.0,0.198881176578,0.198881176578,0.198881176578,0.0946058622986,0.0206122069615,0.351753757089,0.356436600993,0.875338208285
 02/08  14:00:00,1.02078713047,8.17329240152,0.0,7.33437792754,0.0,0.201939516158,0.201939516158,0.201939516158,0.0946058622986,0.0206122069615,0.31775556627,0.368761978784,0.813514991962
 02/08  15:00:00,1.01922757634,7.95673280897,0.0,7.17745255076,0.0,0.19761884507,0.19761884507,0.19761884507,0.100518718243,0.02190046762,0.292551191427,0.389526353982,0.752450573492
 02/08  16:00:00,1.07832080599,8.16938276506,0.0,7.38145950329,0.0,0.203235826591,0.203235826591,0.203235826591,0.118257286077,0.0257652495955,0.302771399031,0.411179044697,0.759602189222
 02/08  17:00:00,1.28816531376,8.41574215899,0.0,7.54875630984,0.0,0.207842057208,0.207842057208,0.207842057208,0.183298868653,0.0399361532645,0.353623489359,0.48635274528,0.833486983973
 02/08  18:00:00,1.738405947,10.2351516078,0.0,9.20420903617,0.0,0.253422108561,0.253422108561,0.253422108561,0.354771941823,0.0772957669992,0.444963271704,0.590840857908,0.990246804102
 02/08  19:00:00,2.04742683719,9.12839631489,0.0,7.95218447367,0.0,0.218949759731,0.218949759731,0.218949759731,0.609025248997,0.132691084591,0.398173901519,0.641474842348,1.13202852064
 02/08  20:00:00,2.16329747859,9.12850014699,0.0,7.92746128692,0.0,0.21826904919,0.21826904919,0.21826904919,0.780498322167,0.170050698326,0.315239230802,0.662128178106,1.15543298494
 02/08  21:00:00,2.08690432313,9.23116444762,0.0,8.11348130042,0.0,0.223390791196,0.223390791196,0.223390791196,0.727282535073,0.158456334187,0.275771399459,0.684891263216,1.0705094028
 02/08  22:00:00,1.91164886065,9.4706103668,0.0,8.4581046935,0.0,0.232879405219,0.232879405219,0.232879405219,0.603112393052,0.131402823933,0.258240654531,0.668901583919,0.96643326146
 02/08  23:00:00,1.59485100055,9.7658609247,0.0,8.92813699164,0.0,0.245820938339,0.245820938339,0.245820938339,0.449377887715,0.0979079739608,0.205783602099,0.578848598435,0.797854164979
 02/08  24:00:00,1.29639567985,10.0485829866,0.0,9.39899994351,0.0,0.258785342085,0.258785342085,0.258785342085,0.313381950212,0.068277924177,0.135829802162,0.503008661214,0.614936956519
 02/09  01:00:00,0.985075144436,10.300087199,0.0,9.84940640277,0.0,0.271186511394,0.271186511394,0.271186511394,0.159647361282,0.0347830924178,0.0862813993051,0.416064780037,0.42202320537
 02/09  02:00:00,0.874568360733,10.784650561,0.0,10.4237258342,0.0,0.286999411855,0.286999411855,0.286999411855,0.0946058622986,0.0206122069615,0.07215281313,0.383086066488,0.334538634333
 02/09  03:00:00,0.832290598044,11.1480459512,0.0,10.8120225239,0.0,0.29769049519,0.29769049519,0.29769049519,0.0650415324201,0.0141708909201,0.0596311906089,0.378644488905,0.309943260571
 02/09  04:00:00,0.828580900435,11.4710959436,0.0,11.1288001157,0.0,0.306412422838,0.306412422838,0.306412422838,0.0650415324201,0.0141708909201,0.0525294584498,0.373314595806,0.31658277201
 02/09  05:00:00,0.832320281745,11.8051266205,0.0,11.3939137247,0.0,0.313711871333,0.313711871333,0.313711871333,0.0650415324201,0.0141708909201,0.06307140009,0.359212586982,0.386471154072
 02/09  06:00:00,0.89214988377,12.0467876071,0.0,11.3270457242,0.0,0.311870775632,0.311870775632,0.311870775632,0.070954396724,0.0154591552211,0.0759011793751,0.400852376818,0.692132087614
 02/09  07:00:00,1.09760220865,12.9917417456,0.0,11.6965388133,0.0,0.322044134079,0.322044134079,0.322044134079,0.135995937503,0.0296300497838,0.129674584873,0.463145502412,1.26330252893
 02/09  08:00:00,1.35838856576,12.1923350168,0.0,10.7353594295,0.0,0.295579708381,0.295579708381,0.295579708381,0.271991875007,0.0592600995675,0.207318086672,0.492126796137,1.42307901864
 02/09  09:00:00,1.2682470081,11.2635503454,0.0,9.8507319968,0.0,0.271223009352,0.271223009352,0.271223009352,0.242427511691,0.0528187780623,0.268600928953,0.416064780037,1.38416075773
 02/09  10:00:00,1.08917815679,10.146795025,0.0,8.8618678893,0.0,0.243996332273,0.243996332273,0.243996332273,0.118257286077,0.0257652495955,0.329942516084,0.354104772762,1.2605372085
 02/09  11:00:00,1.09474373699,10.4062314882,0.0,9.26849671301,0.0,0.255192159475,0.255192159475,0.255192159475,0.0946058622986,0.0206122069615,0.344788777527,0.362432730729,1.11277123725
 02/09  12:00:00,1.05841347422,8.35861008293,0.0,7.3550160437,0.0,0.202507751288,0.202507751288,0.202507751288,0.0946058622986,0.0206122069615,0.361031883506,0.362543770169,0.978622853193
 02/09  13:00:00,1.02431864494,7.57579632676,0.0,6.67549182998,0.0,0.183798217597,0.183798217597,0.183798217597,0.0946058622986,0.0206122069615,0.351753757089,0.356436600993,0.875753958608
 02/09  14:00:00,0.988162765856,6.98848602126,0.0,6.14947155413,0.0,0.169315151542,0.169315151542,0.169315151542,0.0946058622986,0.0206122069615,0.31775556627,0.368761978784,0.813614985111
 02/09  15:00:00,0.989358522204,6.87204857152,0.0,6.09261816295,0.0,0.167749790932,0.167749790932,0.167749790932,0.100518718243,0.02190046762,0.292551191427,0.389526353982,0.752600723857
 02/09  16:00:00,1.04795157439,7.06722215383,0.0,6.27845883167,0.0,0.172866594988,0.172866594988,0.172866594988,0.118257286077,0.0257652495955,0.302771399031,0.411179044697,0.760442249612
 02/09  17:00:00,1.25018621523,7.03734497925,0.0,6.16936773217,0.0,0.169862958678,0.169862958678,0.169862958678,0.183298868653,0.0399361532645,0.353623489359,0.48635274528,0.834478381893
 02/09  18:00:00,1.68923458912,8.45033752702,0.0,7.4183212181,0.0,0.204250750682,0.204250750682,0.204250750682,0.354771941823,0.0772957669992,0.444963271704,0.590840857908,0.991320541433
 02/09  19:00:00,2.00429275949,7.56351598235,0.0,6.38556871952,0.0,0.175815682032,0.175815682032,0.175815682032,0.609025248997,0.132691084591,0.398173901519,0.641474842348,1.13376394224
 02/09  20:00:00,2.11257013454,7.28731530768,0.0,6.08506055408,0.0,0.167541705135,0.167541705135,0.167541705135,0.780498322167,0.170050698326,0.315239230802,0.662128178106,1.15664887847
 02/09  21:00:00,2.0342252741,7.31980710056,0.0,6.20019527381,0.0,0.170711742161,0.170711742161,0.170711742161,0.727282535073,0.158456334187,0.275771399459,0.684891263216,1.07243808236
 02/09  22:00:00,1.85863571135,7.54694965532,0.0,6.53268425313,0.0,0.179866255915,0.179866255915,0.179866255915,0.603112393052,0.131402823933,0.258240654531,0.668901583919,0.968192990356
 02/09  23:00:00,1.53628909437,7.64062280271,0.0,6.80118749586,0.0,0.187259032161,0.187259032161,0.187259032161,0.449377887715,0.0979079739608,0.205783602099,0.578848598435,0.799565538777
 02/09  24:00:00,1.23320152921,7.75500071204,0.0,7.10380882683,0.0,0.195591191447,0.195591191447,0.195591191447,0.313381950212,0.068277924177,0.135829802162,0.503008661214,0.616545798618
 02/10  01:00:00,0.918103464309,7.86957094032,0.0,7.41701663657,0.0,0.204214831267,0.204214831267,0.204214831267,0.159647361282,0.0347830924178,0.0862813993051,0.416064780037,0.423896712919
 02/10  02:00:00,0.799522917826,8.06072570127,0.0,7.69809961461,0.0,0.211953968949,0.211953968949,0.211953968949,0.0946058622986,0.0206122069615,0.07215281313,0.383086066488,0.336239994224
 02/10  03:00:00,0.752783500221,8.26204434145,0.0,7.9243504404,0.0,0.218183397366,0.218183397366,0.218183397366,0.0650415324201,0.0141708909201,0.0596311906089,0.378644488905,0.311613734324
 02/10  04:00:00,0.748614364612,8.5685611035,0.0,8.2244413927,0.0,0.226445887016,0.226445887016,0.226445887016,0.0650415324201,0.0141708909201,0.0525294584498,0.373314595806,0.318406654927
 02/10  05:00:00,0.750688041886,8.8422967782,0.0,8.42905716967,0.0,0.232079631474,0.232079631474,0.232079631474,0.0650415324201,0.0141708909201,0.06307140009,0.359212586982,0.388497866781
 02/10  06:00:00,0.811562717298,9.12197397282,0.0,8.40014589664,0.0,0.23128360916,0.23128360916,0.23128360916,0.070954396724,0.0154591552211,0.0759011793751,0.400852376818,0.6942182809
 02/10  07:00:00,1.00601740373,9.66771221956,0.0,8.37020831353,0.0,0.230459329159,0.230459329159,0.230459329159,0.135995937503,0.0296300497838,0.129674584873,0.463145502412,1.26560350268
 02/10  08:00:00,1.31487399224,10.6146802856,0.0,9.15492419007,0.0,0.252065134858,0.252065134858,0.252065134858,0.271991875007,0.0592600995675,0.207318086672,0.492126796137,1.42585952688
 02/10  09:00:00,1.23062655053,9.8994311603,0.0,8.48436914302,0.0,0.233602551788,0.233602551788,0.233602551788,0.242427511691,0.0528187780623,0.268600928953,0.416064780037,1.38640442645
 02/10  10:00:00,1.07849158023,9.76026971024,0.0,8.47373488429,0.0,0.233309755714,0.233309755714,0.233309755714,0.118257286077,0.0257652495955,0.329942516084,0.354104772762,1.26214489876
 02/10  11:00:00,1.10672432224,10.8425165991,0.0,9.70362769529,0.0,0.267172744727,0.267172744727,0.267172744727,0.0946058622986,0.0206122069615,0.344788777527,0.362432730729,1.11392536591
 02/10  12:00:00,1.08781802762,9.42720337896,0.0,8.42297991494,0.0,0.231912304688,0.231912304688,0.231912304688,0.0946058622986,0.0206122069615,0.361031883506,0.362543770169,0.979252277996
 02/10  13:00:00,1.03788305726,8.06846924779,0.0,7.16814689915,0.0,0.197362629914,0.197362629914,0.197362629914,0.0946058622986,0.0206122069615,0.351753757089,0.356436600993,0.875771810458
 02/10  14:00:00,0.993062144987,7.16710850106,0.0,6.32741541988,0.0,0.174214530672,0.174214530672,0.174214530672,0.0946058622986,0.0206122069615,0.31775556627,0.368761978784,0.814293599154
 02/10  15:00:00,0.985805451652,6.74375295867,0.0,5.96357178941,0.0,0.16419672038,0.16419672038,0.16419672038,0.100518718243,0.02190046762,0.292551191427,0.389526353982,0.753351484546
 02/10  16:00:00,1.04240764539,6.86658542066,0.0,6.07710512327,0.0,0.167322665993,0.167322665993,0.167322665993,0.118257286077,0.0257652495955,0.302771399031,0.411179044697,0.761159224834
 02/10  17:00:00,1.24907233972,6.99785973917,0.0,6.12891213358,0.0,0.168749083161,0.168749083161,0.168749083161,0.183298868653,0.0399361532645,0.353623489359,0.48635274528,0.835448740405
 02/10  18:00:00,1.70016249148,8.84840877774,0.0,7.81521909819,0.0,0.215178653043,0.215178653043,0.215178653043,0.354771941823,0.0772957669992,0.444963271704,0.590840857908,0.992493912051
 02/10  19:00:00,2.01757870354,8.04684988853,0.0,6.86810991153,0.0,0.18910162609,0.18910162609,0.18910162609,0.609025248997,0.132691084591,0.398173901519,0.641474842348,1.13455665642
 02/10  20:00:00,2.13604104984,8.14071304582,0.0,6.93751660821,0.0,0.191012620435,0.191012620435,0.191012620435,0.780498322167,0.170050698326,0.315239230802,0.662128178106,1.15759056248
 02/10  21:00:00,2.06981318989,8.61281270599,0.0,7.49273686781,0.0,0.206299657958,0.206299657958,0.206299657958,0.727282535073,0.158456334187,0.275771399459,0.684891263216,1.07290209379
 02/10  22:00:00,1.8986389014,9.00002788751,0.0,7.98558718019,0.0,0.219869445962,0.219869445962,0.219869445962,0.603112393052,0.131402823933,0.258240654531,0.668901583919,0.968368295487
 02/10  23:00:00,1.58888928495,9.55070582698,0.0,8.71160940872,0.0,0.239859222736,0.239859222736,0.239859222736,0.449377887715,0.0979079739608,0.205783602099,0.578848598435,0.799226650175
 02/10  24:00:00,1.29148148836,9.87098650603,0.0,9.22051809763,0.0,0.253871150595,0.253871150595,0.253871150595,0.313381950212,0.068277924177,0.135829802162,0.503008661214,0.615822321807
 02/11  01:00:00,0.986068995035,10.1155555271,0.0,9.64674869147,0.0,0.265606678916,0.265606678916,0.265606678916,0.159647361282,0.0347830924178,0.0928550823819,0.416064780037,0.440149244773
 02/11  02:00:00,0.867999724273,10.4125696736,0.0,10.0418004439,0.0,0.276483751319,0.276483751319,0.276483751319,0.0946058622986,0.0206122069615,0.0760998372053,0.383086066488,0.344383137192
 02/11  03:00:00,0.819592449962,10.5992858594,0.0,10.2559905563,0.0,0.282381108681,0.282381108681,0.282381108681,0.0650415324201,0.0141708909201,0.0622424290361,0.378644488905,0.317215136408
 02/11  04:00:00,0.808352545782,10.6945584951,0.0,10.3445217778,0.0,0.284818664014,0.284818664014,0.284818664014,0.0650415324201,0.0141708909201,0.0538948626218,0.373314595806,0.324323661465
 02/11  05:00:00,0.80894033022,10.8744051442,0.0,10.4477459373,0.0,0.287660764193,0.287660764193,0.287660764193,0.0650415324201,0.0141708909201,0.0657425557055,0.359212586982,0.40191746516
 02/11  06:00:00,0.870251373905,11.1454604709,0.0,10.3829083765,0.0,0.285875573167,0.285875573167,0.285875573167,0.070954396724,0.0154591552211,0.0799978719753,0.400852376818,0.734942299146
 02/11  07:00:00,1.06606956323,11.5577909087,0.0,10.16536816,0.0,0.279885976437,0.279885976437,0.279885976437,0.135995937503,0.0296300497838,0.14030009709,0.463145502412,1.3605223453
 02/11  08:00:00,1.35522079466,11.4278128553,0.0,9.85173318514,0.0,0.271250575356,0.271250575356,0.271250575356,0.271991875007,0.0592600995675,0.228479448591,0.492126796137,1.54218310152
 02/11  09:00:00,1.29782042311,11.2843037223,0.0,9.74671658768,0.0,0.268359123472,0.268359123472,0.268359123472,0.242427511691,0.0528187780623,0.301038229845,0.416064780037,1.50892954383
 02/11  10:00:00,1.13297332087,10.2169939856,0.0,8.81698060477,0.0,0.242760437885,0.242760437885,0.242760437885,0.118257286077,0.0257652495955,0.37497357455,0.354104772762,1.37562345366
 02/11  11:00:00,1.14786225253,10.5852402363,0.0,9.34848303762,0.0,0.257394445729,0.257394445729,0.257394445729,0.0946058622986,0.0206122069615,0.395705006816,0.362432730729,1.21179366084
 02/11  12:00:00,1.11350536615,8.53548458957,0.0,7.44956097091,0.0,0.205110883693,0.205110883693,0.205110883693,0.0946058622986,0.0206122069615,0.413520643025,0.362543770169,1.06095243263
 02/11  13:00:00,1.0783242036,7.87238778732,0.0,6.90049413607,0.0,0.189993270166,0.189993270166,0.189993270166,0.0946058622986,0.0206122069615,0.39956426318,0.356436600993,0.947343113065
 02/11  14:00:00,1.03944399351,7.32989862769,0.0,6.42888591401,0.0,0.177008346684,0.177008346684,0.177008346684,0.0946058622986,0.0206122069615,0.361343598785,0.368761978784,0.875613231651
 02/11  15:00:00,1.03427072321,7.13798922261,0.0,6.30278665085,0.0,0.173536419761,0.173536419761,0.173536419761,0.100518718243,0.02190046762,0.331676763602,0.389526353982,0.808372887045
 02/11  16:00:00,1.08708131218,7.19793291558,0.0,6.35366834473,0.0,0.174937359929,0.174937359929,0.174937359929,0.118257286077,0.0257652495955,0.339830371887,0.411179044697,0.815943498294
 02/11  17:00:00,1.29235539627,7.33225798608,0.0,6.39641153902,0.0,0.176114220469,0.176114220469,0.176114220469,0.183298868653,0.0399361532645,0.389541408607,0.48635274528,0.902347581883
 02/11  18:00:00,1.72713298963,8.62406459147,0.0,7.51080819606,0.0,0.206797220985,0.206797220985,0.206797220985,0.354771941823,0.0772957669992,0.48031520192,0.590840857908,1.07256062791
 02/11  19:00:00,2.03550557072,7.5557358064,0.0,6.27306836484,0.0,0.172718177729,0.172718177729,0.172718177729,0.609025248997,0.132691084591,0.432484217059,0.641474842348,1.23848412097
 02/11  20:00:00,2.14973717863,7.51056384028,0.0,6.19119717827,0.0,0.170463995034,0.170463995034,0.170463995034,0.780498322167,0.170050698326,0.349483984996,0.662128178106,1.27376078688
 02/11  21:00:00,2.07687586957,7.71379402351,0.0,6.48331533058,0.0,0.178506967311,0.178506967311,0.178506967311,0.727282535073,0.158456334187,0.310626769787,0.684891263216,1.18330494853
 02/11  22:00:00,1.89943759491,7.82938040525,0.0,6.72136592081,0.0,0.185061282003,0.185061282003,0.185061282003,0.603112393052,0.131402823933,0.293847511999,0.668901583919,1.0619420726
 02/11  23:00:00,1.57333044129,8.03166464233,0.0,7.1189169301,0.0,0.196007167157,0.196007167157,0.196007167157,0.449377887715,0.0979079739608,0.234076814023,0.578848598435,0.87287794415
 02/11  24:00:00,1.25905632357,8.17544227983,0.0,7.47862603834,0.0,0.205911140471,0.205911140471,0.205911140471,0.313381950212,0.068277924177,0.151364647498,0.503008661214,0.662170154901
 02/12  01:00:00,0.937131222998,8.33919022205,0.0,7.86934463562,0.0,0.216668906879,0.216668906879,0.216668906879,0.159647361282,0.0347830924178,0.0928550823819,0.416064780037,0.441187995598
 02/12  02:00:00,0.817473208624,8.57847343019,0.0,8.20669373388,0.0,0.225957235671,0.225957235671,0.225957235671,0.0946058622986,0.0206122069615,0.0760998372053,0.383086066488,0.34539360388
 02/12  03:00:00,0.76545599226,8.63420246031,0.0,8.28977191816,0.0,0.228244650978,0.228244650978,0.228244650978,0.0650415324201,0.0141708909201,0.0622424290361,0.378644488905,0.318350375422
 02/12  04:00:00,0.747205028413,8.47486447341,0.0,8.12366371966,0.0,0.223671146645,0.223671146645,0.223671146645,0.0650415324201,0.0141708909201,0.0538948626218,0.373314595806,0.325487697871
 02/12  05:00:00,0.749939289127,8.73265772678,0.0,8.30484720337,0.0,0.228659723099,0.228659723099,0.228659723099,0.0650415324201,0.0141708909201,0.0657425557055,0.359212586982,0.403068781659
 02/12  06:00:00,0.810285560418,8.96897691219,0.0,8.20496942123,0.0,0.22590975968,0.22590975968,0.22590975968,0.070954396724,0.0154591552211,0.0799978719753,0.400852376818,0.736397695678
 02/12  07:00:00,1.02860984826,10.1987545647,0.0,8.80484342546,0.0,0.24242626147,0.24242626147,0.24242626147,0.135995937503,0.0296300497838,0.14030009709,0.463145502412,1.36201073592
 02/12  08:00:00,1.31693144587,10.0380914164,0.0,8.46107641846,0.0,0.232961226569,0.232961226569,0.232961226569,0.271991875007,0.0592600995675,0.228479448591,0.492126796137,1.54311842937
 02/12  09:00:00,1.24461349793,9.35262331802,0.0,7.81425827041,0.0,0.215152198298,0.215152198298,0.215152198298,0.242427511691,0.0528187780623,0.301038229845,0.416064780037,1.50970745679
 02/12  10:00:00,1.09059273551,8.67898181713,0.0,7.27773144856,0.0,0.20037985252,0.20037985252,0.20037985252,0.118257286077,0.0257652495955,0.37497357455,0.354104772762,1.37686044138
 02/12  11:00:00,1.11472029641,9.3829680702,0.0,8.1447779079,0.0,0.224252489602,0.224252489602,0.224252489602,0.0946058622986,0.0206122069615,0.395705006816,0.362432730729,1.21322662441
 02/12  12:00:00,1.10308838922,8.15871121535,0.0,7.07121973748,0.0,0.194693906769,0.194693906769,0.194693906769,0.0946058622986,0.0206122069615,0.413520643025,0.362543770169,1.06252029184
 02/12  13:00:00,1.07175595423,7.63436209828,0.0,6.66193744276,0.0,0.183425020793,0.183425020793,0.183425020793,0.0946058622986,0.0206122069615,0.39956426318,0.356436600993,0.94787411734
 02/12  14:00:00,1.04041749681,7.3660025275,0.0,6.464243239,0.0,0.177981849982,0.177981849982,0.177981849982,0.0946058622986,0.0206122069615,0.361343598785,0.368761978784,0.876359806473
 02/12  15:00:00,1.03836522033,7.28763936751,0.0,6.45149746213,0.0,0.177630916878,0.177630916878,0.177630916878,0.100518718243,0.02190046762,0.331676763602,0.389526353982,0.809312220665
 02/12  16:00:00,1.0837620862,7.07795428441,0.0,6.23311513033,0.0,0.171618133946,0.171618133946,0.171618133946,0.118257286077,0.0257652495955,0.339830371887,0.411179044697,0.816518081533
 02/12  17:00:00,1.2827968231,6.98551753626,0.0,6.04924725221,0.0,0.166555647295,0.166555647295,0.166555647295,0.183298868653,0.0399361532645,0.389541408607,0.48635274528,0.902771418869
 02/12  18:00:00,1.72478662865,8.5397609381,0.0,7.42558912399,0.0,0.204450860005,0.204450860005,0.204450860005,0.354771941823,0.0772957669992,0.48031520192,0.590840857908,1.07347604662
 02/12  19:00:00,2.0478680454,8.00547913372,0.0,6.72206944742,0.0,0.185080652402,0.185080652402,0.185080652402,0.609025248997,0.132691084591,0.432484217059,0.641474842348,1.23922636571
 02/12  20:00:00,2.15764693798,7.79833595957,0.0,6.47847708001,0.0,0.17837375438,0.17837375438,0.17837375438,0.780498322167,0.170050698326,0.349483984996,0.662128178106,1.27425300443
 02/12  21:00:00,2.0871118642,8.08641327138,0.0,6.85508334565,0.0,0.188742961942,0.188742961942,0.188742961942,0.727282535073,0.158456334187,0.310626769787,0.684891263216,1.18415618134
 02/12  22:00:00,1.9175844661,8.48898812525,0.0,7.38045441461,0.0,0.203208153198,0.203208153198,0.203208153198,0.603112393052,0.131402823933,0.293847511999,0.668901583919,1.06246129879
 02/12  23:00:00,1.60697006444,9.25387755,0.0,8.34069716505,0.0,0.229646790303,0.229646790303,0.229646790303,0.449377887715,0.0979079739608,0.234076814023,0.578848598435,0.873310616865
 02/12  24:00:00,1.30199872549,9.73521451118,0.0,9.03828019002,0.0,0.248853542387,0.248853542387,0.248853542387,0.313381950212,0.068277924177,0.151364647498,0.503008661214,0.662288234572
 02/13  01:00:00,0.983924019838,10.2597595897,0.0,9.80759792957,0.0,0.270035386796,0.270035386796,0.270035386796,0.159647361282,0.0347830924178,0.0862813993051,0.416064780037,0.423504069292
 02/13  02:00:00,0.865596386886,10.4599415505,0.0,10.0978666453,0.0,0.278027438009,0.278027438009,0.278027438009,0.0946058622986,0.0206122069615,0.07215281313,0.383086066488,0.335688812784
 02/13  03:00:00,0.82195159814,10.7736443782,0.0,10.4365133906,0.0,0.287351495286,0.287351495286,0.287351495286,0.0650415324201,0.0141708909201,0.0596311906089,0.378644488905,0.311050820899
 02/13  04:00:00,0.819212064319,11.13175811,0.0,10.7885270175,0.0,0.297043586723,0.297043586723,0.297043586723,0.0650415324201,0.0141708909201,0.0525294584498,0.373314595806,0.317518036606
 02/13  05:00:00,0.820425961227,11.3741726674,0.0,10.9619158496,0.0,0.301817550814,0.301817550814,0.301817550814,0.0650415324201,0.0141708909201,0.06307140009,0.359212586982,0.387515076019
 02/13  06:00:00,0.885942592309,11.8225541049,0.0,11.1015989055,0.0,0.305663484171,0.305663484171,0.305663484171,0.070954396724,0.0154591552211,0.0759011793751,0.400852376818,0.693345404123
 02/13  07:00:00,1.0752826452,12.1830348623,0.0,10.8858994859,0.0,0.299724570624,0.299724570624,0.299724570624,0.135995937503,0.0296300497838,0.129674584873,0.463145502412,1.26523497304
 02/13  08:00:00,1.37784823016,12.9013404114,0.0,11.4421281478,0.0,0.315039372774,0.315039372774,0.315039372774,0.271991875007,0.0592600995675,0.207318086672,0.492126796137,1.42531569499
 02/13  09:00:00,1.29068254106,12.0800070688,0.0,10.6655832994,0.0,0.293658542321,0.293658542321,0.293658542321,0.242427511691,0.0528187780623,0.268600928953,0.416064780037,1.38576617849
 02/13  10:00:00,1.12869049914,11.5831309322,0.0,10.2969433866,0.0,0.283508674619,0.283508674619,0.283508674619,0.118257286077,0.0257652495955,0.329942516084,0.354104772762,1.26179761845
 02/13  11:00:00,1.16343922364,12.9019464296,0.0,11.7634945748,0.0,0.323887646127,0.323887646127,0.323887646127,0.0946058622986,0.0206122069615,0.344788777527,0.362432730729,1.11348831692
 02/13  12:00:00,1.14217516413,11.4007639508,0.0,10.3972135361,0.0,0.286269441199,0.286269441199,0.286269441199,0.0946058622986,0.0206122069615,0.361031883506,0.362543770169,0.978579228706
 02/13  13:00:00,1.11126577909,10.733067574,0.0,9.8333836269,0.0,0.270745351744,0.270745351744,0.270745351744,0.0946058622986,0.0206122069615,0.351753757089,0.356436600993,0.875133408879
 02/13  14:00:00,1.08509691748,10.5081500672,0.0,9.67008859644,0.0,0.266249303167,0.266249303167,0.266249303167,0.0946058622986,0.0206122069615,0.31775556627,0.368761978784,0.812661988776
 02/13  15:00:00,1.08006196402,10.1652372515,0.0,9.3869378399,0.0,0.258453232752,0.258453232752,0.258453232752,0.100518718243,0.02190046762,0.292551191427,0.389526353982,0.751469726903
 02/13  16:00:00,1.13125696066,10.0912808032,0.0,9.30408352354,0.0,0.256171981264,0.256171981264,0.256171981264,0.118257286077,0.0257652495955,0.302771399031,0.411179044697,0.758876207071
 02/13  17:00:00,1.34424615253,10.4522260796,0.0,9.58559423941,0.0,0.263922895973,0.263922895973,0.263922895973,0.183298868653,0.0399361532645,0.353623489359,0.48635274528,0.833132975049
 02/13  18:00:00,1.78578210012,11.9554919963,0.0,10.924895598,0.0,0.300798261685,0.300798261685,0.300798261685,0.354771941823,0.0772957669992,0.444963271704,0.590840857908,0.989900630717
 02/13  19:00:00,2.09293583268,10.7815904353,0.0,9.60505647436,0.0,0.26445875523,0.26445875523,0.26445875523,0.609025248997,0.132691084591,0.398173901519,0.641474842348,1.13235064041
 02/13  20:00:00,2.19756497631,10.3727931738,0.0,9.17204572326,0.0,0.252536546907,0.252536546907,0.252536546907,0.780498322167,0.170050698326,0.315239230802,0.662128178106,1.15514157538
 02/13  21:00:00,2.12549104979,10.6332104041,0.0,9.51493873518,0.0,0.261977517853,0.261977517853,0.261977517853,0.727282535073,0.158456334187,0.275771399459,0.684891263216,1.07109792451
 02/13  22:00:00,1.94657877605,10.7396600365,0.0,9.72674792572,0.0,0.267809320615,0.267809320615,0.267809320615,0.603112393052,0.131402823933,0.258240654531,0.668901583919,0.966839698954
 02/13  23:00:00,1.61314337596,10.4301931849,0.0,9.59251015138,0.0,0.264113313746,0.264113313746,0.264113313746,0.449377887715,0.0979079739608,0.205783602099,0.578848598435,0.797813265463
 02/13  24:00:00,1.30820427844,10.4772431633,0.0,9.82788442585,0.0,0.270593940675,0.270593940675,0.270593940675,0.313381950212,0.068277924177,0.135829802162,0.503008661214,0.614712650895
 02/14  01:00:00,0.993936432448,10.6221869662,0.0,10.171245518,0.0,0.280047799406,0.280047799406,0.280047799406,0.159647361282,0.0347830924178,0.0862813993051,0.416064780037,0.422283857372
 02/14  02:00:00,0.866362485254,10.4868537499,0.0,10.1256910903,0.0,0.278793536376,0.278793536376,0.278793536376,0.0946058622986,0.0206122069615,0.07215281313,0.383086066488,0.334776567213
 02/14  03:00:00,0.819648713807,10.6890415687,0.0,10.3528733763,0.0,0.285048610953,0.285048610953,0.285048610953,0.0650415324201,0.0141708909201,0.0596311906089,0.378644488905,0.310088025712
 02/14  04:00:00,0.805625054845,10.6377568643,0.0,10.2950512269,0.0,0.283456577249,0.283456577249,0.283456577249,0.0650415324201,0.0141708909201,0.0525294584498,0.373314595806,0.316992581442
 02/14  05:00:00,0.802015269956,10.7052366702,0.0,10.293245496,0.0,0.283406859544,0.283406859544,0.283406859544,0.0650415324201,0.0141708909201,0.06307140009,0.359212586982,0.387249432516
 02/14  06:00:00,0.863447910905,11.005547888,0.0,10.2845993508,0.0,0.283168802768,0.283168802768,0.283168802768,0.070954396724,0.0154591552211,0.0759011793751,0.400852376818,0.693338741912
 02/14  07:00:00,1.07409893605,12.1401755007,0.0,10.8429075526,0.0,0.298540861482,0.298540861482,0.298540861482,0.135995937503,0.0296300497838,0.129674584873,0.463145502412,1.26536754477
 02/14  08:00:00,1.35394790294,12.0336982222,0.0,10.5740759916,0.0,0.291139045556,0.291139045556,0.291139045556,0.271991875007,0.0592600995675,0.207318086672,0.492126796137,1.42572566191
 02/14  09:00:00,1.25060811987,10.6246266391,0.0,9.21009327997,0.0,0.253584121121,0.253584121121,0.253584121121,0.242427511691,0.0528187780623,0.268600928953,0.416064780037,1.38587576831
 02/14  10:00:00,1.07240674446,9.53981941642,0.0,8.25273561656,0.0,0.227224919939,0.227224919939,0.227224919939,0.118257286077,0.0257652495955,0.329942516084,0.354104772762,1.26269387267
 02/14  11:00:00,1.0877891819,10.155862297,0.0,9.015909521,0.0,0.248237604386,0.248237604386,0.248237604386,0.0946058622986,0.0206122069615,0.344788777527,0.362432730729,1.11498923815
 02/14  12:00:00,1.05059083915,8.07624501095,0.0,7.07090046747,0.0,0.194685116217,0.194685116217,0.194685116217,0.0946058622986,0.0206122069615,0.361031883506,0.362543770169,0.980373357452
 02/14  13:00:00,1.01613514701,7.28044629395,0.0,6.37826983133,0.0,0.175614719665,0.175614719665,0.175614719665,0.0946058622986,0.0206122069615,0.351753757089,0.356436600993,0.877625924438
 02/14  14:00:00,0.974846566751,6.50721855278,0.0,5.66583150856,0.0,0.155998952437,0.155998952437,0.155998952437,0.0946058622986,0.0206122069615,0.31775556627,0.368761978784,0.815987562198
 02/14  15:00:00,0.969351701938,6.14754490935,0.0,5.36597692029,0.0,0.147742970665,0.147742970665,0.147742970665,0.100518718243,0.02190046762,0.292551191427,0.389526353982,0.754738304347
 02/14  16:00:00,1.02586237781,6.26709632778,0.0,5.47618635465,0.0,0.150777398407,0.150777398407,0.150777398407,0.118257286077,0.0257652495955,0.302771399031,0.411179044697,0.762588900587
 02/14  17:00:00,1.23777397981,6.58878233158,0.0,5.71855935524,0.0,0.157450723255,0.157450723255,0.157450723255,0.183298868653,0.0399361532645,0.353623489359,0.48635274528,0.83672411116
 02/14  18:00:00,1.69016137012,8.48633704511,0.0,7.45198160439,0.0,0.205177531684,0.205177531684,0.205177531684,0.354771941823,0.0772957669992,0.444963271704,0.590840857908,0.993659673226
 02/14  19:00:00,2.00927182909,7.74625161343,0.0,6.5664069174,0.0,0.180794751634,0.180794751634,0.180794751634,0.609025248997,0.132691084591,0.398173901519,0.641474842348,1.13566137545
 02/14  20:00:00,2.13014128905,7.92758794839,0.0,6.72323920435,0.0,0.185112859653,0.185112859653,0.185112859653,0.780498322167,0.170050698326,0.315239230802,0.662128178106,1.15874286891
 02/14  21:00:00,2.05352249249,8.02166285196,0.0,6.90106400576,0.0,0.190008960551,0.190008960551,0.190008960551,0.727282535073,0.158456334187,0.275771399459,0.684891263216,1.07342510181
 02/14  22:00:00,1.87968818831,8.31249296563,0.0,7.2973034088,0.0,0.200918732875,0.200918732875,0.200918732875,0.603112393052,0.131402823933,0.258240654531,0.668901583919,0.969117144989
 02/14  23:00:00,1.56531239926,8.69532604278,0.0,7.85530454458,0.0,0.216282337054,0.216282337054,0.216282337054,0.449377887715,0.0979079739608,0.205783602099,0.578848598435,0.800151730122
 02/14  24:00:00,1.26774882701,9.01026937308,0.0,8.3585555115,0.0,0.230138489242,0.230138489242,0.230138489242,0.313381950212,0.068277924177,0.135829802162,0.503008661214,0.617067774997
 02/15  01:00:00,0.956949686375,9.28018281354,0.0,8.82789886064,0.0,0.243061053333,0.243061053333,0.243061053333,0.159647361282,0.0347830924178,0.0862813993051,0.416064780037,0.423626362066
 02/15  02:00:00,0.839419341751,9.50921123354,0.0,9.14712483062,0.0,0.251850392873,0.251850392873,0.251850392873,0.0946058622986,0.0206122069615,0.07215281313,0.383086066488,0.335700310484
 02/15  03:00:00,0.776613603087,9.12696834582,0.0,8.78985207078,0.0,0.242013500233,0.242013500233,0.242013500233,0.0650415324201,0.0141708909201,0.0596311906089,0.378644488905,0.311036108319
 02/15  04:00:00,0.767646046269,9.25921927784,0.0,8.91566591639,0.0,0.245477568673,0.245477568673,0.245477568673,0.0650415324201,0.0141708909201,0.0525294584498,0.373314595806,0.317840305577
 02/15  05:00:00,0.763930101724,9.32318615644,0.0,8.91000450105,0.0,0.245321691312,0.245321691312,0.245321691312,0.0650415324201,0.0141708909201,0.06307140009,0.359212586982,0.388439913645
 02/15  06:00:00,0.821294540063,9.47548318383,0.0,8.7536025526,0.0,0.241015431925,0.241015431925,0.241015431925,0.070954396724,0.0154591552211,0.0759011793751,0.400852376818,0.694270835957
 02/15  07:00:00,1.03183488285,10.6059729874,0.0,9.30789080695,0.0,0.256276808282,0.256276808282,0.256276808282,0.135995937503,0.0296300497838,0.129674584873,0.463145502412,1.26618177709
 02/15  08:00:00,1.31458366298,10.6048305993,0.0,9.14437952516,0.0,0.251774805596,0.251774805596,0.251774805596,0.271991875007,0.0592600995675,0.207318086672,0.492126796137,1.42655450558
 02/15  09:00:00,1.21290197362,9.25586327096,0.0,7.84061824117,0.0,0.21587797488,0.21587797488,0.21587797488,0.242427511691,0.0528187780623,0.268600928953,0.416064780037,1.38658743896
 02/15  10:00:00,1.0457085573,8.57051988798,0.0,7.28306609218,0.0,0.200526732782,0.200526732782,0.200526732782,0.118257286077,0.0257652495955,0.329942516084,0.354104772762,1.26306386862
 02/15  11:00:00,1.05092959468,8.81711324808,0.0,7.67718123215,0.0,0.211378017167,0.211378017167,0.211378017167,0.0946058622986,0.0206122069615,0.344788777527,0.362432730729,1.11496847804
 02/15  12:00:00,1.02873813184,7.28294326845,0.0,6.27721720426,0.0,0.172832408906,0.172832408906,0.172832408906,0.0946058622986,0.0206122069615,0.361031883506,0.362543770169,0.98075487816
 02/15  13:00:00,0.999046492741,6.65980619474,0.0,5.75761543419,0.0,0.158526065399,0.158526065399,0.158526065399,0.0946058622986,0.0206122069615,0.351753757089,0.356436600993,0.877640222374
 02/15  14:00:00,0.973135233022,6.44423517275,0.0,5.60367642088,0.0,0.154287618707,0.154287618707,0.154287618707,0.0946058622986,0.0206122069615,0.31775556627,0.368761978784,0.815159269851
 02/15  15:00:00,0.971741456205,6.23389389431,0.0,5.45277202252,0.0,0.150132724933,0.150132724933,0.150132724933,0.100518718243,0.02190046762,0.292551191427,0.389526353982,0.754292187077
 02/15  16:00:00,1.01690910605,5.94108056572,0.0,5.15100641937,0.0,0.141824126645,0.141824126645,0.141824126645,0.118257286077,0.0257652495955,0.302771399031,0.411179044697,0.761753073795
 02/15  17:00:00,1.22079114813,5.97139748577,0.0,5.10174840004,0.0,0.140467891571,0.140467891571,0.140467891571,0.183298868653,0.0399361532645,0.353623489359,0.48635274528,0.836150220548
 02/15  18:00:00,1.64683907507,6.91250471873,0.0,5.87852985707,0.0,0.161855236638,0.161855236638,0.161855236638,0.354771941823,0.0772957669992,0.444963271704,0.590840857908,0.993279094165
 02/15  19:00:00,1.96055761899,5.97757624996,0.0,4.79712255884,0.0,0.132080541534,0.132080541534,0.132080541534,0.609025248997,0.132691084591,0.398173901519,0.641474842348,1.13627037055
 02/15  20:00:00,2.07550653361,5.94426324911,0.0,4.73892255352,0.0,0.130478104213,0.130478104213,0.130478104213,0.780498322167,0.170050698326,0.315239230802,0.662128178106,1.15973482046
 02/15  21:00:00,1.9935361275,5.84425516265,0.0,4.72237862674,0.0,0.130022595566,0.130022595566,0.130022595566,0.727282535073,0.158456334187,0.275771399459,0.684891263216,1.07470279151
 02/15  22:00:00,1.81328969433,5.90243213125,0.0,4.88573157823,0.0,0.134520238899,0.134520238899,0.134520238899,0.603112393052,0.131402823933,0.258240654531,0.668901583919,0.970628141188
 02/15  23:00:00,1.49434365153,6.11958391325,0.0,5.27774257537,0.0,0.14531358932,0.14531358932,0.14531358932,0.449377887715,0.0979079739608,0.205783602099,0.578848598435,0.801971569793
 02/15  24:00:00,1.19772167245,6.46890563234,0.0,5.81519190195,0.0,0.160111334683,0.160111334683,0.160111334683,0.313381950212,0.068277924177,0.135829802162,0.503008661214,0.619067643802
 02/16  01:00:00,0.883406760686,6.61179535079,0.0,6.15684358051,0.0,0.169518127644,0.169518127644,0.169518127644,0.159647361282,0.0347830924178,0.0862813993051,0.416064780037,0.426294179452
 02/16  02:00:00,0.764341235877,6.7849705529,0.0,6.4203123026,0.0,0.176772287,0.176772287,0.176772287,0.0946058622986,0.0206122069615,0.07215281313,0.383086066488,0.338272157862
 02/16  03:00:00,0.71832367344,7.01231888081,0.0,6.67278067467,0.0,0.183723570585,0.183723570585,0.183723570585,0.0650415324201,0.0141708909201,0.0596311906089,0.378644488905,0.313458039407
 02/16  04:00:00,0.711655784971,7.22802115674,0.0,6.88211773111,0.0,0.189487307375,0.189487307375,0.189487307375,0.0650415324201,0.0141708909201,0.0525294584498,0.373314595806,0.32019036976
 02/16  05:00:00,0.716014505478,7.58477105582,0.0,7.16972553942,0.0,0.197406095066,0.197406095066,0.197406095066,0.0650415324201,0.0141708909201,0.06307140009,0.359212586982,0.390303774655
 02/16  06:00:00,0.781103355482,8.01749892451,0.0,7.29387172485,0.0,0.200824247344,0.200824247344,0.200824247344,0.070954396724,0.0154591552211,0.0759011793751,0.400852376818,0.69601740438
 02/16  07:00:00,0.97272141229,8.46065705014,0.0,7.16090867106,0.0,0.197163337719,0.197163337719,0.197163337719,0.135995937503,0.0296300497838,0.129674584873,0.463145502412,1.26784797574
 02/16  08:00:00,1.27272480894,9.08601425766,0.0,7.62407948204,0.0,0.209915951559,0.209915951559,0.209915951559,0.271991875007,0.0592600995675,0.207318086672,0.492126796137,1.42803820702
 02/16  09:00:00,1.19422154918,8.57947623514,0.0,7.16215126605,0.0,0.197197550441,0.197197550441,0.197197550441,0.242427511691,0.0528187780623,0.268600928953,0.416064780037,1.38866737826
 02/16  10:00:00,1.04746276921,8.63569855004,0.0,7.34677850156,0.0,0.202280944694,0.202280944694,0.202280944694,0.118257286077,0.0257652495955,0.329942516084,0.354104772762,1.26453012129
 02/16  11:00:00,1.03872194373,8.37504873114,0.0,7.23380329716,0.0,0.199170366218,0.199170366218,0.199170366218,0.0946058622986,0.0206122069615,0.344788777527,0.362432730729,1.11628189609
 02/16  12:00:00,1.0379132167,7.61796001354,0.0,6.61045331958,0.0,0.182007493768,0.182007493768,0.182007493768,0.0946058622986,0.0206122069615,0.361031883506,0.362543770169,0.982535507921
 02/16  13:00:00,1.01245245594,7.14787609681,0.0,6.24451568262,0.0,0.171932028598,0.171932028598,0.171932028598,0.0946058622986,0.0206122069615,0.351753757089,0.356436600993,0.87880987601
 02/16  14:00:00,0.972330745939,6.416257472,0.0,5.57445771019,0.0,0.153483131625,0.153483131625,0.153483131625,0.0946058622986,0.0206122069615,0.31775556627,0.368761978784,0.816400279788
 02/16  15:00:00,0.969703002641,6.1604814047,0.0,5.37873604822,0.0,0.148094271368,0.148094271368,0.148094271368,0.100518718243,0.02190046762,0.292551191427,0.389526353982,0.754915671762
 02/16  16:00:00,1.02721746222,6.31688833244,0.0,5.5254025825,0.0,0.152132482824,0.152132482824,0.152132482824,0.118257286077,0.0257652495955,0.302771399031,0.411179044697,0.763164677392
 02/16  17:00:00,1.24041951864,6.68513561192,0.0,5.8146444702,0.0,0.160096262088,0.160096262088,0.160096262088,0.183298868653,0.0399361532645,0.353623489359,0.48635274528,0.836992276542
 02/16  18:00:00,1.68007858382,8.12020249379,0.0,7.0857780663,0.0,0.195094745382,0.195094745382,0.195094745382,0.354771941823,0.0772957669992,0.444963271704,0.590840857908,0.993728659997
 02/16  19:00:00,1.99674789441,7.2917754935,0.0,6.1115416598,0.0,0.16827081696,0.16827081696,0.16827081696,0.609025248997,0.132691084591,0.398173901519,0.641474842348,1.13605051311
 02/16  20:00:00,2.11291599861,7.30261330451,0.0,6.0976222253,0.0,0.167887569206,0.167887569206,0.167887569206,0.780498322167,0.170050698326,0.315239230802,0.662128178106,1.15938520407
 02/16  21:00:00,2.04107920525,7.57054477214,0.0,6.44912783704,0.0,0.177565673315,0.177565673315,0.177565673315,0.727282535073,0.158456334187,0.275771399459,0.684891263216,1.07424319071
 02/16  22:00:00,1.86857399614,7.90975564502,0.0,6.89363954303,0.0,0.189804540704,0.189804540704,0.189804540704,0.603112393052,0.131402823933,0.258240654531,0.668901583919,0.970043690155
 02/16  23:00:00,1.55656387722,8.37853963739,0.0,7.53756105275,0.0,0.207533815007,0.207533815007,0.207533815007,0.449377887715,0.0979079739608,0.205783602099,0.578848598435,0.801108816562
 02/16  24:00:00,1.25956290679,8.71365826515,0.0,8.06124553629,0.0,0.221952569027,0.221952569027,0.221952569027,0.313381950212,0.068277924177,0.135829802162,0.503008661214,0.617766642267
 02/17  01:00:00,0.952734879313,9.12820882145,0.0,8.67481843105,0.0,0.238846246271,0.238846246271,0.238846246271,0.159647361282,0.0347830924178,0.0862813993051,0.416064780037,0.424732799563
 02/17  02:00:00,0.835341230239,9.36226008018,0.0,8.9990091392,0.0,0.247772281361,0.247772281361,0.247772281361,0.0946058622986,0.0206122069615,0.07215281313,0.383086066488,0.33686484854
 02/17  03:00:00,0.787990744963,9.54120688805,0.0,9.20306618478,0.0,0.253390642108,0.253390642108,0.253390642108,0.0650415324201,0.0141708909201,0.0596311906089,0.378644488905,0.312060536536
 02/17  04:00:00,0.776664029375,9.58732546365,0.0,9.24319614674,0.0,0.254495551779,0.254495551779,0.254495551779,0.0650415324201,0.0141708909201,0.0525294584498,0.373314595806,0.318416261035
 02/17  05:00:00,0.767257889901,9.44414334208,0.0,9.03086869154,0.0,0.248649479489,0.248649479489,0.248649479489,0.0650415324201,0.0141708909201,0.06307140009,0.359212586982,0.38853290879
 02/17  06:00:00,0.824312975897,9.58537088527,0.0,8.86323116605,0.0,0.24403386776,0.24403386776,0.24403386776,0.070954396724,0.0154591552211,0.0759011793751,0.400852376818,0.694529923948
 02/17  07:00:00,1.02570312507,10.3836420518,0.0,9.0851873471,0.0,0.250145050501,0.250145050501,0.250145050501,0.135995937503,0.0296300497838,0.129674584873,0.463145502412,1.26655430133
 02/17  08:00:00,1.29133011206,9.76028034274,0.0,8.29981807489,0.0,0.228521254672,0.228521254672,0.228521254672,0.271991875007,0.0592600995675,0.207318086672,0.492126796137,1.42656569925
 02/17  09:00:00,1.20351261636,8.91589498622,0.0,7.4995998216,0.0,0.206488617619,0.206488617619,0.206488617619,0.242427511691,0.0528187780623,0.268600928953,0.416064780037,1.38763757379
 02/17  10:00:00,1.02502784225,7.82038990464,0.0,6.53194920869,0.0,0.179846017727,0.179846017727,0.179846017727,0.118257286077,0.0257652495955,0.329942516084,0.354104772762,1.26405076876
 02/17  11:00:00,1.02537949573,7.89051958777,0.0,6.74920990019,0.0,0.185827918217,0.185827918217,0.185827918217,0.0946058622986,0.0206122069615,0.344788777527,0.362432730729,1.11634614969
 02/17  12:00:00,0.99060909351,5.89968964095,0.0,4.8923828615,0.0,0.134703370575,0.134703370575,0.134703370575,0.0946058622986,0.0206122069615,0.361031883506,0.362543770169,0.982335593414
 02/17  13:00:00,0.953400456807,5.00405885694,0.0,4.0997661692,0.0,0.112880029465,0.112880029465,0.112880029465,0.0946058622986,0.0206122069615,0.351753757089,0.356436600993,0.879742149558
 02/17  14:00:00,0.918019111783,4.44485891653,0.0,3.60187671987,0.0,0.0991714974681,0.0991714974681,0.0991714974681,0.0946058622986,0.0206122069615,0.31775556627,0.368761978784,0.817582714633
 02/17  15:00:00,0.913027814048,4.10353092486,0.0,3.32031152505,0.0,0.0914190827753,0.0914190827753,0.0914190827753,0.100518718243,0.02190046762,0.292551191427,0.389526353982,0.756389715093
 02/17  16:00:00,0.970322688522,4.25167741985,0.0,3.45900279916,0.0,0.0952377091218,0.0952377091218,0.0952377091218,0.118257286077,0.0257652495955,0.302771399031,0.411179044697,0.764353548139
 02/17  17:00:00,1.17749161547,4.40118515336,0.0,3.52912337527,0.0,0.0971683589125,0.0971683589125,0.0971683589125,0.183298868653,0.0399361532645,0.353623489359,0.48635274528,0.83856291291
 02/17  18:00:00,1.61583047755,5.78864182728,0.0,4.75230762203,0.0,0.130846639116,0.130846639116,0.130846639116,0.354771941823,0.0772957669992,0.444963271704,0.590840857908,0.995638437757
 02/17  19:00:00,1.94134753946,5.2818189632,0.0,4.09941868225,0.0,0.112870462008,0.112870462008,0.112870462008,0.609025248997,0.132691084591,0.398173901519,0.641474842348,1.13821696037
 02/17  20:00:00,2.06440766729,5.54267031688,0.0,4.33581531748,0.0,0.119379237887,0.119379237887,0.119379237887,0.780498322167,0.170050698326,0.315239230802,0.662128178106,1.16124912426
 02/17  21:00:00,1.99383634239,5.85662031505,0.0,4.73328233444,0.0,0.130322810455,0.130322810455,0.130322810455,0.727282535073,0.158456334187,0.275771399459,0.684891263216,1.07616423622
 02/17  22:00:00,1.82569035572,6.35391557257,0.0,5.3361195899,0.0,0.146920900285,0.146920900285,0.146920900285,0.603112393052,0.131402823933,0.258240654531,0.668901583919,0.971723570829
 02/17  23:00:00,1.50790935148,6.61280291191,0.0,5.7704444111,0.0,0.158879289274,0.158879289274,0.158879289274,0.449377887715,0.0979079739608,0.205783602099,0.578848598435,0.802488732735
 02/17  24:00:00,1.21420235104,7.06756985189,0.0,6.41376481915,0.0,0.176592013273,0.176592013273,0.176592013273,0.313381950212,0.068277924177,0.135829802162,0.503008661214,0.619158946148
 02/18  01:00:00,0.910100534863,7.35968791067,0.0,6.88759878324,0.0,0.189638218745,0.189638218745,0.189638218745,0.159647361282,0.0347830924178,0.0928550823819,0.416064780037,0.4434315366
 02/18  02:00:00,0.796316496747,7.81206027114,0.0,7.43828879975,0.0,0.204800523794,0.204800523794,0.204800523794,0.0946058622986,0.0206122069615,0.0760998372053,0.383086066488,0.347385378951
 02/18  03:00:00,0.743309159033,7.83166444114,0.0,7.48540609679,0.0,0.206097817752,0.206097817752,0.206097817752,0.0650415324201,0.0141708909201,0.0622424290361,0.378644488905,0.32017817762
 02/18  04:00:00,0.730000857039,7.85116630009,0.0,7.49881377851,0.0,0.206466975271,0.206466975271,0.206466975271,0.0650415324201,0.0141708909201,0.0538948626218,0.373314595806,0.3266394657
 02/18  05:00:00,0.730930697984,8.04373813266,0.0,7.61446131971,0.0,0.209651131956,0.209651131956,0.209651131956,0.0650415324201,0.0141708909201,0.0657425557055,0.359212586982,0.404535071199
 02/18  06:00:00,0.793847298808,8.37322420854,0.0,7.60793707506,0.0,0.209471498071,0.209471498071,0.209471498071,0.070954396724,0.0154591552211,0.0799978719753,0.400852376818,0.737677338207
 02/18  07:00:00,0.992227945495,8.87877224716,0.0,7.48346448156,0.0,0.206044358706,0.206044358706,0.206044358706,0.135995937503,0.0296300497838,0.14030009709,0.463145502412,1.36340736225
 02/18  08:00:00,1.29961258379,9.41101930912,0.0,7.83206094805,0.0,0.215642364491,0.215642364491,0.215642364491,0.271991875007,0.0592600995675,0.228479448591,0.492126796137,1.54506179247
 02/18  09:00:00,1.22148620599,8.514297209,0.0,6.97428250542,0.0,0.192024906353,0.192024906353,0.192024906353,0.242427511691,0.0528187780623,0.301038229845,0.416064780037,1.51135711276
 02/18  10:00:00,1.05783966414,7.4910056733,0.0,6.08815048776,0.0,0.167626781159,0.167626781159,0.167626781159,0.118257286077,0.0257652495955,0.37497357455,0.354104772762,1.37846525836
 02/18  11:00:00,1.07117170231,7.80338381585,0.0,6.56310705228,0.0,0.180703895507,0.180703895507,0.180703895507,0.0946058622986,0.0206122069615,0.395705006816,0.362432730729,1.21531322568
 02/18  12:00:00,1.04034286564,5.88187828945,0.0,4.79232261043,0.0,0.131948383187,0.131948383187,0.131948383187,0.0946058622986,0.0206122069615,0.413520643025,0.362543770169,1.06458449298
 02/18  13:00:00,0.996802813694,4.91521281501,0.0,3.93966361553,0.0,0.108471880261,0.108471880261,0.108471880261,0.0946058622986,0.0206122069615,0.39956426318,0.356436600993,0.950998661297
 02/18  14:00:00,0.956540750844,4.32335502572,0.0,3.41786694793,0.0,0.094105104015,0.094105104015,0.094105104015,0.0946058622986,0.0206122069615,0.361343598785,0.368761978784,0.880088595771
 02/18  15:00:00,0.947850262187,4.00361644729,0.0,3.16402345154,0.0,0.0871159587396,0.0871159587396,0.0871159587396,0.100518718243,0.02190046762,0.331676763602,0.389526353982,0.812763311031
 02/18  16:00:00,1.00138661716,4.08967573303,0.0,3.24126473185,0.0,0.0892426649072,0.0892426649072,0.0892426649072,0.118257286077,0.0257652495955,0.339830371887,0.411179044697,0.820089928629
 02/18  17:00:00,1.21186978628,4.4132587866,0.0,3.47320020994,0.0,0.0956286104758,0.0956286104758,0.0956286104758,0.183298868653,0.0399361532645,0.389541408607,0.48635274528,0.906559711476
 02/18  18:00:00,1.65377588712,5.96409670881,0.0,4.84650195363,0.0,0.133440118473,0.133440118473,0.133440118473,0.354771941823,0.0772957669992,0.48031520192,0.590840857908,1.07689898768
 02/18  19:00:00,1.97490062743,5.35844844282,0.0,4.0719164216,0.0,0.112113234433,0.112113234433,0.112113234433,0.609025248997,0.132691084591,0.432484217059,0.641474842348,1.24234870064
 02/18  20:00:00,2.10286830089,5.81226501445,0.0,4.48893469428,0.0,0.123595117293,0.123595117293,0.123595117293,0.780498322167,0.170050698326,0.349483984996,0.662128178106,1.27772444504
 02/18  21:00:00,2.03657025338,6.25373279113,0.0,5.0194283835,0.0,0.138201351112,0.138201351112,0.138201351112,0.727282535073,0.158456334187,0.310626769787,0.684891263216,1.18713066324
 02/18  22:00:00,1.87018740696,6.76992321826,0.0,5.65900855282,0.0,0.155811094053,0.155811094053,0.155811094053,0.603112393052,0.131402823933,0.293847511999,0.668901583919,1.06484225361
 02/18  23:00:00,1.5533504781,7.3087753188,0.0,6.39325112771,0.0,0.176027203965,0.176027203965,0.176027203965,0.449377887715,0.0979079739608,0.234076814023,0.578848598435,0.87565442301
 02/18  24:00:00,1.24632140207,7.71519625842,0.0,7.01609780745,0.0,0.193176218972,0.193176218972,0.193176218972,0.313381950212,0.068277924177,0.151364647498,0.503008661214,0.664452364375
 02/19  01:00:00,0.934177744266,8.23389642398,0.0,7.76207524312,0.0,0.213715428147,0.213715428147,0.213715428147,0.159647361282,0.0347830924178,0.0928550823819,0.416064780037,0.44316359003
 02/19  02:00:00,0.816067159911,8.52912198689,0.0,8.15562649928,0.0,0.224551186958,0.224551186958,0.224551186958,0.0946058622986,0.0206122069615,0.0760998372053,0.383086066488,0.347109395174
 02/19  03:00:00,0.770085548313,8.8035698714,0.0,8.45791589701,0.0,0.232874207032,0.232874207032,0.232874207032,0.0650415324201,0.0141708909201,0.0622424290361,0.378644488905,0.319573807655
 02/19  04:00:00,0.766177492032,9.16521017377,0.0,8.81273746335,0.0,0.242643610264,0.242643610264,0.242643610264,0.0650415324201,0.0141708909201,0.0538948626218,0.373314595806,0.32675965455
 02/19  05:00:00,0.766549102112,9.33727583711,0.0,8.90811024003,0.0,0.245269536084,0.245269536084,0.245269536084,0.0650415324201,0.0141708909201,0.0657425557055,0.359212586982,0.404423855323
 02/19  06:00:00,0.83342964027,9.81031215674,0.0,9.04555491757,0.0,0.249053839532,0.249053839532,0.249053839532,0.070954396724,0.0154591552211,0.0799978719753,0.400852376818,0.73714744389
 02/19  07:00:00,1.03215540878,10.3282289442,0.0,8.93361703702,0.0,0.245971821989,0.245971821989,0.245971821989,0.135995937503,0.0296300497838,0.14030009709,0.463145502412,1.36271150381
 02/19  08:00:00,1.33977547623,10.8689037046,0.0,9.29076421422,0.0,0.255805256927,0.255805256927,0.255805256927,0.271991875007,0.0592600995675,0.228479448591,0.492126796137,1.54424292177
 02/19  09:00:00,1.26068877063,9.93703546099,0.0,8.39810697667,0.0,0.231227470996,0.231227470996,0.231227470996,0.242427511691,0.0528187780623,0.301038229845,0.416064780037,1.5102708935
 02/19  10:00:00,1.09793050542,8.94589484081,0.0,7.54423687928,0.0,0.20771762244,0.20771762244,0.20771762244,0.118257286077,0.0257652495955,0.37497357455,0.354104772762,1.37726803435
 02/19  11:00:00,1.12184006961,9.64210722432,0.0,8.40336576829,0.0,0.231372262803,0.231372262803,0.231372262803,0.0946058622986,0.0206122069615,0.395705006816,0.362432730729,1.21377791814
 02/19  12:00:00,1.10234219626,8.13174125765,0.0,7.04411825046,0.0,0.193947713809,0.193947713809,0.193947713809,0.0946058622986,0.0206122069615,0.413520643025,0.362543770169,1.06265182115
 02/19  13:00:00,1.07039570577,7.58568850111,0.0,6.61253365884,0.0,0.182064772341,0.182064772341,0.182064772341,0.0946058622986,0.0206122069615,0.39956426318,0.356436600993,0.948604304087
 02/19  14:00:00,1.03178507445,7.05339010762,0.0,6.15071645021,0.0,0.16934942762,0.16934942762,0.16934942762,0.0946058622986,0.0206122069615,0.361343598785,0.368761978784,0.877274175385
 02/19  15:00:00,1.02516673771,6.80888205183,0.0,5.97213284132,0.0,0.16443243426,0.16443243426,0.16443243426,0.100518718243,0.02190046762,0.331676763602,0.389526353982,0.809919525791
 02/19  16:00:00,1.07760348685,6.85501557315,0.0,6.00943679341,0.0,0.165459534596,0.165459534596,0.165459534596,0.118257286077,0.0257652495955,0.339830371887,0.411179044697,0.817257707183
 02/19  17:00:00,1.28919033508,7.21888022808,0.0,6.28145753996,0.0,0.172949159277,0.172949159277,0.172949159277,0.183298868653,0.0399361532645,0.389541408607,0.48635274528,0.903923822934
 02/19  18:00:00,1.7188294167,8.32388071344,0.0,7.20922511202,0.0,0.198493648047,0.198493648047,0.198493648047,0.354771941823,0.0772957669992,0.48031520192,0.590840857908,1.07395983393
 02/19  19:00:00,2.02609573987,7.21564211711,0.0,5.93130635119,0.0,0.163308346881,0.163308346881,0.163308346881,0.609025248997,0.132691084591,0.432484217059,0.641474842348,1.24015244534
 02/19  20:00:00,2.13809543282,7.08849635324,0.0,5.76837273505,0.0,0.158822249227,0.158822249227,0.158822249227,0.780498322167,0.170050698326,0.349483984996,0.662128178106,1.27451774306
 02/19  21:00:00,2.05606106265,6.95927525934,0.0,5.72732827385,0.0,0.157692160389,0.157692160389,0.157692160389,0.727282535073,0.158456334187,0.310626769787,0.684891263216,1.18477324109
 02/19  22:00:00,1.88780183193,7.40801504845,0.0,6.29875877217,0.0,0.17342551903,0.17342551903,0.17342551903,0.603112393052,0.131402823933,0.293847511999,0.668901583919,1.06318386444
 02/19  23:00:00,1.5594763715,7.52988709108,0.0,6.61574159502,0.0,0.182153097362,0.182153097362,0.182153097362,0.449377887715,0.0979079739608,0.234076814023,0.578848598435,0.874275727984
 02/19  24:00:00,1.22603618528,6.97736189254,0.0,6.2793452931,0.0,0.172891002182,0.172891002182,0.172891002182,0.313381950212,0.068277924177,0.151364647498,0.503008661214,0.663370512848
 02/20  01:00:00,0.893378631076,6.97294240301,0.0,6.51901868856,0.0,0.179489998034,0.179489998034,0.179489998034,0.159647361282,0.0347830924178,0.0862813993051,0.416064780037,0.425266123618
 02/20  02:00:00,0.77313969624,7.10441376707,0.0,6.7398695379,0.0,0.185570747362,0.185570747362,0.185570747362,0.0946058622986,0.0206122069615,0.07215281313,0.383086066488,0.338158136728
 02/20  03:00:00,0.723814875076,7.21197811812,0.0,6.87221934246,0.0,0.189214772222,0.189214772222,0.189214772222,0.0650415324201,0.0141708909201,0.0596311906089,0.378644488905,0.31367860893
 02/20  04:00:00,0.71035543477,7.18090251798,0.0,6.83488943229,0.0,0.188186957174,0.188186957174,0.188186957174,0.0650415324201,0.0141708909201,0.0525294584498,0.373314595806,0.320300029811
 02/20  05:00:00,0.705394347325,7.19907937879,0.0,6.78400482943,0.0,0.186785936913,0.186785936913,0.186785936913,0.0650415324201,0.0141708909201,0.06307140009,0.359212586982,0.390332807611
 02/20  06:00:00,0.765796596521,7.46171669052,0.0,6.73793518901,0.0,0.185517488383,0.185517488383,0.185517488383,0.070954396724,0.0154591552211,0.0759011793751,0.400852376818,0.69617170624
 02/20  07:00:00,0.95485318294,7.81173079686,0.0,6.51194035896,0.0,0.179295108369,0.179295108369,0.179295108369,0.135995937503,0.0296300497838,0.129674584873,0.463145502412,1.26789003455
 02/20  08:00:00,1.25228282965,8.34372316318,0.0,6.8816334041,0.0,0.189473972262,0.189473972262,0.189473972262,0.271991875007,0.0592600995675,0.207318086672,0.492126796137,1.42819319047
 02/20  09:00:00,1.17553155171,7.901002889,0.0,6.48333660127,0.0,0.178507552963,0.178507552963,0.178507552963,0.242427511691,0.0528187780623,0.268600928953,0.416064780037,1.3890086969
 02/20  10:00:00,1.0246702759,7.80826577643,0.0,6.51896251468,0.0,0.179488451382,0.179488451382,0.179488451382,0.118257286077,0.0257652495955,0.329942516084,0.354104772762,1.26491333457
 02/20  11:00:00,1.04297025218,8.52957370511,0.0,7.38810048631,0.0,0.203418674668,0.203418674668,0.203418674668,0.0946058622986,0.0206122069615,0.344788777527,0.362432730729,1.11650968092
 02/20  12:00:00,1.02290047109,7.07207299897,0.0,6.06519525353,0.0,0.166994748157,0.166994748157,0.166994748157,0.0946058622986,0.0206122069615,0.361031883506,0.362543770169,0.981906559412
 02/20  13:00:00,0.994650483547,6.50100665983,0.0,5.59795380176,0.0,0.154130056205,0.154130056205,0.154130056205,0.0946058622986,0.0206122069615,0.351753757089,0.356436600993,0.878502319888
 02/20  14:00:00,0.968006757816,6.25896657018,0.0,5.41741185976,0.0,0.149159143502,0.149159143502,0.149159143502,0.0946058622986,0.0206122069615,0.31775556627,0.368761978784,0.816155228392
 02/20  15:00:00,0.962076374309,5.88342169442,0.0,5.10173937337,0.0,0.140467643037,0.140467643037,0.140467643037,0.100518718243,0.02190046762,0.292551191427,0.389526353982,0.754852636328
 02/20  16:00:00,1.01013067621,5.69576625673,0.0,4.90481603961,0.0,0.135045696809,0.135045696809,0.135045696809,0.118257286077,0.0257652495955,0.302771399031,0.411179044697,0.762629144566
 02/20  17:00:00,1.21367485322,5.71365827237,0.0,4.84328687004,0.0,0.133351596661,0.133351596661,0.133351596661,0.183298868653,0.0399361532645,0.353623489359,0.48635274528,0.836872537145
 02/20  18:00:00,1.64132959609,6.71322219808,0.0,5.67842736184,0.0,0.156345757652,0.156345757652,0.156345757652,0.354771941823,0.0772957669992,0.444963271704,0.590840857908,0.994099068746
 02/20  19:00:00,1.95934543741,5.93430925201,0.0,4.75309651578,0.0,0.130868359953,0.130868359953,0.130868359953,0.609025248997,0.132691084591,0.398173901519,0.641474842348,1.13702941565
 02/20  20:00:00,2.07977879144,6.09995169579,0.0,4.89408957641,0.0,0.134750362043,0.134750362043,0.134750362043,0.780498322167,0.170050698326,0.315239230802,0.662128178106,1.16025624425
 02/20  21:00:00,2.00469609113,6.25004187612,0.0,5.1277048972,0.0,0.141182559199,0.141182559199,0.141182559199,0.727282535073,0.158456334187,0.275771399459,0.684891263216,1.07516323452
 02/20  22:00:00,1.82581665425,6.35770847409,0.0,5.34070671169,0.0,0.147047198816,0.147047198816,0.147047198816,0.603112393052,0.131402823933,0.258240654531,0.668901583919,0.970929350566
 02/20  23:00:00,1.50759595472,6.60107111657,0.0,5.75906194184,0.0,0.158565892506,0.158565892506,0.158565892506,0.449377887715,0.0979079739608,0.205783602099,0.578848598435,0.802139406649
 02/20  24:00:00,1.21631972938,7.14451428018,0.0,6.4906673158,0.0,0.178709391614,0.178709391614,0.178709391614,0.313381950212,0.068277924177,0.135829802162,0.503008661214,0.619200877792
 02/21  01:00:00,0.911360910424,7.62676390475,0.0,7.17212925973,0.0,0.197472277382,0.197472277382,0.197472277382,0.159647361282,0.0347830924178,0.0862813993051,0.416064780037,0.425977054187
 02/21  02:00:00,0.799202190724,8.05096788585,0.0,7.68645090998,0.0,0.211633241846,0.211633241846,0.211633241846,0.0946058622986,0.0206122069615,0.07215281313,0.383086066488,0.338130883435
 02/21  03:00:00,0.762179089367,8.60484086215,0.0,8.26559520002,0.0,0.227578986513,0.227578986513,0.227578986513,0.0650415324201,0.0141708909201,0.0596311906089,0.378644488905,0.313165495397
 02/21  04:00:00,0.758648972329,8.93424890798,0.0,8.58889510017,0.0,0.236480494733,0.236480494733,0.236480494733,0.0650415324201,0.0141708909201,0.0525294584498,0.373314595806,0.319640751931
 02/21  05:00:00,0.771636053637,9.60448272092,0.0,9.1898821827,0.0,0.253027643224,0.253027643224,0.253027643224,0.0650415324201,0.0141708909201,0.06307140009,0.359212586982,0.389858796472
 02/21  06:00:00,0.842129813998,10.2331995153,0.0,9.51033296459,0.0,0.26185070586,0.26185070586,0.26185070586,0.070954396724,0.0154591552211,0.0759011793751,0.400852376818,0.69525675542
 02/21  07:00:00,1.07634176441,12.2227732205,0.0,10.9243663532,0.0,0.300783689837,0.300783689837,0.300783689837,0.135995937503,0.0296300497838,0.129674584873,0.463145502412,1.26650646395
 02/21  08:00:00,1.35261564718,11.9854805837,0.0,10.5256888931,0.0,0.289806789793,0.289806789793,0.289806789793,0.271991875007,0.0592600995675,0.207318086672,0.492126796137,1.42589512193
 02/21  09:00:00,1.28140392253,11.7435098061,0.0,10.3285868747,0.0,0.284379923788,0.284379923788,0.284379923788,0.242427511691,0.0528187780623,0.268600928953,0.416064780037,1.38626534061
 02/21  10:00:00,1.12421215416,11.4213043832,0.0,10.1342913453,0.0,0.279030329646,0.279030329646,0.279030329646,0.118257286077,0.0257652495955,0.329942516084,0.354104772762,1.26262311074
 02/21  11:00:00,1.14008356326,12.0542645577,0.0,10.9152245419,0.0,0.300531985741,0.300531985741,0.300531985741,0.0946058622986,0.0206122069615,0.344788777527,0.362432730729,1.11407647791
 02/21  12:00:00,1.09837563141,9.81104605698,0.0,8.80642867052,0.0,0.242469908474,0.242469908474,0.242469908474,0.0946058622986,0.0206122069615,0.361031883506,0.362543770169,0.97964620042
 02/21  13:00:00,1.06726872008,9.13693104599,0.0,8.23542467081,0.0,0.22674829274,0.22674829274,0.22674829274,0.0946058622986,0.0206122069615,0.351753757089,0.356436600993,0.876955836999
 02/21  14:00:00,1.03865385022,8.82322909475,0.0,7.98329141149,0.0,0.219806235909,0.219806235909,0.219806235909,0.0946058622986,0.0206122069615,0.31775556627,0.368761978784,0.814538201227
 02/21  15:00:00,1.03334642322,8.4702838144,0.0,7.69024450374,0.0,0.211737691944,0.211737691944,0.211737691944,0.100518718243,0.02190046762,0.292551191427,0.389526353982,0.753209625944
 02/21  16:00:00,1.09025808797,8.60436660331,0.0,7.81501772456,0.0,0.215173108566,0.215173108566,0.215173108566,0.118257286077,0.0257652495955,0.302771399031,0.411179044697,0.761027806201
 02/21  17:00:00,1.30068062095,8.8719284906,0.0,8.00330821993,0.0,0.220357364396,0.220357364396,0.220357364396,0.183298868653,0.0399361532645,0.353623489359,0.48635274528,0.835121405496
 02/21  18:00:00,1.75318069499,10.7734198739,0.0,9.74082310589,0.0,0.268196856559,0.268196856559,0.268196856559,0.354771941823,0.0772957669992,0.444963271704,0.590840857908,0.991901000539
 02/21  19:00:00,2.06262304265,9.68193435178,0.0,8.50410574213,0.0,0.234145965191,0.234145965191,0.234145965191,0.609025248997,0.132691084591,0.398173901519,0.641474842348,1.13364528906
 02/21  20:00:00,2.17933290689,9.71257313474,0.0,8.50986285764,0.0,0.234304477492,0.234304477492,0.234304477492,0.780498322167,0.170050698326,0.315239230802,0.662128178106,1.15710440196
 02/21  21:00:00,2.10529609822,9.90048799664,0.0,8.78146462444,0.0,0.241782566284,0.241782566284,0.241782566284,0.727282535073,0.158456334187,0.275771399459,0.684891263216,1.07184962781
 02/21  22:00:00,1.93539101096,10.3341437089,0.0,9.32041191518,0.0,0.256621555521,0.256621555521,0.256621555521,0.603112393052,0.131402823933,0.258240654531,0.668901583919,0.967659381845
 02/21  23:00:00,1.6157582277,10.5261019546,0.0,9.68748072125,0.0,0.266728165492,0.266728165492,0.266728165492,0.449377887715,0.0979079739608,0.205783602099,0.578848598435,0.79875146527
 02/21  24:00:00,1.31745954524,10.8144475314,0.0,10.1640327233,0.0,0.279849207477,0.279849207477,0.279849207477,0.313381950212,0.068277924177,0.135829802162,0.503008661214,0.615768721525
 02/22  01:00:00,1.00239879468,10.9301956732,0.0,10.4785957776,0.0,0.288510161633,0.288510161633,0.288510161633,0.159647361282,0.0347830924178,0.0862813993051,0.416064780037,0.422942304693
 02/22  02:00:00,0.884964673832,11.163143331,0.0,10.8013165642,0.0,0.297395724954,0.297395724954,0.297395724954,0.0946058622986,0.0206122069615,0.07215281313,0.383086066488,0.335440674348
 02/22  03:00:00,0.842802196697,11.5308737541,0.0,11.1938003879,0.0,0.308202093843,0.308202093843,0.308202093843,0.0650415324201,0.0141708909201,0.0596311906089,0.378644488905,0.310993199484
 02/22  04:00:00,0.835396457622,11.7196910747,0.0,11.3763389489,0.0,0.313227980026,0.313227980026,0.313227980026,0.0650415324201,0.0141708909201,0.0525294584498,0.373314595806,0.317639069925
 02/22  05:00:00,0.835289065311,11.9141978421,0.0,11.5017389838,0.0,0.316680654899,0.316680654899,0.316680654899,0.0650415324201,0.0141708909201,0.06307140009,0.359212586982,0.387717116573
 02/22  06:00:00,0.895957792667,12.1861819211,0.0,11.465347744,0.0,0.315678684529,0.315678684529,0.315678684529,0.070954396724,0.0154591552211,0.0759011793751,0.400852376818,0.693224381818
 02/22  07:00:00,1.09773984996,12.9976294388,0.0,11.701537901,0.0,0.322181775384,0.322181775384,0.322181775384,0.135995937503,0.0296300497838,0.129674584873,0.463145502412,1.26419113447
 02/22  08:00:00,1.35136877963,11.9381654843,0.0,10.480403067,0.0,0.288559922244,0.288559922244,0.288559922244,0.271991875007,0.0592600995675,0.207318086672,0.492126796137,1.42386584873
 02/22  09:00:00,1.25320838197,10.7182890315,0.0,9.30453395882,0.0,0.256184383227,0.256184383227,0.256184383227,0.242427511691,0.0528187780623,0.268600928953,0.416064780037,1.38509748185
 02/22  10:00:00,1.0692308091,9.42338111888,0.0,8.13738667124,0.0,0.224048984579,0.224048984579,0.224048984579,0.118257286077,0.0257652495955,0.329942516084,0.354104772762,1.26160452046
 02/22  11:00:00,1.06455208274,9.31079659767,0.0,8.17194559347,0.0,0.225000505226,0.225000505226,0.225000505226,0.0946058622986,0.0206122069615,0.344788777527,0.362432730729,1.11388746632
 02/22  12:00:00,1.0393055092,7.66614655399,0.0,6.66102093275,0.0,0.183399786262,0.183399786262,0.183399786262,0.0946058622986,0.0206122069615,0.361031883506,0.362543770169,0.980154435207
 02/22  13:00:00,0.991063990065,6.36929465406,0.0,5.46769351823,0.0,0.150543562723,0.150543562723,0.150543562723,0.0946058622986,0.0206122069615,0.351753757089,0.356436600993,0.87705059765
 02/22  14:00:00,0.95100520957,5.64104687217,0.0,4.79992112509,0.0,0.132157595255,0.132157595255,0.132157595255,0.0946058622986,0.0206122069615,0.31775556627,0.368761978784,0.815726265057
 02/22  15:00:00,0.947828104153,5.36557361686,0.0,4.58424680864,0.0,0.126219372881,0.126219372881,0.126219372881,0.100518718243,0.02190046762,0.292551191427,0.389526353982,0.754497123511
 02/22  16:00:00,1.00351281618,5.45512753543,0.0,4.66445750324,0.0,0.128427836778,0.128427836778,0.128427836778,0.118257286077,0.0257652495955,0.302771399031,0.411179044697,0.762348959646
 02/22  17:00:00,1.21304678026,5.69056007931,0.0,4.82047546331,0.0,0.132723523703,0.132723523703,0.132723523703,0.183298868653,0.0399361532645,0.353623489359,0.48635274528,0.836585750811
 02/22  18:00:00,1.64521358556,6.85359880689,0.0,5.81949260374,0.0,0.16022974713,0.16022974713,0.16022974713,0.354771941823,0.0772957669992,0.444963271704,0.590840857908,0.993410435657
 02/22  19:00:00,1.9668641899,6.20634309232,0.0,5.02617517503,0.0,0.138387112445,0.138387112445,0.138387112445,0.609025248997,0.132691084591,0.398173901519,0.641474842348,1.1359845967
 02/22  20:00:00,2.08029719714,6.11747926177,0.0,4.91291790373,0.0,0.135268767741,0.135268767741,0.135268767741,0.780498322167,0.170050698326,0.315239230802,0.662128178106,1.15895548291
 02/22  21:00:00,2.00634589229,6.30884117706,0.0,5.18762514154,0.0,0.14283236035,0.14283236035,0.14283236035,0.727282535073,0.158456334187,0.275771399459,0.684891263216,1.07404229113
 02/22  22:00:00,1.82751327542,6.41845682972,0.0,5.40232744391,0.0,0.148743819984,0.148743819984,0.148743819984,0.603112393052,0.131402823933,0.258240654531,0.668901583919,0.97005697397
 02/22  23:00:00,1.50662843045,6.56493544588,0.0,5.72392177342,0.0,0.157598368242,0.157598368242,0.157598368242,0.449377887715,0.0979079739608,0.205783602099,0.578848598435,0.801143904373
 02/22  24:00:00,1.20353579077,6.67935217081,0.0,6.02635879943,0.0,0.165925453007,0.165925453007,0.165925453007,0.313381950212,0.068277924177,0.135829802162,0.503008661214,0.618347284782
 02/23  01:00:00,0.890637819908,6.87376059755,0.0,6.41947331321,0.0,0.176749186866,0.176749186866,0.176749186866,0.159647361282,0.0347830924178,0.0862813993051,0.416064780037,0.425629693506
 02/23  02:00:00,0.768559611887,6.93784733503,0.0,6.5735223552,0.0,0.180990663009,0.180990663009,0.180990663009,0.0946058622986,0.0206122069615,0.07215281313,0.383086066488,0.337938887394
 02/23  03:00:00,0.715429190787,6.9068892822,0.0,6.5676540007,0.0,0.180829087933,0.180829087933,0.180829087933,0.0650415324201,0.0141708909201,0.0596311906089,0.378644488905,0.313155114772
 02/23  04:00:00,0.705084786496,6.98897496828,0.0,6.64346119128,0.0,0.1829163089,0.1829163089,0.1829163089,0.0650415324201,0.0141708909201,0.0525294584498,0.373314595806,0.319800721129
 02/23  05:00:00,0.699888986939,6.99885580944,0.0,6.58405192044,0.0,0.181280576527,0.181280576527,0.181280576527,0.0650415324201,0.0141708909201,0.06307140009,0.359212586982,0.390062147249
 02/23  06:00:00,0.760298913458,7.26136743164,0.0,6.5382611179,0.0,0.180019805321,0.180019805321,0.180019805321,0.070954396724,0.0154591552211,0.0759011793751,0.400852376818,0.695496518459
 02/23  07:00:00,0.961453919778,8.05040252879,0.0,6.7516769865,0.0,0.185895845207,0.185895845207,0.185895845207,0.135995937503,0.0296300497838,0.129674584873,0.463145502412,1.26682513894
 02/23  08:00:00,1.22361007711,7.30093608583,0.0,5.84024830357,0.0,0.160801219724,0.160801219724,0.160801219724,0.271991875007,0.0592600995675,0.207318086672,0.492126796137,1.42679121366
 02/23  09:00:00,1.13946270717,6.58977925958,0.0,5.17332783078,0.0,0.142438708422,0.142438708422,0.142438708422,0.242427511691,0.0528187780623,0.268600928953,0.416064780037,1.38779383797
 02/23  10:00:00,0.981108329708,6.22583116099,0.0,4.93680671519,0.0,0.13592650519,0.13592650519,0.13592650519,0.118257286077,0.0257652495955,0.329942516084,0.354104772762,1.26463451861
 02/23  11:00:00,0.994312522273,6.76261835682,0.0,5.62086746994,0.0,0.154760944757,0.154760944757,0.154760944757,0.0946058622986,0.0206122069615,0.344788777527,0.362432730729,1.11678734898
 02/23  12:00:00,1.019160422,6.93774841435,0.0,5.92935787995,0.0,0.163254699067,0.163254699067,0.163254699067,0.0946058622986,0.0206122069615,0.361031883506,0.362543770169,0.983419348367
 02/23  13:00:00,0.985929225764,6.1843208385,0.0,5.28120053918,0.0,0.145408798422,0.145408798422,0.145408798422,0.0946058622986,0.0206122069615,0.351753757089,0.356436600993,0.878569761142
 02/23  14:00:00,0.966949401511,6.22078675473,0.0,5.37900902068,0.0,0.148101787197,0.148101787197,0.148101787197,0.0946058622986,0.0206122069615,0.31775556627,0.368761978784,0.816378252022
 02/23  15:00:00,0.974535366321,6.33611500824,0.0,5.55424593448,0.0,0.152926635048,0.152926635048,0.152926635048,0.100518718243,0.02190046762,0.292551191427,0.389526353982,0.755039389041
 02/23  16:00:00,1.02966744217,6.4050995996,0.0,5.61438506194,0.0,0.154582462771,0.154582462771,0.154582462771,0.118257286077,0.0257652495955,0.302771399031,0.411179044697,0.762393465111
 02/23  17:00:00,1.23347780263,6.43215045096,0.0,5.56252358929,0.0,0.153154546075,0.153154546075,0.153154546075,0.183298868653,0.0399361532645,0.353623489359,0.48635274528,0.836127996486
 02/23  18:00:00,1.66642334073,7.62337400551,0.0,6.58982405283,0.0,0.181439502292,0.181439502292,0.181439502292,0.354771941823,0.0772957669992,0.444963271704,0.590840857908,0.992854185185
 02/23  19:00:00,1.98348553228,6.80955209091,0.0,5.62985695567,0.0,0.155008454827,0.155008454827,0.155008454827,0.609025248997,0.132691084591,0.398173901519,0.641474842348,1.13551181465
 02/23  20:00:00,2.09772305384,6.74981578576,0.0,5.54581938414,0.0,0.152694624438,0.152694624438,0.152694624438,0.780498322167,0.170050698326,0.315239230802,0.662128178106,1.15839052649
 02/23  21:00:00,2.01652355698,6.67829113208,0.0,5.5572746323,0.0,0.153010025048,0.153010025048,0.153010025048,0.727282535073,0.158456334187,0.275771399459,0.684891263216,1.07384275538
 02/23  22:00:00,1.8381053308,6.80286256617,0.0,5.78702747022,0.0,0.159335875363,0.159335875363,0.159335875363,0.603112393052,0.131402823933,0.258240654531,0.668901583919,0.969762684119
 02/23  23:00:00,1.51766070187,6.96573704239,0.0,6.12461030391,0.0,0.16863063966,0.16863063966,0.16863063966,0.449377887715,0.0979079739608,0.205783602099,0.578848598435,0.801256970403
 02/23  24:00:00,1.21806349599,7.20691703866,0.0,6.55400035512,0.0,0.180453158221,0.180453158221,0.180453158221,0.313381950212,0.068277924177,0.135829802162,0.503008661214,0.618270596942
 02/24  01:00:00,0.915393575365,7.77303947571,0.0,7.31859434636,0.0,0.201504942323,0.201504942323,0.201504942323,0.159647361282,0.0347830924178,0.0862813993051,0.416064780037,0.425787538514
 02/24  02:00:00,0.798123781186,8.0118052815,0.0,7.64728342426,0.0,0.210554832308,0.210554832308,0.210554832308,0.0946058622986,0.0206122069615,0.07215281313,0.383086066488,0.3381357648
 02/24  03:00:00,0.749397921952,8.14033375844,0.0,7.80138733246,0.0,0.214797819098,0.214797819098,0.214797819098,0.0650415324201,0.0141708909201,0.0596311906089,0.378644488905,0.312866259259
 02/24  04:00:00,0.743750589457,8.39332973522,0.0,8.04779065184,0.0,0.221582111861,0.221582111861,0.221582111861,0.0650415324201,0.0141708909201,0.0525294584498,0.373314595806,0.31982602751
 02/24  05:00:00,0.747405325208,8.72449589811,0.0,8.30982996146,0.0,0.228796914796,0.228796914796,0.228796914796,0.0650415324201,0.0141708909201,0.06307140009,0.359212586982,0.389924194902
 02/24  06:00:00,0.811507206617,9.1208384694,0.0,8.39812976666,0.0,0.231228098479,0.231228098479,0.231228098479,0.070954396724,0.0154591552211,0.0759011793751,0.400852376818,0.695098907465
 02/24  07:00:00,1.02412898691,10.3258292659,0.0,9.02801515823,0.0,0.248570912343,0.248570912343,0.248570912343,0.135995937503,0.0296300497838,0.129674584873,0.463145502412,1.26591370432
 02/24  08:00:00,1.31179912411,10.5030504271,0.0,9.04324597399,0.0,0.248990266731,0.248990266731,0.248990266731,0.271991875007,0.0592600995675,0.207318086672,0.492126796137,1.42590788452
 02/24  09:00:00,1.23184701264,9.94340894779,0.0,8.52869593228,0.0,0.2348230139,0.2348230139,0.2348230139,0.242427511691,0.0528187780623,0.268600928953,0.416064780037,1.38605542467
 02/24  10:00:00,1.05814128986,9.02123103504,0.0,7.73461891842,0.0,0.21295946534,0.21295946534,0.21295946534,0.118257286077,0.0257652495955,0.329942516084,0.354104772762,1.26222218944
 02/24  11:00:00,1.06224502167,9.22766831352,0.0,8.08815388121,0.0,0.22269344415,0.22269344415,0.22269344415,0.0946058622986,0.0206122069615,0.344788777527,0.362432730729,1.11455089442
 02/24  12:00:00,1.02852510466,7.27517681145,0.0,6.26948012575,0.0,0.172619381721,0.172619381721,0.172619381721,0.0946058622986,0.0206122069615,0.361031883506,0.362543770169,0.980725499667
 02/24  13:00:00,0.990349321747,6.34439271254,0.0,5.441736996,0.0,0.149828894405,0.149828894405,0.149828894405,0.0946058622986,0.0206122069615,0.351753757089,0.356436600993,0.878105178353
 02/24  14:00:00,0.964285813466,6.12382962254,0.0,5.28226836418,0.0,0.145438199152,0.145438199152,0.145438199152,0.0946058622986,0.0206122069615,0.31775556627,0.368761978784,0.816161776328
 02/24  15:00:00,0.975313379737,6.36473430684,0.0,5.58250313019,0.0,0.153704648465,0.153704648465,0.153704648465,0.100518718243,0.02190046762,0.292551191427,0.389526353982,0.755401491938
 02/24  16:00:00,1.03049147177,6.43531299764,0.0,5.64431355041,0.0,0.155406492367,0.155406492367,0.155406492367,0.118257286077,0.0257652495955,0.302771399031,0.411179044697,0.762678374683
 02/24  17:00:00,1.24277862134,6.77020513727,0.0,5.90032631735,0.0,0.162455364786,0.162455364786,0.162455364786,0.183298868653,0.0399361532645,0.353623489359,0.48635274528,0.836379954743
 02/24  18:00:00,1.68933140359,8.45543971077,0.0,7.42183748834,0.0,0.204347565152,0.204347565152,0.204347565152,0.354771941823,0.0772957669992,0.444963271704,0.590840857908,0.99290645494
 02/24  19:00:00,2.00369575456,7.54277509377,0.0,6.36388569372,0.0,0.175218677108,0.175218677108,0.175218677108,0.609025248997,0.132691084591,0.398173901519,0.641474842348,1.13470607947
 02/24  20:00:00,2.12216982022,7.63721589336,0.0,6.43371803385,0.0,0.177141390816,0.177141390816,0.177141390816,0.780498322167,0.170050698326,0.315239230802,0.662128178106,1.15789198438
 02/24  21:00:00,2.04879944738,7.84964015809,0.0,6.72952453486,0.0,0.185285915448,0.185285915448,0.185285915448,0.727282535073,0.158456334187,0.275771399459,0.684891263216,1.07294187884
 02/24  22:00:00,1.87721246114,8.22237464598,0.0,7.20738579864,0.0,0.198443005708,0.198443005708,0.198443005708,0.603112393052,0.131402823933,0.258240654531,0.668901583919,0.968916435509
 02/24  23:00:00,1.5614278931,8.55434196706,0.0,7.71422053693,0.0,0.212397830894,0.212397830894,0.212397830894,0.449377887715,0.0979079739608,0.205783602099,0.578848598435,0.80025166205
 02/24  24:00:00,1.26404303262,8.87568140115,0.0,8.22396225752,0.0,0.226432694851,0.226432694851,0.226432694851,0.313381950212,0.068277924177,0.135829802162,0.503008661214,0.617073057041
 02/25  01:00:00,0.96481820686,9.34503473533,0.0,8.87492693662,0.0,0.244355890742,0.244355890742,0.244355890742,0.159647361282,0.0347830924178,0.0928550823819,0.416064780037,0.441450207874
 02/25  02:00:00,0.843308993808,9.51742671248,0.0,9.14504109747,0.0,0.251793020855,0.251793020855,0.251793020855,0.0946058622986,0.0206122069615,0.0760998372053,0.383086066488,0.345999522577
 02/25  03:00:00,0.795000891477,9.70755548783,0.0,9.36283310406,0.0,0.257789550195,0.257789550195,0.257789550195,0.0650415324201,0.0141708909201,0.0622424290361,0.378644488905,0.318642217045
 02/25  04:00:00,0.787764441201,9.94840363242,0.0,9.59676847679,0.0,0.264230559432,0.264230559432,0.264230559432,0.0650415324201,0.0141708909201,0.0538948626218,0.373314595806,0.325922099752
 02/25  05:00:00,0.791016077082,10.2248802105,0.0,9.79674285928,0.0,0.269736511054,0.269736511054,0.269736511054,0.0650415324201,0.0141708909201,0.0657425557055,0.359212586982,0.403395609453
 02/25  06:00:00,0.854209394857,10.563535806,0.0,9.80026888479,0.0,0.269833594119,0.269833594119,0.269833594119,0.070954396724,0.0154591552211,0.0799978719753,0.400852376818,0.735657125931
 02/25  07:00:00,1.05115435367,11.0154642886,0.0,9.62365257215,0.0,0.264970766886,0.264970766886,0.264970766886,0.135995937503,0.0296300497838,0.14030009709,0.463145502412,1.35991131306
 02/25  08:00:00,1.36244540352,11.6890830332,0.0,10.1141286429,0.0,0.278475184221,0.278475184221,0.278475184221,0.271991875007,0.0592600995675,0.228479448591,0.492126796137,1.54105782169
 02/25  09:00:00,1.28653870043,10.8729616443,0.0,9.33696806802,0.0,0.257077400792,0.257077400792,0.257077400792,0.242427511691,0.0528187780623,0.301038229845,0.416064780037,1.5073359854
 02/25  10:00:00,1.15729311874,11.099384912,0.0,9.70026779951,0.0,0.267080235759,0.267080235759,0.267080235759,0.118257286077,0.0257652495955,0.37497357455,0.354104772762,1.37472718532
 02/25  11:00:00,1.19210176442,12.1910535085,0.0,10.955247804,0.0,0.301633957616,0.301633957616,0.301633957616,0.0946058622986,0.0206122069615,0.395705006816,0.362432730729,1.21084216655
 02/25  12:00:00,1.16111809388,10.263680443,0.0,9.1788398462,0.0,0.252723611429,0.252723611429,0.252723611429,0.0946058622986,0.0206122069615,0.413520643025,0.362543770169,1.05986941081
 02/25  13:00:00,1.12914523687,9.71696997815,0.0,8.74629763097,0.0,0.240814303438,0.240814303438,0.240814303438,0.0946058622986,0.0206122069615,0.39956426318,0.356436600993,0.946121809002
 02/25  14:00:00,1.09388777001,9.30599982182,0.0,8.40626627146,0.0,0.231452123183,0.231452123183,0.231452123183,0.0946058622986,0.0206122069615,0.361343598785,0.368761978784,0.874334068333
 02/25  15:00:00,1.08748050438,9.06928381483,0.0,8.23534869721,0.0,0.226746200937,0.226746200937,0.226746200937,0.100518718243,0.02190046762,0.331676763602,0.389526353982,0.807105432902
 02/25  16:00:00,1.13687101357,9.00483855075,0.0,8.16201419889,0.0,0.224727061311,0.224727061311,0.224727061311,0.118257286077,0.0257652495955,0.339830371887,0.411179044697,0.814503279304
 02/25  17:00:00,1.34086593028,9.09247317087,0.0,8.15829844783,0.0,0.224624754479,0.224624754479,0.224624754479,0.183298868653,0.0399361532645,0.389541408607,0.48635274528,0.900675857858
 02/25  18:00:00,1.77865245874,10.4932683041,0.0,9.38197865456,0.0,0.258316690089,0.258316690089,0.258316690089,0.354771941823,0.0772957669992,0.48031520192,0.590840857908,1.07059388204
 02/25  19:00:00,2.08636388435,9.40073973638,0.0,8.12022587014,0.0,0.223576491355,0.223576491355,0.223576491355,0.609025248997,0.132691084591,0.432484217059,0.641474842348,1.23633054566
 02/25  20:00:00,2.1978088143,9.2543078595,0.0,7.93714344127,0.0,0.218535630703,0.218535630703,0.218535630703,0.780498322167,0.170050698326,0.349483984996,0.662128178106,1.2715585431
 02/25  21:00:00,2.12400759468,9.42396973,0.0,8.19512434592,0.0,0.225638692418,0.225638692418,0.225638692418,0.727282535073,0.158456334187,0.310626769787,0.684891263216,1.18167163969
 02/25  22:00:00,1.94986614007,9.65896925273,0.0,8.55291437452,0.0,0.235489827167,0.235489827167,0.235489827167,0.603112393052,0.131402823933,0.293847511999,0.668901583919,1.05998246637
 02/25  23:00:00,1.62557249965,9.92765012792,0.0,9.01633159659,0.0,0.248249225513,0.248249225513,0.248249225513,0.449377887715,0.0979079739608,0.234076814023,0.578848598435,0.871448763254
 02/25  24:00:00,1.32149158146,10.4422562165,0.0,9.74625441576,0.0,0.268346398361,0.268346398361,0.268346398361,0.313381950212,0.068277924177,0.151364647498,0.503008661214,0.661355714108
 02/26  01:00:00,1.0068489033,10.8705343796,0.0,10.4014682404,0.0,0.286386587186,0.286386587186,0.286386587186,0.159647361282,0.0347830924178,0.0928550823819,0.416064780037,0.440408548333
 02/26  02:00:00,0.874642105197,10.6542068643,0.0,10.2830495712,0.0,0.283126132244,0.283126132244,0.283126132244,0.0946058622986,0.0206122069615,0.0760998372053,0.383086066488,0.344771200656
 02/26  03:00:00,0.824734103107,10.7861840716,0.0,10.4427337359,0.0,0.287522761825,0.287522761825,0.287522761825,0.0650415324201,0.0141708909201,0.0622424290361,0.378644488905,0.317370168977
 02/26  04:00:00,0.817677412026,11.0338764329,0.0,10.6831979045,0.0,0.294143530258,0.294143530258,0.294143530258,0.0650415324201,0.0141708909201,0.0538948626218,0.373314595806,0.324965472508
 02/26  05:00:00,0.824281138551,11.4321125055,0.0,11.0049191352,0.0,0.303001572524,0.303001572524,0.303001572524,0.0650415324201,0.0141708909201,0.0657425557055,0.359212586982,0.402451628527
 02/26  06:00:00,0.891474771666,11.9157825176,0.0,11.1537353203,0.0,0.307098970928,0.307098970928,0.307098970928,0.070954396724,0.0154591552211,0.0799978719753,0.400852376818,0.734437402001
 02/26  07:00:00,1.10978139222,13.143352707,0.0,11.7529676543,0.0,0.323597805429,0.323597805429,0.323597805429,0.135995937503,0.0296300497838,0.14030009709,0.463145502412,1.35848464929
 02/26  08:00:00,1.37281898598,12.0637506273,0.0,10.4908938032,0.0,0.288848766673,0.288848766673,0.288848766673,0.271991875007,0.0592600995675,0.228479448591,0.492126796137,1.53896025545
 02/26  09:00:00,1.28877738336,10.9529113648,0.0,9.41827630809,0.0,0.259316083721,0.259316083721,0.259316083721,0.242427511691,0.0528187780623,0.301038229845,0.416064780037,1.50597746587
 02/26  10:00:00,1.1173955967,9.64945564078,0.0,8.25120270028,0.0,0.227182713718,0.227182713718,0.227182713718,0.118257286077,0.0257652495955,0.37497357455,0.354104772762,1.37386301332
 02/26  11:00:00,1.13173518724,9.99859577092,0.0,8.76275324098,0.0,0.241267380435,0.241267380435,0.241267380435,0.0946058622986,0.0206122069615,0.395705006816,0.362432730729,1.21087899205
 02/26  12:00:00,1.09862547489,7.99449524123,0.0,6.90912813192,0.0,0.190230992433,0.190230992433,0.190230992433,0.0946058622986,0.0206122069615,0.413520643025,0.362543770169,1.06039592329
 02/26  13:00:00,1.05510571975,7.0288929128,0.0,6.05720631051,0.0,0.166774786314,0.166774786314,0.166774786314,0.0946058622986,0.0206122069615,0.39956426318,0.356436600993,0.947136064109
 02/26  14:00:00,1.02352443606,6.75175200416,0.0,5.85069273493,0.0,0.161088789227,0.161088789227,0.161088789227,0.0946058622986,0.0206122069615,0.361343598785,0.368761978784,0.875659787214
 02/26  15:00:00,1.02936583722,6.96111480322,0.0,6.12464277762,0.0,0.168631533768,0.168631533768,0.168631533768,0.100518718243,0.02190046762,0.331676763602,0.389526353982,0.809642340887
 02/26  16:00:00,1.08752425088,7.21451163869,0.0,6.3697557351,0.0,0.175380298629,0.175380298629,0.175380298629,0.118257286077,0.0257652495955,0.339830371887,0.411179044697,0.816434831042
 02/26  17:00:00,1.29491391856,7.42493290262,0.0,6.48933624103,0.0,0.178672742753,0.178672742753,0.178672742753,0.183298868653,0.0399361532645,0.389541408607,0.48635274528,0.902097796407
 02/26  18:00:00,1.73975217636,9.08157381756,0.0,7.96913297725,0.0,0.219416407707,0.219416407707,0.219416407707,0.354771941823,0.0772957669992,0.48031520192,0.590840857908,1.07174507282
 02/26  19:00:00,2.05825472727,8.38029783245,0.0,7.09931037439,0.0,0.195467334275,0.195467334275,0.195467334275,0.609025248997,0.132691084591,0.432484217059,0.641474842348,1.23680413748
 02/26  20:00:00,2.17078091349,8.27294324105,0.0,6.95549882355,0.0,0.191507729891,0.191507729891,0.191507729891,0.780498322167,0.170050698326,0.349483984996,0.662128178106,1.27183854237
 02/26  21:00:00,2.09235677468,8.27439189691,0.0,7.0455767982,0.0,0.193987872419,0.193987872419,0.193987872419,0.727282535073,0.158456334187,0.310626769787,0.684891263216,1.18164135431
 02/26  22:00:00,1.91757122434,8.4863825664,0.0,7.3799734781,0.0,0.203194911436,0.203194911436,0.203194911436,0.603112393052,0.131402823933,0.293847511999,0.668901583919,1.06033667646
 02/26  23:00:00,1.58890106145,8.59622827577,0.0,7.68443681954,0.0,0.211577787321,0.211577787321,0.211577787321,0.449377887715,0.0979079739608,0.234076814023,0.578848598435,0.871921688152
 02/26  24:00:00,1.27524364483,8.76306157412,0.0,8.06654431206,0.0,0.222098461729,0.222098461729,0.222098461729,0.313381950212,0.068277924177,0.151364647498,0.503008661214,0.661871175475
 02/27  01:00:00,0.947937369657,8.95338816061,0.0,8.50057443168,0.0,0.234048736615,0.234048736615,0.234048736615,0.159647361282,0.0347830924178,0.0862813993051,0.416064780037,0.424156138098
 02/27  02:00:00,0.827918490642,9.09247965835,0.0,8.72941763727,0.0,0.240349541764,0.240349541764,0.240349541764,0.0946058622986,0.0206122069615,0.07215281313,0.383086066488,0.336675928638
 02/27  03:00:00,0.779253481,9.22373878868,0.0,8.88573158296,0.0,0.244653378146,0.244653378146,0.244653378146,0.0650415324201,0.0141708909201,0.0596311906089,0.378644488905,0.311927038989
 02/27  04:00:00,0.768900077695,9.30550243337,0.0,8.96121193227,0.0,0.246731600099,0.246731600099,0.246731600099,0.0650415324201,0.0141708909201,0.0525294584498,0.373314595806,0.318577445219
 02/27  05:00:00,0.764615151647,9.34821701331,0.0,8.93488529272,0.0,0.246006741235,0.246006741235,0.246006741235,0.0650415324201,0.0141708909201,0.06307140009,0.359212586982,0.388589978842
 02/27  06:00:00,0.8246061183,9.59496797567,0.0,8.87387800333,0.0,0.244327010162,0.244327010162,0.244327010162,0.070954396724,0.0154591552211,0.0759011793751,0.400852376818,0.693480177065
 02/27  07:00:00,1.01374464703,9.94624409057,0.0,8.65085929159,0.0,0.238186572461,0.238186572461,0.238186572461,0.135995937503,0.0296300497838,0.129674584873,0.463145502412,1.26348439563
 02/27  08:00:00,1.29479093772,9.88271309064,0.0,8.42551414387,0.0,0.231982080335,0.231982080335,0.231982080335,0.271991875007,0.0592600995675,0.207318086672,0.492126796137,1.42330237817
 02/27  09:00:00,1.22202432,9.58484187345,0.0,8.17193891181,0.0,0.225000321258,0.225000321258,0.225000321258,0.242427511691,0.0528187780623,0.268600928953,0.416064780037,1.38424537081
 02/27  10:00:00,1.0654605282,9.28546921482,0.0,8.00045128824,0.0,0.220278703682,0.220278703682,0.220278703682,0.118257286077,0.0257652495955,0.329942516084,0.354104772762,1.2606279994
 02/27  11:00:00,1.08794639803,10.1593565929,0.0,9.02161955983,0.0,0.248394820511,0.248394820511,0.248394820511,0.0946058622986,0.0206122069615,0.344788777527,0.362432730729,1.11277349519
 02/27  12:00:00,1.06528677135,8.6080952309,0.0,7.60465197278,0.0,0.209381048414,0.209381048414,0.209381048414,0.0946058622986,0.0206122069615,0.361031883506,0.362543770169,0.978472072085
 02/27  13:00:00,1.03227260582,7.86450905076,0.0,6.96437711726,0.0,0.19175217848,0.19175217848,0.19175217848,0.0946058622986,0.0206122069615,0.351753757089,0.356436600993,0.875581395322
 02/27  14:00:00,0.998685911212,7.3705862228,0.0,6.53166879066,0.0,0.179838296897,0.179838296897,0.179838296897,0.0946058622986,0.0206122069615,0.31775556627,0.368761978784,0.813517950107
 02/27  15:00:00,0.996902509915,7.14579246783,0.0,6.36661335716,0.0,0.175293778642,0.175293778642,0.175293778642,0.100518718243,0.02190046762,0.292551191427,0.389526353982,0.752349425955
 02/27  16:00:00,1.04985211133,7.13643366668,0.0,6.34748571869,0.0,0.174767131925,0.174767131925,0.174767131925,0.118257286077,0.0257652495955,0.302771399031,0.411179044697,0.760626875444
 02/27  17:00:00,1.25291913369,7.13648060286,0.0,6.2686264467,0.0,0.172595877132,0.172595877132,0.172595877132,0.183298868653,0.0399361532645,0.353623489359,0.48635274528,0.834355290979
 02/27  18:00:00,1.69389245032,8.61912368224,0.0,7.58749323081,0.0,0.208908611885,0.208908611885,0.208908611885,0.354771941823,0.0772957669992,0.444963271704,0.590840857908,0.990934683933
 02/27  19:00:00,2.00748046527,7.67841040156,0.0,6.50134516275,0.0,0.179003387815,0.179003387815,0.179003387815,0.609025248997,0.132691084591,0.398173901519,0.641474842348,1.13288191823
 02/27  20:00:00,2.11872575535,7.51013335263,0.0,6.30863071135,0.0,0.173697325943,0.173697325943,0.173697325943,0.780498322167,0.170050698326,0.315239230802,0.662128178106,1.15589676614
 02/27  21:00:00,2.04221606108,7.60929110257,0.0,6.49041807331,0.0,0.178702529149,0.178702529149,0.178702529149,0.727282535073,0.158456334187,0.275771399459,0.684891263216,1.07169928486
 02/27  22:00:00,1.86531303423,7.78895438101,0.0,6.7752024611,0.0,0.186543578799,0.186543578799,0.186543578799,0.603112393052,0.131402823933,0.258240654531,0.668901583919,0.967679508066
 02/27  23:00:00,1.5480422305,8.06720176427,0.0,7.22805759966,0.0,0.199012168293,0.199012168293,0.199012168293,0.449377887715,0.0979079739608,0.205783602099,0.578848598435,0.799274396525
 02/27  24:00:00,1.24914771805,8.33437526573,0.0,7.68296924899,0.0,0.211537380283,0.211537380283,0.211537380283,0.313381950212,0.068277924177,0.135829802162,0.503008661214,0.616759930154
 02/28  01:00:00,0.93785707546,8.58767019359,0.0,8.13446140602,0.0,0.223968442418,0.223968442418,0.223968442418,0.159647361282,0.0347830924178,0.0862813993051,0.416064780037,0.424551196737
 02/28  02:00:00,0.819021700558,8.76924502747,0.0,8.4062890983,0.0,0.231452751681,0.231452751681,0.231452751681,0.0946058622986,0.0206122069615,0.07215281313,0.383086066488,0.336569836735
 02/28  03:00:00,0.77133151599,8.93618279321,0.0,8.59800837544,0.0,0.236731413136,0.236731413136,0.236731413136,0.0650415324201,0.0141708909201,0.0596311906089,0.378644488905,0.312094251042
 02/28  04:00:00,0.761009504974,9.01932224243,0.0,8.67462888253,0.0,0.238841027377,0.238841027377,0.238841027377,0.0650415324201,0.0141708909201,0.0525294584498,0.373314595806,0.318980304029
 02/28  05:00:00,0.761668417326,9.24145185451,0.0,8.82786085503,0.0,0.243060006913,0.243060006913,0.243060006913,0.0650415324201,0.0141708909201,0.06307140009,0.359212586982,0.388849257733
 02/28  06:00:00,0.827812190239,9.71150117743,0.0,8.99032149942,0.0,0.247533082101,0.247533082101,0.247533082101,0.070954396724,0.0154591552211,0.0759011793751,0.400852376818,0.693569882733
 02/28  07:00:00,1.01930327738,10.1478434352,0.0,8.85274694828,0.0,0.243745202806,0.243745202806,0.243745202806,0.135995937503,0.0296300497838,0.129674584873,0.463145502412,1.26319608358
 02/28  08:00:00,1.31750350186,10.7070394114,0.0,9.25042712929,0.0,0.254694644481,0.254694644481,0.254694644481,0.271991875007,0.0592600995675,0.207318086672,0.492126796137,1.42271571346
 02/28  09:00:00,1.23505284151,10.0570602911,0.0,8.64513059992,0.0,0.238028842762,0.238028842762,0.238028842762,0.242427511691,0.0528187780623,0.268600928953,0.416064780037,1.38327210034
 02/28  10:00:00,1.06448567915,9.24929573379,0.0,7.96504508584,0.0,0.219303854629,0.219303854629,0.219303854629,0.118257286077,0.0257652495955,0.329942516084,0.354104772762,1.25986072076
 02/28  11:00:00,1.06897611167,9.46988460454,0.0,8.33262489341,0.0,0.229424534149,0.229424534149,0.229424534149,0.0946058622986,0.0206122069615,0.344788777527,0.362432730729,1.11229617324
 02/28  12:00:00,1.02691274809,7.21450757519,0.0,6.21091985679,0.0,0.171007025158,0.171007025158,0.171007025158,0.0946058622986,0.0206122069615,0.361031883506,0.362543770169,0.978616532366
 02/28  13:00:00,0.982549555228,6.05949585485,0.0,5.15845199819,0.0,0.142029127887,0.142029127887,0.142029127887,0.0946058622986,0.0206122069615,0.351753757089,0.356436600993,0.876493318473
 02/28  14:00:00,0.941315399659,5.28883261056,0.0,4.44799036244,0.0,0.122467785345,0.122467785345,0.122467785345,0.0946058622986,0.0206122069615,0.31775556627,0.368761978784,0.8154427661
 02/28  15:00:00,0.938898534917,5.04101551337,0.0,4.25992774143,0.0,0.117289803644,0.117289803644,0.117289803644,0.100518718243,0.02190046762,0.292551191427,0.389526353982,0.754258087222
 02/28  16:00:00,0.993247647379,5.08232844806,0.0,4.29162989181,0.0,0.118162667979,0.118162667979,0.118162667979,0.118257286077,0.0257652495955,0.302771399031,0.411179044697,0.762377483696
 02/28  17:00:00,1.20303118269,5.32636432401,0.0,4.45671219834,0.0,0.122707926136,0.122707926136,0.122707926136,0.183298868653,0.0399361532645,0.353623489359,0.48635274528,0.836153260489
 02/28  18:00:00,1.65057263122,7.04739717011,0.0,6.01413140915,0.0,0.165588792788,0.165588792788,0.165588792788,0.354771941823,0.0772957669992,0.444963271704,0.590840857908,0.99256999347
 02/28  19:00:00,1.97830371466,6.62022552943,0.0,5.44165501522,0.0,0.149826637205,0.149826637205,0.149826637205,0.609025248997,0.132691084591,0.398173901519,0.641474842348,1.13438719363
 02/28  20:00:00,2.09963531875,6.81797411429,0.0,5.61527222731,0.0,0.154606889348,0.154606889348,0.154606889348,0.780498322167,0.170050698326,0.315239230802,0.662128178106,1.15709601185
 02/28  21:00:00,2.02887475914,7.12513034381,0.0,6.00586630066,0.0,0.165361227203,0.165361227203,0.165361227203,0.727282535073,0.158456334187,0.275771399459,0.684891263216,1.07209029876
 02/28  22:00:00,1.86534919265,7.79083809273,0.0,6.77651572322,0.0,0.186579737219,0.186579737219,0.186579737219,0.603112393052,0.131402823933,0.258240654531,0.668901583919,0.968249957666
 02/28  23:00:00,1.56179581632,8.56716032661,0.0,7.72758338904,0.0,0.212765754106,0.212765754106,0.212765754106,0.449377887715,0.0979079739608,0.205783602099,0.578848598435,0.799707169487
 02/28  24:00:00,1.27805640026,9.38445475781,0.0,8.7329232389,0.0,0.240446062493,0.240446062493,0.240446062493,0.313381950212,0.068277924177,0.135829802162,0.503008661214,0.616885432317
 03/01  01:00:00,0.943882364784,10.2882394871,0.0,9.83910247251,0.0,0.270902810348,0.270902810348,0.270902810348,0.159755196045,0.0348065868652,0.0982793958339,0.363026375692,0.424132587813
 03/01  02:00:00,0.848521214531,11.1740644431,0.0,10.8148179447,0.0,0.297767462307,0.297767462307,0.297767462307,0.0948546345905,0.0206664081055,0.0838690425574,0.33425166697,0.336224007746
 03/01  03:00:00,0.821104486111,12.0651132384,0.0,11.7309434595,0.0,0.322991407001,0.322991407001,0.322991407001,0.0649005530955,0.0141401751172,0.0715840655737,0.330376285324,0.311414215654
 03/01  04:00:00,0.833587926581,12.9648211266,0.0,12.6246203189,0.0,0.347597266471,0.347597266471,0.347597266471,0.0649005530955,0.0141401751172,0.064112104549,0.325725827349,0.317765557354
 03/01  05:00:00,0.844786351464,13.5296890509,0.0,13.1208454867,0.0,0.361259975331,0.361259975331,0.361259975331,0.0649005530955,0.0141401751172,0.0739521572983,0.313421490622,0.387255808488
 03/01  06:00:00,0.906790899621,14.1005974287,0.0,13.3851325654,0.0,0.368536666732,0.368536666732,0.368536666732,0.0698929014045,0.0152278824365,0.0862682554934,0.349753193554,0.69137466297
 03/01  07:00:00,1.08698473279,15.5821971485,0.0,14.2939084654,0.0,0.393558252387,0.393558252387,0.393558252387,0.109831712955,0.0239295318847,0.138447814423,0.40410542114,1.26045482553
 03/01  08:00:00,1.30466894132,15.681906907,0.0,14.2326604421,0.0,0.391871893119,0.391871893119,0.391871893119,0.194701684364,0.0424205362792,0.214170541178,0.42939228638,1.41967090587
 03/01  09:00:00,1.19093071334,14.0107091681,0.0,12.606283553,0.0,0.347092395075,0.347092395075,0.347092395075,0.154762864455,0.0337188850097,0.275218193109,0.363026375692,1.37942118822
 03/01  10:00:00,1.07437105207,12.7032516238,0.0,11.4253269609,0.0,0.314576780911,0.314576780911,0.314576780911,0.0798775980226,0.0174032934326,0.336436577975,0.30896480173,1.25664387376
 03/01  11:00:00,1.10406443891,13.4814936218,0.0,12.3501187406,0.0,0.340039336344,0.340039336344,0.340039336344,0.0649005530955,0.0141401751172,0.351641232033,0.316231142316,1.1095936031
 03/01  12:00:00,1.05185562016,10.8948788947,0.0,9.89781446821,0.0,0.272519344446,0.272519344446,0.272519344446,0.0649005530955,0.0141401751172,0.366855520645,0.316328026857,0.975276475187
 03/01  13:00:00,1.01903103212,10.1446060113,0.0,9.24995446034,0.0,0.254681630352,0.254681630352,0.254681630352,0.0649005530955,0.0141401751172,0.357197296466,0.310999377094,0.873230624853
 03/01  14:00:00,0.992654937156,9.91343317975,0.0,9.08012213196,0.0,0.25000558849,0.25000558849,0.25000558849,0.0649005530955,0.0141401751172,0.324743059292,0.321753561161,0.811149398106
 03/01  15:00:00,0.988154781313,9.94322685568,0.0,9.1695334167,0.0,0.252467374855,0.252467374855,0.252467374855,0.0649005530955,0.0141401751172,0.299663707888,0.339870970357,0.750283903572
 03/01  16:00:00,1.029743912,10.0240809299,0.0,9.24163906,0.0,0.254452680066,0.254452680066,0.254452680066,0.0748852497136,0.0163155879346,0.308214938409,0.358763455881,0.757731063267
 03/01  17:00:00,1.19304052423,10.1971307367,0.0,9.33649800935,0.0,0.257064458533,0.257064458533,0.257064458533,0.114824044545,0.0250172337403,0.354668497169,0.42435429024,0.831404174022
 03/01  18:00:00,1.56050984508,12.2541883592,0.0,11.2310343159,0.0,0.309227266186,0.309227266186,0.309227266186,0.22964808909,0.0500344674805,0.438965378865,0.515522643463,0.987646022222
 03/01  19:00:00,1.82902158257,11.4681194116,0.0,10.3004686376,0.0,0.283605736359,0.283605736359,0.283605736359,0.44431918341,0.0968058293945,0.397476839177,0.559701994228,1.12909978021
 03/01  20:00:00,2.00096961079,11.1862769455,0.0,9.9943511652,0.0,0.275177316816,0.275177316816,0.275177316816,0.663982525726,0.144664874951,0.322310374418,0.577722518882,1.15213357403
 03/01  21:00:00,2.04659078753,11.1498787663,0.0,10.0412323877,0.0,0.276468110865,0.276468110865,0.276468110865,0.713906008817,0.155541929932,0.2859788881,0.597583849817,1.06748616923
 03/01  22:00:00,1.88542230404,11.3683444561,0.0,10.3642133607,0.0,0.285360837973,0.285360837973,0.285360837973,0.599081964271,0.130524696192,0.269710329714,0.583632475892,0.963931824734
 03/01  23:00:00,1.59472067553,11.9954449061,0.0,11.1647116864,0.0,0.30740118634,0.30740118634,0.30740118634,0.449311515,0.09789353125,0.217943329922,0.505059113019,0.795945902689
 03/01  24:00:00,1.31083101756,12.4117884851,0.0,11.7679076584,0.0,0.324009152815,0.324009152815,0.324009152815,0.3145180605,0.068525471875,0.147779360955,0.438886971413,0.613651295486
 03/02  01:00:00,1.01355895002,12.8158842227,0.0,12.3697335175,0.0,0.340579395582,0.340579395582,0.340579395582,0.159755196045,0.0348065868652,0.0982793958339,0.363026375692,0.421146278366
 03/02  02:00:00,0.899421961152,13.0205205529,0.0,12.6635166027,0.0,0.348668208929,0.348668208929,0.348668208929,0.0948546345905,0.0206664081055,0.0838690425574,0.33425166697,0.333981459527
 03/02  03:00:00,0.855654346784,13.3177836135,0.0,12.9857832271,0.0,0.357541267674,0.357541267674,0.357541267674,0.0649005530955,0.0141401751172,0.0715840655737,0.330376285324,0.30924482315
 03/02  04:00:00,0.848918723833,13.5198065481,0.0,13.1814299177,0.0,0.362928063722,0.362928063722,0.362928063722,0.0649005530955,0.0141401751172,0.064112104549,0.325725827349,0.315941380078
 03/02  05:00:00,0.849537179985,13.7007124333,0.0,13.2933940424,0.0,0.366010803852,0.366010803852,0.366010803852,0.0649005530955,0.0141401751172,0.0739521572983,0.313421490622,0.385730635219
 03/02  06:00:00,0.908128170808,14.1478281982,0.0,13.4337018225,0.0,0.369873937919,0.369873937919,0.369873937919,0.0698929014045,0.0152278824365,0.0862682554934,0.349753193554,0.690036175313
 03/02  07:00:00,1.08401439455,15.4727000845,0.0,14.1860267411,0.0,0.390587914148,0.390587914148,0.390587914148,0.109831712955,0.0239295318847,0.138447814423,0.40410542114,1.25883948593
 03/02  08:00:00,1.28150208974,14.8384527661,0.0,13.391247884,0.0,0.368705041542,0.368705041542,0.368705041542,0.194701684364,0.0424205362792,0.214170541178,0.42939228638,1.41762932301
 03/02  09:00:00,1.19891045557,14.2998018249,0.0,12.8961052105,0.0,0.355072137305,0.355072137305,0.355072137305,0.154762864455,0.0337188850097,0.275218193109,0.363026375692,1.37869218763
 03/02  10:00:00,1.08941136077,13.2481167743,0.0,11.9715861093,0.0,0.329617089607,0.329617089607,0.329617089607,0.0798775980226,0.0174032934326,0.336436577975,0.30896480173,1.25524987585
 03/02  11:00:00,1.1106249729,13.7180684129,0.0,12.5883952137,0.0,0.346599870334,0.346599870334,0.346599870334,0.0649005530955,0.0141401751172,0.351641232033,0.316231142316,1.10789192106
 03/02  12:00:00,1.06325099057,11.3076429694,0.0,10.3116906368,0.0,0.283914714859,0.283914714859,0.283914714859,0.0649005530955,0.0141401751172,0.366855520645,0.316328026857,0.974164381292
 03/02  13:00:00,1.01905017796,10.143995472,0.0,9.2506498308,0.0,0.254700776185,0.254700776185,0.254700776185,0.0649005530955,0.0141401751172,0.357197296466,0.310999377094,0.871924715166
 03/02  14:00:00,0.973433022996,9.21466347978,0.0,8.38198842527,0.0,0.23078367433,0.23078367433,0.23078367433,0.0649005530955,0.0141401751172,0.324743059292,0.321753561161,0.810513404827
 03/02  15:00:00,0.959118446969,8.88804913246,0.0,8.11494314254,0.0,0.223431040511,0.223431040511,0.223431040511,0.0649005530955,0.0141401751172,0.299663707888,0.339870970357,0.749696454502
 03/02  16:00:00,0.999765874709,8.93522995766,0.0,8.15284643915,0.0,0.224474642771,0.224474642771,0.224474642771,0.0748852497136,0.0163155879346,0.308214938409,0.358763455881,0.757672711885
 03/02  17:00:00,1.16577181317,9.20681256605,0.0,8.3461072412,0.0,0.229795747471,0.229795747471,0.229795747471,0.114824044545,0.0250172337403,0.354668497169,0.42435429024,0.831476771512
 03/02  18:00:00,1.53392514167,11.2886619944,0.0,10.2654864843,0.0,0.282642562769,0.282642562769,0.282642562769,0.22964808909,0.0500344674805,0.438965378865,0.515522643463,0.987667489062
 03/02  19:00:00,1.80053125619,10.4330814768,0.0,9.26570919625,0.0,0.255115409983,0.255115409983,0.255115409983,0.44431918341,0.0968058293945,0.397476839177,0.559701994228,1.12882128674
 03/02  20:00:00,1.98334455463,10.546067064,0.0,9.3542148248,0.0,0.257552260658,0.257552260658,0.257552260658,0.663982525726,0.144664874951,0.322310374418,0.577722518882,1.15206003288
 03/02  21:00:00,2.0420222978,10.9840228574,0.0,9.87530631804,0.0,0.271899621137,0.271899621137,0.271899621137,0.713906008817,0.155541929932,0.2859788881,0.597583849817,1.06755632997
 03/02  22:00:00,1.8857080435,11.3783539569,0.0,10.3745913256,0.0,0.285646577435,0.285646577435,0.285646577435,0.599081964271,0.130524696192,0.269710329714,0.583632475892,0.9635633607
 03/02  23:00:00,1.59167282621,11.8841815744,0.0,11.0540147847,0.0,0.304353337021,0.304353337021,0.304353337021,0.449311515,0.09789353125,0.217943329922,0.505059113019,0.795379472655
 03/02  24:00:00,1.30340322192,12.1414995336,0.0,11.4981325226,0.0,0.316581357174,0.316581357174,0.316581357174,0.3145180605,0.068525471875,0.147779360955,0.438886971413,0.613137479813
 03/03  01:00:00,1.00788015555,12.6096203959,0.0,12.1634815387,0.0,0.334900601114,0.334900601114,0.334900601114,0.159755196045,0.0348065868652,0.0982793958339,0.363026375692,0.421134430325
 03/03  02:00:00,0.893013726504,12.7871887327,0.0,12.4307715924,0.0,0.342259974281,0.342259974281,0.342259974281,0.0948546345905,0.0206664081055,0.0838690425574,0.33425166697,0.333394649632
 03/03  03:00:00,0.84420397192,12.9017211952,0.0,12.5699093146,0.0,0.346090892809,0.346090892809,0.346090892809,0.0649005530955,0.0141401751172,0.0715840655737,0.330376285324,0.309056317352
 03/03  04:00:00,0.835506648686,13.0324737498,0.0,12.6943076853,0.0,0.349515988576,0.349515988576,0.349515988576,0.0649005530955,0.0141401751172,0.064112104549,0.325725827349,0.31573081415
 03/03  05:00:00,0.831370097389,13.0407105562,0.0,12.633571477,0.0,0.347843721255,0.347843721255,0.347843721255,0.0649005530955,0.0141401751172,0.0739521572983,0.313421490622,0.385551323464
 03/03  06:00:00,0.883393656781,13.2490493078,0.0,12.5353522712,0.0,0.345139423893,0.345139423893,0.345139423893,0.0698929014045,0.0152278824365,0.0862682554934,0.349753193554,0.689606836212
 03/03  07:00:00,1.05315076609,14.3510155549,0.0,13.0650697355,0.0,0.359724285689,0.359724285689,0.359724285689,0.109831712955,0.0239295318847,0.138447814423,0.40410542114,1.25811196191
 03/03  08:00:00,1.2457556266,13.5395901689,0.0,12.0929479017,0.0,0.3329585784,0.3329585784,0.3329585784,0.194701684364,0.0424205362792,0.214170541178,0.42939228638,1.41706670816
 03/03  09:00:00,1.15858792199,12.8347753706,0.0,11.4316038296,0.0,0.314749603725,0.314749603725,0.314749603725,0.154762864455,0.0337188850097,0.275218193109,0.363026375692,1.37816711412
 03/03  10:00:00,1.04427108891,11.6083208341,0.0,10.332106032,0.0,0.28447681775,0.28447681775,0.28447681775,0.0798775980226,0.0174032934326,0.336436577975,0.30896480173,1.25493401284
 03/03  11:00:00,1.0583612803,11.8198658709,0.0,10.6901947987,0.0,0.294336177738,0.294336177738,0.294336177738,0.0649005530955,0.0141401751172,0.351641232033,0.316231142316,1.10788979416
 03/03  12:00:00,1.01218875538,9.4532953416,0.0,8.45712676617,0.0,0.232852479668,0.232852479668,0.232852479668,0.0649005530955,0.0141401751172,0.366855520645,0.316328026857,0.974380624131
 03/03  13:00:00,0.961896515861,8.06850650917,0.0,7.17484730469,0.0,0.197547114088,0.197547114088,0.197547114088,0.0649005530955,0.0141401751172,0.357197296466,0.310999377094,0.872238278401
 03/03  14:00:00,0.91591453978,7.12618931101,0.0,6.29293571409,0.0,0.173265191114,0.173265191114,0.173265191114,0.0649005530955,0.0141401751172,0.324743059292,0.321753561161,0.811091947221
 03/03  15:00:00,0.893951821931,6.52222131173,0.0,5.7481123935,0.0,0.158264415474,0.158264415474,0.158264415474,0.0649005530955,0.0141401751172,0.299663707888,0.339870970357,0.750699382823
 03/03  16:00:00,0.929976138241,6.40106439385,0.0,5.6181057779,0.0,0.154684906303,0.154684906303,0.154684906303,0.0748852497136,0.0163155879346,0.308214938409,0.358763455881,0.758247809321
 03/03  17:00:00,1.08883299789,6.41319716648,0.0,5.55171434933,0.0,0.152856932194,0.152856932194,0.152856932194,0.114824044545,0.0250172337403,0.354668497169,0.42435429024,0.832254263805
 03/03  18:00:00,1.4388447996,7.8364204952,0.0,6.81219920567,0.0,0.187562220703,0.187562220703,0.187562220703,0.22964808909,0.0500344674805,0.438965378865,0.515522643463,0.988713268453
 03/03  19:00:00,1.71129953348,7.19405559818,0.0,6.02484188146,0.0,0.165883687273,0.165883687273,0.165883687273,0.44431918341,0.0968058293945,0.397476839177,0.559701994228,1.13066272296
 03/03  20:00:00,1.89893037071,7.48197185299,0.0,6.28831896078,0.0,0.17313807673,0.17313807673,0.17313807673,0.663982525726,0.144664874951,0.322310374418,0.577722518882,1.15386068592
 03/03  21:00:00,1.94534370045,7.47395064003,0.0,6.36397092409,0.0,0.17522102378,0.17522102378,0.17522102378,0.713906008817,0.155541929932,0.2859788881,0.597583849817,1.06881950658
 03/03  22:00:00,1.79088981757,7.93631689223,0.0,6.93082402005,0.0,0.190828351499,0.190828351499,0.190828351499,0.599081964271,0.130524696192,0.269710329714,0.583632475892,0.965293601559
 03/03  23:00:00,1.48748687484,8.10208013015,0.0,7.27001472063,0.0,0.200167385653,0.200167385653,0.200167385653,0.449311515,0.09789353125,0.217943329922,0.505059113019,0.797278092494
 03/03  24:00:00,1.19793238636,8.31276693536,0.0,7.66746588028,0.0,0.211110521617,0.211110521617,0.211110521617,0.3145180605,0.068525471875,0.147779360955,0.438886971413,0.61507152388
 03/04  01:00:00,0.906067299973,8.69214544549,0.0,8.2269175028,0.0,0.22651406246,0.22651406246,0.22651406246,0.159755196045,0.0348065868652,0.104853078911,0.363026375692,0.440223515897
 03/04  02:00:00,0.791948894937,8.98475574677,0.0,8.6167749522,0.0,0.237248118638,0.237248118638,0.237248118638,0.0948546345905,0.0206664081055,0.0878160666328,0.33425166697,0.344958303929
 03/04  03:00:00,0.747107932489,9.28912058321,0.0,8.94857322424,0.0,0.246383614951,0.246383614951,0.246383614951,0.0649005530955,0.0141401751172,0.074195304001,0.330376285324,0.317791795747
 03/04  04:00:00,0.739507636577,9.50558358044,0.0,9.15806356983,0.0,0.252151572295,0.252151572295,0.252151572295,0.0649005530955,0.0141401751172,0.0654775087209,0.325725827349,0.325084760301
 03/04  05:00:00,0.746504389191,9.87813420142,0.0,9.45426088928,0.0,0.260306857442,0.260306857442,0.260306857442,0.0649005530955,0.0141401751172,0.0766233129137,0.313421490622,0.402285556421
 03/04  06:00:00,0.801981825915,10.1868649701,0.0,9.42971034905,0.0,0.259630900427,0.259630900427,0.259630900427,0.0698929014045,0.0152278824365,0.0903649480936,0.349753193554,0.733064420716
 03/04  07:00:00,0.969156756053,11.010588554,0.0,9.62851928341,0.0,0.265104763433,0.265104763433,0.265104763433,0.109831712955,0.0239295318847,0.149073326641,0.40410542114,1.35423541306
 03/04  08:00:00,1.1734439441,10.2620041777,0.0,8.69803715397,0.0,0.239485533981,0.239485533981,0.239485533981,0.194701684364,0.0424205362792,0.235331903097,0.42939228638,1.53439146472
 03/04  09:00:00,1.09317216053,9.40405606218,0.0,7.87761224694,0.0,0.216896541376,0.216896541376,0.216896541376,0.154762864455,0.0337188850097,0.307655494001,0.363026375692,1.50143938845
 03/04  10:00:00,0.996601907712,8.35606470722,0.0,6.96526330305,0.0,0.191776578086,0.191776578086,0.191776578086,0.0798775980226,0.0174032934326,0.381467636441,0.30896480173,1.36952061499
 03/04  11:00:00,1.01492130014,8.49195976836,0.0,7.26320778276,0.0,0.199979968294,0.199979968294,0.199979968294,0.0649005530955,0.0141401751172,0.402557461323,0.316231142316,1.2069707075
 03/04  12:00:00,0.984484564821,6.62372399966,0.0,5.54454475053,0.0,0.152659529588,0.152659529588,0.152659529588,0.0649005530955,0.0141401751172,0.419344280164,0.316328026857,1.05739129784
 03/04  13:00:00,0.947616865042,5.88581410232,0.0,4.91975288323,0.0,0.135456957178,0.135456957178,0.135456957178,0.0649005530955,0.0141401751172,0.405007802557,0.310999377094,0.944640293015
 03/04  14:00:00,0.901286079184,5.07473306748,0.0,4.17853150926,0.0,0.115048698004,0.115048698004,0.115048698004,0.0649005530955,0.0141401751172,0.368331091807,0.321753561161,0.874039908527
 03/04  15:00:00,0.882887696461,4.75606801659,0.0,3.92523880441,0.0,0.108074717828,0.108074717828,0.108074717828,0.0649005530955,0.0141401751172,0.338789280063,0.339870970357,0.807419676771
 03/04  16:00:00,0.920879389292,4.78144244201,0.0,3.9417448869,0.0,0.108529184498,0.108529184498,0.108529184498,0.0748852497136,0.0163155879346,0.345273911264,0.358763455881,0.814986748482
 03/04  17:00:00,1.08223263967,4.93743467045,0.0,4.00746426044,0.0,0.110338654725,0.110338654725,0.110338654725,0.114824044545,0.0250172337403,0.390586416417,0.42435429024,0.900741856677
 03/04  18:00:00,1.42534904572,6.14359395564,0.0,5.03806711463,0.0,0.138714536604,0.138714536604,0.138714536604,0.22964808909,0.0500344674805,0.47431730908,0.515522643463,1.07001881993
 03/04  19:00:00,1.70015657831,5.64755048058,0.0,4.3739937872,0.0,0.120430416566,0.120430416566,0.120430416566,0.44431918341,0.0968058293945,0.431787154716,0.559701994228,1.23500569962
 03/04  20:00:00,1.88036499647,5.67988358256,0.0,4.37027217303,0.0,0.120327948303,0.120327948303,0.120327948303,0.663982525726,0.144664874951,0.356555128611,0.577722518882,1.26981920323
 03/04  21:00:00,1.93420748102,5.91486810146,0.0,4.69357125626,0.0,0.129229434031,0.129229434031,0.129229434031,0.713906008817,0.155541929932,0.320834258427,0.597583849817,1.18013663583
 03/04  22:00:00,1.77475108257,6.15053855768,0.0,5.05144083427,0.0,0.139082759036,0.139082759036,0.139082759036,0.599081964271,0.130524696192,0.305317187182,0.583632475892,1.05889845279
 03/04  23:00:00,1.46782484717,6.43413632058,0.0,5.52829592515,0.0,0.152212146051,0.152212146051,0.152212146051,0.449311515,0.09789353125,0.246236541847,0.505059113019,0.871053078404
 03/04  24:00:00,1.16706410327,6.67421685484,0.0,5.98211926095,0.0,0.164707393195,0.164707393195,0.164707393195,0.3145180605,0.068525471875,0.16331420629,0.438886971413,0.661868062701
 03/05  01:00:00,0.854940195662,6.83693478235,0.0,6.36999760673,0.0,0.175386958149,0.175386958149,0.175386958149,0.159755196045,0.0348065868652,0.104853078911,0.363026375692,0.44193274883
 03/05  02:00:00,0.739546508552,7.08330996476,0.0,6.71353722358,0.0,0.184845732253,0.184845732253,0.184845732253,0.0948546345905,0.0206664081055,0.0878160666328,0.33425166697,0.346750250539
 03/05  03:00:00,0.688506732345,7.16221208737,0.0,6.82019658433,0.0,0.187782414807,0.187782414807,0.187782414807,0.0649005530955,0.0141401751172,0.074195304001,0.330376285324,0.319259939819
 03/05  04:00:00,0.685569588137,7.54769351884,0.0,7.19905109192,0.0,0.198213523855,0.198213523855,0.198213523855,0.0649005530955,0.0141401751172,0.0654775087209,0.325725827349,0.326207176616
 03/05  05:00:00,0.683670537145,7.59745318401,0.0,7.17215570095,0.0,0.197473005396,0.197473005396,0.197473005396,0.0649005530955,0.0141401751172,0.0766233129137,0.313421490622,0.40370972734
 03/05  06:00:00,0.737333285762,7.83989351799,0.0,7.08169627549,0.0,0.194982360273,0.194982360273,0.194982360273,0.0698929014045,0.0152278824365,0.0903649480936,0.349753193554,0.734107042149
 03/05  07:00:00,0.911073748406,8.90223409755,0.0,7.51896322743,0.0,0.207021755786,0.207021755786,0.207021755786,0.109831712955,0.0239295318847,0.149073326641,0.40410542114,1.35543701258
 03/05  08:00:00,1.11983759984,8.31577883404,0.0,6.75107206458,0.0,0.18587918972,0.18587918972,0.18587918972,0.194701684364,0.0424205362792,0.235331903097,0.42939228638,1.53513121046
 03/05  09:00:00,1.05524984906,8.02752209667,0.0,6.50028615665,0.0,0.178974229898,0.178974229898,0.178974229898,0.154762864455,0.0337188850097,0.307655494001,0.363026375692,1.50223151322
 03/05  10:00:00,0.984937376418,7.93327614793,0.0,6.5416112983,0.0,0.180112046792,0.180112046792,0.180112046792,0.0798775980226,0.0174032934326,0.381467636441,0.30896480173,1.37038406045
 03/05  11:00:00,1.01744896171,8.58408528662,0.0,7.35501163353,0.0,0.202507629861,0.202507629861,0.202507629861,0.0649005530955,0.0141401751172,0.402557461323,0.316231142316,1.20729237498
 03/05  12:00:00,1.00830927584,7.48924940475,0.0,6.40985055079,0.0,0.176484240608,0.176484240608,0.176484240608,0.0649005530955,0.0141401751172,0.419344280164,0.316328026857,1.05761090268
 03/05  13:00:00,0.972733943412,6.79729931203,0.0,5.83199704776,0.0,0.160574035548,0.160574035548,0.160574035548,0.0649005530955,0.0141401751172,0.405007802557,0.310999377094,0.943881338191
 03/05  14:00:00,0.938515651996,6.42577152346,0.0,5.53069755519,0.0,0.152278270815,0.152278270815,0.152278270815,0.0649005530955,0.0141401751172,0.368331091807,0.321753561161,0.872912318582
 03/05  15:00:00,0.915803573908,5.95049333229,0.0,5.12073282956,0.0,0.140990595275,0.140990595275,0.140990595275,0.0649005530955,0.0141401751172,0.338789280063,0.339870970357,0.806350967315
 03/05  16:00:00,0.946501518276,5.7106528486,0.0,4.87233232643,0.0,0.134151313483,0.134151313483,0.134151313483,0.0748852497136,0.0163155879346,0.345273911264,0.358763455881,0.813609715544
 03/05  17:00:00,1.1023702494,5.667496811,0.0,4.73885573407,0.0,0.130476264454,0.130476264454,0.130476264454,0.114824044545,0.0250172337403,0.390586416417,0.42435429024,0.899412523595
 03/05  18:00:00,1.43901116508,6.63851222591,0.0,5.53427087217,0.0,0.152376655969,0.152376655969,0.152376655969,0.22964808909,0.0500344674805,0.47431730908,0.515522643463,1.06873333266
 03/05  19:00:00,1.70341994832,5.76490763433,0.0,4.49251833053,0.0,0.123693786571,0.123693786571,0.123693786571,0.44431918341,0.0968058293945,0.431787154716,0.559701994228,1.23383831005
 03/05  20:00:00,1.8749283719,5.4811059816,0.0,4.17281572651,0.0,0.11489132373,0.11489132373,0.11489132373,0.663982525726,0.144664874951,0.356555128611,0.577722518882,1.2684980488
 03/05  21:00:00,1.91949016349,5.37919927391,0.0,4.15904304262,0.0,0.114512116502,0.114512116502,0.114512116502,0.713906008817,0.155541929932,0.320834258427,0.597583849817,1.17899602193
 03/05  22:00:00,1.75605157898,5.47098266866,0.0,4.37228091061,0.0,0.120383255447,0.120383255447,0.120383255447,0.599081964271,0.130524696192,0.305317187182,0.583632475892,1.05850248743
 03/05  23:00:00,1.4534746436,5.91322075974,0.0,5.00710117189,0.0,0.137861942484,0.137861942484,0.137861942484,0.449311515,0.09789353125,0.246236541847,0.505059113019,0.871332270826
 03/05  24:00:00,1.15477525254,6.2283085762,0.0,5.53579217599,0.0,0.152418542461,0.152418542461,0.152418542461,0.3145180605,0.068525471875,0.16331420629,0.438886971413,0.662286869011
 03/06  01:00:00,0.838964503356,6.47872118435,0.0,6.02851967177,0.0,0.16598494892,0.16598494892,0.16598494892,0.159755196045,0.0348065868652,0.0982793958339,0.363026375692,0.425197085785
 03/06  02:00:00,0.736150641571,7.09476681264,0.0,6.73355507102,0.0,0.185396889348,0.185396889348,0.185396889348,0.0948546345905,0.0206664081055,0.0838690425574,0.33425166697,0.338189250975
 03/06  03:00:00,0.70294486097,7.77575968606,0.0,7.43942408258,0.0,0.20483178186,0.20483178186,0.20483178186,0.0649005530955,0.0141401751172,0.0715840655737,0.330376285324,0.313580040262
 03/06  04:00:00,0.705917433869,8.33002269787,0.0,7.98766930724,0.0,0.219926773759,0.219926773759,0.219926773759,0.0649005530955,0.0141401751172,0.064112104549,0.325725827349,0.319918140326
 03/06  05:00:00,0.70614845954,8.49634806088,0.0,8.08556208208,0.0,0.222622083407,0.222622083407,0.222622083407,0.0649005530955,0.0141401751172,0.0739521572983,0.313421490622,0.389198223073
 03/06  06:00:00,0.763503708335,8.8973903658,0.0,8.18098811139,0.0,0.225249475447,0.225249475447,0.225249475447,0.0698929014045,0.0152278824365,0.0862682554934,0.349753193554,0.692312054055
 03/06  07:00:00,0.932374172645,9.96570665212,0.0,8.67850291594,0.0,0.238947692243,0.238947692243,0.238947692243,0.109831712955,0.0239295318847,0.138447814423,0.40410542114,1.25936987865
 03/06  08:00:00,1.1537045549,10.1973941424,0.0,8.74968274321,0.0,0.240907506697,0.240907506697,0.240907506697,0.194701684364,0.0424205362792,0.214170541178,0.42939228638,1.41813584018
 03/06  09:00:00,1.06898466623,9.58075641932,0.0,8.17724255461,0.0,0.225146347965,0.225146347965,0.225146347965,0.154762864455,0.0337188850097,0.275218193109,0.363026375692,1.37850943792
 03/06  10:00:00,0.962709174275,8.64656437248,0.0,7.36980366639,0.0,0.202914903114,0.202914903114,0.202914903114,0.0798775980226,0.0174032934326,0.336436577975,0.30896480173,1.25547991691
 03/06  11:00:00,0.978302407504,8.91303040838,0.0,7.78248242662,0.0,0.214277304942,0.214277304942,0.214277304942,0.0649005530955,0.0141401751172,0.351641232033,0.316231142316,1.10876670366
 03/06  12:00:00,0.94431955287,6.98962290376,0.0,5.99213927716,0.0,0.164983277155,0.164983277155,0.164983277155,0.0649005530955,0.0141401751172,0.366855520645,0.316328026857,0.97569567531
 03/06  13:00:00,0.904059387006,5.96935415948,0.0,5.07422148693,0.0,0.139709985233,0.139709985233,0.139709985233,0.0649005530955,0.0141401751172,0.357197296466,0.310999377094,0.873711746476
 03/06  14:00:00,0.865128127296,5.28349248414,0.0,4.448389635,0.0,0.12247877863,0.12247877863,0.12247877863,0.0649005530955,0.0141401751172,0.324743059292,0.321753561161,0.812941199455
 03/06  15:00:00,0.847539293225,4.8382013819,0.0,4.06242435889,0.0,0.111851886768,0.111851886768,0.111851886768,0.0649005530955,0.0141401751172,0.299663707888,0.339870970357,0.752367487597
 03/06  16:00:00,0.887043286238,4.84349361079,0.0,4.05879847594,0.0,0.1117520543,0.1117520543,0.1117520543,0.0748852497136,0.0163155879346,0.308214938409,0.358763455881,0.759984328223
 03/06  17:00:00,1.04979536381,4.99670289452,0.0,4.13388010283,0.0,0.113819298115,0.113819298115,0.113819298115,0.114824044545,0.0250172337403,0.354668497169,0.42435429024,0.833594238346
 03/06  18:00:00,1.4019908616,6.49865359173,0.0,5.4736760946,0.0,0.150708282702,0.150708282702,0.150708282702,0.22964808909,0.0500344674805,0.438965378865,0.515522643463,0.989469476045
 03/06  19:00:00,1.67999170512,6.05713543818,0.0,4.88775167922,0.0,0.134575858915,0.134575858915,0.134575858915,0.44431918341,0.0968058293945,0.397476839177,0.559701994228,1.1308327652
 03/06  20:00:00,1.86441200965,6.22796580564,0.0,5.034623249,0.0,0.138619715671,0.138619715671,0.138619715671,0.663982525726,0.144664874951,0.322310374418,0.577722518882,1.15355035035
 03/06  21:00:00,1.9177021049,6.47029031631,0.0,5.3600371121,0.0,0.147579428235,0.147579428235,0.147579428235,0.713906008817,0.155541929932,0.2859788881,0.597583849817,1.06909299485
 03/06  22:00:00,1.75743338898,6.72132612504,0.0,5.71569735236,0.0,0.157371922915,0.157371922915,0.157371922915,0.599081964271,0.130524696192,0.269710329714,0.583632475892,0.965429502061
 03/06  23:00:00,1.45682909527,6.98914537563,0.0,6.15653408011,0.0,0.169509606081,0.169509606081,0.169509606081,0.449311515,0.09789353125,0.217943329922,0.505059113019,0.797823978491
 03/06  24:00:00,1.16654357137,7.17395714076,0.0,6.52743426963,0.0,0.179721706624,0.179721706624,0.179721706624,0.3145180605,0.068525471875,0.147779360955,0.438886971413,0.616293339937
 03/07  01:00:00,0.862079389452,7.31767515095,0.0,6.86804486032,0.0,0.189099835016,0.189099835016,0.189099835016,0.159755196045,0.0348065868652,0.0982793958339,0.363026375692,0.424625863838
 03/07  02:00:00,0.748328137426,7.53624843349,0.0,7.17583778277,0.0,0.197574385203,0.197574385203,0.197574385203,0.0948546345905,0.0206664081055,0.0838690425574,0.33425166697,0.337388160073
 03/07  03:00:00,0.702392210652,7.75518463494,0.0,7.41935200175,0.0,0.204279131542,0.204279131542,0.204279131542,0.0649005530955,0.0141401751172,0.0715840655737,0.330376285324,0.313077069974
 03/07  04:00:00,0.693839687137,7.89110839613,0.0,7.54900945139,0.0,0.207849027027,0.207849027027,0.207849027027,0.0649005530955,0.0141401751172,0.064112104549,0.325725827349,0.319663694435
 03/07  05:00:00,0.695195726606,8.09853131886,0.0,7.68776236359,0.0,0.211669350472,0.211669350472,0.211669350472,0.0649005530955,0.0141401751172,0.0739521572983,0.313421490622,0.389181199548
 03/07  06:00:00,0.750443267683,8.42284779193,0.0,7.70663713013,0.0,0.212189034795,0.212189034795,0.212189034795,0.0698929014045,0.0152278824365,0.0862682554934,0.349753193554,0.692120461447
 03/07  07:00:00,0.898685657703,8.7413407979,0.0,7.45494694681,0.0,0.205259177301,0.205259177301,0.205259177301,0.109831712955,0.0239295318847,0.138447814423,0.40410542114,1.25855999356
 03/07  08:00:00,1.10750919557,8.51874123713,0.0,7.07188223024,0.0,0.194712147371,0.194712147371,0.194712147371,0.194701684364,0.0424205362792,0.214170541178,0.42939228638,1.41728344789
 03/07  09:00:00,1.02132418606,7.84962553534,0.0,6.44622932629,0.0,0.177485867793,0.177485867793,0.177485867793,0.154762864455,0.0337188850097,0.275218193109,0.363026375692,1.37839178226
 03/07  10:00:00,0.9207178661,7.12176202833,0.0,5.84469293182,0.0,0.160923594939,0.160923594939,0.160923594939,0.0798775980226,0.0174032934326,0.336436577975,0.30896480173,1.25578830733
 03/07  11:00:00,0.92074332779,6.82275925993,0.0,5.69195526377,0.0,0.156718225229,0.156718225229,0.156718225229,0.0649005530955,0.0141401751172,0.351641232033,0.316231142316,1.10902271805
 03/07  12:00:00,0.893379836421,5.1403497798,0.0,4.14202524766,0.0,0.114043560707,0.114043560707,0.114043560707,0.0649005530955,0.0141401751172,0.366855520645,0.316328026857,0.976536580852
 03/07  13:00:00,0.853444632175,4.131833912,0.0,3.23590995832,0.0,0.0890952304026,0.0890952304026,0.0890952304026,0.0649005530955,0.0141401751172,0.357197296466,0.310999377094,0.874503027597
 03/07  14:00:00,0.813378706932,3.40449076461,0.0,2.56886742112,0.0,0.0707293582659,0.0707293582659,0.0707293582659,0.0649005530955,0.0141401751172,0.324743059292,0.321753561161,0.813461693804
 03/07  15:00:00,0.808576699663,3.42328384698,0.0,2.64731555968,0.0,0.0728892932054,0.0728892932054,0.0728892932054,0.0649005530955,0.0141401751172,0.299663707888,0.339870970357,0.752558751882
 03/07  16:00:00,0.847372763837,3.40333180317,0.0,2.61797793023,0.0,0.0720815318989,0.0720815318989,0.0720815318989,0.0748852497136,0.0163155879346,0.308214938409,0.358763455881,0.760643066319
 03/07  17:00:00,1.00852951959,3.49842808931,0.0,2.63511798451,0.0,0.0725534538947,0.0725534538947,0.0725534538947,0.114824044545,0.0250172337403,0.354668497169,0.42435429024,0.834081551454
 03/07  18:00:00,1.34257597465,4.34098525333,0.0,3.31574661303,0.0,0.0912933957526,0.0912933957526,0.0912933957526,0.22964808909,0.0500344674805,0.438965378865,0.515522643463,0.989730619222
 03/07  19:00:00,1.62165116284,3.93888745769,0.0,2.76884204845,0.0,0.0762353166288,0.0762353166288,0.0762353166288,0.44431918341,0.0968058293945,0.397476839177,0.559701994228,1.13149441549
 03/07  20:00:00,1.80485087937,4.06549268761,0.0,2.8713822569,0.0,0.0790585853894,0.0790585853894,0.0790585853894,0.663982525726,0.144664874951,0.322310374418,0.577722518882,1.15431822442
 03/07  21:00:00,1.85234740301,4.09738910588,0.0,2.98637547265,0.0,0.0822247263464,0.0822247263464,0.0822247263464,0.713906008817,0.155541929932,0.2859788881,0.597583849817,1.06985342387
 03/07  22:00:00,1.69077276762,4.30149045558,0.0,3.29460513997,0.0,0.090711301554,0.090711301554,0.090711301554,0.599081964271,0.130524696192,0.269710329714,0.583632475892,0.966686044987
 03/07  23:00:00,1.39396095772,4.70748860921,0.0,3.87318365339,0.0,0.106641468531,0.106641468531,0.106641468531,0.449311515,0.09789353125,0.217943329922,0.505059113019,0.799517638796
 03/07  24:00:00,1.10774463453,5.04020746289,0.0,4.39187589684,0.0,0.120922769783,0.120922769783,0.120922769783,0.3145180605,0.068525471875,0.147779360955,0.438886971413,0.618102034855
 03/08  01:00:00,0.807006195451,5.31965251095,0.0,4.86780426269,0.0,0.134026641015,0.134026641015,0.134026641015,0.159755196045,0.0348065868652,0.0982793958339,0.363026375692,0.426843821462
 03/08  02:00:00,0.692073142968,5.49535036392,0.0,5.13267457469,0.0,0.141319390744,0.141319390744,0.141319390744,0.0948546345905,0.0206664081055,0.0838690425574,0.33425166697,0.33965329859
 03/08  03:00:00,0.642217700104,5.57171821642,0.0,5.2338332367,0.0,0.144104620993,0.144104620993,0.144104620993,0.0649005530955,0.0141401751172,0.0715840655737,0.330376285324,0.315129416509
 03/08  04:00:00,0.631698789241,5.6359657934,0.0,5.29207213372,0.0,0.14570812913,0.14570812913,0.14570812913,0.0649005530955,0.0141401751172,0.064112104549,0.325725827349,0.321458409375
 03/08  05:00:00,0.62992531387,5.7295658593,0.0,5.31716207893,0.0,0.146398937737,0.146398937737,0.146398937737,0.0649005530955,0.0141401751172,0.0739521572983,0.313421490622,0.390816024652
 03/08  06:00:00,0.683392298575,5.98901187147,0.0,5.27136761377,0.0,0.145138065686,0.145138065686,0.145138065686,0.0698929014045,0.0152278824365,0.0862682554934,0.349753193554,0.693554057341
 03/08  07:00:00,0.839423695282,6.58999533154,0.0,5.30257163468,0.0,0.14599721488,0.14599721488,0.14599721488,0.109831712955,0.0239295318847,0.138447814423,0.40410542114,1.25958983933
 03/08  08:00:00,1.05621080856,6.65642737253,0.0,5.20874140171,0.0,0.143413760355,0.143413760355,0.143413760355,0.194701684364,0.0424205362792,0.214170541178,0.42939228638,1.41811041182
 03/08  09:00:00,0.973437182452,6.11118646728,0.0,4.70698884009,0.0,0.129598864187,0.129598864187,0.129598864187,0.154762864455,0.0337188850097,0.275218193109,0.363026375692,1.3791932004
 03/08  10:00:00,0.885291256015,5.83594755553,0.0,4.55800990913,0.0,0.125496984855,0.125496984855,0.125496984855,0.0798775980226,0.0174032934326,0.336436577975,0.30896480173,1.25665685721
 03/08  11:00:00,0.903175233944,6.18557392647,0.0,5.0538877761,0.0,0.139150131382,0.139150131382,0.139150131382,0.0649005530955,0.0141401751172,0.351641232033,0.316231142316,1.10990487227
 03/08  12:00:00,0.894738426807,5.19021974869,0.0,4.19136881115,0.0,0.115402151092,0.115402151092,0.115402151092,0.0649005530955,0.0141401751172,0.366855520645,0.316328026857,0.977062986247
 03/08  13:00:00,0.866073067031,4.59043934179,0.0,3.69457062874,0.0,0.101723665258,0.101723665258,0.101723665258,0.0649005530955,0.0141401751172,0.357197296466,0.310999377094,0.874447786971
 03/08  14:00:00,0.833846799805,4.14753123343,0.0,3.31226193568,0.0,0.0911974511387,0.0911974511387,0.0911974511387,0.0649005530955,0.0141401751172,0.324743059292,0.321753561161,0.813107648063
 03/08  15:00:00,0.820974597791,3.87341089654,0.0,3.09760321072,0.0,0.0852871913339,0.0852871913339,0.0852871913339,0.0649005530955,0.0141401751172,0.299663707888,0.339870970357,0.752398150404
 03/08  16:00:00,0.857966003655,3.7875885949,0.0,3.00272097497,0.0,0.0826747717168,0.0826747717168,0.0826747717168,0.0748852497136,0.0163155879346,0.308214938409,0.358763455881,0.760156813295
 03/08  17:00:00,1.01572727738,3.75935111914,0.0,2.89653821989,0.0,0.0797512116823,0.0797512116823,0.0797512116823,0.114824044545,0.0250172337403,0.354668497169,0.42435429024,0.833584345912
 03/08  18:00:00,1.34855513733,4.5575665284,0.0,3.53290786817,0.0,0.0972725584333,0.0972725584333,0.0972725584333,0.22964808909,0.0500344674805,0.438965378865,0.515522643463,0.989150639154
 03/08  19:00:00,1.62626921722,4.10599612254,0.0,2.93656829018,0.0,0.0808533710075,0.0808533710075,0.0808533710075,0.44431918341,0.0968058293945,0.397476839177,0.559701994228,1.13087683859
 03/08  20:00:00,1.80431069441,4.04509478518,0.0,2.8517629139,0.0,0.0785184004314,0.0785184004314,0.0785184004314,0.663982525726,0.144664874951,0.322310374418,0.577722518882,1.15353966498
 03/08  21:00:00,1.84957702107,3.99619524543,0.0,2.88575609618,0.0,0.0794543443998,0.0794543443998,0.0794543443998,0.713906008817,0.155541929932,0.2859788881,0.597583849817,1.06927893989
 03/08  22:00:00,1.68942982884,4.25234143047,0.0,3.24583003754,0.0,0.0893683627687,0.0893683627687,0.0893683627687,0.599081964271,0.130524696192,0.269710329714,0.583632475892,0.96631212231
 03/08  23:00:00,1.38857353153,4.51152025211,0.0,3.67751407619,0.0,0.10125404234,0.10125404234,0.10125404234,0.449311515,0.09789353125,0.217943329922,0.505059113019,0.799218858894
 03/08  24:00:00,1.10884036894,5.08020543492,0.0,4.43167261649,0.0,0.122018504199,0.122018504199,0.122018504199,0.3145180605,0.068525471875,0.147779360955,0.438886971413,0.618303287232
 03/09  01:00:00,0.814138882675,5.57887246087,0.0,5.12686115627,0.0,0.141159328239,0.141159328239,0.141159328239,0.159755196045,0.0348065868652,0.0982793958339,0.363026375692,0.427006877812
 03/09  02:00:00,0.708795066128,6.10303242673,0.0,5.74000941667,0.0,0.158041313905,0.158041313905,0.158041313905,0.0948546345905,0.0206664081055,0.0838690425574,0.33425166697,0.34000051941
 03/09  03:00:00,0.669936551426,6.57854953168,0.0,6.24057295355,0.0,0.171823472316,0.171823472316,0.171823472316,0.0649005530955,0.0141401751172,0.0715840655737,0.330376285324,0.315221014922
 03/09  04:00:00,0.669424619373,7.00644955018,0.0,6.66226208509,0.0,0.183433959263,0.183433959263,0.183433959263,0.0649005530955,0.0141401751172,0.064112104549,0.325725827349,0.321752214782
 03/09  05:00:00,0.674061776781,7.33264034978,0.0,6.92018413985,0.0,0.190535400648,0.190535400648,0.190535400648,0.0649005530955,0.0141401751172,0.0739521572983,0.313421490622,0.390868454212
 03/09  06:00:00,0.736340816378,7.91161019219,0.0,7.19444065892,0.0,0.19808658349,0.19808658349,0.19808658349,0.0698929014045,0.0152278824365,0.0862682554934,0.349753193554,0.693079332917
 03/09  07:00:00,0.890028514754,8.4265156595,0.0,7.14052231429,0.0,0.196602034352,0.196602034352,0.196602034352,0.109831712955,0.0239295318847,0.138447814423,0.40410542114,1.25815948768
 03/09  08:00:00,1.12166998097,9.03200478831,0.0,7.58619737684,0.0,0.208872932769,0.208872932769,0.208872932769,0.194701684364,0.0424205362792,0.214170541178,0.42939228638,1.41623185247
 03/09  09:00:00,1.03371248201,8.29801152138,0.0,6.89616822937,0.0,0.189874163745,0.189874163745,0.189874163745,0.154762864455,0.0337188850097,0.275218193109,0.363026375692,1.37683886521
 03/09  10:00:00,0.933927731596,7.59998803815,0.0,6.32447097511,0.0,0.174133460436,0.174133460436,0.174133460436,0.0798775980226,0.0174032934326,0.336436577975,0.30896480173,1.25423627386
 03/09  11:00:00,0.944158548649,7.67207766481,0.0,6.54238851378,0.0,0.180133446087,0.180133446087,0.180133446087,0.0649005530955,0.0141401751172,0.351641232033,0.316231142316,1.10790787292
 03/09  12:00:00,0.918692185398,6.05858587085,0.0,5.06136157747,0.0,0.139355909684,0.139355909684,0.139355909684,0.0649005530955,0.0141401751172,0.366855520645,0.316328026857,0.975436342086
 03/09  13:00:00,0.884879434235,5.27271703799,0.0,4.37761180434,0.0,0.120530032462,0.120530032462,0.120530032462,0.0649005530955,0.0141401751172,0.357197296466,0.310999377094,0.873684307572
 03/09  14:00:00,0.84696627214,4.62352475065,0.0,3.78875692856,0.0,0.104316923474,0.104316923474,0.104316923474,0.0649005530955,0.0141401751172,0.324743059292,0.321753561161,0.812606172397
 03/09  15:00:00,0.835001699408,4.3823852273,0.0,3.60706300563,0.0,0.0993142929509,0.0993142929509,0.0993142929509,0.0649005530955,0.0141401751172,0.299663707888,0.339870970357,0.75191268625
 03/09  16:00:00,0.879633022778,4.5743367057,0.0,3.78966010329,0.0,0.104341790841,0.104341790841,0.104341790841,0.0748852497136,0.0163155879346,0.308214938409,0.358763455881,0.759965795791
 03/09  17:00:00,1.04274386859,4.73996031275,0.0,3.87777207652,0.0,0.106767802892,0.106767802892,0.106767802892,0.114824044545,0.0250172337403,0.354668497169,0.42435429024,0.832959682884
 03/09  18:00:00,1.39334953301,6.1836307754,0.0,5.15982583451,0.0,0.142066954113,0.142066954113,0.142066954113,0.22964808909,0.0500344674805,0.438965378865,0.515522643463,0.988296919803
 03/09  19:00:00,1.66843018929,5.63558740396,0.0,4.46784116258,0.0,0.123014343078,0.123014343078,0.123014343078,0.44431918341,0.0968058293945,0.397476839177,0.559701994228,1.12919524761
 03/09  20:00:00,1.85783895419,5.9878617053,0.0,4.7958920001,0.0,0.132046660209,0.132046660209,0.132046660209,0.663982525726,0.144664874951,0.322310374418,0.577722518882,1.15217749891
 03/09  21:00:00,1.91348819993,6.31605545759,0.0,5.20698944615,0.0,0.143365523264,0.143365523264,0.143365523264,0.713906008817,0.155541929932,0.2859788881,0.597583849817,1.06790580208
 03/09  22:00:00,1.76117597894,6.8562871785,0.0,5.85162700925,0.0,0.161114512868,0.161114512868,0.161114512868,0.599081964271,0.130524696192,0.269710329714,0.583632475892,0.964460898634
 03/09  23:00:00,1.46417989616,7.25551632539,0.0,6.42351279123,0.0,0.176860406964,0.176860406964,0.176860406964,0.449311515,0.09789353125,0.217943329922,0.505059113019,0.79721621714
 03/09  24:00:00,1.17825814972,7.59885145496,0.0,6.95290396726,0.0,0.191436284974,0.191436284974,0.191436284974,0.3145180605,0.068525471875,0.147779360955,0.438886971413,0.615717956514
 03/10  01:00:00,0.878899363876,7.9287297567,0.0,7.47894089246,0.0,0.20591980944,0.20591980944,0.20591980944,0.159755196045,0.0348065868652,0.0982793958339,0.363026375692,0.424784437441
 03/10  02:00:00,0.774641296856,8.49224309564,0.0,8.13152322461,0.0,0.223887544633,0.223887544633,0.223887544633,0.0948546345905,0.0206664081055,0.0838690425574,0.33425166697,0.337697380384
 03/10  03:00:00,0.734229968565,8.91182829723,0.0,8.57568907404,0.0,0.236116889454,0.236116889454,0.236116889454,0.0649005530955,0.0141401751172,0.0715840655737,0.330376285324,0.313383659973
 03/10  04:00:00,0.722767627325,8.94179936275,0.0,8.59966288487,0.0,0.236776967215,0.236776967215,0.236776967215,0.0649005530955,0.0141401751172,0.064112104549,0.325725827349,0.319701227573
 03/10  05:00:00,0.723502753881,9.1261701923,0.0,8.71586444084,0.0,0.239976377748,0.239976377748,0.239976377748,0.0649005530955,0.0141401751172,0.0739521572983,0.313421490622,0.388717995731
 03/10  06:00:00,0.779686003888,9.48368422373,0.0,8.76872385314,0.0,0.241431770999,0.241431770999,0.241431770999,0.0698929014045,0.0152278824365,0.0862682554934,0.349753193554,0.690870170237
 03/10  07:00:00,0.926218800944,9.7385435653,0.0,8.45494180617,0.0,0.232792320542,0.232792320542,0.232792320542,0.109831712955,0.0239295318847,0.138447814423,0.40410542114,1.2557679016
 03/10  08:00:00,1.12442190865,9.12932010864,0.0,7.68614650021,0.0,0.211624860446,0.211624860446,0.211624860446,0.194701684364,0.0424205362792,0.214170541178,0.42939228638,1.41359804943
 03/10  09:00:00,1.03487672005,8.33854937734,0.0,6.93845297834,0.0,0.19103840178,0.19103840178,0.19103840178,0.154762864455,0.0337188850097,0.275218193109,0.363026375692,1.3750919722
 03/10  10:00:00,0.920646000289,7.11616534884,0.0,5.84208278882,0.0,0.160851729129,0.160851729129,0.160851729129,0.0798775980226,0.0174032934326,0.336436577975,0.30896480173,1.25280177084
 03/10  11:00:00,0.925989357186,7.01106137463,0.0,5.88248935505,0.0,0.161964254624,0.161964254624,0.161964254624,0.0649005530955,0.0141401751172,0.351641232033,0.316231142316,1.10679074148
 03/10  12:00:00,0.902529965382,5.47086134243,0.0,4.4743549727,0.0,0.123193689667,0.123193689667,0.123193689667,0.0649005530955,0.0141401751172,0.366855520645,0.316328026857,0.974718418434
 03/10  13:00:00,0.866900563258,4.61894014379,0.0,3.72462502414,0.0,0.102551161486,0.102551161486,0.102551161486,0.0649005530955,0.0141401751172,0.357197296466,0.310999377094,0.872894193576
 03/10  14:00:00,0.838372941852,4.31030026761,0.0,3.47664995126,0.0,0.0957235931859,0.0957235931859,0.0957235931859,0.0649005530955,0.0141401751172,0.324743059292,0.321753561161,0.811488666657
 03/10  15:00:00,0.838324040855,4.50248940434,0.0,3.72772937266,0.0,0.102636634398,0.102636634398,0.102636634398,0.0649005530955,0.0141401751172,0.299663707888,0.339870970357,0.751350496264
 03/10  16:00:00,0.879001552737,4.55048642824,0.0,3.76672531557,0.0,0.103710320799,0.103710320799,0.103710320799,0.0748852497136,0.0163155879346,0.308214938409,0.358763455881,0.759050306045
 03/10  17:00:00,1.0360930162,4.49744033524,0.0,3.63621526848,0.0,0.100116950506,0.100116950506,0.100116950506,0.114824044545,0.0250172337403,0.354668497169,0.42435429024,0.831996513417
 03/10  18:00:00,1.36996046835,5.33288454338,0.0,4.31034256913,0.0,0.118677889452,0.118677889452,0.118677889452,0.22964808909,0.0500344674805,0.438965378865,0.515522643463,0.987033953172
 03/10  19:00:00,1.64657853457,4.84126899988,0.0,3.67419612915,0.0,0.101162688359,0.101162688359,0.101162688359,0.44431918341,0.0968058293945,0.397476839177,0.559701994228,1.12852187697
 03/10  20:00:00,1.82324363607,4.73032592804,0.0,3.53940123305,0.0,0.0974513420978,0.0974513420978,0.0974513420978,0.663982525726,0.144664874951,0.322310374418,0.577722518882,1.15113248869
 03/10  21:00:00,1.86921597569,4.70728590798,0.0,3.59903657768,0.0,0.0990932990243,0.0990932990243,0.0990932990243,0.713906008817,0.155541929932,0.2859788881,0.597583849817,1.06708912094
 03/10  22:00:00,1.71065910746,5.0215314738,0.0,4.01687057251,0.0,0.110597641395,0.110597641395,0.110597641395,0.599081964271,0.130524696192,0.269710329714,0.583632475892,0.964461630667
 03/10  23:00:00,1.40870780524,5.24128201375,0.0,4.40878438661,0.0,0.121388316047,0.121388316047,0.121388316047,0.449311515,0.09789353125,0.217943329922,0.505059113019,0.79771031011
 03/10  24:00:00,1.11916248392,5.45378819626,0.0,4.80656849483,0.0,0.132340619179,0.132340619179,0.132340619179,0.3145180605,0.068525471875,0.147779360955,0.438886971413,0.616990170233
 03/11  01:00:00,0.82445131114,5.73070437418,0.0,5.2626511798,0.0,0.144898073628,0.144898073628,0.144898073628,0.159755196045,0.0348065868652,0.104853078911,0.363026375692,0.44304876758
 03/11  02:00:00,0.709680432726,6.00033562948,0.0,5.6288110071,0.0,0.154979656427,0.154979656427,0.154979656427,0.0948546345905,0.0206664081055,0.0878160666328,0.33425166697,0.348502131738
 03/11  03:00:00,0.661870952621,6.19714291442,0.0,5.85279367775,0.0,0.161146635084,0.161146635084,0.161146635084,0.0649005530955,0.0141401751172,0.074195304001,0.330376285324,0.321593673455
 03/11  04:00:00,0.664170974461,6.77286678735,0.0,6.42186036269,0.0,0.176814910179,0.176814910179,0.176814910179,0.0649005530955,0.0141401751172,0.0654775087209,0.325725827349,0.328571174355
 03/11  05:00:00,0.68335537619,7.58752340384,0.0,7.160709157,0.0,0.197157844441,0.197157844441,0.197157844441,0.0649005530955,0.0141401751172,0.0766233129137,0.313421490622,0.405226491118
 03/11  06:00:00,0.749981985419,8.29852837067,0.0,7.54109295694,0.0,0.207631059931,0.207631059931,0.207631059931,0.0698929014045,0.0152278824365,0.0903649480936,0.349753193554,0.733345213372
 03/11  07:00:00,0.938840897887,9.90577767335,0.0,8.52745711778,0.0,0.234788905267,0.234788905267,0.234788905267,0.109831712955,0.0239295318847,0.149073326641,0.40410542114,1.35048669804
 03/11  08:00:00,1.1608093625,9.79772298852,0.0,8.23915323582,0.0,0.226850952382,0.226850952382,0.226850952382,0.194701684364,0.0424205362792,0.235331903097,0.42939228638,1.5289941937
 03/11  09:00:00,1.10438875273,9.80550809857,0.0,8.28499524849,0.0,0.228113133572,0.228113133572,0.228113133572,0.154762864455,0.0337188850097,0.307655494001,0.363026375692,1.49550842328
 03/11  10:00:00,1.02057742402,9.22116224813,0.0,7.83604630252,0.0,0.215752094391,0.215752094391,0.215752094391,0.0798775980226,0.0174032934326,0.381467636441,0.30896480173,1.36383515643
 03/11  11:00:00,1.05521708049,9.95046154228,0.0,8.72673749478,0.0,0.240275748638,0.240275748638,0.240275748638,0.0649005530955,0.0141401751172,0.402557461323,0.316231142316,1.2019427694
 03/11  12:00:00,1.02869906629,8.22505367963,0.0,7.15040114647,0.0,0.196874031052,0.196874031052,0.196874031052,0.0649005530955,0.0141401751172,0.419344280164,0.316328026857,1.05286458187
 03/11  13:00:00,0.990242430255,7.42981330975,0.0,6.46789962835,0.0,0.178082522391,0.178082522391,0.178082522391,0.0649005530955,0.0141401751172,0.405007802557,0.310999377094,0.94049275532
 03/11  14:00:00,0.964723478501,7.37442117928,0.0,6.48255733929,0.0,0.178486097321,0.178486097321,0.178486097321,0.0649005530955,0.0141401751172,0.368331091807,0.321753561161,0.8697021903
 03/11  15:00:00,0.940602672693,6.84833119017,0.0,6.02142807839,0.0,0.16578969406,0.16578969406,0.16578969406,0.0649005530955,0.0141401751172,0.338789280063,0.339870970357,0.80349357637
 03/11  16:00:00,0.992051569756,7.36246299431,0.0,6.52669546709,0.0,0.179701364963,0.179701364963,0.179701364963,0.0748852497136,0.0163155879346,0.345273911264,0.358763455881,0.811056720601
 03/11  17:00:00,1.15337582611,7.51648286259,0.0,6.59136178725,0.0,0.181481841172,0.181481841172,0.181481841172,0.114824044545,0.0250172337403,0.390586416417,0.42435429024,0.895892521999
 03/11  18:00:00,1.50813477108,9.14413775892,0.0,8.04481788998,0.0,0.221500261962,0.221500261962,0.221500261962,0.22964808909,0.0500344674805,0.47431730908,0.515522643463,1.06381184787
 03/11  19:00:00,1.7758127793,8.38779483529,0.0,7.1218025427,0.0,0.19608661755,0.19608661755,0.19608661755,0.44431918341,0.0968058293945,0.431787154716,0.559701994228,1.22744129883
 03/11  20:00:00,1.9602165081,8.57234274296,0.0,7.27045325447,0.0,0.20017945993,0.20017945993,0.20017945993,0.663982525726,0.144664874951,0.356555128611,0.577722518882,1.2620972822
 03/11  21:00:00,2.01370187466,8.79458132313,0.0,7.5807819279,0.0,0.208723827671,0.208723827671,0.208723827671,0.713906008817,0.155541929932,0.320834258427,0.597583849817,1.17263918586
 03/11  22:00:00,1.85384324624,9.0164931296,0.0,7.92404264351,0.0,0.218174922707,0.218174922707,0.218174922707,0.599081964271,0.130524696192,0.305317187182,0.583632475892,1.05225121546
 03/11  23:00:00,1.56149201722,9.83101310507,0.0,8.93025725308,0.0,0.245879316101,0.245879316101,0.245879316101,0.449311515,0.09789353125,0.246236541847,0.505059113019,0.865968534964
 03/11  24:00:00,1.26252304311,10.1371176061,0.0,9.44915708826,0.0,0.260166333036,0.260166333036,0.260166333036,0.3145180605,0.068525471875,0.16331420629,0.438886971413,0.65773098666
 03/12  01:00:00,0.954236875045,10.4405897381,0.0,9.97642089325,0.0,0.274683637532,0.274683637532,0.274683637532,0.159755196045,0.0348065868652,0.104853078911,0.363026375692,0.439164418102
 03/12  02:00:00,0.84453997065,10.894352156,0.0,10.5268658162,0.0,0.289839194351,0.289839194351,0.289839194351,0.0948546345905,0.0206664081055,0.0878160666328,0.33425166697,0.344463849128
 03/12  03:00:00,0.791108339132,10.887301185,0.0,10.5466537655,0.0,0.290384021594,0.290384021594,0.290384021594,0.0649005530955,0.0141401751172,0.074195304001,0.330376285324,0.317891856284
 03/12  04:00:00,0.791961383596,11.4104165409,0.0,11.0631667001,0.0,0.304605319314,0.304605319314,0.304605319314,0.0649005530955,0.0141401751172,0.0654775087209,0.325725827349,0.324814590576
 03/12  05:00:00,0.796066059999,11.6774702166,0.0,11.2543247467,0.0,0.30986852825,0.30986852825,0.30986852825,0.0649005530955,0.0141401751172,0.0766233129137,0.313421490622,0.401557714188
 03/12  06:00:00,0.854671059501,12.0968667593,0.0,11.3433662752,0.0,0.312320134012,0.312320134012,0.312320134012,0.0698929014045,0.0152278824365,0.0903649480936,0.349753193554,0.729410283722
 03/12  07:00:00,1.00476578887,12.2955321467,0.0,10.9218278409,0.0,0.300713796255,0.300713796255,0.300713796255,0.109831712955,0.0239295318847,0.149073326641,0.40410542114,1.34587044826
 03/12  08:00:00,1.22758935176,12.2189061424,0.0,10.6645808517,0.0,0.293630941641,0.293630941641,0.293630941641,0.194701684364,0.0424205362792,0.235331903097,0.42939228638,1.52474973176
 03/12  09:00:00,1.15244107114,11.5470311787,0.0,10.0302399149,0.0,0.276165451981,0.276165451981,0.276165451981,0.154762864455,0.0337188850097,0.307655494001,0.363026375692,1.49178683701
 03/12  10:00:00,1.05791843924,10.5741902449,0.0,9.19225990067,0.0,0.253093109611,0.253093109611,0.253093109611,0.0798775980226,0.0174032934326,0.381467636441,0.30896480173,1.36064955505
 03/12  11:00:00,1.07848910782,10.7930170722,0.0,9.57197000226,0.0,0.263547775971,0.263547775971,0.263547775971,0.0649005530955,0.0141401751172,0.402557461323,0.316231142316,1.19926579179
 03/12  12:00:00,1.04138455912,8.68368303156,0.0,7.61113414411,0.0,0.209559523883,0.209559523883,0.209559523883,0.0649005530955,0.0141401751172,0.419344280164,0.316328026857,1.05076093616
 03/12  13:00:00,1.00260220784,7.87715512606,0.0,6.91680275348,0.0,0.190442299974,0.190442299974,0.190442299974,0.0649005530955,0.0141401751172,0.405007802557,0.310999377094,0.938931446497
 03/12  14:00:00,0.960511631479,7.22028230998,0.0,6.32958441736,0.0,0.174274250298,0.174274250298,0.174274250298,0.0649005530955,0.0141401751172,0.368331091807,0.321753561161,0.868536242929
 03/12  15:00:00,0.941372126338,6.87532979508,0.0,6.04937438595,0.0,0.166559147705,0.166559147705,0.166559147705,0.0649005530955,0.0141401751172,0.338789280063,0.339870970357,0.802545873714
 03/12  16:00:00,0.980777042716,6.95202919274,0.0,6.11720829071,0.0,0.168426837922,0.168426837922,0.168426837922,0.0748852497136,0.0163155879346,0.345273911264,0.358763455881,0.810110095404
 03/12  17:00:00,1.14514644021,7.21689427958,0.0,6.29247315211,0.0,0.173252455263,0.173252455263,0.173252455263,0.114824044545,0.0250172337403,0.390586416417,0.42435429024,0.89519257413
 03/12  18:00:00,1.50296318298,8.95553534152,0.0,7.85698748269,0.0,0.216328673868,0.216328673868,0.216328673868,0.22964808909,0.0500344674805,0.47431730908,0.515522643463,1.06303983776
 03/12  19:00:00,1.7708109055,8.20490942643,0.0,6.94013610381,0.0,0.191084743753,0.191084743753,0.191084743753,0.44431918341,0.0968058293945,0.431787154716,0.559701994228,1.22622232886
 03/12  20:00:00,1.95390445797,8.34191608595,0.0,7.04120163488,0.0,0.193867409802,0.193867409802,0.193867409802,0.663982525726,0.144664874951,0.356555128611,0.577722518882,1.26092224477
 03/12  21:00:00,2.00799842111,8.58663804882,0.0,7.37363433915,0.0,0.203020374118,0.203020374118,0.203020374118,0.713906008817,0.155541929932,0.320834258427,0.597583849817,1.17184350031
 03/12  22:00:00,1.8486699199,8.82785322104,0.0,7.73614910357,0.0,0.213001596364,0.213001596364,0.213001596364,0.599081964271,0.130524696192,0.305317187182,0.583632475892,1.05150484684
 03/12  23:00:00,1.54477333776,9.2231047167,0.0,8.3230402212,0.0,0.22916063664,0.22916063664,0.22916063664,0.449311515,0.09789353125,0.246236541847,0.505059113019,0.86527717847
 03/12  24:00:00,1.25063307228,9.70486828305,0.0,9.01731719222,0.0,0.248276362199,0.248276362199,0.248276362199,0.3145180605,0.068525471875,0.16331420629,0.438886971413,0.657321559638
 03/13  01:00:00,0.935978978188,9.99934877798,0.0,9.55205402699,0.0,0.262999423752,0.262999423752,0.262999423752,0.159755196045,0.0348065868652,0.0982793958339,0.363026375692,0.422290324199
 03/13  02:00:00,0.826798568889,10.3846265915,0.0,10.0258584792,0.0,0.276044816666,0.276044816666,0.276044816666,0.0948546345905,0.0206664081055,0.0838690425574,0.33425166697,0.335745621628
 03/13  03:00:00,0.783263530235,10.6905830125,0.0,10.3565721784,0.0,0.285150451125,0.285150451125,0.285150451125,0.0649005530955,0.0141401751172,0.0715840655737,0.330376285324,0.311255270901
 03/13  04:00:00,0.776757674797,10.9009731653,0.0,10.5605639508,0.0,0.290767014686,0.290767014686,0.290767014686,0.0649005530955,0.0141401751172,0.064112104549,0.325725827349,0.317973964222
 03/13  05:00:00,0.773787505116,10.9506790916,0.0,10.5421903456,0.0,0.290261128982,0.290261128982,0.290261128982,0.0649005530955,0.0141401751172,0.0739521572983,0.313421490622,0.38690099031
 03/13  06:00:00,0.824307797637,11.1012959721,0.0,10.3893729731,0.0,0.286053564748,0.286053564748,0.286053564748,0.0698929014045,0.0152278824365,0.0862682554934,0.349753193554,0.687832798626
 03/13  07:00:00,0.989626547219,12.0363723195,0.0,10.7578906473,0.0,0.296200066817,0.296200066817,0.296200066817,0.109831712955,0.0239295318847,0.138447814423,0.40410542114,1.25064781472
 03/13  08:00:00,1.19005542341,11.5075410058,0.0,10.0699345333,0.0,0.277258375213,0.277258375213,0.277258375213,0.194701684364,0.0424205362792,0.214170541178,0.42939228638,1.40803091356
 03/13  09:00:00,1.1201801135,11.4312195844,0.0,10.0366446448,0.0,0.276341795234,0.276341795234,0.276341795234,0.154762864455,0.0337188850097,0.275218193109,0.363026375692,1.36957051281
 03/13  10:00:00,1.03008661293,11.0856241367,0.0,9.81693045102,0.0,0.270292341767,0.270292341767,0.270292341767,0.0798775980226,0.0174032934326,0.336436577975,0.30896480173,1.24741289648
 03/13  11:00:00,1.0705072548,12.254423151,0.0,11.1313326648,0.0,0.306482152234,0.306482152234,0.306482152234,0.0649005530955,0.0141401751172,0.351641232033,0.316231142316,1.10130920807
 03/13  12:00:00,1.04019195654,10.4644815836,0.0,9.47419397697,0.0,0.260855680822,0.260855680822,0.260855680822,0.0649005530955,0.0141401751172,0.366855520645,0.316328026857,0.968499655317
 03/13  13:00:00,1.01108512139,9.84969139812,0.0,8.9613615518,0.0,0.246735719616,0.246735719616,0.246735719616,0.0649005530955,0.0141401751172,0.357197296466,0.310999377094,0.866908920248
 03/13  14:00:00,0.975440068884,9.28286438731,0.0,8.45488368292,0.0,0.232790720218,0.232790720218,0.232790720218,0.0649005530955,0.0141401751172,0.324743059292,0.321753561161,0.805819054699
 03/13  15:00:00,0.961675891983,8.97657169632,0.0,8.20782871848,0.0,0.225988485526,0.225988485526,0.225988485526,0.0649005530955,0.0141401751172,0.299663707888,0.339870970357,0.745333442431
 03/13  16:00:00,0.9988987562,8.89911456056,0.0,8.12135297529,0.0,0.223607524262,0.223607524262,0.223607524262,0.0748852497136,0.0163155879346,0.308214938409,0.358763455881,0.753050778639
 03/13  17:00:00,1.15848637137,8.93671484568,0.0,8.08150235112,0.0,0.222510305678,0.222510305678,0.222510305678,0.114824044545,0.0250172337403,0.354668497169,0.42435429024,0.825983941225
 03/13  18:00:00,1.50732072587,10.3152551085,0.0,9.29922270527,0.0,0.25603814697,0.25603814697,0.25603814697,0.22964808909,0.0500344674805,0.438965378865,0.515522643463,0.980524382103
 03/13  19:00:00,1.76655131067,9.19125030371,0.0,8.03156856255,0.0,0.221135464457,0.221135464457,0.221135464457,0.44431918341,0.0968058293945,0.397476839177,0.559701994228,1.1211307474
 03/13  20:00:00,1.93453187914,8.76444278317,0.0,7.58135423497,0.0,0.208739585164,0.208739585164,0.208739585164,0.663982525726,0.144664874951,0.322310374418,0.577722518882,1.14329634191
 03/13  21:00:00,1.97563888736,8.56565160418,0.0,7.4642823164,0.0,0.205516210691,0.205516210691,0.205516210691,0.713906008817,0.155541929932,0.2859788881,0.597583849817,1.06020907841
 03/13  22:00:00,1.80839158177,8.56465985622,0.0,7.56648243664,0.0,0.208330115706,0.208330115706,0.208330115706,0.599081964271,0.130524696192,0.269710329714,0.583632475892,0.957978148953
 03/13  23:00:00,1.50183643893,8.6178586915,0.0,7.79118624829,0.0,0.214516949743,0.214516949743,0.214516949743,0.449311515,0.09789353125,0.217943329922,0.505059113019,0.79188512618
 03/13  24:00:00,1.19927360746,8.35816316093,0.0,7.71617859687,0.0,0.212451742716,0.212451742716,0.212451742716,0.3145180605,0.068525471875,0.147779360955,0.438886971413,0.611755032859
 03/14  01:00:00,0.891890096562,8.39750306205,0.0,7.95076010293,0.0,0.218910542126,0.218910542126,0.218910542126,0.159755196045,0.0348065868652,0.0982793958339,0.363026375692,0.421738532326
 03/14  02:00:00,0.778760346506,8.63997393823,0.0,8.28112577594,0.0,0.228006594282,0.228006594282,0.228006594282,0.0948546345905,0.0206664081055,0.0838690425574,0.33425166697,0.335825671638
 03/14  03:00:00,0.727167766343,8.65379823079,0.0,8.31919217301,0.0,0.229054687233,0.229054687233,0.229054687233,0.0649005530955,0.0141401751172,0.0715840655737,0.330376285324,0.311850494562
 03/14  04:00:00,0.716073312019,8.69732023731,0.0,8.35652751763,0.0,0.230082651909,0.230082651909,0.230082651909,0.0649005530955,0.0141401751172,0.064112104549,0.325725827349,0.318357469375
 03/14  05:00:00,0.714154725807,8.78543880975,0.0,8.376347084,0.0,0.230628349674,0.230628349674,0.230628349674,0.0649005530955,0.0141401751172,0.0739521572983,0.313421490622,0.387503970033
 03/14  06:00:00,0.766179188409,8.99058113327,0.0,8.27816068251,0.0,0.22792495552,0.22792495552,0.22792495552,0.0698929014045,0.0152278824365,0.0862682554934,0.349753193554,0.688330250407
 03/14  07:00:00,0.927931589105,9.79546777706,0.0,8.51714971835,0.0,0.234505108703,0.234505108703,0.234505108703,0.109831712955,0.0239295318847,0.138447814423,0.40410542114,1.25048420117
 03/14  08:00:00,1.12541102657,9.1593116754,0.0,7.72207094329,0.0,0.212613978368,0.212613978368,0.212613978368,0.194701684364,0.0424205362792,0.214170541178,0.42939228638,1.40766517311
 03/14  09:00:00,1.04921230888,8.85347897127,0.0,7.45911692933,0.0,0.205373990617,0.205373990617,0.205373990617,0.154762864455,0.0337188850097,0.275218193109,0.363026375692,1.36935761514
 03/14  10:00:00,0.956619476872,8.41744191402,0.0,7.1486278259,0.0,0.196825205712,0.196825205712,0.196825205712,0.0798775980226,0.0174032934326,0.336436577975,0.30896480173,1.24753329894
 03/14  11:00:00,0.989221414229,9.30252751972,0.0,8.17905722009,0.0,0.225196311667,0.225196311667,0.225196311667,0.0649005530955,0.0141401751172,0.351641232033,0.316231142316,1.10168902153
 03/14  12:00:00,0.966078957276,7.77368389994,0.0,6.78243380907,0.0,0.186742681562,0.186742681562,0.186742681562,0.0649005530955,0.0141401751172,0.366855520645,0.316328026857,0.969462139578
 03/14  13:00:00,0.935572950744,7.10811288156,0.0,6.21878393164,0.0,0.171223548971,0.171223548971,0.171223548971,0.0649005530955,0.0141401751172,0.357197296466,0.310999377094,0.867908023836
 03/14  14:00:00,0.910495047597,6.92482842416,0.0,6.09610151045,0.0,0.167845698931,0.167845698931,0.167845698931,0.0649005530955,0.0141401751172,0.324743059292,0.321753561161,0.806565264015
 03/14  15:00:00,0.903837601491,6.87724079905,0.0,6.10716071045,0.0,0.168150195034,0.168150195034,0.168150195034,0.0649005530955,0.0141401751172,0.299663707888,0.339870970357,0.746670553179
 03/14  16:00:00,0.951603991255,7.18240041674,0.0,6.40362240575,0.0,0.176312759317,0.176312759317,0.176312759317,0.0748852497136,0.0163155879346,0.308214938409,0.358763455881,0.754067204359
 03/14  17:00:00,1.11699556283,7.43032934047,0.0,6.57456960152,0.0,0.18101949714,0.18101949714,0.18101949714,0.114824044545,0.0250172337403,0.354668497169,0.42435429024,0.826531185607
 03/14  18:00:00,1.45576147878,8.44287252074,0.0,7.42660752338,0.0,0.204478899885,0.204478899885,0.204478899885,0.22964808909,0.0500344674805,0.438965378865,0.515522643463,0.980756976284
 03/14  19:00:00,1.73175089287,7.92739178157,0.0,6.76762864125,0.0,0.18633504666,0.18633504666,0.18633504666,0.44431918341,0.0968058293945,0.397476839177,0.559701994228,1.12121214656
 03/14  20:00:00,1.90840150243,7.81594252146,0.0,6.63230740225,0.0,0.18260920845,0.18260920845,0.18260920845,0.663982525726,0.144664874951,0.322310374418,0.577722518882,1.14384291292
 03/14  21:00:00,1.96359526328,8.12818321753,0.0,7.0268617845,0.0,0.193472586617,0.193472586617,0.193472586617,0.713906008817,0.155541929932,0.2859788881,0.597583849817,1.06016122367
 03/14  22:00:00,1.79574601292,8.10498386831,0.0,7.10719946508,0.0,0.195684546855,0.195684546855,0.195684546855,0.599081964271,0.130524696192,0.269710329714,0.583632475892,0.957585132608
 03/14  23:00:00,1.49194492817,8.25818100062,0.0,7.43192977593,0.0,0.20462543898,0.20462543898,0.20462543898,0.449311515,0.09789353125,0.217943329922,0.505059113019,0.791463907666
 03/14  24:00:00,1.20158644076,8.44235687085,0.0,7.80017995437,0.0,0.214764576013,0.214764576013,0.214764576013,0.3145180605,0.068525471875,0.147779360955,0.438886971413,0.61194738528
 03/15  01:00:00,0.894629061222,8.49738950921,0.0,8.0502384137,0.0,0.221649506786,0.221649506786,0.221649506786,0.159755196045,0.0348065868652,0.0982793958339,0.363026375692,0.422146668716
 03/15  02:00:00,0.773318575204,8.44219801393,0.0,8.08348240193,0.0,0.222564822981,0.222564822981,0.222564822981,0.0948546345905,0.0206664081055,0.0838690425574,0.33425166697,0.335693121348
 03/15  03:00:00,0.724771535047,8.56650525468,0.0,8.23216182716,0.0,0.226658455936,0.226658455936,0.226658455936,0.0649005530955,0.0141401751172,0.0715840655737,0.330376285324,0.311587864306
 03/15  04:00:00,0.715155287467,8.66401934312,0.0,8.32318516274,0.0,0.229164627357,0.229164627357,0.229164627357,0.0649005530955,0.0141401751172,0.064112104549,0.325725827349,0.318398930078
 03/15  05:00:00,0.71977061599,8.98926745566,0.0,8.58031439947,0.0,0.236244239857,0.236244239857,0.236244239857,0.0649005530955,0.0141401751172,0.0739521572983,0.313421490622,0.387365300469
 03/15  06:00:00,0.771315168212,9.17647886653,0.0,8.46469780817,0.0,0.233060935323,0.233060935323,0.233060935323,0.0698929014045,0.0152278824365,0.0862682554934,0.349753193554,0.687690858007
 03/15  07:00:00,0.940043904502,10.2342094813,0.0,8.95706509692,0.0,0.2466174241,0.2466174241,0.2466174241,0.109831712955,0.0239295318847,0.138447814423,0.40410542114,1.24931052686
 03/15  08:00:00,1.15626240428,10.2787534848,0.0,8.84258300554,0.0,0.243465356076,0.243465356076,0.243465356076,0.194701684364,0.0424205362792,0.214170541178,0.42939228638,1.40659492026
 03/15  09:00:00,1.06414712244,9.39382315818,0.0,8.00154452825,0.0,0.220308804171,0.220308804171,0.220308804171,0.154762864455,0.0337188850097,0.275218193109,0.363026375692,1.36727420313
 03/15  10:00:00,0.96477027253,8.71170209602,0.0,7.44466208856,0.0,0.20497600137,0.20497600137,0.20497600137,0.0798775980226,0.0174032934326,0.336436577975,0.30896480173,1.24575921827
 03/15  11:00:00,0.984288486577,9.12208960459,0.0,7.9998948829,0.0,0.220263384015,0.220263384015,0.220263384015,0.0649005530955,0.0141401751172,0.351641232033,0.316231142316,1.10041344358
 03/15  12:00:00,0.951200438449,7.23223894189,0.0,6.2420508164,0.0,0.171864162735,0.171864162735,0.171864162735,0.0649005530955,0.0141401751172,0.366855520645,0.316328026857,0.968400174192
 03/15  13:00:00,0.912130802171,6.25624909777,0.0,5.36737267577,0.0,0.147781400399,0.147781400399,0.147781400399,0.0649005530955,0.0141401751172,0.357197296466,0.310999377094,0.867455495919
 03/15  14:00:00,0.882175284091,5.89642620656,0.0,5.06753685742,0.0,0.139525935425,0.139525935425,0.139525935425,0.0649005530955,0.0141401751172,0.324743059292,0.321753561161,0.806727699445
 03/15  15:00:00,0.868634254808,5.59862248949,0.0,4.82858654229,0.0,0.13294684835,0.13294684835,0.13294684835,0.0649005530955,0.0141401751172,0.299663707888,0.339870970357,0.746626411787
 03/15  16:00:00,0.911987617649,5.74408295351,0.0,4.96476852678,0.0,0.136696385711,0.136696385711,0.136696385711,0.0748852497136,0.0163155879346,0.308214938409,0.358763455881,0.754603620098
 03/15  17:00:00,1.08108692121,6.12678772835,0.0,5.27037934927,0.0,0.145110855518,0.145110855518,0.145110855518,0.114824044545,0.0250172337403,0.354668497169,0.42435429024,0.827179825733
 03/15  18:00:00,1.42802362061,7.43579516566,0.0,6.41917748367,0.0,0.176741041707,0.176741041707,0.176741041707,0.22964808909,0.0500344674805,0.438965378865,0.515522643463,0.981109660909
 03/15  19:00:00,1.70249404505,6.86481033574,0.0,5.70502938917,0.0,0.157078198846,0.157078198846,0.157078198846,0.44431918341,0.0968058293945,0.397476839177,0.559701994228,1.12122995281
 03/15  20:00:00,1.88279637173,6.88618848254,0.0,5.70233733502,0.0,0.157004077753,0.157004077753,0.157004077753,0.663982525726,0.144664874951,0.322310374418,0.577722518882,1.14405894123
 03/15  21:00:00,1.94098729027,7.30754091438,0.0,6.20574751521,0.0,0.170864613605,0.170864613605,0.170864613605,0.713906008817,0.155541929932,0.2859788881,0.597583849817,1.06063318981
 03/15  22:00:00,1.77929978052,7.50794171339,0.0,6.50987762213,0.0,0.179238314448,0.179238314448,0.179238314448,0.599081964271,0.130524696192,0.269710329714,0.583632475892,0.957864820639
 03/15  23:00:00,1.48150986545,7.87958301632,0.0,7.05293167211,0.0,0.194190376257,0.194190376257,0.194190376257,0.449311515,0.09789353125,0.217943329922,0.505059113019,0.791864027185
 03/15  24:00:00,1.20163894639,8.44446160375,0.0,7.80208694209,0.0,0.214817081649,0.214817081649,0.214817081649,0.3145180605,0.068525471875,0.147779360955,0.438886971413,0.612145130465
 03/16  01:00:00,0.906286390255,8.92084423258,0.0,8.47362883467,0.0,0.233306835819,0.233306835819,0.233306835819,0.159755196045,0.0348065868652,0.0982793958339,0.363026375692,0.422210971121
 03/16  02:00:00,0.798097022761,9.3424760412,0.0,8.98342760483,0.0,0.247343270538,0.247343270538,0.247343270538,0.0948546345905,0.0206664081055,0.0838690425574,0.33425166697,0.336025945727
 03/16  03:00:00,0.762296772117,9.92932088797,0.0,9.59506630337,0.0,0.264183693007,0.264183693007,0.264183693007,0.0649005530955,0.0141401751172,0.0715840655737,0.330376285324,0.311499021384
 03/16  04:00:00,0.754590888675,10.095899609,0.0,9.7554734467,0.0,0.268600228565,0.268600228565,0.268600228565,0.0649005530955,0.0141401751172,0.064112104549,0.325725827349,0.317990911966
 03/16  05:00:00,0.756625843738,10.3271669827,0.0,9.91888435375,0.0,0.273099467605,0.273099467605,0.273099467605,0.0649005530955,0.0141401751172,0.0739521572983,0.313421490622,0.386694873182
 03/16  06:00:00,0.813197111649,10.6965196671,0.0,9.98583645084,0.0,0.27494287876,0.27494287876,0.27494287876,0.0698929014045,0.0152278824365,0.0862682554934,0.349753193554,0.686593015865
 03/16  07:00:00,0.994559401245,12.2122152051,0.0,10.9370503104,0.0,0.301132920843,0.301132920843,0.301132920843,0.109831712955,0.0239295318847,0.138447814423,0.40410542114,1.2473310371
 03/16  08:00:00,1.18497757413,11.3185829912,0.0,9.88550868938,0.0,0.272180525933,0.272180525933,0.272180525933,0.194701684364,0.0424205362792,0.214170541178,0.42939228638,1.40349874278
 03/16  09:00:00,1.08764218515,10.2449102953,0.0,8.85487760878,0.0,0.243803866888,0.243803866888,0.243803866888,0.154762864455,0.0337188850097,0.275218193109,0.363026375692,1.36502825969
 03/16  10:00:00,0.973659146168,9.03263007439,0.0,7.76750310476,0.0,0.213864875007,0.213864875007,0.213864875007,0.0798775980226,0.0174032934326,0.336436577975,0.30896480173,1.24384618045
 03/16  11:00:00,0.98400188679,9.11015290146,0.0,7.98948567131,0.0,0.219976784228,0.219976784228,0.219976784228,0.0649005530955,0.0141401751172,0.351641232033,0.316231142316,1.09888595204
 03/16  12:00:00,0.937207319324,6.72292333615,0.0,5.73382525461,0.0,0.15787104361,0.15787104361,0.15787104361,0.0649005530955,0.0141401751172,0.366855520645,0.316328026857,0.967310130255
 03/16  13:00:00,0.892407250241,5.53934227633,0.0,4.65101964747,0.0,0.128057848468,0.128057848468,0.128057848468,0.0649005530955,0.0141401751172,0.357197296466,0.310999377094,0.866901702783
 03/16  14:00:00,0.843696252439,4.49896714617,0.0,3.66999087043,0.0,0.101046903773,0.101046903773,0.101046903773,0.0649005530955,0.0141401751172,0.324743059292,0.321753561161,0.806814626046
 03/16  15:00:00,0.821743942405,3.89592812738,0.0,3.12554555832,0.0,0.0860565359478,0.0860565359478,0.0860565359478,0.0649005530955,0.0141401751172,0.299663707888,0.339870970357,0.746973033646
 03/16  16:00:00,0.865438256226,4.05439038956,0.0,3.27411077214,0.0,0.0901470242883,0.0901470242883,0.0901470242883,0.0748852497136,0.0163155879346,0.308214938409,0.358763455881,0.755568810795
 03/16  17:00:00,1.02267888488,4.00599169039,0.0,3.14901835652,0.0,0.0867028191853,0.0867028191853,0.0867028191853,0.114824044545,0.0250172337403,0.354668497169,0.42435429024,0.827744780529
 03/16  18:00:00,1.37014483809,5.33452846133,0.0,4.31703881858,0.0,0.118862259195,0.118862259195,0.118862259195,0.22964808909,0.0500344674805,0.438965378865,0.515522643463,0.981981621668
 03/16  19:00:00,1.64813428865,4.89134801388,0.0,3.73070061441,0.0,0.102718442443,0.102718442443,0.102718442443,0.44431918341,0.0968058293945,0.397476839177,0.559701994228,1.12209640571
 03/16  20:00:00,1.83359010008,5.09965305728,0.0,3.91518146012,0.0,0.107797806104,0.107797806104,0.107797806104,0.663982525726,0.144664874951,0.322310374418,0.577722518882,1.14467939087
 03/16  21:00:00,1.88397109798,5.23699977832,0.0,4.13493784807,0.0,0.113848421316,0.113848421316,0.113848421316,0.713906008817,0.155541929932,0.2859788881,0.597583849817,1.06090172089
 03/16  22:00:00,1.72461985387,5.52267254286,0.0,4.52392036762,0.0,0.1245583878,0.1245583878,0.1245583878,0.599081964271,0.130524696192,0.269710329714,0.583632475892,0.958552904623
 03/16  23:00:00,1.42596751765,5.8634534368,0.0,5.03565156026,0.0,0.138648028458,0.138648028458,0.138648028458,0.449311515,0.09789353125,0.217943329922,0.505059113019,0.793014559511
 03/16  24:00:00,1.13736296204,6.11120883235,0.0,5.4676039747,0.0,0.150541097296,0.150541097296,0.150541097296,0.3145180605,0.068525471875,0.147779360955,0.438886971413,0.613375326449
 03/17  01:00:00,0.835443616412,6.34926653247,0.0,5.90064219647,0.0,0.162464061976,0.162464061976,0.162464061976,0.159755196045,0.0348065868652,0.0982793958339,0.363026375692,0.423619909207
 03/17  02:00:00,0.721761228994,6.57169607501,0.0,6.21093625921,0.0,0.171007476771,0.171007476771,0.171007476771,0.0948546345905,0.0206664081055,0.0838690425574,0.33425166697,0.33773732515
 03/17  03:00:00,0.676744921513,6.82418929064,0.0,6.48785075354,0.0,0.178631842403,0.178631842403,0.178631842403,0.0649005530955,0.0141401751172,0.0715840655737,0.330376285324,0.313582973882
 03/17  04:00:00,0.665750242006,6.87116963618,0.0,6.52880988726,0.0,0.179759581896,0.179759581896,0.179759581896,0.0649005530955,0.0141401751172,0.064112104549,0.325725827349,0.319924498622
 03/17  05:00:00,0.664515366459,6.98340858632,0.0,6.57346160389,0.0,0.180988990326,0.180988990326,0.180988990326,0.0649005530955,0.0141401751172,0.0739521572983,0.313421490622,0.388359226708
 03/17  06:00:00,0.717189260306,7.21092829198,0.0,6.49886233524,0.0,0.178935027418,0.178935027418,0.178935027418,0.0698929014045,0.0152278824365,0.0862682554934,0.349753193554,0.687975756383
 03/17  07:00:00,0.865803518254,7.53643624906,0.0,6.2606782748,0.0,0.172377037852,0.172377037852,0.172377037852,0.109831712955,0.0239295318847,0.138447814423,0.40410542114,1.24792411673
 03/17  08:00:00,1.07286209624,7.24788105015,0.0,5.81351078614,0.0,0.160065048042,0.160065048042,0.160065048042,0.194701684364,0.0424205362792,0.214170541178,0.42939228638,1.40479470501
 03/17  09:00:00,0.995905006532,6.91432961176,0.0,5.52301294545,0.0,0.152066688267,0.152066688267,0.152066688267,0.154762864455,0.0337188850097,0.275218193109,0.363026375692,1.3663122395
 03/17  10:00:00,0.900772492868,6.38633312389,0.0,5.1202834256,0.0,0.140978221708,0.140978221708,0.140978221708,0.0798775980226,0.0174032934326,0.336436577975,0.30896480173,1.24476890911
 03/17  11:00:00,0.910214378989,6.43088499877,0.0,5.30954724797,0.0,0.146189276428,0.146189276428,0.146189276428,0.0649005530955,0.0141401751172,0.351641232033,0.316231142316,1.09955647269
 03/17  12:00:00,0.919662823194,6.08710426787,0.0,5.09661482835,0.0,0.140326547479,0.140326547479,0.140326547479,0.0649005530955,0.0141401751172,0.366855520645,0.316328026857,0.96870148822
 03/17  13:00:00,0.890807247524,5.48110636376,0.0,4.59290806619,0.0,0.126457845751,0.126457845751,0.126457845751,0.0649005530955,0.0141401751172,0.357197296466,0.310999377094,0.86677737149
 03/17  14:00:00,0.860418616153,5.10519926069,0.0,4.27734171317,0.0,0.117769267487,0.117769267487,0.117769267487,0.0649005530955,0.0141401751172,0.324743059292,0.321753561161,0.805695897828
 03/17  15:00:00,0.850177933871,4.92730147123,0.0,4.15825893393,0.0,0.114490527414,0.114490527414,0.114490527414,0.0649005530955,0.0141401751172,0.299663707888,0.339870970357,0.745633001887
 03/17  16:00:00,0.884470174423,4.74337916207,0.0,3.96534388688,0.0,0.109178942485,0.109178942485,0.109178942485,0.0748852497136,0.0163155879346,0.308214938409,0.358763455881,0.753324468567
 03/17  17:00:00,1.04130014255,4.68030852315,0.0,3.82533641388,0.0,0.10532407686,0.10532407686,0.10532407686,0.114824044545,0.0250172337403,0.354668497169,0.42435429024,0.825743555926
 03/17  18:00:00,1.35029720795,4.61138499888,0.0,3.59617930967,0.0,0.0990146290506,0.0990146290506,0.0990146290506,0.22964808909,0.0500344674805,0.438965378865,0.515522643463,0.979697668123
 03/17  19:00:00,1.63761085335,4.50787451135,0.0,3.34849284717,0.0,0.0921950071425,0.0921950071425,0.0921950071425,0.44431918341,0.0968058293945,0.397476839177,0.559701994228,1.12083067043
 03/17  20:00:00,1.81081701659,4.2710246566,0.0,3.08807043161,0.0,0.0850247226122,0.0850247226122,0.0850247226122,0.663982525726,0.144664874951,0.322310374418,0.577722518882,1.14316201869
 03/17  21:00:00,1.85296437112,4.10957053928,0.0,3.00878355497,0.0,0.0828416944581,0.0828416944581,0.0828416944581,0.713906008817,0.155541929932,0.2859788881,0.597583849817,1.05962677495
 03/17  22:00:00,1.68569676536,4.10828827845,0.0,3.11024637901,0.0,0.085635299287,0.085635299287,0.085635299287,0.599081964271,0.130524696192,0.269710329714,0.583632475892,0.957842628823
 03/17  23:00:00,1.37854426747,4.1408600184,0.0,3.3132544487,0.0,0.0912247782824,0.0912247782824,0.0912247782824,0.449311515,0.09789353125,0.217943329922,0.505059113019,0.792818252669
 03/17  24:00:00,1.08130527553,4.07567324055,0.0,3.43160692751,0.0,0.0944834107859,0.0944834107859,0.0944834107859,0.3145180605,0.068525471875,0.147779360955,0.438886971413,0.613836781845
 03/18  01:00:00,0.780569067586,4.13542527258,0.0,3.66886228369,0.0,0.101015830073,0.101015830073,0.101015830073,0.159755196045,0.0348065868652,0.104853078911,0.363026375692,0.441558562095
 03/18  02:00:00,0.661314983048,4.24316103275,0.0,3.8721935143,0.0,0.10661420675,0.10661420675,0.10661420675,0.0948546345905,0.0206664081055,0.0878160666328,0.33425166697,0.347945027804
 03/18  03:00:00,0.607577137939,4.22532280725,0.0,3.88085988497,0.0,0.106852820401,0.106852820401,0.106852820401,0.0649005530955,0.0141401751172,0.074195304001,0.330376285324,0.321707359069
 03/18  04:00:00,0.595928992837,4.29441109054,0.0,3.9433336569,0.0,0.108572928555,0.108572928555,0.108572928555,0.0649005530955,0.0141401751172,0.0654775087209,0.325725827349,0.328642183337
 03/18  05:00:00,0.643205519156,6.1291380003,0.0,5.7024793324,0.0,0.157007987407,0.157007987407,0.157007987407,0.0649005530955,0.0141401751172,0.0766233129137,0.313421490622,0.405070912175
 03/18  06:00:00,0.694355140105,6.27482312095,0.0,5.52074392268,0.0,0.152004214617,0.152004214617,0.152004214617,0.0698929014045,0.0152278824365,0.0903649480936,0.349753193554,0.729988997913
 03/18  07:00:00,0.873487701877,7.52370843981,0.0,6.15385017135,0.0,0.169435709257,0.169435709257,0.169435709257,0.109831712955,0.0239295318847,0.149073326641,0.40410542114,1.34202441093
 03/18  08:00:00,1.09597687507,7.43305231709,0.0,5.88445825666,0.0,0.162018464952,0.162018464952,0.162018464952,0.194701684364,0.0424205362792,0.235331903097,0.42939228638,1.51901850143
 03/18  09:00:00,1.04321748108,7.57375304581,0.0,6.06327444267,0.0,0.166941861925,0.166941861925,0.166941861925,0.154762864455,0.0337188850097,0.307655494001,0.363026375692,1.48547417634
 03/18  10:00:00,0.963842979124,7.15196573026,0.0,5.77546960971,0.0,0.159017649498,0.159017649498,0.159017649498,0.0798775980226,0.0174032934326,0.381467636441,0.30896480173,1.35521533137
 03/18  11:00:00,0.986689167949,7.4541918545,0.0,6.23782587056,0.0,0.171747836098,0.171747836098,0.171747836098,0.0649005530955,0.0141401751172,0.402557461323,0.316231142316,1.19458470583
 03/18  12:00:00,0.970884724891,6.11965557376,0.0,5.05060296189,0.0,0.139059689657,0.139059689657,0.139059689657,0.0649005530955,0.0141401751172,0.419344280164,0.316328026857,1.04726466058
 03/18  13:00:00,0.937203625437,5.49867789003,0.0,4.54154738804,0.0,0.125043717573,0.125043717573,0.125043717573,0.0649005530955,0.0141401751172,0.405007802557,0.310999377094,0.935709575917
 03/18  14:00:00,0.896189180154,4.88130239497,0.0,3.99341378461,0.0,0.109951798973,0.109951798973,0.109951798973,0.0649005530955,0.0141401751172,0.368331091807,0.321753561161,0.865726960667
 03/18  15:00:00,0.880980145129,4.67954423504,0.0,3.85595715686,0.0,0.106167166497,0.106167166497,0.106167166497,0.0649005530955,0.0141401751172,0.338789280063,0.339870970357,0.800177542763
 03/18  16:00:00,0.925649464563,4.94747298011,0.0,4.11499247832,0.0,0.11329925977,0.11329925977,0.11329925977,0.0748852497136,0.0163155879346,0.345273911264,0.358763455881,0.807769695161
 03/18  17:00:00,1.08360891552,4.97849838641,0.0,4.05745015431,0.0,0.111714930576,0.111714930576,0.111714930576,0.114824044545,0.0250172337403,0.390586416417,0.42435429024,0.891819678764
 03/18  18:00:00,1.43277212837,6.4017599719,0.0,5.30767107612,0.0,0.146137619254,0.146137619254,0.146137619254,0.22964808909,0.0500344674805,0.47431730908,0.515522643463,1.05858087471
 03/18  19:00:00,1.71149053141,6.04524591372,0.0,4.78563929868,0.0,0.131764369662,0.131764369662,0.131764369662,0.44431918341,0.0968058293945,0.431787154716,0.559701994228,1.22105562128
 03/18  20:00:00,1.89539592765,6.21133863994,0.0,4.9161907329,0.0,0.135358879478,0.135358879478,0.135358879478,0.663982525726,0.144664874951,0.356555128611,0.577722518882,1.25535570074
 03/18  21:00:00,1.95165479309,6.53518244339,0.0,5.32725198888,0.0,0.146676746101,0.146676746101,0.146676746101,0.713906008817,0.155541929932,0.320834258427,0.597583849817,1.16677024514
 03/18  22:00:00,1.79835667549,6.99629819988,0.0,5.9087883359,0.0,0.162688351953,0.162688351953,0.162688351953,0.599081964271,0.130524696192,0.305317187182,0.583632475892,1.04731059335
 03/18  23:00:00,1.49161836669,7.28962342929,0.0,6.3924688603,0.0,0.176005665573,0.176005665573,0.176005665573,0.449311515,0.09789353125,0.246236541847,0.505059113019,0.86236725196
 03/18  24:00:00,1.19446657417,7.66366906011,0.0,6.97736814299,0.0,0.192109864091,0.192109864091,0.192109864091,0.3145180605,0.068525471875,0.16331420629,0.438886971413,0.656071385932
 03/19  01:00:00,0.888598943688,8.05679858952,0.0,7.59247245109,0.0,0.209045706175,0.209045706175,0.209045706175,0.159755196045,0.0348065868652,0.104853078911,0.363026375692,0.43932171164
 03/19  02:00:00,0.775786904212,8.39817604816,0.0,8.02977667525,0.0,0.221086127914,0.221086127914,0.221086127914,0.0948546345905,0.0206664081055,0.0878160666328,0.33425166697,0.34537688226
 03/19  03:00:00,0.731475292165,8.72268924047,0.0,8.38080078265,0.0,0.230750974627,0.230750974627,0.230750974627,0.0649005530955,0.0141401751172,0.074195304001,0.330376285324,0.319132894603
 03/19  04:00:00,0.724274419156,8.95316795526,0.0,8.60479803891,0.0,0.236918354874,0.236918354874,0.236918354874,0.0649005530955,0.0141401751172,0.0654775087209,0.325725827349,0.325934666046
 03/19  05:00:00,0.726868992965,9.16431266285,0.0,8.74110964766,0.0,0.240671461216,0.240671461216,0.240671461216,0.0649005530955,0.0141401751172,0.0766233129137,0.313421490622,0.401615259462
 03/19  06:00:00,0.78332195407,9.50263347607,0.0,8.75198983749,0.0,0.240971028581,0.240971028581,0.240971028581,0.0698929014045,0.0152278824365,0.0903649480936,0.349753193554,0.726553438217
 03/19  07:00:00,0.937387151491,9.83999619961,0.0,8.47465751879,0.0,0.233335158872,0.233335158872,0.233335158872,0.109831712955,0.0239295318847,0.149073326641,0.40410542114,1.33750482328
 03/19  08:00:00,1.15525237192,9.58147696273,0.0,8.03732513475,0.0,0.221293961799,0.221293961799,0.221293961799,0.194701684364,0.0424205362792,0.235331903097,0.42939228638,1.51457626898
 03/19  09:00:00,1.08386352564,9.04649847074,0.0,7.5395256376,0.0,0.207587906481,0.207587906481,0.207587906481,0.154762864455,0.0337188850097,0.307655494001,0.363026375692,1.48196840634
 03/19  10:00:00,0.982309202876,7.81911770562,0.0,6.44615688513,0.0,0.17748387325,0.17748387325,0.17748387325,0.0798775980226,0.0174032934326,0.381467636441,0.30896480173,1.35168003131
 03/19  11:00:00,0.993097298082,7.68432632655,0.0,6.47056708486,0.0,0.178155966231,0.178155966231,0.178155966231,0.0649005530955,0.0141401751172,0.402557461323,0.316231142316,1.19197796359
 03/19  12:00:00,0.960772869176,5.75044146265,0.0,4.68334363213,0.0,0.128947833943,0.128947833943,0.128947833943,0.0649005530955,0.0141401751172,0.419344280164,0.316328026857,1.04530987923
 03/19  13:00:00,0.911790767441,4.57454027906,0.0,3.61856060313,0.0,0.0996308595772,0.0996308595772,0.0996308595772,0.0649005530955,0.0141401751172,0.405007802557,0.310999377094,0.934558749844
 03/19  14:00:00,0.866879618931,3.8166367005,0.0,2.92889999856,0.0,0.0806422377505,0.0806422377505,0.0806422377505,0.0649005530955,0.0141401751172,0.368331091807,0.321753561161,0.865575052242
 03/19  15:00:00,0.843297629677,3.3111841367,0.0,2.48734038067,0.0,0.068484651044,0.068484651044,0.068484651044,0.0649005530955,0.0141401751172,0.338789280063,0.339870970357,0.800434220619
 03/19  16:00:00,0.876311552197,3.1553401801,0.0,2.32305545513,0.0,0.0639613474041,0.0639613474041,0.0639613474041,0.0748852497136,0.0163155879346,0.345273911264,0.358763455881,0.807573918346
 03/19  17:00:00,1.03711312678,3.29019203567,0.0,2.3687381423,0.0,0.0652191418396,0.0652191418396,0.0652191418396,0.114824044545,0.0250172337403,0.390586416417,0.42435429024,0.89222534003
 03/19  18:00:00,1.37308132016,4.23400545298,0.0,3.13972022371,0.0,0.0864468110467,0.0864468110467,0.0864468110467,0.22964808909,0.0500344674805,0.47431730908,0.515522643463,1.05877720819
 03/19  19:00:00,1.65558554391,4.01514713761,0.0,2.75518823034,0.0,0.0758593821664,0.0758593821664,0.0758593821664,0.44431918341,0.0968058293945,0.431787154716,0.559701994228,1.22140791351
 03/19  20:00:00,1.84013278358,4.20440827617,0.0,2.90905121038,0.0,0.080095735413,0.080095735413,0.080095735413,0.663982525726,0.144664874951,0.356555128611,0.577722518882,1.25556485949
 03/19  21:00:00,1.89360312295,4.42703624241,0.0,3.2188341009,0.0,0.0886250759574,0.0886250759574,0.0886250759574,0.713906008817,0.155541929932,0.320834258427,0.597583849817,1.16704193215
 03/19  22:00:00,1.73631047662,4.74331663779,0.0,3.65529045642,0.0,0.100642153088,0.100642153088,0.100642153088,0.599081964271,0.130524696192,0.305317187182,0.583632475892,1.04782691074
 03/19  23:00:00,1.4312335081,5.09732188097,0.0,4.19931032259,0.0,0.115620806989,0.115620806989,0.115620806989,0.449311515,0.09789353125,0.246236541847,0.505059113019,0.86322424135
 03/19  24:00:00,1.13214087085,5.4014523665,0.0,4.71371875207,0.0,0.12978416077,0.12978416077,0.12978416077,0.3145180605,0.068525471875,0.16331420629,0.438886971413,0.657504083241
 03/20  01:00:00,0.818636682354,5.73982152043,0.0,5.29021978617,0.0,0.145657127918,0.145657127918,0.145657127918,0.159755196045,0.0348065868652,0.0982793958339,0.363026375692,0.424597307461
 03/20  02:00:00,0.711176807387,6.18776633016,0.0,5.82651348902,0.0,0.160423055164,0.160423055164,0.160423055164,0.0948546345905,0.0206664081055,0.0838690425574,0.33425166697,0.338230350491
 03/20  03:00:00,0.665828192729,6.42849245702,0.0,6.09135869416,0.0,0.167715113619,0.167715113619,0.167715113619,0.0649005530955,0.0141401751172,0.0715840655737,0.330376285324,0.314378199641
 03/20  04:00:00,0.655402328602,6.49599670554,0.0,6.15297701855,0.0,0.169411668492,0.169411668492,0.169411668492,0.0649005530955,0.0141401751172,0.064112104549,0.325725827349,0.320584436683
 03/20  05:00:00,0.653671705144,6.58988278652,0.0,6.17962333135,0.0,0.170145329011,0.170145329011,0.170145329011,0.0649005530955,0.0141401751172,0.0739521572983,0.313421490622,0.388671699451
 03/20  06:00:00,0.711284826084,6.99554677056,0.0,6.28441519357,0.0,0.173030593196,0.173030593196,0.173030593196,0.0698929014045,0.0152278824365,0.0862682554934,0.349753193554,0.687041376638
 03/20  07:00:00,0.873601573891,7.81637689905,0.0,6.54390113396,0.0,0.180175093489,0.180175093489,0.180175093489,0.109831712955,0.0239295318847,0.138447814423,0.40410542114,1.24464190756
 03/20  08:00:00,1.06959904358,7.12469228828,0.0,5.69499776868,0.0,0.156801995383,0.156801995383,0.156801995383,0.194701684364,0.0424205362792,0.214170541178,0.42939228638,1.4001189606
 03/20  09:00:00,0.978111874037,6.26365743243,0.0,4.87677212685,0.0,0.134273555772,0.134273555772,0.134273555772,0.154762864455,0.0337188850097,0.275218193109,0.363026375692,1.36188087879
 03/20  10:00:00,0.874341148067,5.42312772349,0.0,4.16030552928,0.0,0.114546876906,0.114546876906,0.114546876906,0.0798775980226,0.0174032934326,0.336436577975,0.30896480173,1.24154140504
 03/20  11:00:00,0.880314183107,5.3425822653,0.0,4.22358180209,0.0,0.116289080546,0.116289080546,0.116289080546,0.0649005530955,0.0141401751172,0.351641232033,0.316231142316,1.0972191851
 03/20  12:00:00,0.858484851857,3.86319949481,0.0,2.87465069195,0.0,0.0791485761425,0.0791485761425,0.0791485761425,0.0649005530955,0.0141401751172,0.366855520645,0.316328026857,0.966760851563
 03/20  13:00:00,0.823924093602,3.0514620817,0.0,2.16373354312,0.0,0.0595746918294,0.0595746918294,0.0595746918294,0.0649005530955,0.0141401751172,0.357197296466,0.310999377094,0.866307612496
 03/20  14:00:00,0.792188105322,2.62770808571,0.0,1.79923162285,0.0,0.0495387566559,0.0495387566559,0.0495387566559,0.0649005530955,0.0141401751172,0.324743059292,0.321753561161,0.806314813169
 03/20  15:00:00,0.781068897574,2.41807116559,0.0,1.64824108274,0.0,0.0453814911161,0.0453814911161,0.0453814911161,0.0649005530955,0.0141401751172,0.299663707888,0.339870970357,0.746420547429
 03/20  16:00:00,0.824036292121,2.54939053483,0.0,1.77040482361,0.0,0.0487450601831,0.0487450601831,0.0487450601831,0.0748852497136,0.0163155879346,0.308214938409,0.358763455881,0.754274904593
 03/20  17:00:00,0.990882468149,2.85005246333,0.0,1.99418278256,0.0,0.0549064024543,0.0549064024543,0.0549064024543,0.114824044545,0.0250172337403,0.354668497169,0.42435429024,0.826641127429
 03/20  18:00:00,1.33053320007,3.89366173074,0.0,2.87835693449,0.0,0.0792506211739,0.0792506211739,0.0792506211739,0.22964808909,0.0500344674805,0.438965378865,0.515522643463,0.979796775168
 03/20  19:00:00,1.61405536667,3.65060525877,0.0,2.49296518792,0.0,0.0686395204638,0.0686395204638,0.0686395204638,0.44431918341,0.0968058293945,0.397476839177,0.559701994228,1.1190890771
 03/20  20:00:00,1.79407102637,3.66098282775,0.0,2.47986148184,0.0,0.0682787323928,0.0682787323928,0.0682787323928,0.663982525726,0.144664874951,0.322310374418,0.577722518882,1.14132913961
 03/20  21:00:00,1.84622215734,3.86339054714,0.0,2.76390853053,0.0,0.0760994806749,0.0760994806749,0.0760994806749,0.713906008817,0.155541929932,0.2859788881,0.597583849817,1.05832180725
 03/20  22:00:00,1.68418633113,4.05204114162,0.0,3.05538789624,0.0,0.0841248650584,0.0841248650584,0.0841248650584,0.599081964271,0.130524696192,0.269710329714,0.583632475892,0.95645397476
 03/20  23:00:00,1.38566872891,4.39853348062,0.0,3.57201258424,0.0,0.0983492397171,0.0983492397171,0.0983492397171,0.449311515,0.09789353125,0.217943329922,0.505059113019,0.791733579356
 03/20  24:00:00,1.09508990678,4.575923331,0.0,3.93226027706,0.0,0.108268042035,0.108268042035,0.108268042035,0.3145180605,0.068525471875,0.147779360955,0.438886971413,0.613433522747
 03/21  01:00:00,0.79106444899,4.73861830342,0.0,4.28880518618,0.0,0.118084894554,0.118084894554,0.118084894554,0.159755196045,0.0348065868652,0.0982793958339,0.363026375692,0.424808690441
 03/21  02:00:00,0.675596278872,4.89642946208,0.0,4.53424019871,0.0,0.124842526649,0.124842526649,0.124842526649,0.0948546345905,0.0206664081055,0.0838690425574,0.33425166697,0.339166772724
 03/21  03:00:00,0.627347515924,5.03161164973,0.0,4.69375295573,0.0,0.129234436814,0.129234436814,0.129234436814,0.0649005530955,0.0141401751172,0.0715840655737,0.330376285324,0.315103130783
 03/21  04:00:00,0.61807767511,5.14135274175,0.0,4.79735767304,0.0,0.132087015,0.132087015,0.132087015,0.0649005530955,0.0141401751172,0.064112104549,0.325725827349,0.321559818409
 03/21  05:00:00,0.616778380432,5.25107707762,0.0,4.83966970764,0.0,0.133252004298,0.133252004298,0.133252004298,0.0649005530955,0.0141401751172,0.0739521572983,0.313421490622,0.389819614252
 03/21  06:00:00,0.672846406111,5.60000209286,0.0,4.88834420962,0.0,0.134592173223,0.134592173223,0.134592173223,0.0698929014045,0.0152278824365,0.0862682554934,0.349753193554,0.687567682882
 03/21  07:00:00,0.819385710427,5.84683540083,0.0,4.57479850424,0.0,0.125959230025,0.125959230025,0.125959230025,0.109831712955,0.0239295318847,0.138447814423,0.40410542114,1.24420303906
 03/21  08:00:00,1.03508124427,5.87088470685,0.0,4.44132245946,0.0,0.122284196073,0.122284196073,0.122284196073,0.194701684364,0.0424205362792,0.214170541178,0.42939228638,1.39998668839
 03/21  09:00:00,0.964955162922,5.78558942587,0.0,4.39892463352,0.0,0.121116844657,0.121116844657,0.121116844657,0.154762864455,0.0337188850097,0.275218193109,0.363026375692,1.36166036556
 03/21  10:00:00,0.875204621281,5.45350554769,0.0,4.1916665972,0.0,0.115410350121,0.115410350121,0.115410350121,0.0798775980226,0.0174032934326,0.336436577975,0.30896480173,1.2405581613
 03/21  11:00:00,0.880350240864,5.34258238648,0.0,4.22489140815,0.0,0.116325138302,0.116325138302,0.116325138302,0.0649005530955,0.0141401751172,0.351641232033,0.316231142316,1.09590970022
 03/21  12:00:00,0.881856011496,4.71116388512,0.0,3.72348365271,0.0,0.102519735781,0.102519735781,0.102519735781,0.0649005530955,0.0141401751172,0.366855520645,0.316328026857,0.965892281115
 03/21  13:00:00,0.863564672279,4.48955419678,0.0,3.60346654245,0.0,0.0992152705061,0.0992152705061,0.0992152705061,0.0649005530955,0.0141401751172,0.357197296466,0.310999377094,0.864666728245
 03/21  14:00:00,0.840549604479,4.38212185952,0.0,3.55570563404,0.0,0.0979002558134,0.0979002558134,0.0979002558134,0.0649005530955,0.0141401751172,0.324743059292,0.321753561161,0.804254575783
 03/21  15:00:00,0.831921349969,4.2630291299,0.0,3.49518571004,0.0,0.0962339435111,0.0962339435111,0.0962339435111,0.0649005530955,0.0141401751172,0.299663707888,0.339870970357,0.744433884448
 03/21  16:00:00,0.872638415575,4.31212848553,0.0,3.53561823145,0.0,0.0973471836375,0.0973471836375,0.0973471836375,0.0748852497136,0.0163155879346,0.308214938409,0.358763455881,0.751799447448
 03/21  17:00:00,1.03067584796,4.29256384911,0.0,3.43946546956,0.0,0.0946997822619,0.0946997822619,0.0946997822619,0.114824044545,0.0250172337403,0.354668497169,0.42435429024,0.823869826206
 03/21  18:00:00,1.38050463631,5.70593392083,0.0,4.69330333978,0.0,0.12922205741,0.12922205741,0.12922205741,0.22964808909,0.0500344674805,0.438965378865,0.515522643463,0.977122559969
 03/21  19:00:00,1.66240795945,5.40402872026,0.0,4.24911572212,0.0,0.116992113237,0.116992113237,0.116992113237,0.44431918341,0.0968058293945,0.397476839177,0.559701994228,1.11636200439
 03/21  20:00:00,1.845873976,5.53988363898,0.0,4.36132786142,0.0,0.120081682024,0.120081682024,0.120081682024,0.663982525726,0.144664874951,0.322310374418,0.577722518882,1.13876357127
 03/21  21:00:00,1.90210930477,5.89092806583,0.0,4.79371165351,0.0,0.131986628106,0.131986628106,0.131986628106,0.713906008817,0.155541929932,0.2859788881,0.597583849817,1.05605620296
 03/21  22:00:00,1.74297052351,6.18474843557,0.0,5.19041075525,0.0,0.142909057446,0.142909057446,0.142909057446,0.599081964271,0.130524696192,0.269710329714,0.583632475892,0.954138409696
 03/21  23:00:00,1.44028376255,6.38003692054,0.0,5.55561294557,0.0,0.152964273354,0.152964273354,0.152964273354,0.449311515,0.09789353125,0.217943329922,0.505059113019,0.789636657946
 03/21  24:00:00,1.16029166175,6.94201764465,0.0,6.30036693414,0.0,0.173469797012,0.173469797012,0.173469797012,0.3145180605,0.068525471875,0.147779360955,0.438886971413,0.611421179315
 03/22  01:00:00,0.85630481658,7.10669617592,0.0,6.65831424086,0.0,0.183325262144,0.183325262144,0.183325262144,0.159755196045,0.0348065868652,0.0982793958339,0.363026375692,0.42337750827
 03/22  02:00:00,0.74672910611,7.47789353262,0.0,7.11776148242,0.0,0.195975353886,0.195975353886,0.195975353886,0.0948546345905,0.0206664081055,0.0838690425574,0.33425166697,0.33710955956
 03/22  03:00:00,0.702037006119,7.74232462265,0.0,7.40645108797,0.0,0.203923927009,0.203923927009,0.203923927009,0.0649005530955,0.0141401751172,0.0715840655737,0.330376285324,0.313117971462
 03/22  04:00:00,0.694200642336,7.90428263741,0.0,7.5621192275,0.0,0.208209982226,0.208209982226,0.208209982226,0.0649005530955,0.0141401751172,0.064112104549,0.325725827349,0.319728159609
 03/22  05:00:00,0.692837983193,8.01151475054,0.0,7.60212988524,0.0,0.20931160706,0.20931160706,0.20931160706,0.0649005530955,0.0141401751172,0.0739521572983,0.313421490622,0.387797109574
 03/22  06:00:00,0.746235392562,8.26287607937,0.0,7.5538084664,0.0,0.207981159674,0.207981159674,0.207981159674,0.0698929014045,0.0152278824365,0.0862682554934,0.349753193554,0.684977412609
 03/22  07:00:00,0.896457452041,8.64259570087,0.0,7.37401923768,0.0,0.203030971639,0.203030971639,0.203030971639,0.109831712955,0.0239295318847,0.138447814423,0.40410542114,1.24074260566
 03/22  08:00:00,1.12976443423,9.30603470699,0.0,7.88018530184,0.0,0.216967386029,0.216967386029,0.216967386029,0.194701684364,0.0424205362792,0.214170541178,0.42939228638,1.39627384616
 03/22  09:00:00,1.04518293107,8.69554648971,0.0,7.31277123011,0.0,0.201344612805,0.201344612805,0.201344612805,0.154762864455,0.0337188850097,0.275218193109,0.363026375692,1.3577708328
 03/22  10:00:00,0.956134494856,8.38942313265,0.0,7.13101343593,0.0,0.196340223696,0.196340223696,0.196340223696,0.0798775980226,0.0174032934326,0.336436577975,0.30896480173,1.23712890755
 03/22  11:00:00,0.98820777671,9.25705479826,0.0,8.14224223318,0.0,0.224182674148,0.224182674148,0.224182674148,0.0649005530955,0.0141401751172,0.351641232033,0.316231142316,1.09303128698
 03/22  12:00:00,0.972890245912,8.01389227928,0.0,7.0298176098,0.0,0.193553970197,0.193553970197,0.193553970197,0.0649005530955,0.0141401751172,0.366855520645,0.316328026857,0.962286718192
 03/22  13:00:00,0.944927896325,7.44123195967,0.0,6.55855253015,0.0,0.180578494553,0.180578494553,0.180578494553,0.0649005530955,0.0141401751172,0.357197296466,0.310999377094,0.861258503444
 03/22  14:00:00,0.913460605816,7.0271814105,0.0,6.20380962602,0.0,0.17081125715,0.17081125715,0.17081125715,0.0649005530955,0.0141401751172,0.324743059292,0.321753561161,0.801210134785
 03/22  15:00:00,0.902206896461,6.81299229114,0.0,6.04793403107,0.0,0.166519490004,0.166519490004,0.166519490004,0.0649005530955,0.0141401751172,0.299663707888,0.339870970357,0.741648724648
 03/22  16:00:00,0.941559058127,6.81265829204,0.0,6.03879368268,0.0,0.166267826189,0.166267826189,0.166267826189,0.0748852497136,0.0163155879346,0.308214938409,0.358763455881,0.749153802729
 03/22  17:00:00,1.10375958283,6.9442892038,0.0,6.09384308792,0.0,0.16778351714,0.16778351714,0.16778351714,0.114824044545,0.0250172337403,0.354668497169,0.42435429024,0.821217562539
 03/22  18:00:00,1.44720975795,8.12536765326,0.0,7.11601178815,0.0,0.195927179056,0.195927179056,0.195927179056,0.22964808909,0.0500344674805,0.438965378865,0.515522643463,0.97384784403
 03/22  19:00:00,1.71790868056,7.41624711381,0.0,6.26488396626,0.0,0.172492834352,0.172492834352,0.172492834352,0.44431918341,0.0968058293945,0.397476839177,0.559701994228,1.11281215379
 03/22  20:00:00,1.88960444073,7.12450194342,0.0,5.94960419961,0.0,0.163812146752,0.163812146752,0.163812146752,0.663982525726,0.144664874951,0.322310374418,0.577722518882,1.13510553751
 03/22  21:00:00,1.93776561341,7.18279919755,0.0,6.08873725349,0.0,0.167642936747,0.167642936747,0.167642936747,0.713906008817,0.155541929932,0.2859788881,0.597583849817,1.05290173469
 03/22  22:00:00,1.77649020601,7.3994311693,0.0,6.4078347847,0.0,0.176428739946,0.176428739946,0.176428739946,0.599081964271,0.130524696192,0.269710329714,0.583632475892,0.951397113973
 03/22  23:00:00,1.4711176378,7.49760456897,0.0,6.67548932437,0.0,0.183798148609,0.183798148609,0.183798148609,0.449311515,0.09789353125,0.217943329922,0.505059113019,0.78732792757
 03/22  24:00:00,1.18357479775,7.78560962833,0.0,7.14600290466,0.0,0.196752933008,0.196752933008,0.196752933008,0.3145180605,0.068525471875,0.147779360955,0.438886971413,0.609377192477
 03/23  01:00:00,0.880336818234,7.97772507579,0.0,7.53114876994,0.0,0.207357263798,0.207357263798,0.207357263798,0.159755196045,0.0348065868652,0.0982793958339,0.363026375692,0.421571879052
 03/23  02:00:00,0.765233878073,8.14927173923,0.0,7.7898488164,0.0,0.21448012585,0.21448012585,0.21448012585,0.0948546345905,0.0206664081055,0.0838690425574,0.33425166697,0.336400432183
 03/23  03:00:00,0.71675186735,8.2761469562,0.0,7.94089008965,0.0,0.218638788239,0.218638788239,0.218638788239,0.0649005530955,0.0141401751172,0.0715840655737,0.330376285324,0.312501303335
 03/23  04:00:00,0.706730496982,8.35854334517,0.0,8.01719949659,0.0,0.220739836872,0.220739836872,0.220739836872,0.0649005530955,0.0141401751172,0.064112104549,0.325725827349,0.31890859827
 03/23  05:00:00,0.70594417027,8.48672260178,0.0,8.07814236187,0.0,0.222417794137,0.222417794137,0.222417794137,0.0649005530955,0.0141401751172,0.0739521572983,0.313421490622,0.386992484188
 03/23  06:00:00,0.758547525124,8.70891826111,0.0,8.0009811398,0.0,0.220293292236,0.220293292236,0.220293292236,0.0698929014045,0.0152278824365,0.0862682554934,0.349753193554,0.683846920953
 03/23  07:00:00,0.908838069327,9.09012451555,0.0,7.82367925411,0.0,0.215411588925,0.215411588925,0.215411588925,0.109831712955,0.0239295318847,0.138447814423,0.40410542114,1.23861140391
 03/23  08:00:00,1.12061853934,8.97155900955,0.0,7.54800935668,0.0,0.207821491134,0.207821491134,0.207821491134,0.194701684364,0.0424205362792,0.214170541178,0.42939228638,1.39397409387
 03/23  09:00:00,1.04804613468,8.79758432585,0.0,7.41676185922,0.0,0.20420781641,0.20420781641,0.20420781641,0.154762864455,0.0337188850097,0.275218193109,0.363026375692,1.35581803984
 03/23  10:00:00,0.956513510042,8.40129530159,0.0,7.1447791449,0.0,0.196719238882,0.196719238882,0.196719238882,0.0798775980226,0.0174032934326,0.336436577975,0.30896480173,1.23523536751
 03/23  11:00:00,0.984549073315,9.12240854077,0.0,8.00935930895,0.0,0.220523970753,0.220523970753,0.220523970753,0.0649005530955,0.0141401751172,0.351641232033,0.316231142316,1.09126795371
 03/23  12:00:00,0.963682007209,7.67781094706,0.0,6.69537735771,0.0,0.184345731495,0.184345731495,0.184345731495,0.0649005530955,0.0141401751172,0.366855520645,0.316328026857,0.960645638061
 03/23  13:00:00,0.932797274341,6.99989355858,0.0,6.11797226223,0.0,0.168447872568,0.168447872568,0.168447872568,0.0649005530955,0.0141401751172,0.357197296466,0.310999377094,0.860500370266
 03/23  14:00:00,0.898685596707,6.48955975397,0.0,5.66718607285,0.0,0.156036248041,0.156036248041,0.156036248041,0.0649005530955,0.0141401751172,0.324743059292,0.321753561161,0.800212031428
 03/23  15:00:00,0.879362822803,5.98264441809,0.0,5.21824466266,0.0,0.143675416345,0.143675416345,0.143675416345,0.0649005530955,0.0141401751172,0.299663707888,0.339870970357,0.740990220016
 03/23  16:00:00,0.912231365969,5.74702317106,0.0,4.97362138696,0.0,0.136940134031,0.136940134031,0.136940134031,0.0748852497136,0.0163155879346,0.308214938409,0.358763455881,0.748690977474
 03/23  17:00:00,1.06903802034,5.68257657304,0.0,4.83276716566,0.0,0.133061954644,0.133061954644,0.133061954644,0.114824044545,0.0250172337403,0.354668497169,0.42435429024,0.820580854039
 03/23  18:00:00,1.41067471183,6.79800528688,0.0,5.78907072687,0.0,0.159392132931,0.159392132931,0.159392132931,0.22964808909,0.0500344674805,0.438965378865,0.515522643463,0.973426538924
 03/23  19:00:00,1.68095390656,6.07348215428,0.0,4.9226985243,0.0,0.135538060352,0.135538060352,0.135538060352,0.44431918341,0.0968058293945,0.397476839177,0.559701994228,1.11223263622
 03/23  20:00:00,1.85998708519,6.04867548508,0.0,4.87391142337,0.0,0.134194791209,0.134194791209,0.134194791209,0.663982525726,0.144664874951,0.322310374418,0.577722518882,1.13497185541
 03/23  21:00:00,1.90986694983,6.16917577969,0.0,5.07546681363,0.0,0.139744273168,0.139744273168,0.139744273168,0.713906008817,0.155541929932,0.2859788881,0.597583849817,1.05254875669
 03/23  22:00:00,1.75248447093,6.52739385286,0.0,5.53595424902,0.0,0.152423004864,0.152423004864,0.152423004864,0.599081964271,0.130524696192,0.269710329714,0.583632475892,0.951240333212
 03/23  23:00:00,1.45185447329,6.7978916436,0.0,5.97585741848,0.0,0.164534984103,0.164534984103,0.164534984103,0.449311515,0.09789353125,0.217943329922,0.505059113019,0.787246908097
 03/23  24:00:00,1.16865619038,7.24394147456,0.0,6.60416390913,0.0,0.181834325639,0.181834325639,0.181834325639,0.3145180605,0.068525471875,0.147779360955,0.438886971413,0.609548034236
 03/24  01:00:00,0.869083538132,7.56947840248,0.0,7.12243327552,0.0,0.196103983696,0.196103983696,0.196103983696,0.159755196045,0.0348065868652,0.0982793958339,0.363026375692,0.422040700163
 03/24  02:00:00,0.760543699646,7.9793681387,0.0,7.61950305255,0.0,0.209789947422,0.209789947422,0.209789947422,0.0948546345905,0.0206664081055,0.0838690425574,0.33425166697,0.336842595512
 03/24  03:00:00,0.714502528857,8.1943197833,0.0,7.85919484293,0.0,0.216389449746,0.216389449746,0.216389449746,0.0649005530955,0.0141401751172,0.0715840655737,0.330376285324,0.312369377157
 03/24  04:00:00,0.709844824549,8.47150050481,0.0,8.13031086676,0.0,0.223854164439,0.223854164439,0.223854164439,0.0649005530955,0.0141401751172,0.064112104549,0.325725827349,0.31875438774
 03/24  05:00:00,0.710510225811,8.65220273006,0.0,8.24398002262,0.0,0.226983849678,0.226983849678,0.226983849678,0.0649005530955,0.0141401751172,0.0739521572983,0.313421490622,0.386634951715
 03/24  06:00:00,0.762352400167,8.84617069344,0.0,8.139172971,0.0,0.224098167279,0.224098167279,0.224098167279,0.0698929014045,0.0152278824365,0.0862682554934,0.349753193554,0.682907522078
 03/24  07:00:00,0.92564204195,9.69865935039,0.0,8.43399410601,0.0,0.232215561548,0.232215561548,0.232215561548,0.109831712955,0.0239295318847,0.138447814423,0.40410542114,1.23683138685
 03/24  08:00:00,1.11787739739,8.86939939402,0.0,7.4484519676,0.0,0.205080349189,0.205080349189,0.205080349189,0.194701684364,0.0424205362792,0.214170541178,0.42939228638,1.39137186743
 03/24  09:00:00,1.03319141027,8.25575675956,0.0,6.87724307239,0.0,0.189353092009,0.189353092009,0.189353092009,0.154762864455,0.0337188850097,0.275218193109,0.363026375692,1.35350926037
 03/24  10:00:00,0.932904422895,7.54197415346,0.0,6.28730473398,0.0,0.173110151735,0.173110151735,0.173110151735,0.0798775980226,0.0174032934326,0.336436577975,0.30896480173,1.2333886303
 03/24  11:00:00,0.947108219328,7.76108100381,0.0,6.64951959907,0.0,0.183083116767,0.183083116767,0.183083116767,0.0649005530955,0.0141401751172,0.351641232033,0.316231142316,1.08978012663
 03/24  12:00:00,0.927594641666,6.36632526359,0.0,5.3846959104,0.0,0.148258365951,0.148258365951,0.148258365951,0.0649005530955,0.0141401751172,0.366855520645,0.316328026857,0.959841401892
 03/24  13:00:00,0.896007412778,5.66311327005,0.0,4.78177638667,0.0,0.131658011005,0.131658011005,0.131658011005,0.0649005530955,0.0141401751172,0.357197296466,0.310999377094,0.859915957301
 03/24  14:00:00,0.862375296549,5.17084112483,0.0,4.34840771244,0.0,0.119725947883,0.119725947883,0.119725947883,0.0649005530955,0.0141401751172,0.324743059292,0.321753561161,0.8002717627
 03/24  15:00:00,0.850690775493,4.94097994271,0.0,4.17688517578,0.0,0.115003369035,0.115003369035,0.115003369035,0.0649005530955,0.0141401751172,0.299663707888,0.339870970357,0.740685231515
 03/24  16:00:00,0.89018606892,4.94610272159,0.0,4.17294332672,0.0,0.114894836982,0.114894836982,0.114894836982,0.0748852497136,0.0163155879346,0.308214938409,0.358763455881,0.748448588247
 03/24  17:00:00,1.05282842961,5.09371284324,0.0,4.24404007181,0.0,0.116852363912,0.116852363912,0.116852363912,0.114824044545,0.0250172337403,0.354668497169,0.42435429024,0.820444218086
 03/24  18:00:00,1.3966089858,6.28659159695,0.0,5.27820810578,0.0,0.145326406901,0.145326406901,0.145326406901,0.22964808909,0.0500344674805,0.438965378865,0.515522643463,0.972875470095
 03/24  19:00:00,1.66910825632,5.64228675973,0.0,4.49246833816,0.0,0.123692410117,0.123692410117,0.123692410117,0.44431918341,0.0968058293945,0.397476839177,0.559701994228,1.11126742781
 03/24  20:00:00,1.8481464121,5.61733030323,0.0,4.44386200576,0.0,0.122354118124,0.122354118124,0.122354118124,0.663982525726,0.144664874951,0.322310374418,0.577722518882,1.13367609117
 03/24  21:00:00,1.89675057488,5.69168117106,0.0,4.59908431649,0.0,0.12662789821,0.12662789821,0.12662789821,0.713906008817,0.155541929932,0.2859788881,0.597583849817,1.0514366452
 03/24  22:00:00,1.73739983738,5.97857552956,0.0,4.9880852363,0.0,0.137338371314,0.137338371314,0.137338371314,0.599081964271,0.130524696192,0.269710329714,0.583632475892,0.950291022635
 03/24  23:00:00,1.43488582177,6.18106959101,0.0,5.35956148205,0.0,0.147566332578,0.147566332578,0.147566332578,0.449311515,0.09789353125,0.217943329922,0.505059113019,0.78672079193
 03/24  24:00:00,1.14617687713,6.42745978212,0.0,5.78772252081,0.0,0.159355012389,0.159355012389,0.159355012389,0.3145180605,0.068525471875,0.147779360955,0.438886971413,0.609507730113
 03/25  01:00:00,0.848921396048,6.61489971135,0.0,6.15139675098,0.0,0.169368158535,0.169368158535,0.169368158535,0.159755196045,0.0348065868652,0.104853078911,0.363026375692,0.438498533575
 03/25  02:00:00,0.734869448966,6.9123528116,0.0,6.5436679318,0.0,0.180168672667,0.180168672667,0.180168672667,0.0948546345905,0.0206664081055,0.0878160666328,0.33425166697,0.345662389151
 03/25  03:00:00,0.686691072345,7.09678046408,0.0,6.75425240026,0.0,0.185966754808,0.185966754808,0.185966754808,0.0649005530955,0.0141401751172,0.074195304001,0.330376285324,0.319772500605
 03/25  04:00:00,0.676641335967,7.2237761095,0.0,6.87477986017,0.0,0.189285271685,0.189285271685,0.189285271685,0.0649005530955,0.0141401751172,0.0654775087209,0.325725827349,0.326560999019
 03/25  05:00:00,0.676487687415,7.3342697055,0.0,6.91127692142,0.0,0.190290155666,0.190290155666,0.190290155666,0.0649005530955,0.0141401751172,0.0766233129137,0.313421490622,0.401405028355
 03/25  06:00:00,0.733000048995,7.67189454134,0.0,6.92431451731,0.0,0.190649123507,0.190649123507,0.190649123507,0.0698929014045,0.0152278824365,0.0903649480936,0.349753193554,0.72348982367
 03/25  07:00:00,0.890945385929,8.14446004135,0.0,6.78790761099,0.0,0.186893393309,0.186893393309,0.186893393309,0.109831712955,0.0239295318847,0.149073326641,0.40410542114,1.32871857283
 03/25  08:00:00,1.11582954722,8.13908802644,0.0,6.6055008896,0.0,0.181871137103,0.181871137103,0.181871137103,0.194701684364,0.0424205362792,0.235331903097,0.42939228638,1.50401157784
 03/25  09:00:00,1.05671072487,8.04983804547,0.0,6.55334469388,0.0,0.180435105714,0.180435105714,0.180435105714,0.154762864455,0.0337188850097,0.307655494001,0.363026375692,1.47148892479
 03/25  10:00:00,0.982723033438,7.82487131197,0.0,6.46118707732,0.0,0.177897703812,0.177897703812,0.177897703812,0.0798775980226,0.0174032934326,0.381467636441,0.30896480173,1.34240344547
 03/25  11:00:00,1.01561771773,8.493818777,0.0,7.28850144427,0.0,0.200676385879,0.200676385879,0.200676385879,0.0649005530955,0.0141401751172,0.402557461323,0.316231142316,1.18353605463
 03/25  12:00:00,1.0024892174,7.25787654978,0.0,6.19846791028,0.0,0.170664182169,0.170664182169,0.170664182169,0.0649005530955,0.0141401751172,0.419344280164,0.316328026857,1.03762068821
 03/25  13:00:00,0.97128184714,6.72758015968,0.0,5.77925738071,0.0,0.159121939276,0.159121939276,0.159121939276,0.0649005530955,0.0141401751172,0.405007802557,0.310999377094,0.92690185289
 03/25  14:00:00,0.93584311231,6.31403197533,0.0,5.43363177798,0.0,0.149605731129,0.149605731129,0.149605731129,0.0649005530955,0.0141401751172,0.368331091807,0.321753561161,0.858238547659
 03/25  15:00:00,0.923850540795,6.2294543992,0.0,5.41299606484,0.0,0.149037562163,0.149037562163,0.149037562163,0.0649005530955,0.0141401751172,0.338789280063,0.339870970357,0.793048798946
 03/25  16:00:00,0.9604758689,6.20485322201,0.0,5.37987622234,0.0,0.148125664107,0.148125664107,0.148125664107,0.0748852497136,0.0163155879346,0.345273911264,0.358763455881,0.800266193044
 03/25  17:00:00,1.11529808435,6.12124198047,0.0,5.20839051915,0.0,0.143404099406,0.143404099406,0.143404099406,0.114824044545,0.0250172337403,0.390586416417,0.42435429024,0.883622907977
 03/25  18:00:00,1.45320736756,7.13386788018,0.0,6.0498723556,0.0,0.166572858445,0.166572858445,0.166572858445,0.22964808909,0.0500344674805,0.47431730908,0.515522643463,1.0484875035
 03/25  19:00:00,1.72107968446,6.38207735347,0.0,5.13391423686,0.0,0.141353522716,0.141353522716,0.141353522716,0.44431918341,0.0968058293945,0.431787154716,0.559701994228,1.20961212286
 03/25  20:00:00,1.90317871723,6.48253156114,0.0,5.19885913392,0.0,0.143141669062,0.143141669062,0.143141669062,0.663982525726,0.144664874951,0.356555128611,0.577722518882,1.24388022093
 03/25  21:00:00,1.94950157996,6.44626956415,0.0,5.24904798397,0.0,0.144523532963,0.144523532963,0.144523532963,0.713906008817,0.155541929932,0.320834258427,0.597583849817,1.15606137082
 03/25  22:00:00,1.78824157442,6.61992174587,0.0,5.54141113602,0.0,0.152573250887,0.152573250887,0.152573250887,0.599081964271,0.130524696192,0.305317187182,0.583632475892,1.03831133922
 03/25  23:00:00,1.48116817931,6.90350779073,0.0,6.01292143406,0.0,0.165555478199,0.165555478199,0.165555478199,0.449311515,0.09789353125,0.246236541847,0.505059113019,0.855799039644
 03/25  24:00:00,1.17579285468,6.98164690771,0.0,6.29914468962,0.0,0.173436144605,0.173436144605,0.173436144605,0.3145180605,0.068525471875,0.16331420629,0.438886971413,0.652272686893
 03/26  01:00:00,0.865070444781,7.20066808818,0.0,6.737924979,0.0,0.185517207268,0.185517207268,0.185517207268,0.159755196045,0.0348065868652,0.104853078911,0.363026375692,0.43773868239
 03/26  02:00:00,0.747992366226,7.38873232476,0.0,7.02028804323,0.0,0.193291589927,0.193291589927,0.193291589927,0.0948546345905,0.0206664081055,0.0878160666328,0.33425166697,0.345421790884
 03/26  03:00:00,0.698704429077,7.53252725809,0.0,7.19057363213,0.0,0.19798011154,0.19798011154,0.19798011154,0.0649005530955,0.0141401751172,0.074195304001,0.330376285324,0.319198062743
 03/26  04:00:00,0.690377276129,7.72204587856,0.0,7.37366476517,0.0,0.203021211846,0.203021211846,0.203021211846,0.0649005530955,0.0141401751172,0.0654775087209,0.325725827349,0.325945863091
 03/26  05:00:00,0.692517138373,7.91593099592,0.0,7.4934613969,0.0,0.206319606624,0.206319606624,0.206319606624,0.0649005530955,0.0141401751172,0.0766233129137,0.313421490622,0.400881843297
 03/26  06:00:00,0.748118859848,8.21989532982,0.0,7.47342483867,0.0,0.20576793436,0.20576793436,0.20576793436,0.0698929014045,0.0152278824365,0.0903649480936,0.349753193554,0.722380290795
 03/26  07:00:00,0.905599814716,8.67431854706,0.0,7.32015172587,0.0,0.201547822096,0.201547822096,0.201547822096,0.109831712955,0.0239295318847,0.149073326641,0.40410542114,1.32633296366
 03/26  08:00:00,1.12793701265,8.57609128123,0.0,7.04524011877,0.0,0.193978602529,0.193978602529,0.193978602529,0.194701684364,0.0424205362792,0.235331903097,0.42939228638,1.50127560346
 03/26  09:00:00,1.06407073813,8.31452358289,0.0,6.82065799557,0.0,0.187795118974,0.187795118974,0.187795118974,0.154762864455,0.0337188850097,0.307655494001,0.363026375692,1.46886116052
 03/26  10:00:00,0.987506826947,7.99632718803,0.0,6.63493291065,0.0,0.182681497321,0.182681497321,0.182681497321,0.0798775980226,0.0174032934326,0.381467636441,0.30896480173,1.3401134882
 03/26  11:00:00,1.02159307555,8.70905897161,0.0,7.50552450792,0.0,0.206651743695,0.206651743695,0.206651743695,0.0649005530955,0.0141401751172,0.402557461323,0.316231142316,1.18175318558
 03/26  12:00:00,1.00693169166,7.41773699487,0.0,6.35981713883,0.0,0.175106656428,0.175106656428,0.175106656428,0.0649005530955,0.0141401751172,0.419344280164,0.316328026857,1.03613190474
 03/26  13:00:00,0.971363658188,6.72935997256,0.0,5.78222873151,0.0,0.159203750324,0.159203750324,0.159203750324,0.0649005530955,0.0141401751172,0.405007802557,0.310999377094,0.925710314973
 03/26  14:00:00,0.936099877794,6.32188611952,0.0,5.44295741733,0.0,0.149862496613,0.149862496613,0.149862496613,0.0649005530955,0.0141401751172,0.368331091807,0.321753561161,0.856767052501
 03/26  15:00:00,0.920097406398,6.0922158073,0.0,5.27668343715,0.0,0.145284427765,0.145284427765,0.145284427765,0.0649005530955,0.0141401751172,0.338789280063,0.339870970357,0.79212283474
 03/26  16:00:00,0.960149687394,6.19202396184,0.0,5.36802941549,0.0,0.1477994826,0.1477994826,0.1477994826,0.0748852497136,0.0163155879346,0.345273911264,0.358763455881,0.799283739723
 03/26  17:00:00,1.1200491093,6.2927854009,0.0,5.3809462093,0.0,0.148155124363,0.148155124363,0.148155124363,0.114824044545,0.0250172337403,0.390586416417,0.42435429024,0.882610638265
 03/26  18:00:00,1.46057337306,7.40001187096,0.0,6.31740329349,0.0,0.173938863945,0.173938863945,0.173938863945,0.22964808909,0.0500344674805,0.47431730908,0.515522643463,1.04710055639
 03/26  19:00:00,1.72743047271,6.61072596236,0.0,5.36457281219,0.0,0.147704310957,0.147704310957,0.147704310957,0.44431918341,0.0968058293945,0.431787154716,0.559701994228,1.20760215641
 03/26  20:00:00,1.90163872399,6.4244372897,0.0,5.14292707744,0.0,0.141601675822,0.141601675822,0.141601675822,0.663982525726,0.144664874951,0.356555128611,0.577722518882,1.24171800596
 03/26  21:00:00,1.94808947834,6.39328714717,0.0,5.19776090977,0.0,0.143111431344,0.143111431344,0.143111431344,0.713906008817,0.155541929932,0.320834258427,0.597583849817,1.15436602803
 03/26  22:00:00,1.78478138262,6.49281120541,0.0,5.41573808845,0.0,0.149113059079,0.149113059079,0.149113059079,0.599081964271,0.130524696192,0.305317187182,0.583632475892,1.03687384634
 03/26  23:00:00,1.47592443584,6.71199439088,0.0,5.82247036683,0.0,0.160311734729,0.160311734729,0.160311734729,0.449311515,0.09789353125,0.246236541847,0.505059113019,0.85473670703
 03/26  24:00:00,1.17300023218,6.87961338986,0.0,6.1977175435,0.0,0.170643522107,0.170643522107,0.170643522107,0.3145180605,0.068525471875,0.16331420629,0.438886971413,0.651666315159
 03/27  01:00:00,0.857582810367,7.15105003537,0.0,6.70473056197,0.0,0.184603255931,0.184603255931,0.184603255931,0.159755196045,0.0348065868652,0.0982793958339,0.363026375692,0.421315046612
 03/27  02:00:00,0.746216791957,7.45842067549,0.0,7.09915439803,0.0,0.195463039733,0.195463039733,0.195463039733,0.0948546345905,0.0206664081055,0.0838690425574,0.33425166697,0.336243786814
 03/27  03:00:00,0.697471513258,7.5760794763,0.0,7.24063386355,0.0,0.199358434148,0.199358434148,0.199358434148,0.0649005530955,0.0141401751172,0.0715840655737,0.330376285324,0.312690049527
 03/27  04:00:00,0.693283274838,7.87022979685,0.0,7.52880073663,0.0,0.207292614728,0.207292614728,0.207292614728,0.0649005530955,0.0141401751172,0.064112104549,0.325725827349,0.318993809921
 03/27  05:00:00,0.701366159643,8.32007362102,0.0,7.91187049623,0.0,0.21783978351,0.21783978351,0.21783978351,0.0649005530955,0.0141401751172,0.0739521572983,0.313421490622,0.386615369068
 03/27  06:00:00,0.755830604462,8.6073983735,0.0,7.90230345987,0.0,0.217576371573,0.217576371573,0.217576371573,0.0698929014045,0.0152278824365,0.0862682554934,0.349753193554,0.681004713268
 03/27  07:00:00,0.920064797065,9.49129816928,0.0,8.23143037526,0.0,0.226638316663,0.226638316663,0.226638316663,0.109831712955,0.0239295318847,0.138447814423,0.40410542114,1.23203393649
 03/27  08:00:00,1.11398932291,8.72236843241,0.0,7.30723835963,0.0,0.201192274706,0.201192274706,0.201192274706,0.194701684364,0.0424205362792,0.214170541178,0.42939228638,1.38555451378
 03/27  09:00:00,1.02397197799,7.91518765168,0.0,6.54239627313,0.0,0.180133659727,0.180133659727,0.180133659727,0.154762864455,0.0337188850097,0.275218193109,0.363026375692,1.34778695176
 03/27  10:00:00,0.914997086329,6.88669661812,0.0,5.63691606042,0.0,0.155202815169,0.155202815169,0.155202815169,0.0798775980226,0.0174032934326,0.336436577975,0.30896480173,1.22849976852
 03/27  11:00:00,0.918841662418,6.73066928532,0.0,5.62288739238,0.0,0.154816559856,0.154816559856,0.154816559856,0.0649005530955,0.0141401751172,0.351641232033,0.316231142316,1.08600061483
 03/27  12:00:00,0.890452470726,5.01470544164,0.0,4.03570427219,0.0,0.111116195011,0.111116195011,0.111116195011,0.0649005530955,0.0141401751172,0.366855520645,0.316328026857,0.957213218165
 03/27  13:00:00,0.852322719543,4.07478354347,0.0,3.1951624543,0.0,0.0879733177705,0.0879733177705,0.0879733177705,0.0649005530955,0.0141401751172,0.357197296466,0.310999377094,0.858200163088
 03/27  14:00:00,0.815306674701,3.45965192041,0.0,2.63889058706,0.0,0.0726573260348,0.0726573260348,0.0726573260348,0.0649005530955,0.0141401751172,0.324743059292,0.321753561161,0.798599683665
 03/27  15:00:00,0.799497318621,3.08088551615,0.0,2.31755537614,0.0,0.0638099121631,0.0638099121631,0.0638099121631,0.0649005530955,0.0141401751172,0.299663707888,0.339870970357,0.739920604595
 03/27  16:00:00,0.836428068922,2.99287001158,0.0,2.22047014999,0.0,0.0611368369837,0.0611368369837,0.0611368369837,0.0748852497136,0.0163155879346,0.308214938409,0.358763455881,0.747689054961
 03/27  17:00:00,0.995060601127,2.99446957287,0.0,2.1459312213,0.0,0.0590845354329,0.0590845354329,0.0590845354329,0.114824044545,0.0250172337403,0.354668497169,0.42435429024,0.81930979823
 03/27  18:00:00,1.32903250168,3.83027086791,0.0,2.82385205429,0.0,0.0777499227853,0.0777499227853,0.0777499227853,0.22964808909,0.0500344674805,0.438965378865,0.515522643463,0.970910792548
 03/27  19:00:00,1.6147141982,3.66477408388,0.0,2.51689373594,0.0,0.0692983519908,0.0692983519908,0.0692983519908,0.44431918341,0.0968058293945,0.397476839177,0.559701994228,1.10932935419
 03/27  20:00:00,1.80368137059,4.00028158028,0.0,2.82890607643,0.0,0.0778890766163,0.0778890766163,0.0778890766163,0.663982525726,0.144664874951,0.322310374418,0.577722518882,1.13158329755
 03/27  21:00:00,1.86413728617,4.50515592912,0.0,3.41458021652,0.0,0.0940146095033,0.0940146095033,0.0940146095033,0.713906008817,0.155541929932,0.2859788881,0.597583849817,1.04941550324
 03/27  22:00:00,1.71422518326,5.13500093914,0.0,4.14638929235,0.0,0.114163717192,0.114163717192,0.114163717192,0.599081964271,0.130524696192,0.269710329714,0.583632475892,0.94841237617
 03/27  23:00:00,1.41731186021,5.54129985144,0.0,4.72128088087,0.0,0.129992371016,0.129992371016,0.129992371016,0.449311515,0.09789353125,0.217943329922,0.505059113019,0.785231653543
 03/27  24:00:00,1.13639736954,6.07116592602,0.0,5.43253396742,0.0,0.149575504798,0.149575504798,0.149575504798,0.3145180605,0.068525471875,0.147779360955,0.438886971413,0.608402427405
 03/28  01:00:00,0.837393120651,6.41862582647,0.0,5.97144756004,0.0,0.164413566215,0.164413566215,0.164413566215,0.159755196045,0.0348065868652,0.0982793958339,0.363026375692,0.42217383964
 03/28  02:00:00,0.726925335158,6.75888834447,0.0,6.39849492519,0.0,0.176171582934,0.176171582934,0.176171582934,0.0948546345905,0.0206664081055,0.0838690425574,0.33425166697,0.337370928626
 03/28  03:00:00,0.682110020979,7.01877577258,0.0,6.68270943129,0.0,0.183996941869,0.183996941869,0.183996941869,0.0649005530955,0.0141401751172,0.0715840655737,0.330376285324,0.313310778072
 03/28  04:00:00,0.673437409192,7.14999062275,0.0,6.80800531373,0.0,0.187446749082,0.187446749082,0.187446749082,0.0649005530955,0.0141401751172,0.064112104549,0.325725827349,0.319550058717
 03/28  05:00:00,0.676781793681,7.42748204566,0.0,7.01897427412,0.0,0.193255417548,0.193255417548,0.193255417548,0.0649005530955,0.0141401751172,0.0739521572983,0.313421490622,0.386920015827
 03/28  06:00:00,0.738082034845,7.96288089765,0.0,7.25768115058,0.0,0.199827801956,0.199827801956,0.199827801956,0.0698929014045,0.0152278824365,0.0862682554934,0.349753193554,0.681109546711
 03/28  07:00:00,0.89530864199,8.59094034938,0.0,7.33229482811,0.0,0.201882161588,0.201882161588,0.201882161588,0.109831712955,0.0239295318847,0.138447814423,0.40410542114,1.23081166375
 03/28  08:00:00,1.0928259967,7.95231239204,0.0,6.5385931951,0.0,0.180028948497,0.180028948497,0.180028948497,0.194701684364,0.0424205362792,0.214170541178,0.42939228638,1.38414363795
 03/28  09:00:00,1.01178643628,7.47128331405,0.0,6.09982133862,0.0,0.167948118019,0.167948118019,0.167948118019,0.154762864455,0.0337188850097,0.275218193109,0.363026375692,1.34645754863
 03/28  10:00:00,0.907752705008,6.62219939081,0.0,5.3738024734,0.0,0.147958433848,0.147958433848,0.147958433848,0.0798775980226,0.0174032934326,0.336436577975,0.30896480173,1.22711612823
 03/28  11:00:00,0.912205353259,6.48835696636,0.0,5.38185878963,0.0,0.148180250697,0.148180250697,0.148180250697,0.0649005530955,0.0141401751172,0.351641232033,0.316231142316,1.08471689862
 03/28  12:00:00,0.888257956002,4.93377633397,0.0,3.95600020703,0.0,0.108921680287,0.108921680287,0.108921680287,0.0649005530955,0.0141401751172,0.366855520645,0.316328026857,0.955988175648
 03/28  13:00:00,0.852622913899,4.0844512811,0.0,3.20606541622,0.0,0.0882735121259,0.0882735121259,0.0882735121259,0.0649005530955,0.0141401751172,0.357197296466,0.310999377094,0.856964938801
 03/28  14:00:00,0.826069127664,3.84934203041,0.0,3.02977939853,0.0,0.0834197789981,0.0834197789981,0.0834197789981,0.0649005530955,0.0141401751172,0.324743059292,0.321753561161,0.797400982194
 03/28  15:00:00,0.817441726597,3.73167798424,0.0,2.96929047133,0.0,0.0817543201395,0.0817543201395,0.0817543201395,0.0649005530955,0.0141401751172,0.299663707888,0.339870970357,0.738977977503
 03/28  16:00:00,0.855585358267,3.68731096896,0.0,2.9162567043,0.0,0.0802941263289,0.0802941263289,0.0802941263289,0.0748852497136,0.0163155879346,0.308214938409,0.358763455881,0.746343458034
 03/28  17:00:00,1.01905805472,3.86438963513,0.0,3.01751097596,0.0,0.0830819890258,0.0830819890258,0.0830819890258,0.114824044545,0.0250172337403,0.354668497169,0.42435429024,0.817650105822
 03/28  18:00:00,1.35529893119,4.78225507627,0.0,3.7778402805,0.0,0.104016352294,0.104016352294,0.104016352294,0.22964808909,0.0500344674805,0.438965378865,0.515522643463,0.968906774694
 03/28  19:00:00,1.63448453227,4.38024619586,0.0,3.23494587651,0.0,0.0890686860637,0.0890686860637,0.0890686860637,0.44431918341,0.0968058293945,0.397476839177,0.559701994228,1.10674932559
 03/28  20:00:00,1.81164691196,4.28680372966,0.0,3.11821196301,0.0,0.0858546179798,0.0858546179798,0.0858546179798,0.663982525726,0.144664874951,0.322310374418,0.577722518882,1.12879956035
 03/28  21:00:00,1.86116871599,4.39497745372,0.0,3.3067627075,0.0,0.0910460393233,0.0910460393233,0.0910460393233,0.713906008817,0.155541929932,0.2859788881,0.597583849817,1.04705453685
 03/28  22:00:00,1.70153556652,4.6723506294,0.0,3.68550651554,0.0,0.101474100448,0.101474100448,0.101474100448,0.599081964271,0.130524696192,0.269710329714,0.583632475892,0.946644843233
 03/28  23:00:00,1.40516361955,5.09914523801,0.0,4.2800607083,0.0,0.117844130354,0.117844130354,0.117844130354,0.449311515,0.09789353125,0.217943329922,0.505059113019,0.784297212682
 03/28  24:00:00,1.11730203658,5.37753912057,0.0,4.73899764882,0.0,0.130480171833,0.130480171833,0.130480171833,0.3145180605,0.068525471875,0.147779360955,0.438886971413,0.608311940562
 03/29  01:00:00,0.818978366641,5.7496869895,0.0,5.30262964899,0.0,0.145998812205,0.145998812205,0.145998812205,0.159755196045,0.0348065868652,0.0982793958339,0.363026375692,0.422052913711
 03/29  02:00:00,0.708426007199,6.08705984535,0.0,5.72660531571,0.0,0.157672254976,0.157672254976,0.157672254976,0.0948546345905,0.0206664081055,0.0838690425574,0.33425166697,0.337432038991
 03/29  03:00:00,0.66140486558,6.26741621033,0.0,5.93070488242,0.0,0.16329178647,0.16329178647,0.16329178647,0.0649005530955,0.0141401751172,0.0715840655737,0.330376285324,0.313955764698
 03/29  04:00:00,0.653776166867,6.43651732679,0.0,6.09391535015,0.0,0.167785506757,0.167785506757,0.167785506757,0.0649005530955,0.0141401751172,0.064112104549,0.325725827349,0.320166726328
 03/29  05:00:00,0.655163940332,6.64269400988,0.0,6.23382083083,0.0,0.171637564198,0.171637564198,0.171637564198,0.0649005530955,0.0141401751172,0.0739521572983,0.313421490622,0.387285423331
 03/29  06:00:00,0.707022975802,6.83461293235,0.0,6.12962616943,0.0,0.168768742914,0.168768742914,0.168768742914,0.0698929014045,0.0152278824365,0.0862682554934,0.349753193554,0.680896562561
 03/29  07:00:00,0.867629707999,7.58455746213,0.0,6.32700489584,0.0,0.174203227597,0.174203227597,0.174203227597,0.109831712955,0.0239295318847,0.138447814423,0.40410542114,1.22971870876
 03/29  08:00:00,1.06947164989,7.1029860842,0.0,5.69037087094,0.0,0.156674601689,0.156674601689,0.156674601689,0.194701684364,0.0424205362792,0.214170541178,0.42939228638,1.38303965426
 03/29  09:00:00,0.992084488606,6.75459539865,0.0,5.38425296977,0.0,0.148246170341,0.148246170341,0.148246170341,0.154762864455,0.0337188850097,0.275218193109,0.363026375692,1.34533800208
 03/29  10:00:00,0.900137732022,6.34475117798,0.0,5.09722911694,0.0,0.140343460862,0.140343460862,0.140343460862,0.0798775980226,0.0174032934326,0.336436577975,0.30896480173,1.22624127186
 03/29  11:00:00,0.912913198679,6.51304832702,0.0,5.40756750641,0.0,0.148888096117,0.148888096117,0.148888096117,0.0649005530955,0.0141401751172,0.351641232033,0.316231142316,1.08369954251
 03/29  12:00:00,0.89992448804,5.35657268153,0.0,4.37972487818,0.0,0.120588212326,0.120588212326,0.120588212326,0.0649005530955,0.0141401751172,0.366855520645,0.316328026857,0.955059852063
 03/29  13:00:00,0.870474283828,4.73182784584,0.0,3.85442139963,0.0,0.106124882055,0.106124882055,0.106124882055,0.0649005530955,0.0141401751172,0.357197296466,0.310999377094,0.855985520129
 03/29  14:00:00,0.838409136872,4.29647017237,0.0,3.47796454268,0.0,0.0957597882058,0.0957597882058,0.0957597882058,0.0649005530955,0.0141401751172,0.324743059292,0.321753561161,0.796343980002
 03/29  15:00:00,0.826474766912,4.05832124113,0.0,3.29736757465,0.0,0.0907873604548,0.0907873604548,0.0907873604548,0.0649005530955,0.0141401751172,0.299663707888,0.339870970357,0.737544131063
 03/29  16:00:00,0.863392529194,3.96959875993,0.0,3.19981062786,0.0,0.0881012972566,0.0881012972566,0.0881012972566,0.0748852497136,0.0163155879346,0.308214938409,0.358763455881,0.745077325448
 03/29  17:00:00,1.02034090678,3.90975084421,0.0,3.06410374803,0.0,0.0843648410877,0.0843648410877,0.0843648410877,0.114824044545,0.0250172337403,0.354668497169,0.42435429024,0.816418542841
 03/29  18:00:00,1.35262407907,4.68361837236,0.0,3.68069051634,0.0,0.101341500171,0.101341500171,0.101341500171,0.22964808909,0.0500344674805,0.438965378865,0.515522643463,0.967419834944
 03/29  19:00:00,1.62784709718,4.13761355311,0.0,2.99387638026,0.0,0.0824312509717,0.0824312509717,0.0824312509717,0.44431918341,0.0968058293945,0.397476839177,0.559701994228,1.1051861791
 03/29  20:00:00,1.80569465811,4.06931059448,0.0,2.90202802815,0.0,0.0799023641365,0.0799023641365,0.0799023641365,0.663982525726,0.144664874951,0.322310374418,0.577722518882,1.12749036004
 03/29  21:00:00,1.85426439926,4.14283101062,0.0,3.05600015661,0.0,0.0841417225974,0.0841417225974,0.0841417225974,0.713906008817,0.155541929932,0.2859788881,0.597583849817,1.04567064465
 03/29  22:00:00,1.69043680485,4.26810459403,0.0,3.28240308062,0.0,0.0903753387792,0.0903753387792,0.0903753387792,0.599081964271,0.130524696192,0.269710329714,0.583632475892,0.945502242783
 03/29  23:00:00,1.38959147946,4.53277922845,0.0,3.7144856158,0.0,0.102271990268,0.102271990268,0.102271990268,0.449311515,0.09789353125,0.217943329922,0.505059113019,0.783506295627
 03/29  24:00:00,1.10214330113,4.82666571175,0.0,4.18843727902,0.0,0.115321436384,0.115321436384,0.115321436384,0.3145180605,0.068525471875,0.147779360955,0.438886971413,0.60799890153
 03/30  01:00:00,0.800592452194,5.08241764167,0.0,4.63485918155,0.0,0.127612897758,0.127612897758,0.127612897758,0.159755196045,0.0348065868652,0.0982793958339,0.363026375692,0.422554033315
 03/30  02:00:00,0.687352589411,5.32193071533,0.0,4.96122559594,0.0,0.136598837187,0.136598837187,0.136598837187,0.0948546345905,0.0206664081055,0.0838690425574,0.33425166697,0.337682628752
 03/30  03:00:00,0.640159241119,5.49612858992,0.0,5.159070672,0.0,0.142046162009,0.142046162009,0.142046162009,0.0649005530955,0.0141401751172,0.0715840655737,0.330376285324,0.314302354703
 03/30  04:00:00,0.632573584867,5.66688390175,0.0,5.32384442799,0.0,0.146582924757,0.146582924757,0.146582924757,0.0649005530955,0.0141401751172,0.064112104549,0.325725827349,0.320604223453
 03/30  05:00:00,0.633082774165,5.84124918167,0.0,5.43184001583,0.0,0.149556398031,0.149556398031,0.149556398031,0.0649005530955,0.0141401751172,0.0739521572983,0.313421490622,0.387821410119
 03/30  06:00:00,0.687641552677,6.13070580844,0.0,5.42569914872,0.0,0.149387319789,0.149387319789,0.149387319789,0.0698929014045,0.0152278824365,0.0862682554934,0.349753193554,0.680916459366
 03/30  07:00:00,0.837285928543,6.48143450103,0.0,5.22492863799,0.0,0.143859448141,0.143859448141,0.143859448141,0.109831712955,0.0239295318847,0.138447814423,0.40410542114,1.22867200551
 03/30  08:00:00,1.05281064376,6.49669625683,0.0,5.0852485159,0.0,0.140013595562,0.140013595562,0.140013595562,0.194701684364,0.0424205362792,0.214170541178,0.42939228638,1.38187218193
 03/30  09:00:00,0.984143729688,6.46495569373,0.0,5.09584717361,0.0,0.140305411423,0.140305411423,0.140305411423,0.154762864455,0.0337188850097,0.275218193109,0.363026375692,1.34410409332
 03/30  10:00:00,0.89592614377,6.1904821652,0.0,4.9442655935,0.0,0.13613187261,0.13613187261,0.13613187261,0.0798775980226,0.0174032934326,0.336436577975,0.30896480173,1.22493578252
 03/30  11:00:00,0.918351281862,6.70956427055,0.0,5.60507692914,0.0,0.1543261793,0.1543261793,0.1543261793,0.0649005530955,0.0141401751172,0.351641232033,0.316231142316,1.08270606331
 03/30  12:00:00,0.907298670336,5.62335226848,0.0,4.64755279463,0.0,0.127962394621,0.127962394621,0.127962394621,0.0649005530955,0.0141401751172,0.366855520645,0.316328026857,0.954011522558
 03/30  13:00:00,0.877188496536,4.9745458181,0.0,4.09827943407,0.0,0.112839094763,0.112839094763,0.112839094763,0.0649005530955,0.0141401751172,0.357197296466,0.310999377094,0.85484545795
 03/30  14:00:00,0.848349336969,4.6565034049,0.0,3.83898939592,0.0,0.105699988303,0.105699988303,0.105699988303,0.0649005530955,0.0141401751172,0.324743059292,0.321753561161,0.795352359291
 03/30  15:00:00,0.836151729168,4.40886340483,0.0,3.64883171461,0.0,0.10046432271,0.10046432271,0.10046432271,0.0649005530955,0.0141401751172,0.299663707888,0.339870970357,0.736622154802
 03/30  16:00:00,0.874202176372,4.36133709764,0.0,3.59241351794,0.0,0.0989109444343,0.0989109444343,0.0989109444343,0.0748852497136,0.0163155879346,0.308214938409,0.358763455881,0.744212773081
 03/30  17:00:00,1.0335732281,4.38922822097,0.0,3.54469737938,0.0,0.0975971624029,0.0975971624029,0.0975971624029,0.114824044545,0.0250172337403,0.354668497169,0.42435429024,0.815302288243
 03/30  18:00:00,1.37156495857,5.37014127787,0.0,4.36861713505,0.0,0.120282379671,0.120282379671,0.120282379671,0.22964808909,0.0500344674805,0.438965378865,0.515522643463,0.966016121741
 03/30  19:00:00,1.64261172959,4.67177238544,0.0,3.530123055,0.0,0.0971958833793,0.0971958833793,0.0971958833793,0.44431918341,0.0968058293945,0.397476839177,0.559701994228,1.10309833668
 03/30  20:00:00,1.81983440138,4.58079574452,0.0,3.41557893151,0.0,0.0940421074075,0.0940421074075,0.0940421074075,0.663982525726,0.144664874951,0.322310374418,0.577722518882,1.12542460671
 03/30  21:00:00,1.87029520569,4.72345201881,0.0,3.63823386248,0.0,0.100172529029,0.100172529029,0.100172529029,0.713906008817,0.155541929932,0.2859788881,0.597583849817,1.04405794697
 03/30  22:00:00,1.70884144344,4.93494540405,0.0,3.95085360305,0.0,0.108779977374,0.108779977374,0.108779977374,0.599081964271,0.130524696192,0.269710329714,0.583632475892,0.943892530379
 03/30  23:00:00,1.40630968364,5.13864973192,0.0,4.32168538553,0.0,0.118990194446,0.118990194446,0.118990194446,0.449311515,0.09789353125,0.217943329922,0.505059113019,0.782177029358
 03/30  24:00:00,1.11659402614,5.35009941101,0.0,4.71328293868,0.0,0.129772161396,0.129772161396,0.129772161396,0.3145180605,0.068525471875,0.147779360955,0.438886971413,0.606586941138
 03/31  01:00:00,0.813581220154,5.55302824806,0.0,5.1066070338,0.0,0.140601665718,0.140601665718,0.140601665718,0.159755196045,0.0348065868652,0.0982793958339,0.363026375692,0.421416787459
 03/31  02:00:00,0.699062492531,5.74709273909,0.0,5.38652549074,0.0,0.148308740308,0.148308740308,0.148308740308,0.0948546345905,0.0206664081055,0.0838690425574,0.33425166697,0.337544757699
 03/31  03:00:00,0.656094964332,6.0745490824,0.0,5.73785098612,0.0,0.157981885222,0.157981885222,0.157981885222,0.0649005530955,0.0141401751172,0.0715840655737,0.330376285324,0.313942533062
 03/31  04:00:00,0.646753803365,6.18134950607,0.0,5.8388653785,0.0,0.160763143254,0.160763143254,0.160763143254,0.0649005530955,0.0141401751172,0.064112104549,0.325725827349,0.320048877264
 03/31  05:00:00,0.648856087981,6.41341091175,0.0,6.00472167316,0.0,0.165329711848,0.165329711848,0.165329711848,0.0649005530955,0.0141401751172,0.0739521572983,0.313421490622,0.387101482867
 03/31  06:00:00,0.704456151196,6.7401405262,0.0,6.03639992976,0.0,0.166201918308,0.166201918308,0.166201918308,0.0698929014045,0.0152278824365,0.0862682554934,0.349753193554,0.679650396089
 03/31  07:00:00,0.85477735556,7.11450015796,0.0,5.86021161121,0.0,0.161350875158,0.161350875158,0.161350875158,0.109831712955,0.0239295318847,0.138447814423,0.40410542114,1.22645468923
 03/31  08:00:00,1.08268584319,7.57911530427,0.0,6.17030609845,0.0,0.169888794984,0.169888794984,0.169888794984,0.194701684364,0.0424205362792,0.214170541178,0.42939228638,1.37923364682
 03/31  09:00:00,1.00483153244,7.21357009208,0.0,5.84722147979,0.0,0.160993214171,0.160993214171,0.160993214171,0.154762864455,0.0337188850097,0.275218193109,0.363026375692,1.34134418549
 03/31  10:00:00,0.916446492784,6.93320828482,0.0,5.68955803418,0.0,0.156652221623,0.156652221623,0.156652221623,0.0798775980226,0.0174032934326,0.336436577975,0.30896480173,1.22236946146
 03/31  11:00:00,0.945678062072,7.69977935021,0.0,6.59757674998,0.0,0.181652959511,0.181652959511,0.181652959511,0.0649005530955,0.0141401751172,0.351641232033,0.316231142316,1.08042132212
 03/31  12:00:00,0.939202875741,6.78048423673,0.0,5.80630321837,0.0,0.159866600026,0.159866600026,0.159866600026,0.0649005530955,0.0141401751172,0.366855520645,0.316328026857,0.952393067065
 03/31  13:00:00,0.920668862211,6.55077878851,0.0,5.67747225555,0.0,0.156319460439,0.156319460439,0.156319460439,0.0649005530955,0.0141401751172,0.357197296466,0.310999377094,0.851885606884
 03/31  14:00:00,0.898999701889,6.49367905416,0.0,5.67859427149,0.0,0.156350353223,0.156350353223,0.156350353223,0.0649005530955,0.0141401751172,0.324743059292,0.321753561161,0.792923132983
 03/31  15:00:00,0.894348887107,6.52055007454,0.0,5.76253367231,0.0,0.15866148065,0.15866148065,0.15866148065,0.0649005530955,0.0141401751172,0.299663707888,0.339870970357,0.734606866816
 03/31  16:00:00,0.936829517844,6.63344674088,0.0,5.86701830896,0.0,0.161538285906,0.161538285906,0.161538285906,0.0748852497136,0.0163155879346,0.308214938409,0.358763455881,0.741717625295
 03/31  17:00:00,1.09566397466,6.64137446631,0.0,5.79981321685,0.0,0.159687908966,0.159687908966,0.159687908966,0.114824044545,0.0250172337403,0.354668497169,0.42435429024,0.812332696124
 03/31  18:00:00,1.44613108433,8.07514294571,0.0,7.076834711,0.0,0.194848505434,0.194848505434,0.194848505434,0.22964808909,0.0500344674805,0.438965378865,0.515522643463,0.962800213631
 03/31  19:00:00,1.71115191809,7.15751288062,0.0,6.01948053824,0.0,0.165736071883,0.165736071883,0.165736071883,0.44431918341,0.0968058293945,0.397476839177,0.559701994228,1.09948134862
 03/31  20:00:00,1.88614800504,6.98536591616,0.0,5.82406757314,0.0,0.160355711065,0.160355711065,0.160355711065,0.663982525726,0.144664874951,0.322310374418,0.577722518882,1.12150613673
 03/31  21:00:00,1.93155268786,6.94440888185,0.0,5.86308580635,0.0,0.161430011192,0.161430011192,0.161430011192,0.713906008817,0.155541929932,0.2859788881,0.597583849817,1.04016286614
 03/31  22:00:00,1.76727315839,7.05381228505,0.0,6.07307459538,0.0,0.167211692321,0.167211692321,0.167211692321,0.599081964271,0.130524696192,0.269710329714,0.583632475892,0.940538419047
 03/31  23:00:00,1.46422201695,7.23909721509,0.0,6.42504260494,0.0,0.176902527761,0.176902527761,0.176902527761,0.449311515,0.09789353125,0.217943329922,0.505059113019,0.77926729313
 03/31  24:00:00,1.17434450224,7.44522406105,0.0,6.81076155637,0.0,0.187522637496,0.187522637496,0.187522637496,0.3145180605,0.068525471875,0.147779360955,0.438886971413,0.604232973483
 04/01  01:00:00,0.877119959815,7.69401730276,0.0,7.23336536858,0.0,0.199158308606,0.199158308606,0.199158308606,0.159081772126,0.0346598649513,0.104798373634,0.362309640498,0.435696874465
 04/01  02:00:00,0.764420084825,7.87528440808,0.0,7.50832656145,0.0,0.206728893432,0.206728893432,0.206728893432,0.0978964944452,0.0213291518652,0.0877618024304,0.333591742652,0.343980810068
 04/01  03:00:00,0.713600027552,8.08138798243,0.0,7.74050726956,0.0,0.213121590989,0.213121590989,0.213121590989,0.0652643324166,0.0142194351839,0.0741586566598,0.329724012302,0.318170076725
 04/01  04:00:00,0.705223721686,8.26900054697,0.0,7.9214586643,0.0,0.218103777272,0.218103777272,0.218103777272,0.0652643324166,0.0142194351839,0.0654414409304,0.325082735883,0.32515092703
 04/01  05:00:00,0.711146593352,8.59914761047,0.0,8.17838405357,0.0,0.225177777181,0.225177777181,0.225177777181,0.0652643324166,0.0142194351839,0.076570356547,0.312802692023,0.399218422611
 04/01  06:00:00,0.770609786804,9.08325256091,0.0,8.34222147988,0.0,0.229688759697,0.229688759697,0.229688759697,0.0693433537151,0.0151081499967,0.0902948593445,0.34906266405,0.716988442774
 04/01  07:00:00,0.944557319309,9.91723355619,0.0,8.57534195893,0.0,0.236107332235,0.236107332235,0.236107332235,0.114212562921,0.024884007474,0.148933834476,0.403307582203,1.31411269305
 04/01  08:00:00,1.16585909725,9.20744765997,0.0,7.69159134889,0.0,0.211774775015,0.211774775015,0.211774775015,0.212109057366,0.0462131593392,0.235105582796,0.428544522734,1.48633914411
 04/01  09:00:00,1.09616399565,8.76825636477,0.0,7.28884678286,0.0,0.200685894185,0.200685894185,0.200685894185,0.171318844381,0.037326011211,0.307411605372,0.362309640498,1.45445452219
 04/01  10:00:00,0.997834074436,8.31462495468,0.0,6.96609379612,0.0,0.191799444288,0.191799444288,0.191799444288,0.0815804176106,0.0177742926139,0.381213117803,0.308354802121,1.32729238476
 04/01  11:00:00,1.01632108825,8.52117107732,0.0,7.32885250421,0.0,0.201787383104,0.201787383104,0.201787383104,0.0652643324166,0.0142194351839,0.402331141021,0.315606796526,1.17058029852
 04/01  12:00:00,0.977755705276,6.36440606729,0.0,5.31621281294,0.0,0.146372801326,0.146372801326,0.146372801326,0.0652643324166,0.0142194351839,0.419083646564,0.315703489785,1.02644831974
 04/01  13:00:00,0.927687168961,5.15243229132,0.0,4.21287185935,0.0,0.115994200642,0.115994200642,0.115994200642,0.0652643324166,0.0142194351839,0.404711840164,0.310385360555,0.918181797947
 04/01  14:00:00,0.878594685033,4.24337986928,0.0,3.37024740328,0.0,0.0927939815313,0.0927939815313,0.0927939815313,0.0652643324166,0.0142194351839,0.368086623627,0.321118312275,0.851014570795
 04/01  15:00:00,0.851154915332,3.60032933106,0.0,2.78948946548,0.0,0.0768038078418,0.0768038078418,0.0768038078418,0.0652643324166,0.0142194351839,0.338555388231,0.339199951659,0.787476548403
 04/01  16:00:00,0.868544033107,3.32206684225,0.0,2.5029770358,0.0,0.0689151795226,0.0689151795226,0.0689151795226,0.0652643324166,0.0142194351839,0.34497794887,0.358055137113,0.794427787203
 04/01  17:00:00,0.98074379244,3.28714390721,0.0,2.38061482075,0.0,0.0655461458095,0.0655461458095,0.0655461458095,0.0693433537151,0.0151081499967,0.390117669639,0.42351647328,0.877358240032
 04/01  18:00:00,1.20397502174,4.14611290547,0.0,3.07029550518,0.0,0.0845353205008,0.0845353205008,0.0845353205008,0.0938174982246,0.0204404425163,0.473564930748,0.514504829754,1.04037948389
 04/01  19:00:00,1.32254646139,4.03484495843,0.0,2.79651793188,0.0,0.0769973246088,0.0769973246088,0.0769973246088,0.171318844381,0.037326011211,0.431195325454,0.558596955739,1.19985214532
 04/01  20:00:00,1.44865833897,4.41122082719,0.0,3.13815809103,0.0,0.0864038004028,0.0864038004028,0.0864038004028,0.338558692541,0.073763313073,0.356238631088,0.576581901865,1.23334909295
 04/01  21:00:00,1.7031968856,4.58085259589,0.0,3.39335559645,0.0,0.0934302259945,0.0934302259945,0.0934302259945,0.554746829721,0.120865199974,0.320638609999,0.596404019907,1.14641805407
 04/01  22:00:00,1.73910324554,4.84999435018,0.0,3.78016954064,0.0,0.104080484476,0.104080484476,0.104080484476,0.599616038926,0.130641057451,0.305173474043,0.582480190648,1.0297049057
 04/01  23:00:00,1.43717447755,5.36650029711,0.0,4.48225017565,0.0,0.123411070538,0.123411070538,0.123411070538,0.448692342834,0.097758611198,0.246138495171,0.50406195781,0.849531486206
 04/01  24:00:00,1.1292370097,5.52056356814,0.0,4.84195929809,0.0,0.133315044244,0.133315044244,0.133315044244,0.310005551811,0.0675423112045,0.163241640347,0.438020462091,0.648434422043
 04/02  01:00:00,0.705305118611,5.73008685668,0.0,5.361290104,0.0,0.147613927218,0.147613927218,0.147613927218,0.0978964944452,0.0213291518652,0.0877618024304,0.333591742652,0.345819716122
 04/02  02:00:00,0.657751565698,6.05461535495,0.0,5.71210919424,0.0,0.157273129135,0.157273129135,0.157273129135,0.0652643324166,0.0142194351839,0.0741586566598,0.329724012302,0.319795524575
 04/02  03:00:00,0.649392987318,6.24253064898,0.0,5.89370444556,0.0,0.162273042905,0.162273042905,0.162273042905,0.0652643324166,0.0142194351839,0.0654414409304,0.325082735883,0.326435247785
 04/02  04:00:00,0.650309449221,6.39020313794,0.0,5.96879865108,0.0,0.164340633051,0.164340633051,0.164340633051,0.0652643324166,0.0142194351839,0.076570356547,0.312802692023,0.39985935257
 04/02  05:00:00,0.70568527693,6.7251414778,0.0,5.9841842753,0.0,0.164764249824,0.164764249824,0.164764249824,0.0693433537151,0.0151081499967,0.0902948593445,0.34906266405,0.716914564234
 04/02  06:00:00,0.868697195276,7.16082077214,0.0,5.82012678422,0.0,0.160247208202,0.160247208202,0.160247208202,0.114212562921,0.024884007474,0.148933834476,0.403307582203,1.31291508371
 04/02  07:00:00,1.12325642104,7.65907939779,0.0,6.1442759251,0.0,0.169172098808,0.169172098808,0.169172098808,0.212109057366,0.0462131593392,0.235105582796,0.428544522734,1.48528630571
 04/02  08:00:00,1.0564640171,7.32484752463,0.0,5.84695639942,0.0,0.160985915637,0.160985915637,0.160985915637,0.171318844381,0.037326011211,0.307411605372,0.362309640498,1.4529360655
 04/02  09:00:00,0.96255779509,7.03165455435,0.0,5.68487073724,0.0,0.156523164942,0.156523164942,0.156523164942,0.0815804176106,0.0177742926139,0.381213117803,0.308354802121,1.32554504331
 04/02  10:00:00,0.983364957384,7.32262077579,0.0,6.13189648781,0.0,0.168831252236,0.168831252236,0.168831252236,0.0652643324166,0.0142194351839,0.402331141021,0.315606796526,1.16898601338
 04/02  11:00:00,0.973150388942,6.19623187149,0.0,5.14894921286,0.0,0.141767484992,0.141767484992,0.141767484992,0.0652643324166,0.0142194351839,0.419083646564,0.315703489785,1.02553772402
 04/02  12:00:00,0.932741330805,5.33462632798,0.0,4.39643738321,0.0,0.121048362486,0.121048362486,0.121048362486,0.0652643324166,0.0142194351839,0.404711840164,0.310385360555,0.916810310745
 04/02  13:00:00,0.886377006279,4.52412801458,0.0,3.65289879444,0.0,0.100576302777,0.100576302777,0.100576302777,0.0652643324166,0.0142194351839,0.368086623627,0.321118312275,0.849111324937
 04/02  14:00:00,0.872232019274,4.36376594297,0.0,3.55500306514,0.0,0.0978809117837,0.0978809117837,0.0978809117837,0.0652643324166,0.0142194351839,0.338555388231,0.339199951659,0.785399560653
 04/02  15:00:00,0.891524607888,4.15477516061,0.0,3.33762408085,0.0,0.0918957543044,0.0918957543044,0.0918957543044,0.0652643324166,0.0142194351839,0.34497794887,0.358055137113,0.792489060506
 04/02  16:00:00,1.00560773423,4.1877574593,0.0,3.28366514649,0.0,0.0904100875981,0.0904100875981,0.0904100875981,0.0693433537151,0.0151081499967,0.390117669639,0.42351647328,0.874921466386
 04/02  17:00:00,1.22999737708,5.08841860296,0.0,4.01541903644,0.0,0.110557675839,0.110557675839,0.110557675839,0.0938174982246,0.0204404425163,0.473564930748,0.514504829754,1.03756165012
 04/02  18:00:00,1.33686121271,4.55122363916,0.0,3.3164250708,0.0,0.0913120759234,0.0913120759234,0.0913120759234,0.171318844381,0.037326011211,0.431195325454,0.558596955739,1.19632368713
 04/02  19:00:00,1.45312187621,4.56995926231,0.0,3.30027232023,0.0,0.0908673376423,0.0908673376423,0.0908673376423,0.338558692541,0.073763313073,0.356238631088,0.576581901865,1.22997329888
 04/02  20:00:00,1.70438364626,4.62128662317,0.0,3.43645836017,0.0,0.0946169866629,0.0946169866629,0.0946169866629,0.554746829721,0.120865199974,0.320638609999,0.596404019907,1.14374931762
 04/02  21:00:00,1.73662956277,4.75791688222,0.0,3.6903261822,0.0,0.101606801703,0.101606801703,0.101606801703,0.599616038926,0.130641057451,0.305173474043,0.582480190648,1.02747079618
 04/02  22:00:00,1.42782305276,5.02503783781,0.0,4.14260945092,0.0,0.114059645742,0.114059645742,0.114059645742,0.448692342834,0.097758611198,0.246138495171,0.50406195781,0.847709751633
 04/02  23:00:00,1.12276993467,5.28428705983,0.0,4.60707722427,0.0,0.126847969216,0.126847969216,0.126847969216,0.310005551811,0.0675423112045,0.163241640347,0.438020462091,0.647039987552
 04/02  24:00:00,0.821875290587,5.68825031917,0.0,5.22689684615,0.0,0.143913639377,0.143913639377,0.143913639377,0.159081772126,0.0346598649513,0.104798373634,0.362309640498,0.436398413304
 04/03  01:00:00,0.709449683361,6.01427056891,0.0,5.65517399364,0.0,0.155705516043,0.155705516043,0.155705516043,0.0978964944452,0.0213291518652,0.083814778355,0.333591742652,0.336119538712
 04/03  02:00:00,0.667468301483,6.49524167485,0.0,6.15985723123,0.0,0.169601103347,0.169601103347,0.169601103347,0.0652643324166,0.0142194351839,0.0715474182325,0.329724012302,0.312673807476
 04/03  03:00:00,0.665401447849,6.86591699238,0.0,6.52471759354,0.0,0.179646907607,0.179646907607,0.179646907607,0.0652643324166,0.0142194351839,0.0640760367584,0.325082735883,0.31880844321
 04/03  04:00:00,0.663501939166,6.95168207714,0.0,6.54496112816,0.0,0.180204278611,0.180204278611,0.180204278611,0.0652643324166,0.0142194351839,0.0738992009315,0.312802692023,0.385175814691
 04/03  05:00:00,0.717912832859,7.27662137062,0.0,6.57707570325,0.0,0.181088498353,0.181088498353,0.181088498353,0.0693433537151,0.0151081499967,0.0861981667443,0.34906266405,0.675503029106
 04/03  06:00:00,0.895951102998,8.44271881901,0.0,7.19589506772,0.0,0.198126628142,0.198126628142,0.198126628142,0.114212562921,0.024884007474,0.138308322259,0.403307582203,1.21904484708
 04/03  07:00:00,1.1134583369,7.95676424531,0.0,6.55698649959,0.0,0.180535376587,0.180535376587,0.180535376587,0.212109057366,0.0462131593392,0.213944220876,0.428544522734,1.37026057875
 04/03  08:00:00,1.03351862641,7.54937659026,0.0,6.19169950868,0.0,0.17047782584,0.17047782584,0.17047782584,0.171318844381,0.037326011211,0.27497430448,0.362309640498,1.33272202187
 04/03  09:00:00,0.917881010357,6.93369402697,0.0,5.69773784464,0.0,0.156877438674,0.156877438674,0.156877438674,0.0815804176106,0.0177742926139,0.336182059337,0.308354802121,1.21471740852
 04/03  10:00:00,0.922687550924,6.8728392787,0.0,5.77737368934,0.0,0.159070075065,0.159070075065,0.159070075065,0.0652643324166,0.0142194351839,0.351414911732,0.315606796526,1.07372731476
 04/03  11:00:00,0.894608549954,5.17091057087,0.0,4.2027097911,0.0,0.115714405523,0.115714405523,0.115714405523,0.0652643324166,0.0142194351839,0.366594887045,0.315703489785,0.946455845163
 04/03  12:00:00,0.850833974804,4.028067397,0.0,3.15805082007,0.0,0.0869515125764,0.0869515125764,0.0869515125764,0.0652643324166,0.0142194351839,0.356901334072,0.310385360555,0.84863794291
 04/03  13:00:00,0.807385426059,3.17946405517,0.0,2.36705338989,0.0,0.0651727550717,0.0651727550717,0.0651727550717,0.0652643324166,0.0142194351839,0.324498591112,0.321118312275,0.790292770078
 04/03  14:00:00,0.784301215766,2.53810120155,0.0,1.78241284483,0.0,0.049075680451,0.049075680451,0.049075680451,0.0652643324166,0.0142194351839,0.299429816056,0.339199951659,0.732325039538
 04/03  15:00:00,0.800759312485,2.15173416331,0.0,1.38702781242,0.0,0.0381894317561,0.0381894317561,0.0381894317561,0.0652643324166,0.0142194351839,0.307918976015,0.358055137113,0.740044331642
 04/03  16:00:00,0.910820928641,1.98550064707,0.0,1.1455662305,0.0,0.0315412012578,0.0315412012578,0.0315412012578,0.0693433537151,0.0151081499967,0.354199750391,0.42351647328,0.810763570148
 04/03  17:00:00,1.12120715926,2.3442499148,0.0,1.3481641776,0.0,0.0371193882312,0.0371193882312,0.0371193882312,0.0938174982246,0.0204404425163,0.438213000532,0.514504829754,0.960647820801
 04/03  18:00:00,1.23896464062,2.14309665299,0.0,1.00699279417,0.0,0.0277258193726,0.0277258193726,0.0277258193726,0.171318844381,0.037326011211,0.396885009915,0.558596955739,1.09762897759
 04/03  19:00:00,1.36291433634,2.42719749164,0.0,1.2677220406,0.0,0.0349045519648,0.0349045519648,0.0349045519648,0.338558692541,0.073763313073,0.321993876894,0.576581901865,1.11976180784
 04/03  20:00:00,1.61188938446,2.42257171309,0.0,1.34303245997,0.0,0.0369780951882,0.0369780951882,0.0369780951882,0.554746829721,0.120865199974,0.285783239672,0.596404019907,1.03846030775
 04/03  21:00:00,1.64517875586,2.64139077785,0.0,1.66209199632,0.0,0.0457628522641,0.0457628522641,0.0457628522641,0.599616038926,0.130641057451,0.269566616575,0.582480190648,0.939178877682
 04/03  22:00:00,1.34496263835,2.97423659875,0.0,2.16074630176,0.0,0.0594924432621,0.0594924432621,0.0594924432621,0.448692342834,0.097758611198,0.217845283247,0.50406195781,0.77877166174
 04/03  23:00:00,1.05503558824,3.34624284915,0.0,2.71120822397,0.0,0.0746484681266,0.0746484681266,0.0746484681266,0.310005551811,0.0675423112045,0.147706795011,0.438020462091,0.604864777161
 04/03  24:00:00,0.765825577075,3.8761553774,0.0,3.42994341936,0.0,0.0944376089421,0.0944376089421,0.0944376089421,0.159081772126,0.0346598649513,0.0982246905575,0.362309640498,0.42125689833
 04/04  01:00:00,0.659013308032,4.18366036105,0.0,3.82334115084,0.0,0.105269140715,0.105269140715,0.105269140715,0.0978964944452,0.0213291518652,0.083814778355,0.333591742652,0.33734217364
 04/04  02:00:00,0.613482673607,4.53564752467,0.0,4.19911668362,0.0,0.115615475472,0.115615475472,0.115615475472,0.0652643324166,0.0142194351839,0.0715474182325,0.329724012302,0.313820204901
 04/04  03:00:00,0.610708652879,4.88041040823,0.0,4.53829296573,0.0,0.124954112637,0.124954112637,0.124954112637,0.0652643324166,0.0142194351839,0.0640760367584,0.325082735883,0.31972648687
 04/04  04:00:00,0.617750035399,5.29105686217,0.0,4.88326677771,0.0,0.134452374844,0.134452374844,0.134452374844,0.0652643324166,0.0142194351839,0.0738992009315,0.312802692023,0.386244950172
 04/04  05:00:00,0.674527805453,5.70160892187,0.0,5.00134553688,0.0,0.137703470947,0.137703470947,0.137703470947,0.0693433537151,0.0151081499967,0.0861981667443,0.34906266405,0.676220746729
 04/04  06:00:00,0.846136309292,6.63282791988,0.0,5.38663786844,0.0,0.148311834435,0.148311834435,0.148311834435,0.114212562921,0.024884007474,0.138308322259,0.403307582203,1.21841114723
 04/04  07:00:00,1.07944268956,6.72082145833,0.0,5.32154918734,0.0,0.146519729242,0.146519729242,0.146519729242,0.212109057366,0.0462131593392,0.213944220876,0.428544522734,1.36975510402
 04/04  08:00:00,0.998912869535,6.29132126853,0.0,4.93482960911,0.0,0.135872068965,0.135872068965,0.135872068965,0.171318844381,0.037326011211,0.27497430448,0.362309640498,1.33153659971
 04/04  09:00:00,0.895395125013,6.11596172038,0.0,4.88105776002,0.0,0.134391553331,0.134391553331,0.134391553331,0.0815804176106,0.0177742926139,0.336182059337,0.308354802121,1.21366518655
 04/04  10:00:00,0.905643789941,6.25265764486,0.0,5.15834980174,0.0,0.142026314083,0.142026314083,0.142026314083,0.0652643324166,0.0142194351839,0.351414911732,0.315606796526,1.07256956853
 04/04  11:00:00,0.895919993062,5.21757089069,0.0,4.25034098071,0.0,0.117025848631,0.117025848631,0.117025848631,0.0652643324166,0.0142194351839,0.366594887045,0.315703489785,0.945484975376
 04/04  12:00:00,0.867243733701,4.62291031631,0.0,3.75404795692,0.0,0.103361271473,0.103361271473,0.103361271473,0.0652643324166,0.0142194351839,0.356901334072,0.310385360555,0.84748372537
 04/04  13:00:00,0.833449403477,4.1245506339,0.0,3.31368862163,0.0,0.0912367324894,0.0912367324894,0.0912367324894,0.0652643324166,0.0142194351839,0.324498591112,0.321118312275,0.788744117063
 04/04  14:00:00,0.816910210433,3.7207133599,0.0,2.96676098668,0.0,0.0816846751184,0.0816846751184,0.0816846751184,0.0652643324166,0.0142194351839,0.299429816056,0.339199951659,0.730589056041
 04/04  15:00:00,0.829458396815,3.19196726164,0.0,2.42936927514,0.0,0.0668885160864,0.0668885160864,0.0668885160864,0.0652643324166,0.0142194351839,0.307918976015,0.358055137113,0.737935967256
 04/04  16:00:00,0.94424963579,3.1969786837,0.0,2.35968606461,0.0,0.0649699084067,0.0649699084067,0.0649699084067,0.0693433537151,0.0151081499967,0.354199750391,0.42351647328,0.808121772659
 04/04  17:00:00,1.15526397343,3.57849334318,0.0,2.58509665557,0.0,0.0711762023999,0.0711762023999,0.0711762023999,0.0938174982246,0.0204404425163,0.438213000532,0.514504829754,0.957958771204
 04/04  18:00:00,1.27443913611,3.42855507772,0.0,2.29541499945,0.0,0.0632003148667,0.0632003148667,0.0632003148667,0.171318844381,0.037326011211,0.396885009915,0.558596955739,1.09466519703
 04/04  19:00:00,1.39607491947,3.62850895154,0.0,2.47210369725,0.0,0.0680651351003,0.0680651351003,0.0680651351003,0.338558692541,0.073763313073,0.321993876894,0.576581901865,1.11669161109
 04/04  20:00:00,1.6507105181,3.82968255814,0.0,2.75300348065,0.0,0.0757992288312,0.0757992288312,0.0757992288312,0.554746829721,0.120865199974,0.285783239672,0.596404019907,1.03560013211
 04/04  21:00:00,1.68296804705,4.01105914086,0.0,3.03458683248,0.0,0.0835521434462,0.0835521434462,0.0835521434462,0.599616038926,0.130641057451,0.269566616575,0.582480190648,0.936352404533
 04/04  22:00:00,1.38536818928,4.43929677948,0.0,3.62826284592,0.0,0.0998979941908,0.0998979941908,0.0998979941908,0.448692342834,0.097758611198,0.217845283247,0.50406195781,0.776315298309
 04/04  23:00:00,1.0982247213,4.91258766783,0.0,4.27982357073,0.0,0.117837601178,0.117837601178,0.117837601178,0.310005551811,0.0675423112045,0.147706795011,0.438020462091,0.602594249088
 04/04  24:00:00,0.808354028538,5.41904875101,0.0,4.97456302445,0.0,0.136966060405,0.136966060405,0.136966060405,0.159081772126,0.0346598649513,0.0982246905575,0.362309640498,0.419530666841
 04/05  01:00:00,0.702467812486,5.76026898108,0.0,5.40159470112,0.0,0.148723645168,0.148723645168,0.148723645168,0.0978964944452,0.0213291518652,0.083814778355,0.333591742652,0.335697243391
 04/05  02:00:00,0.658234953652,6.15926216181,0.0,5.82450502371,0.0,0.160367755516,0.160367755516,0.160367755516,0.0652643324166,0.0142194351839,0.0715474182325,0.329724012302,0.312046501953
 04/05  03:00:00,0.651155922909,6.34815921737,0.0,6.00732473416,0.0,0.165401382667,0.165401382667,0.165401382667,0.0652643324166,0.0142194351839,0.0640760367584,0.325082735883,0.318443527575
 04/05  04:00:00,0.654434249176,6.62170024277,0.0,6.21562555984,0.0,0.171136588621,0.171136588621,0.171136588621,0.0652643324166,0.0142194351839,0.0738992009315,0.312802692023,0.384529548643
 04/05  05:00:00,0.714002308337,7.13306132473,0.0,6.43504671712,0.0,0.17717797383,0.17717797383,0.17717797383,0.0693433537151,0.0151081499967,0.0861981667443,0.34906266405,0.673971969349
 04/05  06:00:00,0.885302100767,8.05163406014,0.0,6.80912675015,0.0,0.18747762591,0.18747762591,0.18747762591,0.114212562921,0.024884007474,0.138308322259,0.403307582203,1.21472840578
 04/05  07:00:00,1.11966505195,8.17770941859,0.0,6.7824123832,0.0,0.186742091637,0.186742091637,0.186742091637,0.212109057366,0.0462131593392,0.213944220876,0.428544522734,1.36577986842
 04/05  08:00:00,1.03934929948,7.75614737099,0.0,6.40346766913,0.0,0.176308498909,0.176308498909,0.176308498909,0.171318844381,0.037326011211,0.27497430448,0.362309640498,1.32772464214
 04/05  09:00:00,0.933510690888,7.49662503475,0.0,6.26540278752,0.0,0.172507119206,0.172507119206,0.172507119206,0.0815804176106,0.0177742926139,0.336182059337,0.308354802121,1.20998347343
 04/05  10:00:00,0.942298112721,7.58073228744,0.0,6.48962295252,0.0,0.178680636862,0.178680636862,0.178680636862,0.0652643324166,0.0142194351839,0.351414911732,0.315606796526,1.06937106033
 04/05  11:00:00,0.916794707231,5.97252704783,0.0,5.00850384926,0.0,0.1379005628,0.1379005628,0.1379005628,0.0652643324166,0.0142194351839,0.366594887045,0.315703489785,0.94227826396
 04/05  12:00:00,0.876658689503,4.96206138923,0.0,4.09599610724,0.0,0.112776227276,0.112776227276,0.112776227276,0.0652643324166,0.0142194351839,0.356901334072,0.310385360555,0.844686647962
 04/05  13:00:00,0.833980647946,4.14175187658,0.0,3.33298324896,0.0,0.0917679769581,0.0917679769581,0.0917679769581,0.0652643324166,0.0142194351839,0.324498591112,0.321118312275,0.78665073242
 04/05  14:00:00,0.816149676899,3.69147592582,0.0,2.93913865464,0.0,0.0809241415841,0.0809241415841,0.0809241415841,0.0652643324166,0.0142194351839,0.299429816056,0.339199951659,0.728973954
 04/05  15:00:00,0.840156817916,3.57921997377,0.0,2.81793247006,0.0,0.077586937187,0.077586937187,0.077586937187,0.0652643324166,0.0142194351839,0.307918976015,0.358055137113,0.736625484458
 04/05  16:00:00,0.952053008372,3.4792071123,0.0,2.64310203351,0.0,0.0727732809893,0.0727732809893,0.0727732809893,0.0693433537151,0.0151081499967,0.354199750391,0.42351647328,0.806934232369
 04/05  17:00:00,1.16462231704,3.91625831544,0.0,2.92498866948,0.0,0.080534546013,0.080534546013,0.080534546013,0.0938174982246,0.0204404425163,0.438213000532,0.514504829754,0.955831729563
 04/05  18:00:00,1.28158941971,3.68573096083,0.0,2.55511098756,0.0,0.0703505984632,0.0703505984632,0.0703505984632,0.171318844381,0.037326011211,0.396885009915,0.558596955739,1.09214509204
 04/05  19:00:00,1.40038873294,3.78263318484,0.0,2.62878000753,0.0,0.0723789485694,0.0723789485694,0.0723789485694,0.338558692541,0.073763313073,0.321993876894,0.576581901865,1.11413953411
 04/05  20:00:00,1.65318369737,3.91738092439,0.0,2.84282855176,0.0,0.0782724080943,0.0782724080943,0.0782724080943,0.554746829721,0.120865199974,0.285783239672,0.596404019907,1.03347342726
 04/05  21:00:00,1.68499165087,4.08269339264,0.0,3.10808346905,0.0,0.0855757472711,0.0855757472711,0.0855757472711,0.599616038926,0.130641057451,0.269566616575,0.582480190648,0.934490019744
 04/05  22:00:00,1.38659221631,4.48224068625,0.0,3.67271911168,0.0,0.101122021216,0.101122021216,0.101122021216,0.448692342834,0.097758611198,0.217845283247,0.50406195781,0.774802939323
 04/05  23:00:00,1.09432838917,4.77006503477,0.0,4.13831004791,0.0,0.113941269054,0.113941269054,0.113941269054,0.310005551811,0.0675423112045,0.147706795011,0.438020462091,0.601585138837
 04/05  24:00:00,0.800216534656,5.12282492775,0.0,4.67901187803,0.0,0.128828566524,0.128828566524,0.128828566524,0.159081772126,0.0346598649513,0.0982246905575,0.362309640498,0.418857989998
 04/06  01:00:00,0.693662133043,5.43989173723,0.0,5.08177527115,0.0,0.139917965725,0.139917965725,0.139917965725,0.0978964944452,0.0213291518652,0.083814778355,0.333591742652,0.335139429511
 04/06  02:00:00,0.648762232652,5.81516386427,0.0,5.48045886009,0.0,0.150895034516,0.150895034516,0.150895034516,0.0652643324166,0.0142194351839,0.0715474182325,0.329724012302,0.311994368036
 04/06  03:00:00,0.649102852537,6.27328973357,0.0,5.93275788211,0.0,0.163348312295,0.163348312295,0.163348312295,0.0652643324166,0.0142194351839,0.0640760367584,0.325082735883,0.318140895826
 04/06  04:00:00,0.652860027926,6.56419228647,0.0,6.15845035309,0.0,0.169562367371,0.169562367371,0.169562367371,0.0652643324166,0.0142194351839,0.0738992009315,0.312802692023,0.384196799084
 04/06  05:00:00,0.711128698031,7.02737685562,0.0,6.33067812,0.0,0.174304363524,0.174304363524,0.174304363524,0.0693433537151,0.0151081499967,0.0861981667443,0.34906266405,0.672656097354
 04/06  06:00:00,0.868487344004,7.43887183109,0.0,6.19842022176,0.0,0.170662869147,0.170662869147,0.170662869147,0.114212562921,0.024884007474,0.138308322259,0.403307582203,1.21267270513
 04/06  07:00:00,1.0960455359,7.31725429649,0.0,5.92455919782,0.0,0.163122575585,0.163122575585,0.163122575585,0.212109057366,0.0462131593392,0.213944220876,0.428544522734,1.36317793169
 04/06  08:00:00,1.01730582059,6.95340155479,0.0,5.60285564398,0.0,0.154265020023,0.154265020023,0.154265020023,0.171318844381,0.037326011211,0.27497430448,0.362309640498,1.32559085109
 04/06  09:00:00,0.900776972339,6.30582141405,0.0,5.0765247146,0.0,0.139773400656,0.139773400656,0.139773400656,0.0815804176106,0.0177742926139,0.336182059337,0.308354802121,1.20805792565
 04/06  10:00:00,0.899371205156,6.02028443551,0.0,4.93053155065,0.0,0.135753729297,0.135753729297,0.135753729297,0.0652643324166,0.0142194351839,0.351414911732,0.315606796526,1.06801461026
 04/06  11:00:00,0.875353863189,4.46689629391,0.0,3.503385794,0.0,0.0964597187579,0.0964597187579,0.0964597187579,0.0652643324166,0.0142194351839,0.366594887045,0.315703489785,0.9417655653
 04/06  12:00:00,0.837392104771,3.53584491906,0.0,2.66984644703,0.0,0.0735096425431,0.0735096425431,0.0735096425431,0.0652643324166,0.0142194351839,0.356901334072,0.310385360555,0.844619838012
 04/06  13:00:00,0.798074875972,2.83762698178,0.0,2.02889722138,0.0,0.0558622049842,0.0558622049842,0.0558622049842,0.0652643324166,0.0142194351839,0.324498591112,0.321118312275,0.786611865196
 04/06  14:00:00,0.774276035366,2.17078927544,0.0,1.41830153445,0.0,0.0390505000509,0.0390505000509,0.0390505000509,0.0652643324166,0.0142194351839,0.299429816056,0.339199951659,0.72912442381
 04/06  15:00:00,0.794100374615,1.9064475751,0.0,1.14517734223,0.0,0.0315304938865,0.0315304938865,0.0315304938865,0.0652643324166,0.0142194351839,0.307918976015,0.358055137113,0.736608213618
 04/06  16:00:00,0.905852882035,1.80112600405,0.0,0.965128384243,0.0,0.0265731546519,0.0265731546519,0.0265731546519,0.0693433537151,0.0151081499967,0.354199750391,0.42351647328,0.806826773379
 04/06  17:00:00,1.11834433202,2.23543951516,0.0,1.244187218,0.0,0.0342565609919,0.0342565609919,0.0342565609919,0.0938174982246,0.0204404425163,0.438213000532,0.514504829754,0.955814380762
 04/06  18:00:00,1.23929164674,2.14934025962,0.0,1.01886955092,0.0,0.0280528254984,0.0280528254984,0.0280528254984,0.171318844381,0.037326011211,0.396885009915,0.558596955739,1.09199582746
 04/06  19:00:00,1.36333934615,2.4368631163,0.0,1.28315825941,0.0,0.0353295617731,0.0353295617731,0.0353295617731,0.338558692541,0.073763313073,0.321993876894,0.576581901865,1.1139912137
 04/06  20:00:00,1.61884588161,2.67005242981,0.0,1.59569018697,0.0,0.0439345923374,0.0439345923374,0.0439345923374,0.554746829721,0.120865199974,0.285783239672,0.596404019907,1.03328329746
 04/06  21:00:00,1.65785140851,3.09699385131,0.0,2.12235864249,0.0,0.0584355049076,0.0584355049076,0.0584355049076,0.599616038926,0.130641057451,0.269566616575,0.582480190648,0.934515304965
 04/06  22:00:00,1.36369610687,3.65078907154,0.0,2.84113982057,0.0,0.0782259117776,0.0782259117776,0.0782259117776,0.448692342834,0.097758611198,0.217845283247,0.50406195781,0.774930615718
 04/06  23:00:00,1.0739378346,4.02981345908,0.0,3.39773169931,0.0,0.0935507144808,0.0935507144808,0.0935507144808,0.310005551811,0.0675423112045,0.147706795011,0.438020462091,0.601911911754
 04/06  24:00:00,0.78293196036,4.49515173776,0.0,4.05124172874,0.0,0.111543992227,0.111543992227,0.111543992227,0.159081772126,0.0346598649513,0.0982246905575,0.362309640498,0.418954949304
 04/07  01:00:00,0.67743259595,4.85113837149,0.0,4.49232373195,0.0,0.123688428633,0.123688428633,0.123688428633,0.0978964944452,0.0213291518652,0.083814778355,0.333591742652,0.335837602965
 04/07  02:00:00,0.628501703328,5.07965494907,0.0,4.74460298652,0.0,0.130634505193,0.130634505193,0.130634505193,0.0652643324166,0.0142194351839,0.0715474182325,0.329724012302,0.312341326403
 04/07  03:00:00,0.625445255253,5.4143663535,0.0,5.07352159872,0.0,0.139690715011,0.139690715011,0.139690715011,0.0652643324166,0.0142194351839,0.0640760367584,0.325082735883,0.318453799145
 04/07  04:00:00,0.628563303474,5.68192770086,0.0,5.27600117761,0.0,0.145265642919,0.145265642919,0.145265642919,0.0652643324166,0.0142194351839,0.0738992009315,0.312802692023,0.384381388968
 04/07  05:00:00,0.684883984446,6.07400885341,0.0,5.37747860911,0.0,0.148059649939,0.148059649939,0.148059649939,0.0693433537151,0.0151081499967,0.0861981667443,0.34906266405,0.672487606046
 04/07  06:00:00,0.857398773939,7.03468735784,0.0,5.79568694262,0.0,0.159574299083,0.159574299083,0.159574299083,0.114212562921,0.024884007474,0.138308322259,0.403307582203,1.21122151102
 04/07  07:00:00,1.07069962243,6.3944397634,0.0,5.00400381652,0.0,0.137776662117,0.137776662117,0.137776662117,0.212109057366,0.0462131593392,0.213944220876,0.428544522734,1.3609187799
 04/07  08:00:00,0.989292105511,5.93376046776,0.0,4.58540657076,0.0,0.126251304942,0.126251304942,0.126251304942,0.171318844381,0.037326011211,0.27497430448,0.362309640498,1.32339883728
 04/07  09:00:00,0.87345336648,5.31166736655,0.0,4.0841401852,0.0,0.112449794798,0.112449794798,0.112449794798,0.0815804176106,0.0177742926139,0.336182059337,0.308354802121,1.20628840755
 04/07  10:00:00,0.8633793442,4.71161655123,0.0,3.62331879907,0.0,0.0997618683409,0.0997618683409,0.0997618683409,0.0652643324166,0.0142194351839,0.351414911732,0.315606796526,1.06655947757
 04/07  11:00:00,0.854409340251,3.70558617922,0.0,2.74268749354,0.0,0.0755151958201,0.0755151958201,0.0755151958201,0.0652643324166,0.0142194351839,0.366594887045,0.315703489785,0.941153751079
 04/07  12:00:00,0.822865838182,3.00757966083,0.0,2.14225714176,0.0,0.0589833759547,0.0589833759547,0.0589833759547,0.0652643324166,0.0142194351839,0.356901334072,0.310385360555,0.843943885047
 04/07  13:00:00,0.783975907175,2.32453861296,0.0,1.51682723373,0.0,0.0417632361872,0.0417632361872,0.0417632361872,0.0652643324166,0.0142194351839,0.324498591112,0.321118312275,0.785593484027
 04/07  14:00:00,0.773397410289,2.13739117405,0.0,1.38639015575,0.0,0.0381718749735,0.0381718749735,0.0381718749735,0.0652643324166,0.0142194351839,0.299429816056,0.339199951659,0.727637701114
 04/07  15:00:00,0.79757005372,2.03145689289,0.0,1.27119496537,0.0,0.0350001729915,0.0350001729915,0.0350001729915,0.0652643324166,0.0142194351839,0.307918976015,0.358055137113,0.735599908277
 04/07  16:00:00,0.913227814465,2.06776083767,0.0,1.23298354533,0.0,0.0339480870819,0.0339480870819,0.0339480870819,0.0693433537151,0.0151081499967,0.354199750391,0.42351647328,0.805606445912
 04/07  17:00:00,1.12698952984,2.54755793088,0.0,1.55817800718,0.0,0.0429017588085,0.0429017588085,0.0429017588085,0.0938174982246,0.0204404425163,0.438213000532,0.514504829754,0.953942007307
 04/07  18:00:00,1.24886698797,2.49479008198,0.0,1.36664284787,0.0,0.037628166722,0.037628166722,0.037628166722,0.171318844381,0.037326011211,0.396885009915,0.558596955739,1.08967235288
 04/07  19:00:00,1.37503816005,2.85927940722,0.0,1.70805539758,0.0,0.0470283756803,0.0470283756803,0.0470283756803,0.338558692541,0.073763313073,0.321993876894,0.576581901865,1.11151036645
 04/07  20:00:00,1.62864614734,3.02366343467,0.0,1.95163266926,0.0,0.0537348580672,0.0537348580672,0.0537348580672,0.554746829721,0.120865199974,0.285783239672,0.596404019907,1.03095182004
 04/07  21:00:00,1.66431441732,3.32949108195,0.0,2.35709303267,0.0,0.0648985137197,0.0648985137197,0.0648985137197,0.599616038926,0.130641057451,0.269566616575,0.582480190648,0.932278145429
 04/07  22:00:00,1.36536281114,3.7095851655,0.0,2.90167398077,0.0,0.0798926160491,0.0798926160491,0.0798926160491,0.448692342834,0.097758611198,0.217845283247,0.50406195781,0.77319254948
 04/07  23:00:00,1.07386435309,4.02574467182,0.0,3.39506287473,0.0,0.0934772329736,0.0934772329736,0.0934772329736,0.310005551811,0.0675423112045,0.147706795011,0.438020462091,0.600511949071
 04/07  24:00:00,0.774901359011,4.20336776674,0.0,3.75957288454,0.0,0.103513390879,0.103513390879,0.103513390879,0.159081772126,0.0346598649513,0.0982246905575,0.362309640498,0.418839822481
 04/08  01:00:00,0.672788888834,4.54756058075,0.0,4.18031115299,0.0,0.115097697441,0.115097697441,0.115097697441,0.0978964944452,0.0213291518652,0.0877618024304,0.333591742652,0.344272391196
 04/08  02:00:00,0.622628395946,4.77797933005,0.0,4.43644702629,0.0,0.122149959383,0.122149959383,0.122149959383,0.0652643324166,0.0142194351839,0.0741586566598,0.329724012302,0.318821667615
 04/08  03:00:00,0.614250796282,4.96499842413,0.0,4.61735143073,0.0,0.127130851868,0.127130851868,0.127130851868,0.0652643324166,0.0142194351839,0.0654414409304,0.325082735883,0.325256037764
 04/08  04:00:00,0.616932505002,5.1761460251,0.0,4.75655882984,0.0,0.130963688832,0.130963688832,0.130963688832,0.0652643324166,0.0142194351839,0.076570356547,0.312802692023,0.398042060972
 04/08  05:00:00,0.669868782175,5.41838562006,0.0,4.68334076742,0.0,0.128947755068,0.128947755068,0.128947755068,0.0693433537151,0.0151081499967,0.0902948593445,0.34906266405,0.711002214381
 04/08  06:00:00,0.831374953327,5.79140563036,0.0,4.46459502518,0.0,0.122924966253,0.122924966253,0.122924966253,0.114212562921,0.024884007474,0.148933834476,0.403307582203,1.29903170097
 04/08  07:00:00,1.08207372257,6.14706886334,0.0,4.64853363352,0.0,0.127989400338,0.127989400338,0.127989400338,0.212109057366,0.0462131593392,0.235105582796,0.428544522734,1.46901806284
 04/08  08:00:00,1.01474331813,5.79374874284,0.0,4.33167410359,0.0,0.119265216665,0.119265216665,0.119265216665,0.171318844381,0.037326011211,0.307411605372,0.362309640498,1.43711957953
 04/08  09:00:00,0.920566087505,5.49246735808,0.0,4.1597454962,0.0,0.114531457356,0.114531457356,0.114531457356,0.0815804176106,0.0177742926139,0.381213117803,0.308354802121,1.31148308808
 04/08  10:00:00,0.936610506626,5.61259818601,0.0,4.43378995481,0.0,0.122076801477,0.122076801477,0.122076801477,0.0652643324166,0.0142194351839,0.402331141021,0.315606796526,1.1570699566
 04/08  11:00:00,0.926083808598,4.47670286116,0.0,3.43950623427,0.0,0.0947009046482,0.0947009046482,0.0947009046482,0.0652643324166,0.0142194351839,0.419083646564,0.315703489785,1.01545169229
 04/08  12:00:00,0.889828239701,3.76732710783,0.0,2.83784779073,0.0,0.0781352713826,0.0781352713826,0.0781352713826,0.0652643324166,0.0142194351839,0.404711840164,0.310385360555,0.908100683077
 04/08  13:00:00,0.850955240265,3.22974618494,0.0,2.36639170681,0.0,0.0651545367631,0.0651545367631,0.0651545367631,0.0652643324166,0.0142194351839,0.368086623627,0.321118312275,0.84123658293
 04/08  14:00:00,0.827225902499,2.72193965526,0.0,1.92039545708,0.0,0.0528747950086,0.0528747950086,0.0528747950086,0.0652643324166,0.0142194351839,0.338555388231,0.339199951659,0.778180881003
 04/08  15:00:00,0.850660839351,2.66332372894,0.0,1.85346522134,0.0,0.0510319857676,0.0510319857676,0.0510319857676,0.0652643324166,0.0142194351839,0.34497794887,0.358055137113,0.78519648836
 04/08  16:00:00,0.956303828133,2.3887621368,0.0,1.49296322002,0.0,0.0411061815018,0.0411061815018,0.0411061815018,0.0693433537151,0.0151081499967,0.390117669639,0.42351647328,0.866628070362
 04/08  17:00:00,1.16872149104,2.85277839602,0.0,1.78989866951,0.0,0.0492817897938,0.0492817897938,0.0492817897938,0.0938174982246,0.0204404425163,0.473564930748,0.514504829754,1.02744181011
 04/08  18:00:00,1.28599627255,2.6923332675,0.0,1.46902689205,0.0,0.0404471357673,0.0404471357673,0.0404471357673,0.171318844381,0.037326011211,0.431195325454,0.558596955739,1.18483149422
 04/08  19:00:00,1.40324274131,2.74626710723,0.0,1.48867826963,0.0,0.0409882027425,0.0409882027425,0.0409882027425,0.338558692541,0.073763313073,0.356238631088,0.576581901865,1.2178751944
 04/08  20:00:00,1.65372263791,2.77020867836,0.0,1.59646691848,0.0,0.0439559783071,0.0439559783071,0.0439559783071,0.554746829721,0.120865199974,0.320638609999,0.596404019907,1.13266281451
 04/08  21:00:00,1.6871429058,2.95115790129,0.0,1.89298680305,0.0,0.052120144732,0.052120144732,0.052120144732,0.599616038926,0.130641057451,0.305173474043,0.582480190648,1.01805119439
 04/08  22:00:00,1.37775682228,3.19958467905,0.0,2.32422014944,0.0,0.0639934152643,0.0639934152643,0.0639934152643,0.448692342834,0.097758611198,0.246138495171,0.50406195781,0.840645894359
 04/08  23:00:00,1.06991664571,3.36052798363,0.0,2.68746285994,0.0,0.0739946802565,0.0739946802565,0.0739946802565,0.310005551811,0.0675423112045,0.163241640347,0.438020462091,0.642895275674
 04/08  24:00:00,0.761465100619,3.49219817703,0.0,3.03281828081,0.0,0.0835034494095,0.0835034494095,0.0835034494095,0.159081772126,0.0346598649513,0.104798373634,0.362309640498,0.434424836505
 04/09  01:00:00,0.649115690678,3.68789840919,0.0,3.32050825094,0.0,0.0914244992852,0.0914244992852,0.0914244992852,0.0978964944452,0.0213291518652,0.0877618024304,0.333591742652,0.34441312168
 04/09  02:00:00,0.600220243671,3.96430774842,0.0,3.62259018157,0.0,0.0997418071078,0.0997418071078,0.0997418071078,0.0652643324166,0.0142194351839,0.0741586566598,0.329724012302,0.319006930705
 04/09  03:00:00,0.591041740057,4.12245347841,0.0,3.77440601354,0.0,0.103921795644,0.103921795644,0.103921795644,0.0652643324166,0.0142194351839,0.0654414409304,0.325082735883,0.325656509239
 04/09  04:00:00,0.591383790368,4.24837016042,0.0,3.82863777579,0.0,0.105414974198,0.105414974198,0.105414974198,0.0652643324166,0.0142194351839,0.076570356547,0.312802692023,0.398187250336
 04/09  05:00:00,0.644898723371,4.51095324932,0.0,3.77643630599,0.0,0.103977696264,0.103977696264,0.103977696264,0.0693433537151,0.0151081499967,0.0902948593445,0.34906266405,0.71047430506
 04/09  06:00:00,0.806833356531,4.89834560344,0.0,3.57325216535,0.0,0.098383369457,0.098383369457,0.098383369457,0.114212562921,0.024884007474,0.148933834476,0.403307582203,1.29731453388
 04/09  07:00:00,1.05651807716,5.2167390533,0.0,3.72036085591,0.0,0.102433754928,0.102433754928,0.102433754928,0.212109057366,0.0462131593392,0.235105582796,0.428544522734,1.46686103041
 04/09  08:00:00,0.991490003731,4.94701261403,0.0,3.48712124392,0.0,0.0960119022688,0.0960119022688,0.0960119022688,0.171318844381,0.037326011211,0.307411605372,0.362309640498,1.4349363104
 04/09  09:00:00,0.898237758859,4.679506145,0.0,3.3487878199,0.0,0.0922031287108,0.0922031287108,0.0922031287108,0.0815804176106,0.0177742926139,0.381213117803,0.308354802121,1.3094795513
 04/09  10:00:00,0.906865038444,4.53047208402,0.0,3.35344416898,0.0,0.0923313332961,0.0923313332961,0.0923313332961,0.0652643324166,0.0142194351839,0.402331141021,0.315606796526,1.15528964044
 04/09  11:00:00,0.914152387221,4.04259722917,0.0,3.006160868,0.0,0.0827694832709,0.0827694832709,0.0827694832709,0.0652643324166,0.0142194351839,0.419083646564,0.315703489785,1.01469142657
 04/09  12:00:00,0.884745835544,3.5819725505,0.0,2.65325651518,0.0,0.0730528672249,0.0730528672249,0.0730528672249,0.0652643324166,0.0142194351839,0.404711840164,0.310385360555,0.907337401297
 04/09  13:00:00,0.847537119076,3.10457611589,0.0,2.2422466505,0.0,0.0617364155736,0.0617364155736,0.0617364155736,0.0652643324166,0.0142194351839,0.368086623627,0.321118312275,0.840211570196
 04/09  14:00:00,0.823384763225,2.58164760891,0.0,1.78088652073,0.0,0.049033655735,0.049033655735,0.049033655735,0.0652643324166,0.0142194351839,0.338555388231,0.339199951659,0.777397770995
 04/09  15:00:00,0.85211633638,2.71534713739,0.0,1.90632840275,0.0,0.0524874827958,0.0524874827958,0.0524874827958,0.0652643324166,0.0142194351839,0.34497794887,0.358055137113,0.784356715393
 04/09  16:00:00,0.96418477457,2.67388275676,0.0,1.77919664625,0.0,0.0489871279395,0.0489871279395,0.0489871279395,0.0693433537151,0.0151081499967,0.390117669639,0.42351647328,0.86551526409
 04/09  17:00:00,1.1723302593,2.98184908133,0.0,1.92096796592,0.0,0.0528905580577,0.0528905580577,0.0528905580577,0.0938174982246,0.0204404425163,0.473564930748,0.514504829754,1.02544319901
 04/09  18:00:00,1.28949006353,2.81707142064,0.0,1.59592025049,0.0,0.0439409267417,0.0439409267417,0.0439409267417,0.171318844381,0.037326011211,0.431195325454,0.558596955739,1.18267628892
 04/09  19:00:00,1.40798066085,2.9161894179,0.0,1.66075797545,0.0,0.0457261222875,0.0457261222875,0.0457261222875,0.338558692541,0.073763313073,0.356238631088,0.576581901865,1.21571779925
 04/09  20:00:00,1.65448063116,2.79547172626,0.0,1.62399698818,0.0,0.0447139715562,0.0447139715562,0.0447139715562,0.554746829721,0.120865199974,0.320638609999,0.596404019907,1.13039579271
 04/09  21:00:00,1.68377260848,2.8267665808,0.0,1.77057869402,0.0,0.0487498474067,0.0487498474067,0.0487498474067,0.599616038926,0.130641057451,0.305173474043,0.582480190648,1.01606798293
 04/09  22:00:00,1.36935668001,2.89305352442,0.0,2.01912969855,0.0,0.0555932729965,0.0555932729965,0.0555932729965,0.448692342834,0.097758611198,0.246138495171,0.50406195781,0.839205190613
 04/09  23:00:00,1.07365782323,3.4959527473,0.0,2.82334121783,0.0,0.0777358577797,0.0777358577797,0.0777358577797,0.310005551811,0.0675423112045,0.163241640347,0.438020462091,0.642441681452
 04/09  24:00:00,0.773696061247,3.9366264784,0.0,3.47704281582,0.0,0.0957344100377,0.0957344100377,0.0957344100377,0.159081772126,0.0346598649513,0.104798373634,0.362309640498,0.434628602872
 04/10  01:00:00,0.661469156779,4.27147009712,0.0,3.9125367832,0.0,0.107724989461,0.107724989461,0.107724989461,0.0978964944452,0.0213291518652,0.083814778355,0.333591742652,0.335956277354
 04/10  02:00:00,0.618459075488,4.71529930453,0.0,4.37985799076,0.0,0.120591877352,0.120591877352,0.120591877352,0.0652643324166,0.0142194351839,0.0715474182325,0.329724012302,0.312730677631
 04/10  03:00:00,0.616906511794,5.1043153241,0.0,4.76339719738,0.0,0.131151971552,0.131151971552,0.131151971552,0.0652643324166,0.0142194351839,0.0640760367584,0.325082735883,0.318527171085
 04/10  04:00:00,0.62244090556,5.45899962763,0.0,5.0536376651,0.0,0.139143245005,0.139143245005,0.139143245005,0.0652643324166,0.0142194351839,0.0738992009315,0.312802692023,0.383816828242
 04/10  05:00:00,0.682896667831,5.99941305018,0.0,5.30529991227,0.0,0.146072333324,0.146072333324,0.146072333324,0.0693433537151,0.0151081499967,0.0861981667443,0.34906266405,0.670070499642
 04/10  06:00:00,0.85604702141,6.97939808812,0.0,5.74659172784,0.0,0.158222546553,0.158222546553,0.158222546553,0.114212562921,0.024884007474,0.138308322259,0.403307582203,1.20502745607
 04/10  07:00:00,1.09360203049,7.21934316095,0.0,5.83581187125,0.0,0.160679070169,0.160679070169,0.160679070169,0.212109057366,0.0462131593392,0.213944220876,0.428544522734,1.35401412273
 04/10  08:00:00,1.00842326546,6.62126351039,0.0,5.28024411368,0.0,0.145382464886,0.145382464886,0.145382464886,0.171318844381,0.037326011211,0.27497430448,0.362309640498,1.31606433699
 04/10  09:00:00,0.897578835144,6.18122474341,0.0,4.96036940585,0.0,0.136575263462,0.136575263462,0.136575263462,0.0815804176106,0.0177742926139,0.336182059337,0.308354802121,1.19961656375
 04/10  10:00:00,0.895809864332,5.88353497387,0.0,4.8011848035,0.0,0.132192388473,0.132192388473,0.132192388473,0.0652643324166,0.0142194351839,0.351414911732,0.315606796526,1.06061189578
 04/10  11:00:00,0.886536572752,4.8668200017,0.0,3.90953818929,0.0,0.107642428321,0.107642428321,0.107642428321,0.0652643324166,0.0142194351839,0.366594887045,0.315703489785,0.935536877811
 04/10  12:00:00,0.851040256624,4.02561645327,0.0,3.16554290907,0.0,0.0871577943965,0.0871577943965,0.0871577943965,0.0652643324166,0.0142194351839,0.356901334072,0.310385360555,0.83869491018
 04/10  13:00:00,0.818548963376,3.57545352121,0.0,2.77250945537,0.0,0.0763362923881,0.0763362923881,0.0763362923881,0.0652643324166,0.0142194351839,0.324498591112,0.321118312275,0.780826170637
 04/10  14:00:00,0.805534067579,3.30065200323,0.0,2.55358315679,0.0,0.0703085322635,0.0703085322635,0.0703085322635,0.0652643324166,0.0142194351839,0.299429816056,0.339199951659,0.723705529259
 04/10  15:00:00,0.830984086163,3.24069912875,0.0,2.4847818189,0.0,0.0684142054342,0.0684142054342,0.0684142054342,0.0652643324166,0.0142194351839,0.307918976015,0.358055137113,0.731255290597
 04/10  16:00:00,0.944130544874,3.18542351755,0.0,2.35536072105,0.0,0.0648508174905,0.0648508174905,0.0648508174905,0.0693433537151,0.0151081499967,0.354199750391,0.42351647328,0.800891950081
 04/10  17:00:00,1.14491091399,3.19250581414,0.0,2.20907688442,0.0,0.0608231429581,0.0608231429581,0.0608231429581,0.0938174982246,0.0204404425163,0.438213000532,0.514504829754,0.947991013328
 04/10  18:00:00,1.27204962088,3.33043790709,0.0,2.20862857874,0.0,0.0608107996302,0.0608107996302,0.0608107996302,0.171318844381,0.037326011211,0.396885009915,0.558596955739,1.08333444712
 04/10  19:00:00,1.39064531146,3.41945732023,0.0,2.27490208998,0.0,0.0626355270885,0.0626355270885,0.0626355270885,0.338558692541,0.073763313073,0.321993876894,0.576581901865,1.10484158704
 04/10  20:00:00,1.64014205934,3.43500253959,0.0,2.36916047576,0.0,0.065230770067,0.065230770067,0.065230770067,0.554746829721,0.120865199974,0.285783239672,0.596404019907,1.02476311845
 04/10  21:00:00,1.67050053626,3.54887452104,0.0,2.58177087225,0.0,0.0710846326605,0.0710846326605,0.0710846326605,0.599616038926,0.130641057451,0.269566616575,0.582480190648,0.926983744942
 04/10  22:00:00,1.36973774016,3.86450374945,0.0,3.06056998831,0.0,0.0842675450751,0.0842675450751,0.0842675450751,0.448692342834,0.097758611198,0.217845283247,0.50406195781,0.769215125883
 04/10  23:00:00,1.0761635633,4.10686248569,0.0,3.47856944604,0.0,0.0957764431823,0.0957764431823,0.0957764431823,0.310005551811,0.0675423112045,0.147706795011,0.438020462091,0.598123191637
 04/10  24:00:00,0.780600521517,4.40864778466,0.0,3.96656462385,0.0,0.109212553384,0.109212553384,0.109212553384,0.159081772126,0.0346598649513,0.0982246905575,0.362309640498,0.417128101097
 04/11  01:00:00,0.671815265029,4.64633419667,0.0,4.28830408931,0.0,0.118071097711,0.118071097711,0.118071097711,0.0978964944452,0.0213291518652,0.083814778355,0.333591742652,0.335053070791
 04/11  02:00:00,0.62566088112,4.97599019984,0.0,4.64142524252,0.0,0.127793682984,0.127793682984,0.127793682984,0.0652643324166,0.0142194351839,0.0715474182325,0.329724012302,0.311854321175
 04/11  03:00:00,0.621658348193,5.2763241935,0.0,4.93598235881,0.0,0.135903807951,0.135903807951,0.135903807951,0.0652643324166,0.0142194351839,0.0640760367584,0.325082735883,0.317950879049
 04/11  04:00:00,0.623809823096,5.50796258525,0.0,5.10335630735,0.0,0.140512162541,0.140512162541,0.140512162541,0.0652643324166,0.0142194351839,0.0738992009315,0.312802692023,0.383061143607
 04/11  05:00:00,0.682911516691,5.99864787424,0.0,5.30583921807,0.0,0.146087182184,0.146087182184,0.146087182184,0.0693433537151,0.0151081499967,0.0861981667443,0.34906266405,0.668766017906
 04/11  06:00:00,0.855714948719,6.9647688109,0.0,5.73453095511,0.0,0.157890473863,0.157890473863,0.157890473863,0.114212562921,0.024884007474,0.138308322259,0.403307582203,1.20245895158
 04/11  07:00:00,1.08948408551,7.06703676473,0.0,5.68624944126,0.0,0.156561125192,0.156561125192,0.156561125192,0.212109057366,0.0462131593392,0.213944220876,0.428544522734,1.35127015649
 04/11  08:00:00,1.00544881278,6.51050305254,0.0,5.1722129542,0.0,0.142408012207,0.142408012207,0.142408012207,0.171318844381,0.037326011211,0.27497430448,0.362309640498,1.31333503862
 04/11  09:00:00,0.890057223638,5.90568577922,0.0,4.68718690813,0.0,0.129053651955,0.129053651955,0.129053651955,0.0815804176106,0.0177742926139,0.336182059337,0.308354802121,1.19726009729
 04/11  10:00:00,0.896006751243,5.88898371833,0.0,4.80833567246,0.0,0.132389275384,0.132389275384,0.132389275384,0.0652643324166,0.0142194351839,0.351414911732,0.315606796526,1.05890977127
 04/11  11:00:00,0.881379746334,4.6779793038,0.0,3.72224392129,0.0,0.102485601903,0.102485601903,0.102485601903,0.0652643324166,0.0142194351839,0.366594887045,0.315703489785,0.933990447907
 04/11  12:00:00,0.847773942901,3.90584860992,0.0,3.04691145085,0.0,0.0838914806737,0.0838914806737,0.0838914806737,0.0652643324166,0.0142194351839,0.356901334072,0.310385360555,0.837558525043
 04/11  13:00:00,0.812515559037,3.35525513689,0.0,2.55337816076,0.0,0.0703028880496,0.0703028880496,0.0703028880496,0.0652643324166,0.0142194351839,0.324498591112,0.321118312275,0.779759080924
 04/11  14:00:00,0.799012073635,3.06288076538,0.0,2.31670644572,0.0,0.0637865383201,0.0637865383201,0.0637865383201,0.0652643324166,0.0142194351839,0.299429816056,0.339199951659,0.722811002472
 04/11  15:00:00,0.827957884739,3.13024998147,0.0,2.37487116176,0.0,0.0653880040107,0.0653880040107,0.0653880040107,0.0652643324166,0.0142194351839,0.307918976015,0.358055137113,0.730716800469
 04/11  16:00:00,0.94449241969,3.19768899766,0.0,2.36850389736,0.0,0.065212692307,0.065212692307,0.065212692307,0.0693433537151,0.0151081499967,0.354199750391,0.42351647328,0.800014253872
 04/11  17:00:00,1.16623977024,3.96597125245,0.0,2.98373404679,0.0,0.082151999216,0.082151999216,0.082151999216,0.0938174982246,0.0204404425163,0.438213000532,0.514504829754,0.946799289262
 04/11  18:00:00,1.28248295894,3.70688989577,0.0,2.58756404356,0.0,0.0712441376959,0.0712441376959,0.0712441376959,0.171318844381,0.037326011211,0.396885009915,0.558596955739,1.08085097099
 04/11  19:00:00,1.40421141046,3.90988134751,0.0,2.76761841899,0.0,0.0762016260906,0.0762016260906,0.0762016260906,0.338558692541,0.073763313073,0.321993876894,0.576581901865,1.10254928531
 04/11  20:00:00,1.65812618757,4.08624110084,0.0,3.02233819775,0.0,0.0832148982979,0.0832148982979,0.0832148982979,0.554746829721,0.120865199974,0.285783239672,0.596404019907,1.02282395772
 04/11  21:00:00,1.69484264444,4.4311751214,0.0,3.46586837006,0.0,0.0954267408405,0.0954267408405,0.0954267408405,0.599616038926,0.130641057451,0.269566616575,0.582480190648,0.925186847493
 04/11  22:00:00,1.39691217982,4.84973091036,0.0,4.04753684954,0.0,0.111441984733,0.111441984733,0.111441984733,0.448692342834,0.097758611198,0.217845283247,0.50406195781,0.767475425567
 04/11  23:00:00,1.10858390601,5.28292731726,0.0,4.65606580985,0.0,0.128196785894,0.128196785894,0.128196785894,0.310005551811,0.0675423112045,0.147706795011,0.438020462091,0.596691659395
 04/11  24:00:00,0.814403155833,5.63555960806,0.0,5.19426537177,0.0,0.1430151877,0.1430151877,0.1430151877,0.159081772126,0.0346598649513,0.0982246905575,0.362309640498,0.416339176571
 04/12  01:00:00,0.704964373131,5.84920750049,0.0,5.49226897646,0.0,0.151220205813,0.151220205813,0.151220205813,0.0978964944452,0.0213291518652,0.083814778355,0.333591742652,0.333961487469
 04/12  02:00:00,0.654499224953,6.02240067887,0.0,5.68882456537,0.0,0.156632026818,0.156632026818,0.156632026818,0.0652643324166,0.0142194351839,0.0715474182325,0.329724012302,0.310865477356
 04/12  03:00:00,0.644808124052,6.11591838773,0.0,5.77677473228,0.0,0.15905358381,0.15905358381,0.15905358381,0.0652643324166,0.0142194351839,0.0640760367584,0.325082735883,0.316752699818
 04/12  04:00:00,0.645914613701,6.30966549949,0.0,5.90619515431,0.0,0.162616953146,0.162616953146,0.162616953146,0.0652643324166,0.0142194351839,0.0738992009315,0.312802692023,0.381925210891
 04/12  05:00:00,0.699117786358,6.58539446885,0.0,5.89444569189,0.0,0.162293451851,0.162293451851,0.162293451851,0.0693433537151,0.0151081499967,0.0861981667443,0.34906266405,0.666906138697
 04/12  06:00:00,0.853669115867,6.88726507256,0.0,5.66022696746,0.0,0.155844641011,0.155844641011,0.155844641011,0.114212562921,0.024884007474,0.138308322259,0.403307582203,1.19925920089
 04/12  07:00:00,1.07206064733,6.43043225742,0.0,5.05343580054,0.0,0.13913768701,0.13913768701,0.13913768701,0.212109057366,0.0462131593392,0.213944220876,0.428544522734,1.34747928991
 04/12  08:00:00,0.990129769844,5.95133189337,0.0,4.61583026845,0.0,0.127088969274,0.127088969274,0.127088969274,0.171318844381,0.037326011211,0.27497430448,0.362309640498,1.3105465652
 04/12  09:00:00,0.879383193875,5.51563529279,0.0,4.29950959869,0.0,0.118379622192,0.118379622192,0.118379622192,0.0815804176106,0.0177742926139,0.336182059337,0.308354802121,1.1948869203
 04/12  10:00:00,0.877021778942,5.19706702006,0.0,4.11880761747,0.0,0.113404303083,0.113404303083,0.113404303083,0.0652643324166,0.0142194351839,0.351414911732,0.315606796526,1.05652112799
 04/12  11:00:00,0.861442405217,3.95186355591,0.0,2.99812613888,0.0,0.0825482607859,0.0825482607859,0.0825482607859,0.0652643324166,0.0142194351839,0.366594887045,0.315703489785,0.931992482427
 04/12  12:00:00,0.823147218113,3.00967410034,0.0,2.15247676988,0.0,0.0592647558859,0.0592647558859,0.0592647558859,0.0652643324166,0.0142194351839,0.356901334072,0.310385360555,0.835818696436
 04/12  13:00:00,0.790804340869,2.56569394421,0.0,1.76483373746,0.0,0.0485916698817,0.0485916698817,0.0485916698817,0.0652643324166,0.0142194351839,0.324498591112,0.321118312275,0.778742311548
 04/12  14:00:00,0.770786433163,2.03644455407,0.0,1.29156031082,0.0,0.0355608978474,0.0355608978474,0.0355608978474,0.0652643324166,0.0142194351839,0.299429816056,0.339199951659,0.721520926069
 04/12  15:00:00,0.796619281304,1.990550996,0.0,1.23666321865,0.0,0.0340494005753,0.0340494005753,0.0340494005753,0.0652643324166,0.0142194351839,0.307918976015,0.358055137113,0.729225758101
 04/12  16:00:00,0.918223981482,2.24251928951,0.0,1.41444271582,0.0,0.0389442540986,0.0389442540986,0.0389442540986,0.0693433537151,0.0151081499967,0.354199750391,0.42351647328,0.798905727273
 04/12  17:00:00,1.13759866439,2.92465117175,0.0,1.94349834348,0.0,0.0535108933592,0.0535108933592,0.0535108933592,0.0938174982246,0.0204404425163,0.438213000532,0.514504829754,0.94571491187
 04/12  18:00:00,1.25573651766,2.73425119249,0.0,1.616141945,0.0,0.0444976964155,0.0444976964155,0.0444976964155,0.171318844381,0.037326011211,0.396885009915,0.558596955739,1.07963436626
 04/12  19:00:00,1.37758719949,2.941500895,0.0,1.80063568552,0.0,0.0495774151131,0.0495774151131,0.0495774151131,0.338558692541,0.073763313073,0.321993876894,0.576581901865,1.10115156628
 04/12  20:00:00,1.6271634944,2.96022844609,0.0,1.89778319396,0.0,0.0522522051288,0.0522522051288,0.0522522051288,0.554746829721,0.120865199974,0.285783239672,0.596404019907,1.02136630675
 04/12  21:00:00,1.65650839221,3.03766631266,0.0,2.07358072469,0.0,0.0570924886058,0.0570924886058,0.0570924886058,0.599616038926,0.130641057451,0.269566616575,0.582480190648,0.923965684119
 04/12  22:00:00,1.35088179515,3.1773969102,0.0,2.37572816255,0.0,0.0654116000577,0.0654116000577,0.0654116000577,0.448692342834,0.097758611198,0.217845283247,0.50406195781,0.766950112399
 04/12  23:00:00,1.05712558677,3.41390921275,0.0,2.78711629454,0.0,0.0767384666506,0.0767384666506,0.0767384666506,0.310005551811,0.0675423112045,0.147706795011,0.438020462091,0.596623070194
 04/12  24:00:00,0.759554334497,3.64391402054,0.0,3.20217391679,0.0,0.0881663663639,0.0881663663639,0.0881663663639,0.159081772126,0.0346598649513,0.0982246905575,0.362309640498,0.416785044029
 04/13  01:00:00,0.648342006997,3.79374788633,0.0,3.43576294792,0.0,0.0945978396792,0.0945978396792,0.0945978396792,0.0978964944452,0.0213291518652,0.083814778355,0.333591742652,0.335007901848
 04/13  02:00:00,0.604804999823,4.21870119106,0.0,3.88394637781,0.0,0.106937801688,0.106937801688,0.106937801688,0.0652643324166,0.0142194351839,0.0715474182325,0.329724012302,0.312044177104
 04/13  03:00:00,0.599462775774,4.47044966805,0.0,4.12984634576,0.0,0.113708235533,0.113708235533,0.113708235533,0.0652643324166,0.0142194351839,0.0640760367584,0.325082735883,0.31821236665
 04/13  04:00:00,0.60984821435,5.00112087363,0.0,4.59627519235,0.0,0.126550553795,0.126550553795,0.126550553795,0.0652643324166,0.0142194351839,0.0738992009315,0.312802692023,0.383300546994
 04/13  05:00:00,0.669367352164,5.50517947238,0.0,4.8139195421,0.0,0.132543017657,0.132543017657,0.132543017657,0.0693433537151,0.0151081499967,0.0861981667443,0.34906266405,0.667217292015
 04/13  06:00:00,0.841927968285,6.45988728765,0.0,5.23379228389,0.0,0.144103493428,0.144103493428,0.144103493428,0.114212562921,0.024884007474,0.138308322259,0.403307582203,1.19831609955
 04/13  07:00:00,1.06301689097,6.10069437047,0.0,4.72496949415,0.0,0.130093930656,0.130093930656,0.130093930656,0.212109057366,0.0462131593392,0.213944220876,0.428544522734,1.34620770935
 04/13  08:00:00,0.988784111195,5.90093724559,0.0,4.56695638147,0.0,0.125743310626,0.125743310626,0.125743310626,0.171318844381,0.037326011211,0.27497430448,0.362309640498,1.30902580441
 04/13  09:00:00,0.875406315927,5.36954124275,0.0,4.15507067762,0.0,0.114402744245,0.114402744245,0.114402744245,0.0815804176106,0.0177742926139,0.336182059337,0.308354802121,1.19323179133
 04/13  10:00:00,0.88162894573,5.36320000541,0.0,4.28613842543,0.0,0.118011469871,0.118011469871,0.118011469871,0.0652643324166,0.0142194351839,0.351414911732,0.315606796526,1.05532330538
 04/13  11:00:00,0.870138479782,4.26674435221,0.0,3.3139647551,0.0,0.0912443353508,0.0912443353508,0.0912443353508,0.0652643324166,0.0142194351839,0.366594887045,0.315703489785,0.931034662497
 04/13  12:00:00,0.835862682639,3.47071594161,0.0,2.61429832978,0.0,0.0719802204119,0.0719802204119,0.0719802204119,0.0652643324166,0.0142194351839,0.356901334072,0.310385360555,0.835038977801
 04/13  13:00:00,0.804817608652,3.07352150438,0.0,2.27379109199,0.0,0.0626049376643,0.0626049376643,0.0626049376643,0.0652643324166,0.0142194351839,0.324498591112,0.321118312275,0.777612517192
 04/13  14:00:00,0.784539192979,2.53527692517,0.0,1.79105610026,0.0,0.049313657664,0.049313657664,0.049313657664,0.0652643324166,0.0142194351839,0.299429816056,0.339199951659,0.720857507736
 04/13  15:00:00,0.809256745675,2.44881097563,0.0,1.69565183814,0.0,0.0466868649461,0.0466868649461,0.0466868649461,0.0652643324166,0.0142194351839,0.307918976015,0.358055137113,0.728497118235
 04/13  16:00:00,0.924924114551,2.48460111123,0.0,1.65778938235,0.0,0.0456443871683,0.0456443871683,0.0456443871683,0.0693433537151,0.0151081499967,0.354199750391,0.42351647328,0.797640882457
 04/13  17:00:00,1.1411318029,3.0511186571,0.0,2.07182079193,0.0,0.057044031876,0.057044031876,0.057044031876,0.0938174982246,0.0204404425163,0.438213000532,0.514504829754,0.943859948772
 04/13  18:00:00,1.26168230184,2.9482783231,0.0,1.83209090364,0.0,0.0504434805916,0.0504434805916,0.0504434805916,0.171318844381,0.037326011211,0.396885009915,0.558596955739,1.07771253822
 04/13  19:00:00,1.38384367964,3.16680750941,0.0,2.02786902156,0.0,0.0558338952659,0.0558338952659,0.0558338952659,0.338558692541,0.073763313073,0.321993876894,0.576581901865,1.09922484464
 04/13  20:00:00,1.64101196774,3.46164264592,0.0,2.40075526773,0.0,0.0661006784718,0.0661006784718,0.0661006784718,0.554746829721,0.120865199974,0.285783239672,0.596404019907,1.01980843281
 04/13  21:00:00,1.6734524364,3.65145074149,0.0,2.68898293061,0.0,0.0740365327952,0.0740365327952,0.0740365327952,0.599616038926,0.130641057451,0.269566616575,0.582480190648,0.922347907026
 04/13  22:00:00,1.37488182169,4.04773612679,0.0,3.24740136587,0.0,0.0894116265992,0.0894116265992,0.0894116265992,0.448692342834,0.097758611198,0.217845283247,0.50406195781,0.765616125668
 04/13  23:00:00,1.0853911981,4.43936047933,0.0,3.81371415817,0.0,0.105004077984,0.105004077984,0.105004077984,0.310005551811,0.0675423112045,0.147706795011,0.438020462091,0.595476473147
 04/13  24:00:00,0.792216675797,4.82962228119,0.0,4.38845959111,0.0,0.120828707664,0.120828707664,0.120828707664,0.159081772126,0.0346598649513,0.0982246905575,0.362309640498,0.416207630365
 04/14  01:00:00,0.685656634838,5.14793535904,0.0,4.79101816504,0.0,0.131912467521,0.131912467521,0.131912467521,0.0978964944452,0.0213291518652,0.083814778355,0.333591742652,0.333940157437
 04/14  02:00:00,0.642202851109,5.57619554212,0.0,5.2422242435,0.0,0.144335652973,0.144335652973,0.144335652973,0.0652643324166,0.0142194351839,0.0715474182325,0.329724012302,0.311260662481
 04/14  03:00:00,0.6399715627,5.94081640749,0.0,5.60111238795,0.0,0.154217022458,0.154217022458,0.154217022458,0.0652643324166,0.0142194351839,0.0640760367584,0.325082735883,0.3173130639
 04/14  04:00:00,0.645313564081,6.28767398265,0.0,5.88436522647,0.0,0.162015903526,0.162015903526,0.162015903526,0.0652643324166,0.0142194351839,0.0738992009315,0.312802692023,0.38176362189
 04/14  05:00:00,0.703293646189,6.7352326711,0.0,6.04611157067,0.0,0.166469311683,0.166469311683,0.166469311683,0.0693433537151,0.0151081499967,0.0861981667443,0.34906266405,0.665078462166
 04/14  06:00:00,0.877227898944,7.73859771624,0.0,6.51587435083,0.0,0.179403424087,0.179403424087,0.179403424087,0.114212562921,0.024884007474,0.138308322259,0.403307582203,1.19494446121
 04/14  07:00:00,1.11296942245,7.91123231011,0.0,6.53922928467,0.0,0.180046462132,0.180046462132,0.180046462132,0.212109057366,0.0462131593392,0.213944220876,0.428544522734,1.34248585847
 04/14  08:00:00,1.03118807051,7.43693389276,0.0,6.10705447201,0.0,0.16814726994,0.16814726994,0.16814726994,0.171318844381,0.037326011211,0.27497430448,0.362309640498,1.30492436104
 04/14  09:00:00,0.927317821065,7.25114905229,0.0,6.04047975807,0.0,0.166314249383,0.166314249383,0.166314249383,0.0815804176106,0.0177742926139,0.336182059337,0.308354802121,1.18943052042
 04/14  10:00:00,0.946593416447,7.71902513548,0.0,6.64562699492,0.0,0.182975940588,0.182975940588,0.182975940588,0.0652643324166,0.0142194351839,0.351414911732,0.315606796526,1.05165986597
 04/14  11:00:00,0.939186529259,6.77068788178,0.0,5.8217675847,0.0,0.160292384828,0.160292384828,0.160292384828,0.0652643324166,0.0142194351839,0.366594887045,0.315703489785,0.927175362475
 04/14  12:00:00,0.909947901978,6.15766680225,0.0,5.30504953991,0.0,0.146065439751,0.146065439751,0.146065439751,0.0652643324166,0.0142194351839,0.356901334072,0.310385360555,0.831238628314
 04/14  13:00:00,0.883333797399,5.92140200498,0.0,5.12547367823,0.0,0.141121126411,0.141121126411,0.141121126411,0.0652643324166,0.0142194351839,0.324498591112,0.321118312275,0.773810431552
 04/14  14:00:00,0.875063483362,5.81934198091,0.0,5.07886905496,0.0,0.139837948047,0.139837948047,0.139837948047,0.0652643324166,0.0142194351839,0.299429816056,0.339199951659,0.717109608759
 04/14  15:00:00,0.899689137159,5.72912318758,0.0,4.98012705455,0.0,0.13711925643,0.13711925643,0.13711925643,0.0652643324166,0.0142194351839,0.307918976015,0.358055137113,0.724334113791
 04/14  16:00:00,1.01696386817,5.82267908141,0.0,5.00064347182,0.0,0.137684140789,0.137684140789,0.137684140789,0.0693433537151,0.0151081499967,0.354199750391,0.42351647328,0.792864763158
 04/14  17:00:00,1.22768630822,6.18962412438,0.0,5.21545243661,0.0,0.14359853719,0.14359853719,0.14359853719,0.0938174982246,0.0204404425163,0.438213000532,0.514504829754,0.938733771381
 04/14  18:00:00,1.3498365306,6.14459254805,0.0,5.03382398663,0.0,0.138597709353,0.138597709353,0.138597709353,0.171318844381,0.037326011211,0.396885009915,0.558596955739,1.07229368019
 04/14  19:00:00,1.43923306842,5.17237699299,0.0,4.03959371127,0.0,0.111223284045,0.111223284045,0.111223284045,0.338558692541,0.073763313073,0.321993876894,0.576581901865,1.09306963851
 04/14  20:00:00,1.68000529045,4.87161008863,0.0,3.81698013948,0.0,0.105094001177,0.105094001177,0.105094001177,0.554746829721,0.120865199974,0.285783239672,0.596404019907,1.01355100377
 04/14  21:00:00,1.70374875522,4.747193823,0.0,3.78933543386,0.0,0.104332851625,0.104332851625,0.104332851625,0.599616038926,0.130641057451,0.269566616575,0.582480190648,0.917738485291
 04/14  22:00:00,1.38292246397,4.33598029657,0.0,3.53943489349,0.0,0.0974522688801,0.0974522688801,0.0974522688801,0.448692342834,0.097758611198,0.217845283247,0.50406195781,0.761826767832
 04/14  23:00:00,1.08272611062,4.33995135299,0.0,3.71691904272,0.0,0.102338990505,0.102338990505,0.102338990505,0.310005551811,0.0675423112045,0.147706795011,0.438020462091,0.592862462251
 04/14  24:00:00,0.772580436092,4.11433913409,0.0,3.6752777146,0.0,0.101192467959,0.101192467959,0.101192467959,0.159081772126,0.0346598649513,0.0982246905575,0.362309640498,0.414106359775
 04/15  01:00:00,0.65066316187,3.74056865284,0.0,3.37671190426,0.0,0.0929719704775,0.0929719704775,0.0929719704775,0.0978964944452,0.0213291518652,0.0877618024304,0.333591742652,0.340879712017
 04/15  02:00:00,0.602437155702,4.04265984618,0.0,3.70310770968,0.0,0.101958719139,0.101958719139,0.101958719139,0.0652643324166,0.0142194351839,0.0741586566598,0.329724012302,0.316841500361
 04/15  03:00:00,0.594559265833,4.24840061818,0.0,3.90216141228,0.0,0.107439321419,0.107439321419,0.107439321419,0.0652643324166,0.0142194351839,0.0654414409304,0.325082735883,0.323848250265
 04/15  04:00:00,0.597442858461,4.46588216969,0.0,4.04870116964,0.0,0.11147404229,0.11147404229,0.11147404229,0.0652643324166,0.0142194351839,0.076570356547,0.312802692023,0.395635865755
 04/15  05:00:00,0.658244050475,4.98884301445,0.0,4.26113427107,0.0,0.117323023368,0.117323023368,0.117323023368,0.0693433537151,0.0151081499967,0.0902948593445,0.34906266405,0.703666105125
 04/15  06:00:00,0.835112181635,5.91011700873,0.0,4.60032994887,0.0,0.126662194561,0.126662194561,0.126662194561,0.114212562921,0.024884007474,0.148933834476,0.403307582203,1.28200815565
 04/15  07:00:00,1.07107761961,5.7274219082,0.0,4.24915872952,0.0,0.116993297372,0.116993297372,0.116993297372,0.212109057366,0.0462131593392,0.235105582796,0.428544522734,1.4487460117
 04/15  08:00:00,1.01163290903,5.66056001562,0.0,4.21870505098,0.0,0.116154807569,0.116154807569,0.116154807569,0.171318844381,0.037326011211,0.307411605372,0.362309640498,1.41689990492
 04/15  09:00:00,0.922065472987,5.52867720898,0.0,4.21420269206,0.0,0.116030842838,0.116030842838,0.116030842838,0.0815804176106,0.0177742926139,0.381213117803,0.308354802121,1.29323574312
 04/15  10:00:00,0.943906304336,5.86168977045,0.0,4.69877096847,0.0,0.129372599188,0.129372599188,0.129372599188,0.0652643324166,0.0142194351839,0.402331141021,0.315606796526,1.14118052738
 04/15  11:00:00,0.938783553451,4.92451121942,0.0,3.90075686074,0.0,0.107400649501,0.107400649501,0.107400649501,0.0652643324166,0.0142194351839,0.419083646564,0.315703489785,1.00200942408
 04/15  12:00:00,0.906027945876,4.3440228902,0.0,3.42621588064,0.0,0.094334977557,0.094334977557,0.094334977557,0.0652643324166,0.0142194351839,0.404711840164,0.310385360555,0.896428375538
 04/15  13:00:00,0.873694826198,4.04498568623,0.0,3.19228611481,0.0,0.0878941226961,0.0878941226961,0.0878941226961,0.0652643324166,0.0142194351839,0.368086623627,0.321118312275,0.830581676221
 04/15  14:00:00,0.857631519684,3.81674419534,0.0,3.02471764126,0.0,0.0832804121938,0.0832804121938,0.0832804121938,0.0652643324166,0.0142194351839,0.338555388231,0.339199951659,0.768663236892
 04/15  15:00:00,0.881592307799,3.77719786812,0.0,2.97688615332,0.0,0.081963454215,0.081963454215,0.081963454215,0.0652643324166,0.0142194351839,0.34497794887,0.358055137113,0.77564969555
 04/15  16:00:00,0.994135252448,3.75169052078,0.0,2.86698831794,0.0,0.0789376058168,0.0789376058168,0.0789376058168,0.0693433537151,0.0151081499967,0.390117669639,0.42351647328,0.855531356411
 04/15  17:00:00,1.22393422645,4.84403570954,0.0,3.79520736628,0.0,0.104494525212,0.104494525212,0.104494525212,0.0938174982246,0.0204404425163,0.473564930748,0.514504829754,1.01339042686
 04/15  18:00:00,1.34501653875,4.81897733732,0.0,3.61262387545,0.0,0.0994674019633,0.0994674019633,0.0994674019633,0.171318844381,0.037326011211,0.431195325454,0.558596955739,1.16787858063
 04/15  19:00:00,1.45891740129,4.75073491311,0.0,3.51076391714,0.0,0.0966628627235,0.0966628627235,0.0966628627235,0.338558692541,0.073763313073,0.356238631088,0.576581901865,1.20025735276
 04/15  20:00:00,1.71022300624,4.80587748567,0.0,3.64854202615,0.0,0.100456346635,0.100456346635,0.100456346635,0.554746829721,0.120865199974,0.320638609999,0.596404019907,1.11625651414
 04/15  21:00:00,1.7431845825,4.97177419647,0.0,3.92840237907,0.0,0.108161821431,0.108161821431,0.108161821431,0.599616038926,0.130641057451,0.305173474043,0.582480190648,1.00325191355
 04/15  22:00:00,1.43676748957,5.33099178699,0.0,4.46746850377,0.0,0.123004082557,0.123004082557,0.123004082557,0.448692342834,0.097758611198,0.246138495171,0.50406195781,0.828804647966
 04/15  23:00:00,1.12840406446,5.47643200893,0.0,4.81170699652,0.0,0.13248209901,0.13248209901,0.13248209901,0.310005551811,0.0675423112045,0.163241640347,0.438020462091,0.63455516439
 04/15  24:00:00,0.827897672639,5.90015192323,0.0,5.4456278149,0.0,0.14993602143,0.14993602143,0.14993602143,0.159081772126,0.0346598649513,0.104798373634,0.362309640498,0.429569048615
 04/16  01:00:00,0.716984318338,6.14955728674,0.0,5.78547486149,0.0,0.159293126945,0.159293126945,0.159293126945,0.0978964944452,0.0213291518652,0.0877618024304,0.333591742652,0.341105388686
 04/16  02:00:00,0.667433517905,6.40231660585,0.0,6.06375456762,0.0,0.166955081342,0.166955081342,0.166955081342,0.0652643324166,0.0142194351839,0.0741586566598,0.329724012302,0.31585140209
 04/16  03:00:00,0.653108153403,6.37315358612,0.0,6.02863807641,0.0,0.165988208989,0.165988208989,0.165988208989,0.0652643324166,0.0142194351839,0.0654414409304,0.325082735883,0.32212455407
 04/16  04:00:00,0.652679627983,6.46980165713,0.0,6.05488277731,0.0,0.166710811813,0.166710811813,0.166710811813,0.0652643324166,0.0142194351839,0.076570356547,0.312802692023,0.393373745533
 04/16  05:00:00,0.712209721204,6.94585621497,0.0,6.22114998156,0.0,0.171288694097,0.171288694097,0.171288694097,0.0693433537151,0.0151081499967,0.0902948593445,0.34906266405,0.700663595145
 04/16  06:00:00,0.887969252485,7.8254990074,0.0,6.52008167022,0.0,0.17951926541,0.17951926541,0.17951926541,0.114212562921,0.024884007474,0.148933834476,0.403307582203,1.27763843297
 04/16  07:00:00,1.12367189147,7.63262477473,0.0,6.15936567659,0.0,0.169587569233,0.169587569233,0.169587569233,0.212109057366,0.0462131593392,0.235105582796,0.428544522734,1.44374193117
 04/16  08:00:00,1.0665621528,7.65066743822,0.0,6.21371742265,0.0,0.171084051336,0.171084051336,0.171084051336,0.171318844381,0.037326011211,0.307411605372,0.362309640498,1.41199495586
 04/16  09:00:00,0.98717412426,7.88904009423,0.0,6.57892785271,0.0,0.181139494111,0.181139494111,0.181139494111,0.0815804176106,0.0177742926139,0.381213117803,0.308354802121,1.28887346772
 04/16  10:00:00,0.996850172603,7.78101268808,0.0,6.62167514395,0.0,0.182316467455,0.182316467455,0.182316467455,0.0652643324166,0.0142194351839,0.402331141021,0.315606796526,1.13759926953
 04/16  11:00:00,1.01170650745,7.57010779624,0.0,6.54929496947,0.0,0.180323603498,0.180323603498,0.180323603498,0.0652643324166,0.0142194351839,0.419083646564,0.315703489785,0.999067892165
 04/16  12:00:00,0.989440035348,7.37023156207,0.0,6.45571599809,0.0,0.17774706703,0.17774706703,0.17774706703,0.0652643324166,0.0142194351839,0.404711840164,0.310385360555,0.893136929951
 04/16  13:00:00,0.959660991614,7.1638123078,0.0,6.31454944464,0.0,0.173860288112,0.173860288112,0.173860288112,0.0652643324166,0.0142194351839,0.368086623627,0.321118312275,0.827144967956
 04/16  14:00:00,0.945532010353,7.00567679247,0.0,6.21723503877,0.0,0.171180902862,0.171180902862,0.171180902862,0.0652643324166,0.0142194351839,0.338555388231,0.339199951659,0.765078436518
 04/16  15:00:00,0.972232164183,7.06546982426,0.0,6.26889642781,0.0,0.172603310599,0.172603310599,0.172603310599,0.0652643324166,0.0142194351839,0.34497794887,0.358055137113,0.771911377204
 04/16  16:00:00,1.08738572198,7.13444291369,0.0,6.25381521779,0.0,0.172188075349,0.172188075349,0.172188075349,0.0693433537151,0.0151081499967,0.390117669639,0.42351647328,0.851456849471
 04/16  17:00:00,1.32564685044,8.53345723377,0.0,7.48937697937,0.0,0.206207149193,0.206207149193,0.206207149193,0.0938174982246,0.0204404425163,0.473564930748,0.514504829754,1.008642338
 04/16  18:00:00,1.42099954027,7.57313556222,0.0,6.37230192083,0.0,0.175450403486,0.175450403486,0.175450403486,0.171318844381,0.037326011211,0.431195325454,0.558596955739,1.16235876016
 04/16  19:00:00,1.54145278794,7.74319114925,0.0,6.50842247149,0.0,0.179198249371,0.179198249371,0.179198249371,0.338558692541,0.073763313073,0.356238631088,0.576581901865,1.19505503456
 04/16  20:00:00,1.78877267946,7.65367284845,0.0,6.50144075785,0.0,0.179006019862,0.179006019862,0.179006019862,0.554746829721,0.120865199974,0.320638609999,0.596404019907,1.11115314522
 04/16  21:00:00,1.81876495268,7.71227332993,0.0,6.67345698442,0.0,0.183742191614,0.183742191614,0.183742191614,0.599616038926,0.130641057451,0.305173474043,0.582480190648,0.998696441658
 04/16  22:00:00,1.50856497873,7.93482190302,0.0,7.07513009353,0.0,0.194801571716,0.194801571716,0.194801571716,0.448692342834,0.097758611198,0.246138495171,0.50406195781,0.824973174234
 04/16  23:00:00,1.2052613216,8.26442875485,0.0,7.60313772315,0.0,0.209339356148,0.209339356148,0.209339356148,0.310005551811,0.0675423112045,0.163241640347,0.438020462091,0.631121183686
 04/16  24:00:00,0.898992108677,8.47986619891,0.0,8.02775474263,0.0,0.221030457467,0.221030457467,0.221030457467,0.159081772126,0.0346598649513,0.104798373634,0.362309640498,0.427156396564
 04/17  01:00:00,0.78471976021,8.74202660217,0.0,8.38895884542,0.0,0.230975592893,0.230975592893,0.230975592893,0.0978964944452,0.0213291518652,0.083814778355,0.333591742652,0.330090720189
 04/17  02:00:00,0.735625175122,8.96529304301,0.0,8.63529284256,0.0,0.237757976987,0.237757976987,0.237757976987,0.0652643324166,0.0142194351839,0.0715474182325,0.329724012302,0.307289564298
 04/17  03:00:00,0.729459999528,9.18706308328,0.0,8.8513034765,0.0,0.243705459286,0.243705459286,0.243705459286,0.0652643324166,0.0142194351839,0.0640760367584,0.325082735883,0.313368651147
 04/17  04:00:00,0.726141240554,9.21918979606,0.0,8.82000029948,0.0,0.242843579999,0.242843579999,0.242843579999,0.0652643324166,0.0142194351839,0.0738992009315,0.312802692023,0.377644362293
 04/17  05:00:00,0.779250667903,9.48787076426,0.0,8.8048460378,0.0,0.242426333397,0.242426333397,0.242426333397,0.0693433537151,0.0151081499967,0.0861981667443,0.34906266405,0.658982088189
 04/17  06:00:00,0.950667546327,10.3958657748,0.0,9.18317859627,0.0,0.25284307147,0.25284307147,0.25284307147,0.114212562921,0.024884007474,0.138308322259,0.403307582203,1.18490827428
 04/17  07:00:00,1.16283396737,9.7108554983,0.0,8.35029343204,0.0,0.229911007055,0.229911007055,0.229911007055,0.212109057366,0.0462131593392,0.213944220876,0.428544522734,1.33104489929
 04/17  08:00:00,1.08181461327,9.26530159341,0.0,7.94579413451,0.0,0.218773812703,0.218773812703,0.218773812703,0.171318844381,0.037326011211,0.27497430448,0.362309640498,1.29455239918
 04/17  09:00:00,0.962576805374,8.52238177293,0.0,7.3210746668,0.0,0.201573233692,0.201573233692,0.201573233692,0.0815804176106,0.0177742926139,0.336182059337,0.308354802121,1.18006833233
 04/17  10:00:00,0.973548393135,8.69005065329,0.0,7.62462303205,0.0,0.209930917276,0.209930917276,0.209930917276,0.0652643324166,0.0142194351839,0.351414911732,0.315606796526,1.04368934665
 04/17  11:00:00,0.943448503514,6.91873949558,0.0,5.97656111149,0.0,0.164554359084,0.164554359084,0.164554359084,0.0652643324166,0.0142194351839,0.366594887045,0.315703489785,0.920433449488
 04/17  12:00:00,0.903440837773,5.9159264205,0.0,5.06871507212,0.0,0.139558375546,0.139558375546,0.139558375546,0.0652643324166,0.0142194351839,0.356901334072,0.310385360555,0.825832714359
 04/17  13:00:00,0.858678318599,5.02165771573,0.0,4.22999466084,0.0,0.116465647612,0.116465647612,0.116465647612,0.0652643324166,0.0142194351839,0.324498591112,0.321118312275,0.769545159689
 04/17  14:00:00,0.834075931281,4.32736406018,0.0,3.59021441716,0.0,0.0988503959663,0.0988503959663,0.0988503959663,0.0652643324166,0.0142194351839,0.299429816056,0.339199951659,0.713786325843
 04/17  15:00:00,0.846171569562,3.78228753933,0.0,3.03638630492,0.0,0.0836016888333,0.0836016888333,0.0836016888333,0.0652643324166,0.0142194351839,0.307918976015,0.358055137113,0.721239215166
 04/17  16:00:00,0.952231254356,3.46827638853,0.0,2.64957587001,0.0,0.0729515269732,0.0729515269732,0.0729515269732,0.0693433537151,0.0151081499967,0.354199750391,0.42351647328,0.789529672102
 04/17  17:00:00,1.17166748277,4.15127215502,0.0,3.18086681063,0.0,0.0875797117422,0.0875797117422,0.0875797117422,0.0938174982246,0.0204404425163,0.438213000532,0.514504829754,0.934967427986
 04/17  18:00:00,1.28295437644,3.71070538023,0.0,2.60468577452,0.0,0.0717155551903,0.0717155551903,0.0717155551903,0.171318844381,0.037326011211,0.396885009915,0.558596955739,1.06754472448
 04/17  19:00:00,1.40302429863,3.85349950412,0.0,2.72450290119,0.0,0.0750145142606,0.0750145142606,0.0750145142606,0.338558692541,0.073763313073,0.321993876894,0.576581901865,1.08928295973
 04/17  20:00:00,1.6553913894,3.97485400209,0.0,2.92301121264,0.0,0.0804801001306,0.0804801001306,0.0804801001306,0.554746829721,0.120865199974,0.285783239672,0.596404019907,1.01076384407
 04/17  21:00:00,1.69745287407,4.51554336973,0.0,3.560671066,0.0,0.0980369704656,0.0980369704656,0.0980369704656,0.599616038926,0.130641057451,0.269566616575,0.582480190648,0.914752399875
 04/17  22:00:00,1.40609665197,5.1752863782,0.0,4.3811139079,0.0,0.120626456877,0.120626456877,0.120626456877,0.448692342834,0.097758611198,0.217845283247,0.50406195781,0.759453835045
 04/17  23:00:00,1.12034157357,5.70407211553,0.0,5.08310049349,0.0,0.139954453449,0.139954453449,0.139954453449,0.310005551811,0.0675423112045,0.147706795011,0.438020462091,0.590801774021
 04/17  24:00:00,0.834040550705,6.3453947783,0.0,5.90748920357,0.0,0.162652582573,0.162652582573,0.162652582573,0.159081772126,0.0346598649513,0.0982246905575,0.362309640498,0.412950515011
 04/18  01:00:00,0.730599741245,6.77805234229,0.0,6.4233372569,0.0,0.176855573928,0.176855573928,0.176855573928,0.0978964944452,0.0213291518652,0.083814778355,0.333591742652,0.331738048824
 04/18  02:00:00,0.682468298736,7.03627304205,0.0,6.70465228104,0.0,0.1846011006,0.1846011006,0.1846011006,0.0652643324166,0.0142194351839,0.0715474182325,0.329724012302,0.308910124861
 04/18  03:00:00,0.675131354241,7.21516347988,0.0,6.87810464741,0.0,0.189376813999,0.189376813999,0.189376813999,0.0652643324166,0.0142194351839,0.0640760367584,0.325082735883,0.314667876841
 04/18  04:00:00,0.679718438675,7.53425870171,0.0,7.13393914653,0.0,0.19642077812,0.19642077812,0.19642077812,0.0652643324166,0.0142194351839,0.0738992009315,0.312802692023,0.378774420884
 04/18  05:00:00,0.735505284271,7.89937772775,0.0,7.21602784984,0.0,0.198680949765,0.198680949765,0.198680949765,0.0693433537151,0.0151081499967,0.0861981667443,0.34906266405,0.659307239647
 04/18  06:00:00,0.890418427252,8.20633760937,0.0,6.99495007365,0.0,0.192593952395,0.192593952395,0.192593952395,0.114212562921,0.024884007474,0.138308322259,0.403307582203,1.18360863151
 04/18  07:00:00,1.11372655759,7.92576393412,0.0,6.56672818819,0.0,0.180803597274,0.180803597274,0.180803597274,0.212109057366,0.0462131593392,0.213944220876,0.428544522734,1.32951857896
 04/18  08:00:00,1.03083102646,7.41193290836,0.0,6.09408674769,0.0,0.167790225894,0.167790225894,0.167790225894,0.171318844381,0.037326011211,0.27497430448,0.362309640498,1.29289110096
 04/18  09:00:00,0.907955014183,6.5370596441,0.0,5.33722887331,0.0,0.146951442501,0.146951442501,0.146951442501,0.0815804176106,0.0177742926139,0.336182059337,0.308354802121,1.17859199699
 04/18  10:00:00,0.91283974202,6.48430449542,0.0,5.41970445436,0.0,0.149222266162,0.149222266162,0.149222266162,0.0652643324166,0.0142194351839,0.351414911732,0.315606796526,1.04286176646
 04/18  11:00:00,0.888125676269,4.90919315321,0.0,3.96725391517,0.0,0.109231531838,0.109231531838,0.109231531838,0.0652643324166,0.0142194351839,0.366594887045,0.315703489785,0.920194303429
 04/18  12:00:00,0.84641628126,3.84490542639,0.0,2.99760161904,0.0,0.082533819032,0.082533819032,0.082533819032,0.0652643324166,0.0142194351839,0.356901334072,0.310385360555,0.825925173324
 04/18  13:00:00,0.807051350952,3.14653246039,0.0,2.35491989003,0.0,0.0648386799645,0.0648386799645,0.0648386799645,0.0652643324166,0.0142194351839,0.324498591112,0.321118312275,0.769494675163
 04/18  14:00:00,0.782520422899,2.45473185963,0.0,1.71773502373,0.0,0.0472948875838,0.0472948875838,0.0472948875838,0.0652643324166,0.0142194351839,0.299429816056,0.339199951659,0.713633518719
 04/18  15:00:00,0.812777527692,2.56983460796,0.0,1.82352550251,0.0,0.0502076469629,0.0502076469629,0.0502076469629,0.0652643324166,0.0142194351839,0.307918976015,0.358055137113,0.721647086196
 04/18  16:00:00,0.922200276733,2.37766182607,0.0,1.55886047358,0.0,0.0429205493503,0.0429205493503,0.0429205493503,0.0693433537151,0.0151081499967,0.354199750391,0.42351647328,0.789630506065
 04/18  17:00:00,1.13437728818,2.79591225667,0.0,1.8264990015,0.0,0.0502895171575,0.0502895171575,0.0502895171575,0.0938174982246,0.0204404425163,0.438213000532,0.514504829754,0.933975338771
 04/18  18:00:00,1.25298295799,2.62117066299,0.0,1.51613354829,0.0,0.0417441367486,0.0417441367486,0.0417441367486,0.171318844381,0.037326011211,0.396885009915,0.558596955739,1.06656223346
 04/18  19:00:00,1.37674259118,2.89772407698,0.0,1.76995978499,0.0,0.0487328068082,0.0487328068082,0.0487328068082,0.338558692541,0.073763313073,0.321993876894,0.576581901865,1.08805064878
 04/18  20:00:00,1.63032798263,3.06349685313,0.0,2.01271638301,0.0,0.0554166933534,0.0554166933534,0.0554166933534,0.554746829721,0.120865199974,0.285783239672,0.596404019907,1.00970152475
 04/18  21:00:00,1.66832148874,3.45652227246,0.0,2.50262857097,0.0,0.0689055851413,0.0689055851413,0.0689055851413,0.599616038926,0.130641057451,0.269566616575,0.582480190648,0.913773797642
 04/18  22:00:00,1.37288278566,3.96841159761,0.0,3.17479702389,0.0,0.0874125905753,0.0874125905753,0.0874125905753,0.448692342834,0.097758611198,0.217845283247,0.50406195781,0.758895938464
 04/18  23:00:00,1.088026238,4.53050329094,0.0,3.90941795522,0.0,0.107639117882,0.107639117882,0.107639117882,0.310005551811,0.0675423112045,0.147706795011,0.438020462091,0.590915487703
 04/18  24:00:00,0.800473558581,5.12680769564,0.0,4.68834690388,0.0,0.129085590449,0.129085590449,0.129085590449,0.159081772126,0.0346598649513,0.0982246905575,0.362309640498,0.413505732048
 04/19  01:00:00,0.699954390871,5.66585980102,0.0,5.31030804083,0.0,0.146210223554,0.146210223554,0.146210223554,0.0978964944452,0.0213291518652,0.083814778355,0.333591742652,0.332574723629
 04/19  02:00:00,0.659608720588,6.20669641958,0.0,5.87439979461,0.0,0.161741522452,0.161741522452,0.161741522452,0.0652643324166,0.0142194351839,0.0715474182325,0.329724012302,0.309585988825
 04/19  03:00:00,0.660820088357,6.69607377118,0.0,6.3583240982,0.0,0.175065548115,0.175065548115,0.175065548115,0.0652643324166,0.0142194351839,0.0640760367584,0.325082735883,0.315358717342
 04/19  04:00:00,0.663000602513,6.92753076426,0.0,6.52675274303,0.0,0.179702941958,0.179702941958,0.179702941958,0.0652643324166,0.0142194351839,0.0738992009315,0.312802692023,0.37923288694
 04/19  05:00:00,0.721335695679,7.384069961,0.0,6.70139297406,0.0,0.184511361173,0.184511361173,0.184511361173,0.0693433537151,0.0151081499967,0.0861981667443,0.34906266405,0.658634348677
 04/19  06:00:00,0.896554975763,8.42734390285,0.0,7.21782753127,0.0,0.198730500906,0.198730500906,0.198730500906,0.114212562921,0.024884007474,0.138308322259,0.403307582203,1.18173746737
 04/19  07:00:00,1.10908861804,7.75444350381,0.0,6.39827972332,0.0,0.17616565772,0.17616565772,0.17616565772,0.212109057366,0.0462131593392,0.213944220876,0.428544522734,1.32664661352
 04/19  08:00:00,1.02466578141,7.18532608273,0.0,5.87016704106,0.0,0.161624980844,0.161624980844,0.161624980844,0.171318844381,0.037326011211,0.27497430448,0.362309640498,1.29020398195
 04/19  09:00:00,0.901357700019,6.29520637074,0.0,5.09761655616,0.0,0.140354128336,0.140354128336,0.140354128336,0.0815804176106,0.0177742926139,0.336182059337,0.308354802121,1.17635104078
 04/19  10:00:00,0.891683418004,5.71364358891,0.0,4.65131360723,0.0,0.128065942146,0.128065942146,0.128065942146,0.0652643324166,0.0142194351839,0.351414911732,0.315606796526,1.04059170709
 04/19  11:00:00,0.871457986257,4.30240942625,0.0,3.36188880361,0.0,0.0925638418262,0.0925638418262,0.0925638418262,0.0652643324166,0.0142194351839,0.366594887045,0.315703489785,0.918775688034
 04/19  12:00:00,0.833588559655,3.37788982396,0.0,2.53170291837,0.0,0.069706097428,0.069706097428,0.069706097428,0.0652643324166,0.0142194351839,0.356901334072,0.310385360555,0.824808271573
 04/19  13:00:00,0.792614456128,2.62139457832,0.0,1.83057653836,0.0,0.050401785141,0.050401785141,0.050401785141,0.0652643324166,0.0142194351839,0.324498591112,0.321118312275,0.768700144757
 04/19  14:00:00,0.76725441297,1.8997461593,0.0,1.16327847954,0.0,0.0320288776549,0.0320288776549,0.0320288776549,0.0652643324166,0.0142194351839,0.299429816056,0.339199951659,0.713104362576
 04/19  15:00:00,0.77940125613,1.35671319632,0.0,0.611310111984,0.0,0.0168313754017,0.0168313754017,0.0168313754017,0.0652643324166,0.0142194351839,0.307918976015,0.358055137113,0.720741065088
 04/19  16:00:00,0.886498250235,1.07992077078,0.0,0.262174415815,0.0,0.00721852285247,0.00721852285247,0.00721852285247,0.0693433537151,0.0151081499967,0.354199750391,0.42351647328,0.788575508541
 04/19  17:00:00,1.09068609532,1.20855285916,0.0,0.239649004624,0.0,0.00659832429137,0.00659832429137,0.00659832429137,0.0938174982246,0.0204404425163,0.438213000532,0.514504829754,0.93346593814
 04/19  18:00:00,1.21170719844,1.12141768877,0.0,0.0170113082991,0.0,0.000468377195867,0.000468377195867,0.000468377195867,0.171318844381,0.037326011211,0.396885009915,0.558596955739,1.06593149923
 04/19  19:00:00,1.33397192361,1.34358525945,0.0,0.21654296931,0.0,0.00596213924096,0.00596213924096,0.00596213924096,0.338558692541,0.073763313073,0.321993876894,0.576581901865,1.08732864694
 04/19  20:00:00,1.5916776592,1.65922042459,0.0,0.608949134027,0.0,0.0167663699233,0.0167663699233,0.0167663699233,0.554746829721,0.120865199974,0.285783239672,0.596404019907,1.00919234519
 04/19  21:00:00,1.62536312054,1.8957091633,0.0,0.942394528963,0.0,0.0259472169404,0.0259472169404,0.0259472169404,0.599616038926,0.130641057451,0.269566616575,0.582480190648,0.913194730489
 04/19  22:00:00,1.32769926876,2.32724994412,0.0,1.53374630058,0.0,0.0422290736731,0.0422290736731,0.0422290736731,0.448692342834,0.097758611198,0.217845283247,0.50406195781,0.758785008286
 04/19  23:00:00,1.04262970798,2.88229645604,0.0,2.26063066444,0.0,0.062242587865,0.062242587865,0.062242587865,0.310005551811,0.0675423112045,0.147706795011,0.438020462091,0.591495943579
 04/19  24:00:00,0.757047567342,3.55075337525,0.0,3.11112894434,0.0,0.0856595992097,0.0856595992097,0.0856595992097,0.159081772126,0.0346598649513,0.0982246905575,0.362309640498,0.414669371187
 04/20  01:00:00,0.649744391532,3.84330560943,0.0,3.48669710077,0.0,0.0960002242146,0.0960002242146,0.0960002242146,0.0978964944452,0.0213291518652,0.083814778355,0.333591742652,0.333631472099
 04/20  02:00:00,0.611276335023,4.45276248828,0.0,4.11898317969,0.0,0.113409136888,0.113409136888,0.113409136888,0.0652643324166,0.0142194351839,0.0715474182325,0.329724012302,0.311068672443
 04/20  03:00:00,0.613473871421,4.97798131792,0.0,4.63872480899,0.0,0.127719331179,0.127719331179,0.127719331179,0.0652643324166,0.0142194351839,0.0640760367584,0.325082735883,0.316865553304
 04/20  04:00:00,0.612192573558,5.08352089753,0.0,4.68142156069,0.0,0.128894913003,0.128894913003,0.128894913003,0.0652643324166,0.0142194351839,0.0738992009315,0.312802692023,0.380554202546
 04/20  05:00:00,0.674791887726,5.69414870582,0.0,5.01093691965,0.0,0.13796755322,0.13796755322,0.13796755322,0.0693433537151,0.0151081499967,0.0861981667443,0.34906266405,0.659169147913
 04/20  06:00:00,0.847579241769,6.64758654006,0.0,5.43904470944,0.0,0.149754766912,0.149754766912,0.149754766912,0.114212562921,0.024884007474,0.138308322259,0.403307582203,1.18076292641
 04/20  07:00:00,1.0645181233,6.13433804242,0.0,4.7794937668,0.0,0.131595162982,0.131595162982,0.131595162982,0.212109057366,0.0462131593392,0.213944220876,0.428544522734,1.32532710864
 04/20  08:00:00,0.98056734527,5.58223761194,0.0,4.26852610002,0.0,0.1175265447,0.1175265447,0.1175265447,0.171318844381,0.037326011211,0.27497430448,0.362309640498,1.2887564522
 04/20  09:00:00,0.860842375077,4.82244211599,0.0,3.62611305533,0.0,0.0998388033945,0.0998388033945,0.0998388033945,0.0815804176106,0.0177742926139,0.336182059337,0.308354802121,1.17509028685
 04/20  10:00:00,0.845769397443,4.04511910625,0.0,2.98373122723,0.0,0.0821519215843,0.0821519215843,0.0821519215843,0.0652643324166,0.0142194351839,0.351414911732,0.315606796526,1.03964960442
 04/20  11:00:00,0.833775885317,2.93325808554,0.0,1.99328708238,0.0,0.0548817408862,0.0548817408862,0.0548817408862,0.0652643324166,0.0142194351839,0.366594887045,0.315703489785,0.918226068549
 04/20  12:00:00,0.805952413564,2.37366032101,0.0,1.52796702876,0.0,0.0420699513363,0.0420699513363,0.0420699513363,0.0652643324166,0.0142194351839,0.356901334072,0.310385360555,0.824314658224
 04/20  13:00:00,0.766134075588,1.65889935943,0.0,0.868817679862,0.0,0.0239214046009,0.0239214046009,0.0239214046009,0.0652643324166,0.0142194351839,0.324498591112,0.321118312275,0.767963784372
 04/20  14:00:00,0.745639946866,1.11415376597,0.0,0.378248059919,0.0,0.010414411551,0.010414411551,0.010414411551,0.0652643324166,0.0142194351839,0.299429816056,0.339199951659,0.712542388873
 04/20  15:00:00,0.766494558962,0.886971117447,0.0,0.142543044341,0.0,0.00392467823314,0.00392467823314,0.00392467823314,0.0652643324166,0.0142194351839,0.307918976015,0.358055137113,0.719766053857
 04/20  16:00:00,0.879567564686,0.827682998941,0.0,0.0104541577756,0.0,0.000287837303163,0.000287837303163,0.000287837303163,0.0693433537151,0.0151081499967,0.354199750391,0.42351647328,0.788057994741
 04/20  17:00:00,1.08787271581,1.10501217449,0.0,0.137467970544,0.0,0.00378494478103,0.00378494478103,0.00378494478103,0.0938174982246,0.0204404425163,0.438213000532,0.514504829754,0.93210628755
 04/20  18:00:00,1.21123882125,1.10253023241,0.0,0.0,0.0,0.0,0.0,0.0,0.171318844381,0.037326011211,0.396885009915,0.558596955739,1.06405535118
 04/20  19:00:00,1.33248982314,1.28765437694,0.0,0.162713559327,0.0,0.00448003876641,0.00448003876641,0.00448003876641,0.338558692541,0.073763313073,0.321993876894,0.576581901865,1.08522717441
 04/20  20:00:00,1.58329829829,1.35272278655,0.0,0.304613455478,0.0,0.00838700901727,0.00838700901727,0.00838700901727,0.554746829721,0.120865199974,0.285783239672,0.596404019907,1.0070303857
 04/20  21:00:00,1.61676743492,1.58191882647,0.0,0.630202006597,0.0,0.0173515313161,0.0173515313161,0.0173515313161,0.599616038926,0.130641057451,0.269566616575,0.582480190648,0.911596916028
 04/20  22:00:00,1.31755909895,1.95793548101,0.0,1.16545861202,0.0,0.0320889038633,0.0320889038633,0.0320889038633,0.448692342834,0.097758611198,0.217845283247,0.50406195781,0.757758233737
 04/20  23:00:00,1.02853890974,2.37010473361,0.0,1.74885742875,0.0,0.0481517896243,0.0481517896243,0.0481517896243,0.310005551811,0.0675423112045,0.147706795011,0.438020462091,0.591077456844
 04/20  24:00:00,0.736367540168,2.7998601743,0.0,2.36003704448,0.0,0.0649795720354,0.0649795720354,0.0649795720354,0.159081772126,0.0346598649513,0.0982246905575,0.362309640498,0.4148680701
 04/21  01:00:00,0.634378093447,3.28577449808,0.0,2.92859812316,0.0,0.080633926129,0.080633926129,0.080633926129,0.0978964944452,0.0213291518652,0.083814778355,0.333591742652,0.334199338362
 04/21  02:00:00,0.591534472694,3.73602592638,0.0,3.40196512363,0.0,0.0936672745581,0.0936672745581,0.0936672745581,0.0652643324166,0.0142194351839,0.0715474182325,0.329724012302,0.311350166611
 04/21  03:00:00,0.593139432845,4.23994653261,0.0,3.90018457528,0.0,0.107384892603,0.107384892603,0.107384892603,0.0652643324166,0.0142194351839,0.0640760367584,0.325082735883,0.317371001692
 04/21  04:00:00,0.601786560697,4.70572659651,0.0,4.30347853849,0.0,0.118488900142,0.118488900142,0.118488900142,0.0652643324166,0.0142194351839,0.0738992009315,0.312802692023,0.380702923736
 04/21  05:00:00,0.665318567846,5.34979668102,0.0,4.66686900489,0.0,0.128494233339,0.128494233339,0.128494233339,0.0693433537151,0.0151081499967,0.0861981667443,0.34906266405,0.658885037861
 04/21  06:00:00,0.843352776306,6.49231832519,0.0,5.2855408505,0.0,0.145528301449,0.145528301449,0.145528301449,0.114212562921,0.024884007474,0.138308322259,0.403307582203,1.17899857049
 04/21  07:00:00,1.05694367479,5.85650156442,0.0,4.5043922464,0.0,0.124020714478,0.124020714478,0.124020714478,0.212109057366,0.0462131593392,0.213944220876,0.428544522734,1.32259215104
 04/21  08:00:00,0.979360538512,5.53623219218,0.0,4.22469526881,0.0,0.116319737942,0.116319737942,0.116319737942,0.171318844381,0.037326011211,0.27497430448,0.362309640498,1.28658186365
 04/21  09:00:00,0.86198000636,4.86170205235,0.0,3.66743145566,0.0,0.100976434677,0.100976434677,0.100976434677,0.0815804176106,0.0177742926139,0.336182059337,0.308354802121,1.17303182289
 04/21  10:00:00,0.856234146904,4.42348430842,0.0,3.36380754375,0.0,0.0926166710449,0.0926166710449,0.0926166710449,0.0652643324166,0.0142194351839,0.351414911732,0.315606796526,1.03793849007
 04/21  11:00:00,0.845809517116,3.3688386524,0.0,2.43034469812,0.0,0.0669153726852,0.0669153726852,0.0669153726852,0.0652643324166,0.0142194351839,0.366594887045,0.315703489785,0.916749019674
 04/21  12:00:00,0.813292159933,2.63877757741,0.0,1.79454424351,0.0,0.0494096977057,0.0494096977057,0.0494096977057,0.0652643324166,0.0142194351839,0.356901334072,0.310385360555,0.822854699877
 04/21  13:00:00,0.778056907033,2.09090962918,0.0,1.30185106256,0.0,0.0358442360458,0.0358442360458,0.0358442360458,0.0652643324166,0.0142194351839,0.324498591112,0.321118312275,0.766940671422
 04/21  14:00:00,0.75679078212,1.51786432547,0.0,0.7832427906,0.0,0.0215652468049,0.0215652468049,0.0215652468049,0.0652643324166,0.0142194351839,0.299429816056,0.339199951659,0.711258217693
 04/21  15:00:00,0.77338728198,1.13601183707,0.0,0.392884515531,0.0,0.0108174012515,0.0108174012515,0.0108174012515,0.0652643324166,0.0142194351839,0.307918976015,0.358055137113,0.718465302288
 04/21  16:00:00,0.887787261755,1.12463916176,0.0,0.308990897377,0.0,0.0085075343717,0.0085075343717,0.0085075343717,0.0693433537151,0.0151081499967,0.354199750391,0.42351647328,0.786477417957
 04/21  17:00:00,1.09582614647,1.39198682456,0.0,0.426334000348,0.0,0.0117383754427,0.0117383754427,0.0117383754427,0.0938174982246,0.0204404425163,0.438213000532,0.514504829754,0.930214907809
 04/21  18:00:00,1.2212793266,1.46510042879,0.0,0.3646679076,0.0,0.0100405053498,0.0100405053498,0.0100405053498,0.171318844381,0.037326011211,0.396885009915,0.558596955739,1.06195763996
 04/21  19:00:00,1.34546594565,1.75685261659,0.0,0.634002132805,0.0,0.0174561612732,0.0174561612732,0.0174561612732,0.338558692541,0.073763313073,0.321993876894,0.576581901865,1.08313684059
 04/21  20:00:00,1.60163953329,2.01699573639,0.0,0.970761179856,0.0,0.0267282440177,0.0267282440177,0.0267282440177,0.554746829721,0.120865199974,0.285783239672,0.596404019907,1.00515561116
 04/21  21:00:00,1.63854342219,2.37100639284,0.0,1.42109882296,0.0,0.039127518592,0.039127518592,0.039127518592,0.599616038926,0.130641057451,0.269566616575,0.582480190648,0.909787666031
 04/21  22:00:00,1.34187985691,2.83962224977,0.0,2.04878067656,0.0,0.0564096618181,0.0564096618181,0.0564096618181,0.448692342834,0.097758611198,0.217845283247,0.50406195781,0.756122937953
 04/21  23:00:00,1.0572577048,3.41169836563,0.0,2.79191477867,0.0,0.0768705846806,0.0768705846806,0.0768705846806,0.310005551811,0.0675423112045,0.147706795011,0.438020462091,0.58961373895
 04/21  24:00:00,0.767393675724,3.92557466693,0.0,3.48689625525,0.0,0.0960057075916,0.0960057075916,0.0960057075916,0.159081772126,0.0346598649513,0.0982246905575,0.362309640498,0.413723351965
 04/22  01:00:00,0.665478741096,4.27924674712,0.0,3.91480895094,0.0,0.107787549703,0.107787549703,0.107787549703,0.0978964944452,0.0213291518652,0.0877618024304,0.333591742652,0.341460759614
 04/22  02:00:00,0.62223475323,4.76149022148,0.0,4.42215005014,0.0,0.121756316667,0.121756316667,0.121756316667,0.0652643324166,0.0142194351839,0.0741586566598,0.329724012302,0.316629535194
 04/22  03:00:00,0.6181473049,5.10387797225,0.0,4.75887136376,0.0,0.131027360486,0.131027360486,0.131027360486,0.0652643324166,0.0142194351839,0.0654414409304,0.325082735883,0.322615652856
 04/22  04:00:00,0.62720441233,5.54386355545,0.0,5.12963118246,0.0,0.14123559616,0.14123559616,0.14123559616,0.0652643324166,0.0142194351839,0.076570356547,0.312802692023,0.392687238698
 04/22  05:00:00,0.688575846492,6.08161962221,0.0,5.36277529428,0.0,0.147654819385,0.147654819385,0.147654819385,0.0693433537151,0.0151081499967,0.0902948593445,0.34906266405,0.694801689668
 04/22  06:00:00,0.866770887285,7.04039156913,0.0,5.75016390087,0.0,0.15832090021,0.15832090021,0.15832090021,0.114212562921,0.024884007474,0.148933834476,0.403307582203,1.26244876406
 04/22  07:00:00,1.09823582569,6.69051760555,0.0,5.23553599267,0.0,0.144151503459,0.144151503459,0.144151503459,0.212109057366,0.0462131593392,0.235105582796,0.428544522734,1.42546444591
 04/22  08:00:00,1.03154999253,6.36126151234,0.0,4.94208708343,0.0,0.136071891072,0.136071891072,0.136071891072,0.171318844381,0.037326011211,0.307411605372,0.362309640498,1.3942193692
 04/22  09:00:00,0.931399116398,5.84720523559,0.0,4.55319760263,0.0,0.12536448625,0.12536448625,0.12536448625,0.0815804176106,0.0177742926139,0.381213117803,0.308354802121,1.27276885916
 04/22  10:00:00,0.940958817126,5.7371708899,0.0,4.59171918611,0.0,0.126425111978,0.126425111978,0.126425111978,0.0652643324166,0.0142194351839,0.402331141021,0.315606796526,1.1237134292
 04/22  11:00:00,0.928841853965,4.54902015104,0.0,3.53967755016,0.0,0.0974589500155,0.0974589500155,0.0974589500155,0.0652643324166,0.0142194351839,0.419083646564,0.315703489785,0.987597666269
 04/22  12:00:00,0.8883967544,3.6914963637,0.0,2.78585670749,0.0,0.0767037860815,0.0767037860815,0.0767037860815,0.0652643324166,0.0142194351839,0.404711840164,0.310385360555,0.884261022188
 04/22  13:00:00,0.847910629823,3.09807803217,0.0,2.25581244008,0.0,0.0621099263213,0.0621099263213,0.0621099263213,0.0652643324166,0.0142194351839,0.368086623627,0.321118312275,0.82014769689
 04/22  14:00:00,0.823809419283,2.57908697231,0.0,1.79630989144,0.0,0.0494583117928,0.0494583117928,0.0494583117928,0.0652643324166,0.0142194351839,0.338555388231,0.339199951659,0.759413763693
 04/22  15:00:00,0.837351786725,2.16114935601,0.0,1.37008473358,0.0,0.0377229331415,0.0377229331415,0.0377229331415,0.0652643324166,0.0142194351839,0.34497794887,0.358055137113,0.766402603175
 04/22  16:00:00,0.948010673669,2.06586682112,0.0,1.1917585316,0.0,0.0328130270386,0.0328130270386,0.0328130270386,0.0693433537151,0.0151081499967,0.390117669639,0.42351647328,0.844937443095
 04/22  17:00:00,1.16178115964,2.57377978051,0.0,1.53782807738,0.0,0.0423414583962,0.0423414583962,0.0423414583962,0.0938174982246,0.0204404425163,0.473564930748,0.514504829754,1.00051378672
 04/22  18:00:00,1.28215762878,2.52103304137,0.0,1.32960859164,0.0,0.0366084919986,0.0366084919986,0.0366084919986,0.171318844381,0.037326011211,0.431195325454,0.558596955739,1.1529495685
 04/22  19:00:00,1.407530987,2.86931329784,0.0,1.64442596648,0.0,0.0452764484335,0.0452764484335,0.0452764484335,0.338558692541,0.073763313073,0.356238631088,0.576581901865,1.18517368817
 04/22  20:00:00,1.6633707597,3.09045719241,0.0,1.94688358227,0.0,0.0536041001028,0.0536041001028,0.0536041001028,0.554746829721,0.120865199974,0.320638609999,0.596404019907,1.10249466476
 04/22  21:00:00,1.70132422782,3.43947837798,0.0,2.40804783296,0.0,0.066301466747,0.066301466747,0.066301466747,0.599616038926,0.130641057451,0.305173474043,0.582480190648,0.991310641171
 04/22  22:00:00,1.39892912951,3.9478667103,0.0,3.09319150173,0.0,0.0851657224941,0.0851657224941,0.0851657224941,0.448692342834,0.097758611198,0.246138495171,0.50406195781,0.819956573317
 04/22  23:00:00,1.10209160019,4.51517473846,0.0,3.85604680257,0.0,0.106169634738,0.106169634738,0.106169634738,0.310005551811,0.0675423112045,0.163241640347,0.438020462091,0.628958087875
 04/22  24:00:00,0.805479040078,5.08411657285,0.0,4.6313903296,0.0,0.127517388869,0.127517388869,0.127517388869,0.159081772126,0.0346598649513,0.104798373634,0.362309640498,0.427771183541
 04/23  01:00:00,0.703003841652,5.64086489073,0.0,5.27770846901,0.0,0.145312650259,0.145312650259,0.145312650259,0.0978964944452,0.0213291518652,0.0877618024304,0.333591742652,0.340179385152
 04/23  02:00:00,0.659025475239,6.09665873847,0.0,5.75837717684,0.0,0.158547038676,0.158547038676,0.158547038676,0.0652643324166,0.0142194351839,0.0741586566598,0.329724012302,0.315570925492
 04/23  03:00:00,0.659185692156,6.59355842937,0.0,6.24937231869,0.0,0.172065747742,0.172065747742,0.172065747742,0.0652643324166,0.0142194351839,0.0654414409304,0.325082735883,0.321795155052
 04/23  04:00:00,0.664137658195,6.88380492474,0.0,6.47103472951,0.0,0.178168842024,0.178168842024,0.178168842024,0.0652643324166,0.0142194351839,0.076570356547,0.312802692023,0.391225060944
 04/23  05:00:00,0.726910894386,7.47164174516,0.0,6.75509183776,0.0,0.185989867279,0.185989867279,0.185989867279,0.0693433537151,0.0151081499967,0.0902948593445,0.34906266405,0.692507269134
 04/23  06:00:00,0.909091977899,8.57359156516,0.0,7.28725222702,0.0,0.200641990825,0.200641990825,0.200641990825,0.114212562921,0.024884007474,0.148933834476,0.403307582203,1.25856043392
 04/23  07:00:00,1.13398731887,7.98439955166,0.0,6.53401866434,0.0,0.179902996638,0.179902996638,0.179902996638,0.212109057366,0.0462131593392,0.235105582796,0.428544522734,1.42086372035
 04/23  08:00:00,1.05925900216,7.36312307628,0.0,5.94846935315,0.0,0.163780900701,0.163780900701,0.163780900701,0.171318844381,0.037326011211,0.307411605372,0.362309640498,1.38969866342
 04/23  09:00:00,0.952835236945,6.62179530761,0.0,5.3317505693,0.0,0.146800606797,0.146800606797,0.146800606797,0.0815804176106,0.0177742926139,0.381213117803,0.308354802121,1.26880596451
 04/23  10:00:00,0.959273962063,6.39905688475,0.0,5.25691932781,0.0,0.144740256914,0.144740256914,0.144740256914,0.0652643324166,0.0142194351839,0.402331141021,0.315606796526,1.12039928235
 04/23  11:00:00,0.935320918989,4.7812724955,0.0,3.77499509673,0.0,0.103938015039,0.103938015039,0.103938015039,0.0652643324166,0.0142194351839,0.419083646564,0.315703489785,0.984532464169
 04/23  12:00:00,0.885758997162,3.59311475154,0.0,2.69005421754,0.0,0.0740660288431,0.0740660288431,0.0740660288431,0.0652643324166,0.0142194351839,0.404711840164,0.310385360555,0.881681899982
 04/23  13:00:00,0.840001594091,2.80883853309,0.0,1.96855881973,0.0,0.0542008905884,0.0542008905884,0.0542008905884,0.0652643324166,0.0142194351839,0.368086623627,0.321118312275,0.818161818157
 04/23  14:00:00,0.807843804872,1.99771357817,0.0,1.21644393869,0.0,0.0334926973821,0.0334926973821,0.0334926973821,0.0652643324166,0.0142194351839,0.338555388231,0.339199951659,0.757906322297
 04/23  15:00:00,0.816849083631,1.41507042195,0.0,0.625433186962,0.0,0.017220230047,0.017220230047,0.017220230047,0.0652643324166,0.0142194351839,0.34497794887,0.358055137113,0.764975215742
 04/23  16:00:00,0.922549102801,1.13945173336,0.0,0.267002510929,0.0,0.0073514561702,0.0073514561702,0.0073514561702,0.0693433537151,0.0151081499967,0.390117669639,0.42351647328,0.843278376011
 04/23  17:00:00,1.12002251303,1.05511357619,0.0,0.0211675355153,0.0,0.000582811783418,0.000582811783418,0.000582811783418,0.0938174982246,0.0204404425163,0.473564930748,0.514504829754,0.998508124273
 04/23  18:00:00,1.24554913679,1.18954520464,0.0,0.0,0.0,0.0,0.0,0.0,0.171318844381,0.037326011211,0.431195325454,0.558596955739,1.15107032341
 04/23  19:00:00,1.36305224381,1.25191789943,0.0,0.0289723965981,0.0,0.000797705246274,0.000797705246274,0.000797705246274,0.338558692541,0.073763313073,0.356238631088,0.576581901865,1.18323185963
 04/23  20:00:00,1.61959737198,1.49920801984,0.0,0.357048294771,0.0,0.00983071237991,0.00983071237991,0.00983071237991,0.554746829721,0.120865199974,0.320638609999,0.596404019907,1.10108077969
 04/23  21:00:00,1.65835683054,1.87814425456,0.0,0.847485858032,0.0,0.0233340694756,0.0233340694756,0.0233340694756,0.599616038926,0.130641057451,0.305173474043,0.582480190648,0.990538492682
 04/23  22:00:00,1.35037065361,2.18380082861,0.0,1.32956335895,0.0,0.0366072465941,0.0366072465941,0.0366072465941,0.448692342834,0.097758611198,0.246138495171,0.50406195781,0.819518834405
 04/23  23:00:00,1.05445830005,2.7854760505,0.0,2.12602074432,0.0,0.0585363346001,0.0585363346001,0.0585363346001,0.310005551811,0.0675423112045,0.163241640347,0.438020462091,0.629285458165
 04/23  24:00:00,0.75945694767,3.41359453863,0.0,2.95988281505,0.0,0.0814952964602,0.0814952964602,0.0814952964602,0.159081772126,0.0346598649513,0.104798373634,0.362309640498,0.428756663866
 04/24  01:00:00,0.656037211141,4.07141248029,0.0,3.71525027411,0.0,0.102293043823,0.102293043823,0.102293043823,0.0978964944452,0.0213291518652,0.083814778355,0.333591742652,0.333185169609
 04/24  02:00:00,0.613551258283,4.53508539244,0.0,4.20160765689,0.0,0.115684060148,0.115684060148,0.115684060148,0.0652643324166,0.0142194351839,0.0715474182325,0.329724012302,0.310767099407
 04/24  03:00:00,0.615859436849,5.06399205804,0.0,4.72536777394,0.0,0.130104896607,0.130104896607,0.130104896607,0.0652643324166,0.0142194351839,0.0640760367584,0.325082735883,0.316233328464
 04/24  04:00:00,0.621646553542,5.42553951021,0.0,5.0247870567,0.0,0.138348892987,0.138348892987,0.138348892987,0.0652643324166,0.0142194351839,0.0738992009315,0.312802692023,0.379207319223
 04/24  05:00:00,0.680770693196,5.90725063899,0.0,5.22808520101,0.0,0.14394635869,0.14394635869,0.14394635869,0.0693433537151,0.0151081499967,0.0861981667443,0.34906266405,0.655122799716
 04/24  06:00:00,0.840083188201,6.36529060722,0.0,5.16679046779,0.0,0.142258713345,0.142258713345,0.142258713345,0.114212562921,0.024884007474,0.138308322259,0.403307582203,1.17072123522
 04/24  07:00:00,1.06945273999,6.30231482002,0.0,4.9587174495,0.0,0.136529779677,0.136529779677,0.136529779677,0.212109057366,0.0462131593392,0.213944220876,0.428544522734,1.31408020355
 04/24  08:00:00,0.993270347305,6.03270878862,0.0,4.72989502631,0.0,0.130229546736,0.130229546736,0.130229546736,0.171318844381,0.037326011211,0.27497430448,0.362309640498,1.27785870259
 04/24  09:00:00,0.878102465238,5.43936112501,0.0,4.25299394876,0.0,0.117098893556,0.117098893556,0.117098893556,0.0815804176106,0.0177742926139,0.336182059337,0.308354802121,1.16512840244
 04/24  10:00:00,0.87810474897,5.21105263986,0.0,4.1581407387,0.0,0.114487273111,0.114487273111,0.114487273111,0.0652643324166,0.0142194351839,0.351414911732,0.315606796526,1.03117362657
 04/24  11:00:00,0.860990906101,3.9140820929,0.0,2.981727837,0.0,0.0820967616705,0.0820967616705,0.0820967616705,0.0652643324166,0.0142194351839,0.366594887045,0.315703489785,0.910609321293
 04/24  12:00:00,0.820922634809,2.91053414965,0.0,2.0716806236,0.0,0.0570401725812,0.0570401725812,0.0570401725812,0.0652643324166,0.0142194351839,0.356901334072,0.310385360555,0.817474892036
 04/24  13:00:00,0.778157709509,2.08971573212,0.0,1.30551217589,0.0,0.0359450385217,0.0359450385217,0.0359450385217,0.0652643324166,0.0142194351839,0.324498591112,0.321118312275,0.762085661025
 04/24  14:00:00,0.754430539624,1.42824171453,0.0,0.697519546353,0.0,0.0192050043089,0.0192050043089,0.0192050043089,0.0652643324166,0.0142194351839,0.299429816056,0.339199951659,0.707358850991
 04/24  15:00:00,0.768212886438,0.944007034906,0.0,0.204952142643,0.0,0.00564300570951,0.00564300570951,0.00564300570951,0.0652643324166,0.0142194351839,0.307918976015,0.358055137113,0.714392873014
 04/24  16:00:00,0.879980852998,0.836546965939,0.0,0.0254646556293,0.0,0.000701125615248,0.000701125615248,0.000701125615248,0.0693433537151,0.0151081499967,0.354199750391,0.42351647328,0.781911463885
 04/24  17:00:00,1.08408777103,0.960079583349,0.0,0.0,0.0,0.0,0.0,0.0,0.0938174982246,0.0204404425163,0.438213000532,0.514504829754,0.924641666951
 04/24  18:00:00,1.21123882125,1.09390975137,0.0,0.0,0.0,0.0,0.0,0.0,0.171318844381,0.037326011211,0.396885009915,0.558596955739,1.05543487014
 04/24  19:00:00,1.32800978437,1.11603495252,0.0,0.0,0.0,0.0,0.0,0.0,0.338558692541,0.073763313073,0.321993876894,0.576581901865,1.07632130932
 04/24  20:00:00,1.58080360955,1.25425488311,0.0,0.214007166958,0.0,0.00589232027266,0.00589232027266,0.00589232027266,0.554746829721,0.120865199974,0.285783239672,0.596404019907,0.999168770776
 04/24  21:00:00,1.61359558782,1.4598568625,0.0,0.515001545561,0.0,0.0141796842157,0.0141796842157,0.0141796842157,0.599616038926,0.130641057451,0.269566616575,0.582480190648,0.904735413087
 04/24  22:00:00,1.31452494032,1.84261956172,0.0,1.05525895144,0.0,0.0290547452259,0.0290547452259,0.0290547452259,0.448692342834,0.097758611198,0.217845283247,0.50406195781,0.752641975027
 04/24  23:00:00,1.02673561452,2.30118749649,0.0,1.68336232944,0.0,0.0463484944031,0.0463484944031,0.0463484944031,0.310005551811,0.0675423112045,0.147706795011,0.438020462091,0.587655319044
 04/24  24:00:00,0.736293610147,2.79576834096,0.0,2.35735193002,0.0,0.0649056420143,0.0649056420143,0.0649056420143,0.159081772126,0.0346598649513,0.0982246905575,0.362309640498,0.413461351225
 04/25  01:00:00,0.631420259356,3.17785917894,0.0,2.82117054544,0.0,0.0776760920384,0.0776760920384,0.0776760920384,0.0978964944452,0.0213291518652,0.083814778355,0.333591742652,0.333711596939
 04/25  02:00:00,0.583787387409,3.45468113873,0.0,3.12059349118,0.0,0.085920189273,0.085920189273,0.085920189273,0.0652643324166,0.0142194351839,0.0715474182325,0.329724012302,0.311377011407
 04/25  03:00:00,0.579730630317,3.75219742519,0.0,3.41318120335,0.0,0.0939760900753,0.0939760900753,0.0939760900753,0.0652643324166,0.0142194351839,0.0640760367584,0.325082735883,0.316625266202
 04/25  04:00:00,0.581897041567,3.98231270432,0.0,3.58109763519,0.0,0.0985993810121,0.0985993810121,0.0985993810121,0.0652643324166,0.0142194351839,0.0738992009315,0.312802692023,0.379669934844
 04/25  05:00:00,0.637288124886,4.32761358069,0.0,3.64881238052,0.0,0.100463790379,0.100463790379,0.100463790379,0.0693433537151,0.0151081499967,0.0861981667443,0.34906266405,0.65475856191
 04/25  06:00:00,0.794595388749,4.7116444344,0.0,3.51468830064,0.0,0.096770913892,0.096770913892,0.096770913892,0.114212562921,0.024884007474,0.138308322259,0.403307582203,1.16917722955
 04/25  07:00:00,1.02440772246,4.66450983676,0.0,3.32269697857,0.0,0.0914847621462,0.0914847621462,0.0914847621462,0.212109057366,0.0462131593392,0.213944220876,0.428544522734,1.31229569122
 04/25  08:00:00,0.954291468629,4.61545499508,0.0,3.31419475703,0.0,0.0912506680594,0.0912506680594,0.0912506680594,0.171318844381,0.037326011211,0.27497430448,0.362309640498,1.27630517833
 04/25  09:00:00,0.851609562712,4.47603986383,0.0,3.29078029576,0.0,0.0906059910294,0.0906059910294,0.0906059910294,0.0815804176106,0.0177742926139,0.336182059337,0.308354802121,1.16402079426
 04/25  10:00:00,0.859776940456,4.5443366062,0.0,3.49248065997,0.0,0.0961594645972,0.0961594645972,0.0961594645972,0.0652643324166,0.0142194351839,0.351414911732,0.315606796526,1.03011767163
 04/25  11:00:00,0.854406817277,3.67398303934,0.0,2.74259585993,0.0,0.075512672846,0.075512672846,0.075512672846,0.0652643324166,0.0142194351839,0.366594887045,0.315703489785,0.909642244802
 04/25  12:00:00,0.827556681258,3.15055900975,0.0,2.31262704545,0.0,0.0636742190308,0.0636742190308,0.0636742190308,0.0652643324166,0.0142194351839,0.356901334072,0.310385360555,0.816553330276
 04/25  13:00:00,0.790780222376,2.54687228169,0.0,1.76395776158,0.0,0.0485675513884,0.0485675513884,0.0485675513884,0.0652643324166,0.0142194351839,0.324498591112,0.321118312275,0.760796624907
 04/25  14:00:00,0.768619622782,1.94209909899,0.0,1.21286245847,0.0,0.0333940874671,0.0333940874671,0.0333940874671,0.0652643324166,0.0142194351839,0.299429816056,0.339199951659,0.705873323344
 04/25  15:00:00,0.788799507161,1.6905150325,0.0,0.952651550402,0.0,0.0262296264327,0.0262296264327,0.0262296264327,0.0652643324166,0.0142194351839,0.307918976015,0.358055137113,0.713201462848
 04/25  16:00:00,0.896905292182,1.44955981447,0.0,0.640154814075,0.0,0.0176255647988,0.0176255647988,0.0176255647988,0.0693433537151,0.0151081499967,0.354199750391,0.42351647328,0.780234153975
 04/25  17:00:00,1.10390240277,1.67746725156,0.0,0.719661017686,0.0,0.0198146317445,0.0198146317445,0.0198146317445,0.0938174982246,0.0204404425163,0.438213000532,0.514504829754,0.922368317477
 04/25  18:00:00,1.22691506293,1.66065229624,0.0,0.569356028781,0.0,0.0156762416812,0.0156762416812,0.0156762416812,0.171318844381,0.037326011211,0.396885009915,0.558596955739,1.05282138622
 04/25  19:00:00,1.35569237164,2.11941282675,0.0,1.00542261791,0.0,0.0276825872624,0.0276825872624,0.0276825872624,0.338558692541,0.073763313073,0.321993876894,0.576581901865,1.07427656563
 04/25  20:00:00,1.61199923966,2.38511090672,0.0,1.34702236543,0.0,0.0370879503915,0.0370879503915,0.0370879503915,0.554746829721,0.120865199974,0.285783239672,0.596404019907,0.997009595916
 04/25  21:00:00,1.64762597003,2.69356784776,0.0,1.75097402344,0.0,0.0482100664284,0.0482100664284,0.0482100664284,0.599616038926,0.130641057451,0.269566616575,0.582480190648,0.902473920478
 04/25  22:00:00,1.34793491954,3.05405485249,0.0,2.26869859358,0.0,0.0624647244555,0.0624647244555,0.0624647244555,0.448692342834,0.097758611198,0.217845283247,0.50406195781,0.750637623655
 04/25  23:00:00,1.06169797662,3.56943777517,0.0,2.9531840154,0.0,0.0813108565017,0.0813108565017,0.0813108565017,0.310005551811,0.0675423112045,0.147706795011,0.438020462091,0.586083911759
 04/25  24:00:00,0.770840271677,4.04885031378,0.0,3.61207550576,0.0,0.0994523035444,0.0994523035444,0.0994523035444,0.159081772126,0.0346598649513,0.0982246905575,0.362309640498,0.411819748306
 04/26  01:00:00,0.667327805137,4.48072662819,0.0,4.1253209971,0.0,0.113583637819,0.113583637819,0.113583637819,0.0978964944452,0.0213291518652,0.083814778355,0.333591742652,0.332428594526
 04/26  02:00:00,0.623874773831,4.90919475736,0.0,4.57655440335,0.0,0.126007575695,0.126007575695,0.126007575695,0.0652643324166,0.0142194351839,0.0715474182325,0.329724012302,0.309929717868
 04/26  03:00:00,0.622168418549,5.29253140707,0.0,4.95450794921,0.0,0.136413878307,0.136413878307,0.136413878307,0.0652643324166,0.0142194351839,0.0640760367584,0.325082735883,0.315632502227
 04/26  04:00:00,0.629634113196,5.71469446058,0.0,5.31489264045,0.0,0.146336452641,0.146336452641,0.146336452641,0.0652643324166,0.0142194351839,0.0738992009315,0.312802692023,0.378256685846
 04/26  05:00:00,0.691414018766,6.29129390726,0.0,5.61464734405,0.0,0.154589684259,0.154589684259,0.154589684259,0.0693433537151,0.0151081499967,0.0861981667443,0.34906266405,0.652603924941
 04/26  06:00:00,0.86338711835,7.20650136296,0.0,6.0131816752,0.0,0.165562643493,0.165562643493,0.165562643493,0.114212562921,0.024884007474,0.138308322259,0.403307582203,1.16554078356
 04/26  07:00:00,1.07609462349,6.536769272,0.0,5.19994851028,0.0,0.143171663171,0.143171663171,0.143171663171,0.212109057366,0.0462131593392,0.213944220876,0.428544522734,1.30730359474
 04/26  08:00:00,0.994924689952,6.08637149637,0.0,4.78998021629,0.0,0.131883889382,0.131883889382,0.131883889382,0.171318844381,0.037326011211,0.27497430448,0.362309640498,1.27143622037
 04/26  09:00:00,0.875237822633,5.32989553522,0.0,4.14895105566,0.0,0.114234250951,0.114234250951,0.114234250951,0.0815804176106,0.0177742926139,0.336182059337,0.308354802121,1.15970570577
 04/26  10:00:00,0.871725822561,4.97488439019,0.0,3.92646019423,0.0,0.108108346702,0.108108346702,0.108108346702,0.0652643324166,0.0142194351839,0.351414911732,0.315606796526,1.02668592137
 04/26  11:00:00,0.856712889315,3.75522037271,0.0,2.82635165067,0.0,0.0778187448844,0.0778187448844,0.0778187448844,0.0652643324166,0.0142194351839,0.366594887045,0.315703489785,0.907123787437
 04/26  12:00:00,0.831401014983,3.28775302284,0.0,2.45225200324,0.0,0.0675185527559,0.0675185527559,0.0675185527559,0.0652643324166,0.0142194351839,0.356901334072,0.310385360555,0.814122385576
 04/26  13:00:00,0.796591909788,2.75646546102,0.0,1.97503636912,0.0,0.0543792388006,0.0543792388006,0.0543792388006,0.0652643324166,0.0142194351839,0.324498591112,0.321118312275,0.759311196693
 04/26  14:00:00,0.784577623911,2.52034423725,0.0,1.79245189926,0.0,0.0493520885954,0.0493520885954,0.0493520885954,0.0652643324166,0.0142194351839,0.299429816056,0.339199951659,0.704529020815
 04/26  15:00:00,0.807978897214,2.38580978926,0.0,1.64924079527,0.0,0.0454090164857,0.0454090164857,0.0454090164857,0.0652643324166,0.0142194351839,0.307918976015,0.358055137113,0.71190697475
 04/26  16:00:00,0.920159801747,2.29244791214,0.0,1.4847510819,0.0,0.0408800743644,0.0408800743644,0.0408800743644,0.0693433537151,0.0151081499967,0.354199750391,0.42351647328,0.778525983812
 04/26  17:00:00,1.129338869,2.59882025904,0.0,1.64350524582,0.0,0.0452510979695,0.0452510979695,0.0452510979695,0.0938174982246,0.0204404425163,0.438213000532,0.514504829754,0.919877096821
 04/26  18:00:00,1.24747385389,2.40413220788,0.0,1.31604466869,0.0,0.0362350326453,0.0362350326453,0.0362350326453,0.171318844381,0.037326011211,0.396885009915,0.558596955739,1.04961265795
 04/26  19:00:00,1.36554861519,2.47377883626,0.0,1.36339819649,0.0,0.0375388308117,0.0375388308117,0.0375388308117,0.338558692541,0.073763313073,0.321993876894,0.576581901865,1.07066699657
 04/26  20:00:00,1.62050888752,2.69122743489,0.0,1.65609002391,0.0,0.0455975982484,0.0455975982484,0.0455975982484,0.554746829721,0.120865199974,0.285783239672,0.596404019907,0.994058465602
 04/26  21:00:00,1.65244966305,2.86629845986,0.0,1.92616899433,0.0,0.0530337594539,0.0530337594539,0.0530337594539,0.599616038926,0.130641057451,0.269566616575,0.582480190648,0.900009561677
 04/26  22:00:00,1.35114791765,3.16880616966,0.0,2.38539364581,0.0,0.0656777225607,0.0656777225607,0.0656777225607,0.448692342834,0.097758611198,0.217845283247,0.50406195781,0.7486938886
 04/26  23:00:00,1.06129733385,3.5536181318,0.0,2.93863279954,0.0,0.0809102137315,0.0809102137315,0.0809102137315,0.310005551811,0.0675423112045,0.147706795011,0.438020462091,0.584815484244
 04/26  24:00:00,0.766348759326,3.88541525386,0.0,3.44894522956,0.0,0.0949607911938,0.0949607911938,0.0949607911938,0.159081772126,0.0346598649513,0.0982246905575,0.362309640498,0.411514964581
 04/27  01:00:00,0.658579874431,4.16240149415,0.0,3.80759898262,0.0,0.104835707114,0.104835707114,0.104835707114,0.0978964944452,0.0213291518652,0.083814778355,0.333591742652,0.331825474966
 04/27  02:00:00,0.612812372539,4.50756344822,0.0,4.17477156557,0.0,0.114945174403,0.114945174403,0.114945174403,0.0652643324166,0.0142194351839,0.0715474182325,0.329724012302,0.310081246505
 04/27  03:00:00,0.605721067622,4.69509793952,0.0,4.35714548197,0.0,0.11996652738,0.11996652738,0.11996652738,0.0652643324166,0.0142194351839,0.0640760367584,0.325082735883,0.315561501907
 04/27  04:00:00,0.606950958955,4.89073295291,0.0,4.49104781326,0.0,0.1236532984,0.1236532984,0.1236532984,0.0652643324166,0.0142194351839,0.0738992009315,0.312802692023,0.378140005358
 04/27  05:00:00,0.661129344732,5.19053341732,0.0,4.51471777604,0.0,0.124305010226,0.124305010226,0.124305010226,0.0693433537151,0.0151081499967,0.0861981667443,0.34906266405,0.651773003019
 04/27  06:00:00,0.816241165078,5.4918421152,0.0,4.30085589751,0.0,0.118416690221,0.118416690221,0.118416690221,0.114212562921,0.024884007474,0.138308322259,0.403307582203,1.16320731347
 04/27  07:00:00,1.06199157712,6.02260197366,0.0,4.68773042659,0.0,0.129068616804,0.129068616804,0.129068616804,0.212109057366,0.0462131593392,0.213944220876,0.428544522734,1.30535438009
 04/27  08:00:00,0.987458722411,5.81355030131,0.0,4.51881868938,0.0,0.124417921841,0.124417921841,0.124417921841,0.171318844381,0.037326011211,0.27497430448,0.362309640498,1.26977655222
 04/27  09:00:00,0.883105630123,5.61380380996,0.0,4.43470727954,0.0,0.12210205844,0.12210205844,0.12210205844,0.0815804176106,0.0177742926139,0.336182059337,0.308354802121,1.15785775663
 04/27  10:00:00,0.903949508119,6.14334674174,0.0,5.09681403382,0.0,0.14033203226,0.14033203226,0.14033203226,0.0652643324166,0.0142194351839,0.351414911732,0.315606796526,1.02479443333
 04/27  11:00:00,0.89813721292,5.25754391269,0.0,4.330869689,0.0,0.119243068489,0.119243068489,0.119243068489,0.0652643324166,0.0142194351839,0.366594887045,0.315703489785,0.904929289084
 04/27  12:00:00,0.87395810885,4.83145112116,0.0,3.99791189118,0.0,0.110075646622,0.110075646622,0.110075646622,0.0652643324166,0.0142194351839,0.356901334072,0.310385360555,0.81216059596
 04/27  13:00:00,0.846823331466,4.57832855637,0.0,3.79942536161,0.0,0.104610660479,0.104610660479,0.104610660479,0.0652643324166,0.0142194351839,0.324498591112,0.321118312275,0.756785299568
 04/27  14:00:00,0.829095387753,4.13475497388,0.0,3.40932268672,0.0,0.093869852438,0.093869852438,0.093869852438,0.0652643324166,0.0142194351839,0.299429816056,0.339199951659,0.702068969982
 04/27  15:00:00,0.853451971549,4.03465887328,0.0,3.3008081509,0.0,0.0908820908206,0.0908820908206,0.0908820908206,0.0652643324166,0.0142194351839,0.307918976015,0.358055137113,0.709188703135
 04/27  16:00:00,0.956661887795,3.614980415,0.0,2.81049504381,0.0,0.0773821604121,0.0773821604121,0.0773821604121,0.0693433537151,0.0151081499967,0.354199750391,0.42351647328,0.775314524762
 04/27  17:00:00,1.18029222997,4.44636652028,0.0,3.49411484019,0.0,0.0962044589465,0.0962044589465,0.0962044589465,0.0938174982246,0.0204404425163,0.438213000532,0.514504829754,0.916813763696
 04/27  18:00:00,1.2922386236,4.02616486014,0.0,2.94188662938,0.0,0.0809998023551,0.0809998023551,0.0809998023551,0.171318844381,0.037326011211,0.396885009915,0.558596955739,1.04580334953
 04/27  19:00:00,1.41114512158,4.12590685228,0.0,3.01944856456,0.0,0.0831353372045,0.0831353372045,0.0831353372045,0.338558692541,0.073763313073,0.321993876894,0.576581901865,1.06674464452
 04/27  20:00:00,1.66213059616,4.19906408884,0.0,3.16777702291,0.0,0.087219306889,0.087219306889,0.087219306889,0.554746829721,0.120865199974,0.285783239672,0.596404019907,0.990208120561
 04/27  21:00:00,1.68484558779,4.03930839549,0.0,3.10277850523,0.0,0.0854296841917,0.0854296841917,0.0854296841917,0.599616038926,0.130641057451,0.269566616575,0.582480190648,0.896409986404
 04/27  22:00:00,1.37762801599,4.12755560576,0.0,3.34714225503,0.0,0.0921578209046,0.0921578209046,0.0921578209046,0.448692342834,0.097758611198,0.217845283247,0.50406195781,0.745694715473
 04/27  23:00:00,1.08573749472,4.43894452204,0.0,3.82629153942,0.0,0.105350374603,0.105350374603,0.105350374603,0.310005551811,0.0675423112045,0.147706795011,0.438020462091,0.582483134612
 04/27  24:00:00,0.787795647709,4.66287669906,0.0,4.22788928053,0.0,0.116407679576,0.116407679576,0.116407679576,0.159081772126,0.0346598649513,0.0982246905575,0.362309640498,0.410032358821
 04/28  01:00:00,0.674899753353,4.75437982491,0.0,4.40033170783,0.0,0.121155586035,0.121155586035,0.121155586035,0.0978964944452,0.0213291518652,0.083814778355,0.333591742652,0.331071080511
 04/28  02:00:00,0.627925174897,5.05529882101,0.0,4.72366366033,0.0,0.130057976761,0.130057976761,0.130057976761,0.0652643324166,0.0142194351839,0.0715474182325,0.329724012302,0.308924524539
 04/28  03:00:00,0.616905054235,5.10055082925,0.0,4.76334425928,0.0,0.131150513993,0.131150513993,0.131150513993,0.0652643324166,0.0142194351839,0.0640760367584,0.325082735883,0.31481561433
 04/28  04:00:00,0.617863340084,5.28603467318,0.0,4.88738196724,0.0,0.134565679529,0.134565679529,0.134565679529,0.0652643324166,0.0142194351839,0.0738992009315,0.312802692023,0.377107571646
 04/28  05:00:00,0.670832946416,5.54131762594,0.0,4.8671494514,0.0,0.134008611909,0.134008611909,0.134008611909,0.0693433537151,0.0151081499967,0.0861981667443,0.34906266405,0.650125536273
 04/28  06:00:00,0.825458789206,5.82352247339,0.0,4.63563702523,0.0,0.127634314349,0.127634314349,0.127634314349,0.114212562921,0.024884007474,0.138308322259,0.403307582203,1.16010654395
 04/28  07:00:00,1.05436849337,5.74225453709,0.0,4.41086248983,0.0,0.121445533055,0.121445533055,0.121445533055,0.212109057366,0.0462131593392,0.213944220876,0.428544522734,1.30187488028
 04/28  08:00:00,0.985094019731,5.72429052134,0.0,4.43293345272,0.0,0.122053219161,0.122053219161,0.122053219161,0.171318844381,0.037326011211,0.27497430448,0.362309640498,1.26640200891
 04/28  09:00:00,0.881338310425,5.5466608301,0.0,4.37051879961,0.0,0.120334738743,0.120334738743,0.120334738743,0.0815804176106,0.0177742926139,0.336182059337,0.308354802121,1.15490325669
 04/28  10:00:00,0.899271258455,5.97085128958,0.0,4.92690151877,0.0,0.135653782596,0.135653782596,0.135653782596,0.0652643324166,0.0142194351839,0.351414911732,0.315606796526,1.02221149621
 04/28  11:00:00,0.897327322815,5.22590812893,0.0,4.30145474227,0.0,0.118433178384,0.118433178384,0.118433178384,0.0652643324166,0.0142194351839,0.366594887045,0.315703489785,0.902708452048
 04/28  12:00:00,0.875627088093,4.88997952051,0.0,4.0585286776,0.0,0.111744625865,0.111744625865,0.111744625865,0.0652643324166,0.0142194351839,0.356901334072,0.310385360555,0.810072208894
 04/28  13:00:00,0.849036529492,4.65732921786,0.0,3.87980799823,0.0,0.106823858504,0.106823858504,0.106823858504,0.0652643324166,0.0142194351839,0.324498591112,0.321118312275,0.755403324433
 04/28  14:00:00,0.838422519419,4.47212822225,0.0,3.74808109281,0.0,0.103196984104,0.103196984104,0.103196984104,0.0652643324166,0.0142194351839,0.299429816056,0.339199951659,0.700683812253
 04/28  15:00:00,0.863591397488,4.40125715512,0.0,3.66906882231,0.0,0.101021516759,0.101021516759,0.101021516759,0.0652643324166,0.0142194351839,0.307918976015,0.358055137113,0.70752631356
 04/28  16:00:00,0.97055468518,4.11774301412,0.0,3.31507695243,0.0,0.0912749577967,0.0912749577967,0.0912749577967,0.0693433537151,0.0151081499967,0.354199750391,0.42351647328,0.77349521526
 04/28  17:00:00,1.19038424686,4.81016644732,0.0,3.86065363016,0.0,0.106296475834,0.106296475834,0.106296475834,0.0938174982246,0.0204404425163,0.438213000532,0.514504829754,0.914074900756
 04/28  18:00:00,1.29778012244,4.22464256849,0.0,3.14315207545,0.0,0.0865413011979,0.0865413011979,0.0865413011979,0.171318844381,0.037326011211,0.396885009915,0.558596955739,1.04301561181
 04/28  19:00:00,1.41671038691,4.32536696072,0.0,3.22157720165,0.0,0.0887006025315,0.0887006025315,0.0887006025315,0.338558692541,0.073763313073,0.321993876894,0.576581901865,1.06407611587
 04/28  20:00:00,1.66484705812,4.29531103681,0.0,3.26643804285,0.0,0.0899357688478,0.0899357688478,0.0899357688478,0.554746829721,0.120865199974,0.285783239672,0.596404019907,0.987794048584
 04/28  21:00:00,1.6949172838,4.40306442317,0.0,3.46857924741,0.0,0.0955013801984,0.0955013801984,0.0955013801984,0.599616038926,0.130641057451,0.269566616575,0.582480190648,0.89436527191
 04/28  22:00:00,1.38924662357,4.54787089039,0.0,3.76912632522,0.0,0.103776428481,0.103776428481,0.103776428481,0.448692342834,0.097758611198,0.217845283247,0.50406195781,0.744025929921
 04/28  23:00:00,1.09245183652,4.68156254744,0.0,4.07015426252,0.0,0.112064716406,0.112064716406,0.112064716406,0.310005551811,0.0675423112045,0.147706795011,0.438020462091,0.581238436905
 04/28  24:00:00,0.796011904386,4.96015718139,0.0,4.52630106623,0.0,0.124623936253,0.124623936253,0.124623936253,0.159081772126,0.0346598649513,0.0982246905575,0.362309640498,0.408901055448
 04/29  01:00:00,0.69193727665,5.23703092511,0.0,4.87577440663,0.0,0.134246085257,0.134246085257,0.134246085257,0.0978964944452,0.0213291518652,0.0877618024304,0.333591742652,0.338279481916
 04/29  02:00:00,0.640549191183,5.42448928015,0.0,5.08732451441,0.0,0.14007075462,0.14007075462,0.14007075462,0.0652643324166,0.0142194351839,0.0741586566598,0.329724012302,0.314454129598
 04/29  03:00:00,0.630062620605,5.53469217162,0.0,5.19163177719,0.0,0.142942676191,0.142942676191,0.142942676191,0.0652643324166,0.0142194351839,0.0654414409304,0.325082735883,0.320669438796
 04/29  04:00:00,0.629900999284,5.6384638935,0.0,5.22757034866,0.0,0.143932183113,0.143932183113,0.143932183113,0.0652643324166,0.0142194351839,0.076570356547,0.312802692023,0.389348410547
 04/29  05:00:00,0.683991296023,5.90592599484,0.0,5.19626590372,0.0,0.143070268916,0.143070268916,0.143070268916,0.0693433537151,0.0151081499967,0.0902948593445,0.34906266405,0.685617452855
 04/29  06:00:00,0.845135972712,6.23422811004,0.0,4.96439079948,0.0,0.136685985638,0.136685985638,0.136685985638,0.114212562921,0.024884007474,0.148933834476,0.403307582203,1.24205840635
 04/29  07:00:00,1.08275808241,6.10511986853,0.0,4.67338936158,0.0,0.128673760177,0.128673760177,0.128673760177,0.212109057366,0.0462131593392,0.235105582796,0.428544522734,1.40221333997
 04/29  08:00:00,1.01983196695,5.9130264656,0.0,4.51649218346,0.0,0.124353865491,0.124353865491,0.124353865491,0.171318844381,0.037326011211,0.307411605372,0.362309640498,1.37157922243
 04/29  09:00:00,0.924043589621,5.55961079183,0.0,4.28604724857,0.0,0.118008959472,0.118008959472,0.118008959472,0.0815804176106,0.0177742926139,0.381213117803,0.308354802121,1.25232476946
 04/29  10:00:00,0.940249294461,5.69388085863,0.0,4.56594955234,0.0,0.125715589312,0.125715589312,0.125715589312,0.0652643324166,0.0142194351839,0.402331141021,0.315606796526,1.10619303169
 04/29  11:00:00,0.933751556655,4.71241111512,0.0,3.71799636426,0.0,0.102368652706,0.102368652706,0.102368652706,0.0652643324166,0.0142194351839,0.419083646564,0.315703489785,0.972669816257
 04/29  12:00:00,0.901645905446,4.15986816976,0.0,3.2670615892,0.0,0.089952937127,0.089952937127,0.089952937127,0.0652643324166,0.0142194351839,0.404711840164,0.310385360555,0.871427946534
 04/29  13:00:00,0.865106371568,3.71095240184,0.0,2.88035621981,0.0,0.0793056680658,0.0793056680658,0.0793056680658,0.0652643324166,0.0142194351839,0.368086623627,0.321118312275,0.808478286826
 04/29  14:00:00,0.851169027733,3.56209343644,0.0,2.79000202332,0.0,0.076817920243,0.076817920243,0.076817920243,0.0652643324166,0.0142194351839,0.338555388231,0.339199951659,0.748728095939
 04/29  15:00:00,0.871942719549,3.40669122809,0.0,2.62641622839,0.0,0.0723138659652,0.0723138659652,0.0723138659652,0.0652643324166,0.0142194351839,0.34497794887,0.358055137113,0.755612980452
 04/29  16:00:00,0.982748953413,3.31501817401,0.0,2.45344161888,0.0,0.067551306782,0.067551306782,0.067551306782,0.0693433537151,0.0151081499967,0.390117669639,0.42351647328,0.832405708704
 04/29  17:00:00,1.20255483725,4.03875988393,0.0,3.0187148637,0.0,0.0831151360097,0.0831151360097,0.0831151360097,0.0938174982246,0.0204404425163,0.473564930748,0.514504829754,0.984607103835
 04/29  18:00:00,1.3122926307,3.59630978991,0.0,2.42410211691,0.0,0.066743493919,0.066743493919,0.066743493919,0.171318844381,0.037326011211,0.431195325454,0.558596955739,1.13373279177
 04/29  19:00:00,1.42868473473,3.61782056353,0.0,2.41272324371,0.0,0.0664301961626,0.0664301961626,0.0664301961626,0.338558692541,0.073763313073,0.356238631088,0.576581901865,1.16538367662
 04/29  20:00:00,1.67816127461,3.60965578116,0.0,2.48407030092,0.0,0.0683946150071,0.0683946150071,0.0683946150071,0.554746829721,0.120865199974,0.320638609999,0.596404019907,1.08450653486
 04/29  21:00:00,1.7074348352,3.64572545117,0.0,2.6299831174,0.0,0.072412074136,0.072412074136,0.072412074136,0.599616038926,0.130641057451,0.305173474043,0.582480190648,0.975622429922
 04/29  22:00:00,1.39577875389,3.82154474366,0.0,2.97877087786,0.0,0.0820153468725,0.0820153468725,0.0820153468725,0.448692342834,0.097758611198,0.246138495171,0.50406195781,0.808055230545
 04/29  23:00:00,1.08860768268,4.0176016911,0.0,3.3663152787,0.0,0.0926857172253,0.0926857172253,0.0926857172253,0.310005551811,0.0675423112045,0.163241640347,0.438020462091,0.621116564388
 04/29  24:00:00,0.784506252017,4.31915476364,0.0,3.86966544897,0.0,0.106544600807,0.106544600807,0.106544600807,0.159081772126,0.0346598649513,0.104798373634,0.362309640498,0.424534254954
 04/30  01:00:00,0.672532719058,4.53258069137,0.0,4.17100714956,0.0,0.114841527665,0.114841527665,0.114841527665,0.0978964944452,0.0213291518652,0.0877618024304,0.333591742652,0.338596505241
 04/30  02:00:00,0.620959125805,4.7132941709,0.0,4.37581967455,0.0,0.120480689242,0.120480689242,0.120480689242,0.0652643324166,0.0142194351839,0.0741586566598,0.329724012302,0.314763860201
 04/30  03:00:00,0.610983995371,4.84208677917,0.0,4.49870227799,0.0,0.123864050957,0.123864050957,0.123864050957,0.0652643324166,0.0142194351839,0.0654414409304,0.325082735883,0.32099354554
 04/30  04:00:00,0.612143359348,4.99370111067,0.0,4.58261860831,0.0,0.126174543178,0.126174543178,0.126174543178,0.0652643324166,0.0142194351839,0.076570356547,0.312802692023,0.389537368065
 04/30  05:00:00,0.66689352796,5.28424959277,0.0,4.57528049644,0.0,0.125972500854,0.125972500854,0.125972500854,0.0693433537151,0.0151081499967,0.0902948593445,0.34906266405,0.684926458074
 04/30  06:00:00,0.828958902043,5.64427008123,0.0,4.3768448238,0.0,0.120508914968,0.120508914968,0.120508914968,0.114212562921,0.024884007474,0.148933834476,0.403307582203,1.23964635323
 04/30  07:00:00,1.06755793558,5.55010877404,0.0,4.12132494386,0.0,0.113473613347,0.113473613347,0.113473613347,0.212109057366,0.0462131593392,0.235105582796,0.428544522734,1.3992666632
 04/30  08:00:00,1.00249428733,5.2803735767,0.0,3.88679326606,0.0,0.107016185873,0.107016185873,0.107016185873,0.171318844381,0.037326011211,0.307411605372,0.362309640498,1.36862525093
 04/30  09:00:00,0.909598565478,5.03250765945,0.0,3.76140864266,0.0,0.10356393533,0.10356393533,0.10356393533,0.0815804176106,0.0177742926139,0.381213117803,0.308354802121,1.24986024299
 04/30  10:00:00,0.922360914828,5.04202972986,0.0,3.91624938847,0.0,0.10782720968,0.10782720968,0.10782720968,0.0652643324166,0.0142194351839,0.402331141021,0.315606796526,1.10404206679
 04/30  11:00:00,0.911304422285,3.89519978141,0.0,2.90272370245,0.0,0.0799215183351,0.0799215183351,0.0799215183351,0.0652643324166,0.0142194351839,0.419083646564,0.315703489785,0.970731144359
 04/30  12:00:00,0.883241534566,3.48979796518,0.0,2.59862079011,0.0,0.0715485662475,0.0715485662475,0.0715485662475,0.0652643324166,0.0142194351839,0.404711840164,0.310385360555,0.869798541046
 04/30  13:00:00,0.842634410814,2.89313379309,0.0,2.06418187178,0.0,0.056833707312,0.056833707312,0.056833707312,0.0652643324166,0.0142194351839,0.368086623627,0.321118312275,0.806834026109
 04/30  14:00:00,0.818348725888,2.36918227306,0.0,1.59797927311,0.0,0.0439976183981,0.0439976183981,0.0439976183981,0.0652643324166,0.0142194351839,0.338555388231,0.339199951659,0.747839682769
 04/30  15:00:00,0.838651401081,2.19657298637,0.0,1.41728630674,0.0,0.0390225474973,0.0390225474973,0.0390225474973,0.0652643324166,0.0142194351839,0.34497794887,0.358055137113,0.754624660375
 04/30  16:00:00,0.947790224255,2.0442048755,0.0,1.18375188015,0.0,0.0325925776241,0.0325925776241,0.0325925776241,0.0693433537151,0.0151081499967,0.390117669639,0.42351647328,0.831282148929
 04/30  17:00:00,1.15421875891,2.28186193251,0.0,1.26316412842,0.0,0.0347790576708,0.0347790576708,0.0347790576708,0.0938174982246,0.0204404425163,0.473564930748,0.514504829754,0.983259887691
 04/30  18:00:00,1.27098709242,2.09474599492,0.0,0.923898322827,0.0,0.0254379556295,0.0254379556295,0.0254379556295,0.171318844381,0.037326011211,0.431195325454,0.558596955739,1.13237279086
 04/30  19:00:00,1.3908916063,2.24384437472,0.0,1.04008904,0.0,0.0286370677343,0.0286370677343,0.0286370677343,0.338558692541,0.073763313073,0.356238631088,0.576581901865,1.16404169152
 04/30  20:00:00,1.64112657782,2.2633926958,0.0,1.13898208907,0.0,0.0313599182168,0.0313599182168,0.0313599182168,0.554746829721,0.120865199974,0.320638609999,0.596404019907,1.08333166136
 04/30  21:00:00,1.67250253931,2.37617611276,0.0,1.36125342637,0.0,0.037479778245,0.037479778245,0.037479778245,0.599616038926,0.130641057451,0.305173474043,0.582480190648,0.974802782539
 04/30  22:00:00,1.36606628728,2.74218606216,0.0,1.89962369864,0.0,0.0523028802682,0.0523028802682,0.0523028802682,0.448692342834,0.097758611198,0.246138495171,0.50406195781,0.807843728266
 04/30  23:00:00,1.06635546595,3.20983527499,0.0,2.55812196267,0.0,0.0704335004984,0.0704335004984,0.0704335004984,0.310005551811,0.0675423112045,0.163241640347,0.438020462091,0.621543464302
 04/30  24:00:00,0.768643653313,3.74354606716,0.0,3.29354099341,0.0,0.0906820021039,0.0906820021039,0.0906820021039,0.159081772126,0.0346598649513,0.104798373634,0.362309640498,0.425050014037
 05/01  01:00:00,0.661361460212,4.33837087603,0.0,3.98385474169,0.0,0.109688607122,0.109688607122,0.109688607122,0.09560931075,0.0208308328125,0.0838690425574,0.33425166697,0.331493643699
 05/01  02:00:00,0.623892136584,4.95187877705,0.0,4.61960984719,0.0,0.127193033492,0.127193033492,0.127193033492,0.0637395321407,0.0138872200537,0.0715840655737,0.330376285324,0.309513366643
 05/01  03:00:00,0.628278705245,5.55669611842,0.0,5.21921094066,0.0,0.143702021153,0.143702021153,0.143702021153,0.0637395321407,0.0138872200537,0.064112104549,0.325725827349,0.315049927455
 05/01  04:00:00,0.642336719113,6.21745194619,0.0,5.81929545573,0.0,0.160224318997,0.160224318997,0.160224318997,0.0637395321407,0.0138872200537,0.0739521572983,0.313421490622,0.37656873474
 05/01  05:00:00,0.707072929203,6.91770315043,0.0,6.24698884285,0.0,0.172000122823,0.172000122823,0.172000122823,0.0672806251545,0.0146587321777,0.0862682554934,0.349753193554,0.646624107226
 05/01  06:00:00,0.864097679252,8.00755195486,0.0,6.82781955129,0.0,0.187992300127,0.187992300127,0.187992300127,0.09560931075,0.0208308328125,0.138447814423,0.40410542114,1.15189854604
 05/01  07:00:00,1.03826560445,7.44148437761,0.0,6.12073249896,0.0,0.168523870952,0.168523870952,0.168523870952,0.15934885125,0.0347180546875,0.214170541178,0.42939228638,1.29117631965
 05/01  08:00:00,0.955500486299,6.85602139638,0.0,5.57563571419,0.0,0.153515565944,0.153515565944,0.153515565944,0.12039692841,0.0262314231445,0.275218193109,0.363026375692,1.2553812554
 05/01  09:00:00,0.87617470832,6.10726735262,0.0,4.94073182737,0.0,0.136034576421,0.136034576421,0.136034576421,0.0637395321407,0.0138872200537,0.336436577975,0.30896480173,1.14525473607
 05/01  10:00:00,0.883585959979,5.89940691566,0.0,4.86366288968,0.0,0.133912615412,0.133912615412,0.133912615412,0.0531162865364,0.0115726836817,0.351641232033,0.316231142316,1.01396274788
 05/01  11:00:00,0.869840480858,4.72600743172,0.0,3.80833467489,0.0,0.104855963139,0.104855963139,0.104855963139,0.0531162865364,0.0115726836817,0.366855520645,0.316328026857,0.89588480554
 05/01  12:00:00,0.83316373216,3.84662500293,0.0,3.02056543738,0.0,0.083166088382,0.083166088382,0.083166088382,0.0531162865364,0.0115726836817,0.357197296466,0.310999377094,0.804638639467
 05/01  13:00:00,0.801229112648,3.42173661729,0.0,2.648849295,0.0,0.0729315219768,0.0729315219768,0.0729315219768,0.0531162865364,0.0115726836817,0.324743059292,0.321753561161,0.750725672592
 05/01  14:00:00,0.774982050842,2.66840917711,0.0,1.94841998727,0.0,0.0536464023793,0.0536464023793,0.0536464023793,0.0531162865364,0.0115726836817,0.299663707888,0.339870970357,0.696579654419
 05/01  15:00:00,0.78613746586,2.08529147193,0.0,1.35683416097,0.0,0.0373581013523,0.0373581013523,0.0373581013523,0.0531162865364,0.0115726836817,0.308214938409,0.358763455881,0.703746504336
 05/01  16:00:00,0.897533923498,1.97561108373,0.0,1.17666916719,0.0,0.0323975672711,0.0323975672711,0.0323975672711,0.056657371191,0.012344197627,0.354668497169,0.42435429024,0.769713363202
 05/01  17:00:00,1.09407127384,2.26034339587,0.0,1.31547316965,0.0,0.0362192973994,0.0362192973994,0.0362192973994,0.070821709809,0.0154302443018,0.438965378865,0.515522643463,0.909362205145
 05/01  18:00:00,1.18084703704,2.00599495258,0.0,0.930338159549,0.0,0.0256152654879,0.0256152654879,0.0256152654879,0.123938004705,0.0270029334473,0.397476839177,0.559701994228,1.03710579927
 05/01  19:00:00,1.24901260246,2.18681060533,0.0,1.08907641454,0.0,0.029985851068,0.029985851068,0.029985851068,0.24787600941,0.0540058486818,0.322310374418,0.577722518882,1.05794198449
 05/01  20:00:00,1.4711665213,2.4777673554,0.0,1.45432369152,0.0,0.0400423083599,0.0400423083599,0.0400423083599,0.435553471021,0.094896004004,0.2859788881,0.597583849817,0.982283454515
 05/01  21:00:00,1.61248710513,2.66197467726,0.0,1.73259541464,0.0,0.0477040429586,0.0477040429586,0.0477040429586,0.570114788205,0.124213468359,0.269710329714,0.583632475892,0.889179991996
 05/01  22:00:00,1.34826404653,3.12694355106,0.0,2.35214525592,0.0,0.0647622851735,0.0647622851735,0.0647622851735,0.4461767835,0.0972105349122,0.217943329922,0.505059113019,0.740010978114
 05/01  23:00:00,1.07115147172,3.79991620834,0.0,3.19121025246,0.0,0.0878645006716,0.0878645006716,0.0878645006716,0.31161554991,0.0678930887695,0.147779360955,0.438886971413,0.57847642468
 05/01  24:00:00,0.780365622684,4.35036966327,0.0,3.91820104596,0.0,0.107880945221,0.107880945221,0.107880945221,0.15934885125,0.0347180546875,0.0982793958339,0.363026375692,0.407164190517
 05/02  01:00:00,0.679473199508,4.99348559329,0.0,4.64166725629,0.0,0.127800346418,0.127800346418,0.127800346418,0.09560931075,0.0208308328125,0.0838690425574,0.33425166697,0.328795846353
 05/02  02:00:00,0.637579525793,5.44644820577,0.0,5.1167313973,0.0,0.140880422701,0.140880422701,0.140880422701,0.0637395321407,0.0138872200537,0.0715840655737,0.330376285324,0.306961245253
 05/02  03:00:00,0.631017929423,5.65368079988,0.0,5.31869867707,0.0,0.146441245331,0.146441245331,0.146441245331,0.0637395321407,0.0138872200537,0.064112104549,0.325725827349,0.312546872511
 05/02  04:00:00,0.635391088152,5.96224515379,0.0,5.56703238519,0.0,0.153278688037,0.153278688037,0.153278688037,0.0637395321407,0.0138872200537,0.0739521572983,0.313421490622,0.373625012874
 05/02  05:00:00,0.693102395614,6.40685635789,0.0,5.73958358043,0.0,0.158029589235,0.158029589235,0.158029589235,0.0672806251545,0.0146587321777,0.0862682554934,0.349753193554,0.6431825771
 05/02  06:00:00,0.826276027499,6.62888248599,0.0,5.45414938966,0.0,0.150170648374,0.150170648374,0.150170648374,0.09560931075,0.0208308328125,0.138447814423,0.40410542114,1.1468992388
 05/02  07:00:00,1.01103572595,6.44786071155,0.0,5.13175211715,0.0,0.141293992458,0.141293992458,0.141293992458,0.15934885125,0.0347180546875,0.214170541178,0.42939228638,1.28653303541
 05/02  08:00:00,0.931334714347,5.97382045635,0.0,4.69794269115,0.0,0.129349793992,0.129349793992,0.129349793992,0.12039692841,0.0262314231445,0.275218193109,0.363026375692,1.2508733384
 05/02  09:00:00,0.849246601336,5.12465876241,0.0,3.9627116892,0.0,0.109106469437,0.109106469437,0.109106469437,0.0637395321407,0.0138872200537,0.336436577975,0.30896480173,1.14066628403
 05/02  10:00:00,0.861267437921,5.08502161618,0.0,4.05306138546,0.0,0.111594093354,0.111594093354,0.111594093354,0.0531162865364,0.0115726836817,0.351641232033,0.316231142316,1.01017895261
 05/02  11:00:00,0.847255319403,3.9022614855,0.0,2.98804891396,0.0,0.0822708016827,0.0822708016827,0.0822708016827,0.0531162865364,0.0115726836817,0.366855520645,0.316328026857,0.892424620244
 05/02  12:00:00,0.815818544552,3.21342946167,0.0,2.39059383222,0.0,0.0658209007741,0.0658209007741,0.0658209007741,0.0531162865364,0.0115726836817,0.357197296466,0.310999377094,0.80141470337
 05/02  13:00:00,0.784912530692,2.82557111456,0.0,2.05623631451,0.0,0.0566149400208,0.0566149400208,0.0566149400208,0.0531162865364,0.0115726836817,0.324743059292,0.321753561161,0.747173150362
 05/02  14:00:00,0.766300303792,2.35017497574,0.0,1.63310174176,0.0,0.0449646553295,0.0449646553295,0.0449646553295,0.0531162865364,0.0115726836817,0.299663707888,0.339870970357,0.693663698563
 05/02  15:00:00,0.783329408061,1.9800967773,0.0,1.25484640972,0.0,0.034550043553,0.034550043553,0.034550043553,0.0531162865364,0.0115726836817,0.308214938409,0.358763455881,0.700539560954
 05/02  16:00:00,0.896076082919,1.91889858181,0.0,1.12372086876,0.0,0.0309397266919,0.0309397266919,0.0309397266919,0.056657371191,0.012344197627,0.354668497169,0.42435429024,0.76594915971
 05/02  17:00:00,1.0826253037,1.84048859344,0.0,0.899759235242,0.0,0.0247733272567,0.0247733272567,0.0247733272567,0.070821709809,0.0154302443018,0.438965378865,0.515522643463,0.905221337117
 05/02  18:00:00,1.17904821371,1.93652823936,0.0,0.865005477736,0.0,0.0238164421542,0.0238164421542,0.0238164421542,0.123938004705,0.0270029334473,0.397476839177,0.559701994228,1.03297176787
 05/02  19:00:00,1.24916872065,2.18819307714,0.0,1.09474657685,0.0,0.0301419692615,0.0301419692615,0.0301419692615,0.24787600941,0.0540058486818,0.322310374418,0.577722518882,1.053654294
 05/02  20:00:00,1.46810004412,2.36196212848,0.0,1.34295023174,0.0,0.0369758311749,0.0369758311749,0.0369758311749,0.435553471021,0.094896004004,0.2859788881,0.597583849817,0.977851687374
 05/02  21:00:00,1.61029549406,2.57848110447,0.0,1.65299680939,0.0,0.0455124318923,0.0455124318923,0.0455124318923,0.570114788205,0.124213468359,0.269710329714,0.583632475892,0.885285024457
 05/02  22:00:00,1.34555324556,3.02515849562,0.0,2.25368984134,0.0,0.0620514842058,0.0620514842058,0.0620514842058,0.4461767835,0.0972105349122,0.217943329922,0.505059113019,0.736681337257
 05/02  23:00:00,1.06516814547,3.57971178737,0.0,2.97389777809,0.0,0.0818811744286,0.0818811744286,0.0818811744286,0.31161554991,0.0678930887695,0.147779360955,0.438886971413,0.575584478093
 05/02  24:00:00,0.77486663432,4.14850935504,0.0,3.71847956674,0.0,0.102381956857,0.102381956857,0.102381956857,0.15934885125,0.0347180546875,0.0982793958339,0.363026375692,0.405025361501
 05/03  01:00:00,0.670796586414,4.67663703146,0.0,4.3265354744,0.0,0.119123733324,0.119123733324,0.119123733324,0.09560931075,0.0208308328125,0.0838690425574,0.33425166697,0.327079066414
 05/03  02:00:00,0.625461465375,5.00448630843,0.0,4.67660736143,0.0,0.128762362283,0.128762362283,0.128762362283,0.0637395321407,0.0138872200537,0.0715840655737,0.330376285324,0.305123383784
 05/03  03:00:00,0.625277396899,5.44305438942,0.0,5.11020439204,0.0,0.140700712807,0.140700712807,0.140700712807,0.0637395321407,0.0138872200537,0.064112104549,0.325725827349,0.310414747075
 05/03  04:00:00,0.627268997675,5.66548793459,0.0,5.27204068542,0.0,0.14515659756,0.14515659756,0.14515659756,0.0637395321407,0.0138872200537,0.0739521572983,0.313421490622,0.371859493445
 05/03  05:00:00,0.680513129202,5.94645490161,0.0,5.2823454952,0.0,0.145440322822,0.145440322822,0.145440322822,0.0672806251545,0.0146587321777,0.0862682554934,0.349753193554,0.640019206047
 05/03  06:00:00,0.81950912064,6.37866900948,0.0,5.20837752067,0.0,0.143403741515,0.143403741515,0.143403741515,0.09560931075,0.0208308328125,0.138447814423,0.40410542114,1.14245763127
 05/03  07:00:00,1.00558031789,6.24510966028,0.0,4.93361346019,0.0,0.13583858439,0.13583858439,0.13583858439,0.15934885125,0.0347180546875,0.214170541178,0.42939228638,1.2819206411
 05/03  08:00:00,0.934338561054,6.07855398794,0.0,4.80704143221,0.0,0.132353640699,0.132353640699,0.132353640699,0.12039692841,0.0262314231445,0.275218193109,0.363026375692,1.24650812893
 05/03  09:00:00,0.86233954752,5.59594807255,0.0,4.43824326083,0.0,0.12219941562,0.12219941562,0.12219941562,0.0637395321407,0.0138872200537,0.336436577975,0.30896480173,1.13642402254
 05/03  10:00:00,0.88576285675,5.97043649222,0.0,4.94272707646,0.0,0.136089512182,0.136089512182,0.136089512182,0.0531162865364,0.0115726836817,0.351641232033,0.316231142316,1.00592813765
 05/03  11:00:00,0.906283834839,6.04264402226,0.0,5.13194550712,0.0,0.141299317119,0.141299317119,0.141299317119,0.0531162865364,0.0115726836817,0.366855520645,0.316328026857,0.888910563848
 05/03  12:00:00,0.865101890053,4.99876341385,0.0,4.18054900449,0.0,0.115104246274,0.115104246274,0.115104246274,0.0531162865364,0.0115726836817,0.357197296466,0.310999377094,0.796793483278
 05/03  13:00:00,0.834878068276,4.63547139532,0.0,3.87096848265,0.0,0.106580477604,0.106580477604,0.106580477604,0.0531162865364,0.0115726836817,0.324743059292,0.321753561161,0.742341262976
 05/03  14:00:00,0.828139738421,4.59164467934,0.0,3.87909001102,0.0,0.106804089958,0.106804089958,0.106804089958,0.0531162865364,0.0115726836817,0.299663707888,0.339870970357,0.689145132908
 05/03  15:00:00,0.859401808849,4.73889951593,0.0,4.01777140751,0.0,0.110622444341,0.110622444341,0.110622444341,0.0531162865364,0.0115726836817,0.308214938409,0.358763455881,0.696417301801
 05/03  16:00:00,0.976449919806,4.83342872164,0.0,4.04287263477,0.0,0.111313563579,0.111313563579,0.111313563579,0.056657371191,0.012344197627,0.354668497169,0.42435429024,0.76132753353
 05/03  17:00:00,1.16523331113,4.83523565107,0.0,3.90005535316,0.0,0.107381334694,0.107381334694,0.107381334694,0.070821709809,0.0154302443018,0.438965378865,0.515522643463,0.899672276826
 05/03  18:00:00,1.28345686619,5.7224250755,0.0,4.65709397401,0.0,0.12822509463,0.12822509463,0.12822509463,0.123938004705,0.0270029334473,0.397476839177,0.559701994228,1.02678010774
 05/03  19:00:00,1.33016288115,5.12263960244,0.0,4.03642829593,0.0,0.111136129763,0.111136129763,0.111136129763,0.24787600941,0.0540058486818,0.322310374418,0.577722518882,1.04641910022
 05/03  20:00:00,1.53842336229,4.9093389087,0.0,3.89707040782,0.0,0.107299149344,0.107299149344,0.107299149344,0.435553471021,0.094896004004,0.2859788881,0.597583849817,0.971108291512
 05/03  21:00:00,1.67090473259,4.77372766271,0.0,3.85430475411,0.0,0.106121670421,0.106121670421,0.106121670421,0.570114788205,0.124213468359,0.269710329714,0.583632475892,0.879223637984
 05/03  22:00:00,1.39558182345,4.83678527194,0.0,4.07071161299,0.0,0.112080062095,0.112080062095,0.112080062095,0.4461767835,0.0972105349122,0.217943329922,0.505059113019,0.731286341925
 05/03  23:00:00,1.10446211776,5.00232059686,0.0,4.40104214545,0.0,0.121175146716,0.121175146716,0.121175146716,0.31161554991,0.0678930887695,0.147779360955,0.438886971413,0.571048920218
 05/03  24:00:00,0.80316983843,5.17310731271,0.0,4.74644278788,0.0,0.130685160967,0.130685160967,0.130685160967,0.15934885125,0.0347180546875,0.0982793958339,0.363026375692,0.401660098025
 05/04  01:00:00,0.688619553811,5.32106574011,0.0,4.973859887,0.0,0.136946700721,0.136946700721,0.136946700721,0.09560931075,0.0208308328125,0.0838690425574,0.33425166697,0.324183362471
 05/04  02:00:00,0.63817193559,5.46350171125,0.0,5.13824752957,0.0,0.141472832498,0.141472832498,0.141472832498,0.0637395321407,0.0138872200537,0.0715840655737,0.330376285324,0.30249861846
 05/04  03:00:00,0.628968553341,5.57484662691,0.0,5.24426600046,0.0,0.144391869249,0.144391869249,0.144391869249,0.0637395321407,0.0138872200537,0.064112104549,0.325725827349,0.308145376147
 05/04  04:00:00,0.629746318867,5.75294486303,0.0,5.36201619003,0.0,0.147633918751,0.147633918751,0.147633918751,0.0637395321407,0.0138872200537,0.0739521572983,0.313421490622,0.369340917272
 05/04  05:00:00,0.680388243875,5.93934415374,0.0,5.27780970054,0.0,0.145315437496,0.145315437496,0.145315437496,0.0672806251545,0.0146587321777,0.0862682554934,0.349753193554,0.637444252848
 05/04  06:00:00,0.81615905637,6.25275173465,0.0,5.08670426968,0.0,0.140053677245,0.140053677245,0.140053677245,0.09560931075,0.0208308328125,0.138447814423,0.40410542114,1.13821360745
 05/04  07:00:00,1.00346206173,6.16364525805,0.0,4.85667908152,0.0,0.133720328233,0.133720328233,0.133720328233,0.15934885125,0.0347180546875,0.214170541178,0.42939228638,1.27739061754
 05/04  08:00:00,0.934750573481,6.08919094014,0.0,4.82200559034,0.0,0.132765653126,0.132765653126,0.132765653126,0.12039692841,0.0262314231445,0.275218193109,0.363026375692,1.242180923
 05/04  09:00:00,0.868682230264,5.82252072839,0.0,4.66860744713,0.0,0.128542098365,0.128542098365,0.128542098365,0.0637395321407,0.0138872200537,0.336436577975,0.30896480173,1.13263249208
 05/04  10:00:00,0.890448478299,6.13701022626,0.0,5.112907336,0.0,0.140775133732,0.140775133732,0.140775133732,0.0531162865364,0.0115726836817,0.351641232033,0.316231142316,1.00232161215
 05/04  11:00:00,0.88138366825,5.13444932288,0.0,4.22757950833,0.0,0.11639915053,0.11639915053,0.11639915053,0.0531162865364,0.0115726836817,0.366855520645,0.316328026857,0.885081863251
 05/04  12:00:00,0.852853808158,4.55154765731,0.0,3.73570263063,0.0,0.10285616438,0.10285616438,0.10285616438,0.0531162865364,0.0115726836817,0.357197296466,0.310999377094,0.794424100601
 05/04  13:00:00,0.823536393004,4.22164136764,0.0,3.45904250421,0.0,0.0952388023322,0.0952388023322,0.0952388023322,0.0531162865364,0.0115726836817,0.324743059292,0.321753561161,0.740437213733
 05/04  14:00:00,0.805597689989,3.77067685436,0.0,3.06037010118,0.0,0.0842620415258,0.0842620415258,0.0842620415258,0.0531162865364,0.0115726836817,0.299663707888,0.339870970357,0.686897217765
 05/04  15:00:00,0.8241827091,3.45713364096,0.0,2.73862509311,0.0,0.0754033445924,0.0754033445924,0.0754033445924,0.0531162865364,0.0115726836817,0.308214938409,0.358763455881,0.693797741226
 05/04  16:00:00,0.935373674843,3.33894499152,0.0,2.55099670015,0.0,0.0702373186162,0.0702373186162,0.0702373186162,0.056657371191,0.012344197627,0.354668497169,0.42435429024,0.758719738034
 05/04  17:00:00,1.14049265406,3.93411297257,0.0,3.00148268861,0.0,0.0826406776257,0.0826406776257,0.0826406776257,0.070821709809,0.0154302443018,0.438965378865,0.515522643463,0.897122262876
 05/04  18:00:00,1.22210716965,3.49123582828,0.0,2.42889283385,0.0,0.0668753980927,0.0668753980927,0.0668753980927,0.123938004705,0.0270029334473,0.397476839177,0.559701994228,1.02379200068
 05/04  19:00:00,1.28723589079,3.56154613033,0.0,2.47733388696,0.0,0.068209139403,0.068209139403,0.068209139403,0.24787600941,0.0540058486818,0.322310374418,0.577722518882,1.04442003708
 05/04  20:00:00,1.50748403552,3.78411778453,0.0,2.77336406407,0.0,0.0763598225728,0.0763598225728,0.0763598225728,0.435553471021,0.094896004004,0.2859788881,0.597583849817,0.969593511093
 05/04  21:00:00,1.64806763405,3.94267568808,0.0,3.02486871967,0.0,0.0832845718786,0.0832845718786,0.0832845718786,0.570114788205,0.124213468359,0.269710329714,0.583632475892,0.877607697789
 05/04  22:00:00,1.37727202026,4.17038440476,0.0,3.40570548189,0.0,0.0937702589073,0.0937702589073,0.0937702589073,0.4461767835,0.0972105349122,0.217943329922,0.505059113019,0.729891605841
 05/04  23:00:00,1.09025990854,4.48543736394,0.0,3.88522249888,0.0,0.106972937493,0.106972937493,0.106972937493,0.31161554991,0.0678930887695,0.147779360955,0.438886971413,0.569985333857
 05/04  24:00:00,0.792399571979,4.78114965972,0.0,4.35527019306,0.0,0.119914894516,0.119914894516,0.119914894516,0.15934885125,0.0347180546875,0.0982793958339,0.363026375692,0.40087503987
 05/05  01:00:00,0.680318882273,5.01835688009,0.0,4.67238218085,0.0,0.128646029183,0.128646029183,0.128646029183,0.09560931075,0.0208308328125,0.0838690425574,0.33425166697,0.322952208596
 05/05  02:00:00,0.632803404432,5.267429963,0.0,4.94326421389,0.0,0.13610430134,0.13610430134,0.13610430134,0.0637395321407,0.0138872200537,0.0715840655737,0.330376285324,0.301410185891
 05/05  03:00:00,0.623531205063,5.37659264689,0.0,5.04678326923,0.0,0.138954520971,0.138954520971,0.138954520971,0.0637395321407,0.0138872200537,0.064112104549,0.325725827349,0.307374127358
 05/05  04:00:00,0.622766781192,5.49836040045,0.0,5.1085216386,0.0,0.140654381077,0.140654381077,0.140654381077,0.0637395321407,0.0138872200537,0.0739521572983,0.313421490622,0.368251006128
 05/05  05:00:00,0.673738062667,5.69572215633,0.0,5.03627726945,0.0,0.138665256287,0.138665256287,0.138665256287,0.0672806251545,0.0146587321777,0.0862682554934,0.349753193554,0.635354686526
 05/05  06:00:00,0.808696697174,5.97813118417,0.0,4.81567379672,0.0,0.132591318049,0.132591318049,0.132591318049,0.09560931075,0.0208308328125,0.138447814423,0.40410542114,1.13462352992
 05/05  07:00:00,0.994937601831,5.85002663262,0.0,4.54707345454,0.0,0.125195868336,0.125195868336,0.125195868336,0.15934885125,0.0347180546875,0.214170541178,0.42939228638,1.27337761908
 05/05  08:00:00,0.91331531029,5.30647592847,0.0,4.04348376259,0.0,0.111330389936,0.111330389936,0.111330389936,0.12039692841,0.0262314231445,0.275218193109,0.363026375692,1.23798773909
 05/05  09:00:00,0.84703578586,5.03284619056,0.0,3.88241558597,0.0,0.10689565396,0.10689565396,0.10689565396,0.0637395321407,0.0138872200537,0.336436577975,0.30896480173,1.12914981541
 05/05  10:00:00,0.861125359102,5.06903189714,0.0,4.0479011287,0.0,0.111452014535,0.111452014535,0.111452014535,0.0531162865364,0.0115726836817,0.351641232033,0.316231142316,0.999349490333
 05/05  11:00:00,0.854022898507,4.13828400315,0.0,3.23384519868,0.0,0.0890383807874,0.0890383807874,0.0890383807874,0.0531162865364,0.0115726836817,0.366855520645,0.316328026857,0.882650853182
 05/05  12:00:00,0.829513939964,3.70160041862,0.0,2.88800616504,0.0,0.0795162961863,0.0795162961863,0.0795162961863,0.0531162865364,0.0115726836817,0.357197296466,0.310999377094,0.792173327507
 05/05  13:00:00,0.809479233117,3.70909201019,0.0,2.94849100268,0.0,0.0811816424459,0.0811816424459,0.0811816424459,0.0531162865364,0.0115726836817,0.324743059292,0.321753561161,0.738439357821
 05/05  14:00:00,0.809525594892,3.91188461099,0.0,3.20303033713,0.0,0.088189946429,0.088189946429,0.088189946429,0.0531162865364,0.0115726836817,0.299663707888,0.339870970357,0.685444738444
 05/05  15:00:00,0.834974845348,3.84738107741,0.0,3.13059199189,0.0,0.0861954808406,0.0861954808406,0.0861954808406,0.0531162865364,0.0115726836817,0.308214938409,0.358763455881,0.692078278886
 05/05  16:00:00,0.949012902035,3.8320359508,0.0,3.04636902137,0.0,0.0838765458083,0.0838765458083,0.0838765458083,0.056657371191,0.012344197627,0.354668497169,0.42435429024,0.756438376084
 05/05  17:00:00,1.13920260072,3.88423740169,0.0,2.95462836824,0.0,0.0813506242797,0.0813506242797,0.0813506242797,0.070821709809,0.0154302443018,0.438965378865,0.515522643463,0.894101012376
 05/05  18:00:00,1.23954866134,4.12179815058,0.0,3.06236217206,0.0,0.0843168897806,0.0843168897806,0.0843168897806,0.123938004705,0.0270029334473,0.397476839177,0.559701994228,1.02088498477
 05/05  19:00:00,1.30707249498,4.27868193325,0.0,3.19779293651,0.0,0.0880457435862,0.0880457435862,0.0880457435862,0.24787600941,0.0540058486818,0.322310374418,0.577722518882,1.04109679044
 05/05  20:00:00,1.51962553964,4.22135937943,0.0,3.21433956771,0.0,0.0885013266952,0.0885013266952,0.0885013266952,0.435553471021,0.094896004004,0.2859788881,0.597583849817,0.965859602352
 05/05  21:00:00,1.65512810983,4.19571527177,0.0,3.28130291707,0.0,0.0903450476629,0.0903450476629,0.0903450476629,0.570114788205,0.124213468359,0.269710329714,0.583632475892,0.874213084071
 05/05  22:00:00,1.38370793229,4.40136606201,0.0,3.63945572581,0.0,0.10020617094,0.10020617094,0.10020617094,0.4461767835,0.0972105349122,0.217943329922,0.505059113019,0.727123019168
 05/05  23:00:00,1.09470293054,4.64464223912,0.0,4.04659162139,0.0,0.111415959497,0.111415959497,0.111415959497,0.31161554991,0.0678930887695,0.147779360955,0.438886971413,0.56782108654
 05/05  24:00:00,0.793977486894,4.83686308523,0.0,4.41257955254,0.0,0.121492809431,0.121492809431,0.121492809431,0.15934885125,0.0347180546875,0.0982793958339,0.363026375692,0.399279105888
 05/06  01:00:00,0.684478625319,5.03278675845,0.0,4.68010806508,0.0,0.128858748154,0.128858748154,0.128858748154,0.09560931075,0.0208308328125,0.0878160666328,0.33425166697,0.329656202731
 05/06  02:00:00,0.634646143695,5.24426587339,0.0,4.91535257274,0.0,0.135335802176,0.135335802176,0.135335802176,0.0637395321407,0.0138872200537,0.074195304001,0.330376285324,0.306157737439
 05/06  03:00:00,0.625346299198,5.39785126475,0.0,5.06311586326,0.0,0.139404210934,0.139404210934,0.139404210934,0.0637395321407,0.0138872200537,0.0654775087209,0.325725827349,0.312300151183
 05/06  04:00:00,0.626652808849,5.55392381207,0.0,5.15264539831,0.0,0.141869253118,0.141869253118,0.141869253118,0.0637395321407,0.0138872200537,0.0766233129137,0.313421490622,0.37969065804
 05/06  05:00:00,0.679711415692,5.79824533599,0.0,5.10443696923,0.0,0.140541916712,0.140541916712,0.140541916712,0.0672806251545,0.0146587321777,0.0903649480936,0.349753193554,0.669718166401
 05/06  06:00:00,0.827956911652,6.3713185287,0.0,5.12928339068,0.0,0.141226020309,0.141226020309,0.141226020309,0.09560931075,0.0208308328125,0.149073326641,0.40410542114,1.21420128049
 05/06  07:00:00,1.01661249432,5.9658178909,0.0,4.56572471878,0.0,0.125709398906,0.125709398906,0.125709398906,0.15934885125,0.0347180546875,0.235331903097,0.42939228638,1.37051761312
 05/06  08:00:00,0.952987323904,5.67161685545,0.0,4.3062461892,0.0,0.118565102657,0.118565102657,0.118565102657,0.12039692841,0.0262314231445,0.307655494001,0.363026375692,1.34036623945
 05/06  09:00:00,0.891944936274,5.12272782993,0.0,3.87798792495,0.0,0.106773745908,0.106773745908,0.106773745908,0.0637395321407,0.0138872200537,0.381467636441,0.30896480173,1.2234591158
 05/06  10:00:00,0.905870460688,4.92587152809,0.0,3.823767766,0.0,0.105280886831,0.105280886831,0.105280886831,0.0531162865364,0.0115726836817,0.402557461323,0.316231142316,1.08032248398
 05/06  11:00:00,0.897060315793,3.86215887587,0.0,2.89057550494,0.0,0.0795870385537,0.0795870385537,0.0795870385537,0.0531162865364,0.0115726836817,0.419344280164,0.316328026857,0.949795419632
 05/06  12:00:00,0.862710322774,3.22919889288,0.0,2.35722593308,0.0,0.0649021729047,0.0649021729047,0.0649021729047,0.0531162865364,0.0115726836817,0.405007802557,0.310999377094,0.850552033723
 05/06  13:00:00,0.823300358556,2.67866598551,0.0,1.86736656312,0.0,0.0514147353698,0.0514147353698,0.0514147353698,0.0531162865364,0.0115726836817,0.368331091807,0.321753561161,0.789137772699
 05/06  14:00:00,0.794791875612,2.00120950863,0.0,1.24687828747,0.0,0.034330654974,0.034330654974,0.034330654974,0.0531162865364,0.0115726836817,0.338789280063,0.339870970357,0.730921685746
 05/06  15:00:00,0.803467389338,1.40270696133,0.0,0.640281467187,0.0,0.017629051975,0.017629051975,0.017629051975,0.0531162865364,0.0115726836817,0.345273911264,0.358763455881,0.737714687518
 05/06  16:00:00,0.910575089131,1.18815604108,0.0,0.345792873339,0.0,0.0095208136563,0.0095208136563,0.0095208136563,0.056657371191,0.012344197627,0.390586416417,0.42435429024,0.813134614396
 05/06  17:00:00,1.09524052568,1.07189608881,0.0,0.0739693444745,0.0,0.00203661902635,0.00203661902635,0.00203661902635,0.070821709809,0.0154302443018,0.47431730908,0.515522643463,0.962418723252
 05/06  18:00:00,1.1895420871,1.14794526386,0.0,0.0,0.0,0.0,0.0,0.0,0.123938004705,0.0270029334473,0.431787154716,0.559701994228,1.1093942701
 05/06  19:00:00,1.25410214619,1.21049067571,0.0,0.0301685982187,0.0,0.000830640606148,0.000830640606148,0.000830640606148,0.24787600941,0.0540058486818,0.356555128611,0.577722518882,1.1405298712
 05/06  20:00:00,1.47121550553,1.29268162336,0.0,0.190167003427,0.0,0.00523592226099,0.00523592226099,0.00523592226099,0.435553471021,0.094896004004,0.320834258427,0.597583849817,1.06135441057
 05/06  21:00:00,1.61471718834,1.51551647833,0.0,0.520361766269,0.0,0.0143272686989,0.0143272686989,0.0143272686989,0.570114788205,0.124213468359,0.305317187182,0.583632475892,0.954955441443
 05/06  22:00:00,1.3394469103,1.8299690528,0.0,1.00430941127,0.0,0.027651937027,0.027651937027,0.027651937027,0.4461767835,0.0972105349122,0.246236541847,0.505059113019,0.790872324507
 05/06  23:00:00,1.04700202091,2.38818307057,0.0,1.74988944873,0.0,0.0481802045243,0.0481802045243,0.0481802045243,0.31161554991,0.0678930887695,0.16331420629,0.438886971413,0.60806409064
 05/06  24:00:00,0.754111894052,3.16624962272,0.0,2.7259200678,0.0,0.0750535335122,0.0750535335122,0.0750535335122,0.15934885125,0.0347180546875,0.104853078911,0.363026375692,0.415325128125
 05/07  01:00:00,0.643692495473,3.55276861894,0.0,3.19876901772,0.0,0.088072618308,0.088072618308,0.088072618308,0.09560931075,0.0208308328125,0.0878160666328,0.33425166697,0.330977110579
 05/07  02:00:00,0.597412265602,3.89302240878,0.0,3.56303016036,0.0,0.0981019240825,0.0981019240825,0.0981019240825,0.0637395321407,0.0138872200537,0.074195304001,0.330376285324,0.3072366852
 05/07  03:00:00,0.597924914049,4.40250378668,0.0,4.06718002166,0.0,0.111982825785,0.111982825785,0.111982825785,0.0637395321407,0.0138872200537,0.0654775087209,0.325725827349,0.312888514725
 05/07  04:00:00,0.602514345861,4.67714360708,0.0,4.27594422802,0.0,0.11773079013,0.11773079013,0.11773079013,0.0637395321407,0.0138872200537,0.0766233129137,0.313421490622,0.379611623344
 05/07  05:00:00,0.660652527568,5.10505287174,0.0,4.41222431546,0.0,0.121483028588,0.121483028588,0.121483028588,0.0672806251545,0.0146587321777,0.0903649480936,0.349753193554,0.668738355918
 05/07  06:00:00,0.804101473375,5.50233587892,0.0,4.26286158636,0.0,0.117370582032,0.117370582032,0.117370582032,0.09560931075,0.0208308328125,0.149073326641,0.40410542114,1.21164043503
 05/07  07:00:00,0.995305907374,5.18845907402,0.0,3.79187637059,0.0,0.104402811959,0.104402811959,0.104402811959,0.15934885125,0.0347180546875,0.235331903097,0.42939228638,1.36700714443
 05/07  08:00:00,0.92829584161,4.77115102468,0.0,3.40945953654,0.0,0.093873620363,0.093873620363,0.093873620363,0.12039692841,0.0262314231445,0.307655494001,0.363026375692,1.33668706135
 05/07  09:00:00,0.860833754481,3.98939520139,0.0,2.74803986238,0.0,0.0756625641157,0.0756625641157,0.0756625641157,0.0637395321407,0.0138872200537,0.381467636441,0.30896480173,1.22007454983
 05/07  10:00:00,0.865737729977,3.46570771686,0.0,2.36615996394,0.0,0.0651481561205,0.0651481561205,0.0651481561205,0.0531162865364,0.0115726836817,0.402557461323,0.316231142316,1.07776647482
 05/07  11:00:00,0.86146162984,2.56760396831,0.0,1.59764274237,0.0,0.0439883526013,0.0439883526013,0.0439883526013,0.0531162865364,0.0115726836817,0.419344280164,0.316328026857,0.948173274646
 05/07  12:00:00,0.826103698773,1.89840420871,0.0,1.02768518652,0.0,0.028295548904,0.028295548904,0.028295548904,0.0531162865364,0.0115726836817,0.405007802557,0.310999377094,0.849298096105
 05/07  13:00:00,0.789406958168,1.44635439336,0.0,0.636369220837,0.0,0.0175213349821,0.0175213349821,0.0175213349821,0.0531162865364,0.0115726836817,0.368331091807,0.321753561161,0.787823522837
 05/07  14:00:00,0.768208858361,1.03470769574,0.0,0.281391696797,0.0,0.00774763772245,0.00774763772245,0.00774763772245,0.0531162865364,0.0115726836817,0.338789280063,0.339870970357,0.729906463529
 05/07  15:00:00,0.787891339989,0.836265728408,0.0,0.0745643915234,0.0,0.00205300262621,0.00205300262621,0.00205300262621,0.0531162865364,0.0115726836817,0.345273911264,0.358763455881,0.736990530258
 05/07  16:00:00,0.90304379262,0.913894530807,0.0,0.0722586194012,0.0,0.00198951714573,0.00198951714573,0.00198951714573,0.056657371191,0.012344197627,0.390586416417,0.42435429024,0.812407358064
 05/07  17:00:00,1.10233200366,1.32817233143,0.0,0.331529531424,0.0,0.00912809700144,0.00912809700144,0.00912809700144,0.070821709809,0.0154302443018,0.47431730908,0.515522643463,0.961134778922
 05/07  18:00:00,1.19448249215,1.32509438528,0.0,0.179433913997,0.0,0.00494040505313,0.00494040505313,0.00494040505313,0.123938004705,0.0270029334473,0.431787154716,0.559701994228,1.10710947752
 05/07  19:00:00,1.26219380622,1.50171845012,0.0,0.324055074023,0.0,0.00892230063724,0.00892230063724,0.00892230063724,0.24787600941,0.0540058486818,0.356555128611,0.577722518882,1.1378711698
 05/07  20:00:00,1.48345871478,1.73458666541,0.0,0.634836404228,0.0,0.0174791315059,0.0174791315059,0.0174791315059,0.435553471021,0.094896004004,0.320834258427,0.597583849817,1.05859005182
 05/07  21:00:00,1.62914590266,2.03679760302,0.0,1.04440800494,0.0,0.0287559830259,0.0287559830259,0.0287559830259,0.570114788205,0.124213468359,0.305317187182,0.583632475892,0.952190327457
 05/07  22:00:00,1.35643001993,2.44442646721,0.0,1.62113046128,0.0,0.0446350466548,0.0446350466548,0.0446350466548,0.4461767835,0.0972105349122,0.246236541847,0.505059113019,0.788508688906
 05/07  23:00:00,1.06503652975,3.04133776648,0.0,2.40489697819,0.0,0.0662147133653,0.0662147133653,0.0662147133653,0.31161554991,0.0678930887695,0.16331420629,0.438886971413,0.606211257098
 05/07  24:00:00,0.768177178054,3.67556245211,0.0,3.23676663458,0.0,0.0891188175139,0.0891188175139,0.0891188175139,0.15934885125,0.0347180546875,0.104853078911,0.363026375692,0.413791390734
 05/08  01:00:00,0.658124335097,4.21121161899,0.0,3.86628340429,0.0,0.106451482008,0.106451482008,0.106451482008,0.09560931075,0.0208308328125,0.0838690425574,0.33425166697,0.321905724064
 05/08  02:00:00,0.623299605096,4.92142456168,0.0,4.59808929513,0.0,0.126600502004,0.126600502004,0.126600502004,0.0637395321407,0.0138872200537,0.0715840655737,0.330376285324,0.300579703332
 05/08  03:00:00,0.628779815185,5.56573198431,0.0,5.23741109167,0.0,0.144203131093,0.144203131093,0.144203131093,0.0637395321407,0.0138872200537,0.064112104549,0.325725827349,0.305885642339
 05/08  04:00:00,0.636605154816,5.99874004247,0.0,5.61112689384,0.0,0.154492754701,0.154492754701,0.154492754701,0.0637395321407,0.0138872200537,0.0739521572983,0.313421490622,0.366025392905
 05/08  05:00:00,0.699291421569,6.61874847116,0.0,5.96436700182,0.0,0.164218615189,0.164218615189,0.164218615189,0.0672806251545,0.0146587321777,0.0862682554934,0.349753193554,0.630291268984
 05/08  06:00:00,0.835482545951,6.94135218096,0.0,5.78852716281,0.0,0.159377166826,0.159377166826,0.159377166826,0.09560931075,0.0208308328125,0.138447814423,0.40410542114,1.12499116063
 05/08  07:00:00,1.01401781213,6.53111227049,0.0,5.24006052285,0.0,0.144276078636,0.144276078636,0.144276078636,0.15934885125,0.0347180546875,0.214170541178,0.42939228638,1.26147618865
 05/08  08:00:00,0.92781042564,5.82126751975,0.0,4.56994166493,0.0,0.125825505285,0.125825505285,0.125825505285,0.12039692841,0.0262314231445,0.275218193109,0.363026375692,1.22632142803
 05/08  09:00:00,0.844487745331,4.92947822121,0.0,3.7898715779,0.0,0.104347613431,0.104347613431,0.104347613431,0.0637395321407,0.0138872200537,0.336436577975,0.30896480173,1.11832585413
 05/08  10:00:00,0.846384718973,4.52436910713,0.0,3.51252584574,0.0,0.0967113744053,0.0967113744053,0.0967113744053,0.0531162865364,0.0115726836817,0.351641232033,0.316231142316,0.990061983283
 05/08  11:00:00,0.836228537479,3.48432740017,0.0,2.58755976012,0.0,0.0712440197589,0.0712440197589,0.0712440197589,0.0531162865364,0.0115726836817,0.366855520645,0.316328026857,0.874979688751
 05/08  12:00:00,0.803561226388,2.75264891699,0.0,1.94541200002,0.0,0.0535635826096,0.0535635826096,0.0535635826096,0.0531162865364,0.0115726836817,0.357197296466,0.310999377094,0.785815990894
 05/08  13:00:00,0.767204558391,2.16806217733,0.0,1.41308848658,0.0,0.0389069677193,0.0389069677193,0.0389069677193,0.0531162865364,0.0115726836817,0.324743059292,0.321753561161,0.732812041059
 05/08  14:00:00,0.746279530369,1.60937111826,0.0,0.905953724956,0.0,0.0249438819061,0.0249438819061,0.0249438819061,0.0531162865364,0.0115726836817,0.299663707888,0.339870970357,0.680007857891
 05/08  15:00:00,0.761823376538,1.1855056985,0.0,0.473754299004,0.0,0.0130440120299,0.0130440120299,0.0130440120299,0.0531162865364,0.0115726836817,0.308214938409,0.358763455881,0.687040592866
 05/08  16:00:00,0.87541726911,1.15444902748,0.0,0.373399431478,0.0,0.0102809128833,0.0102809128833,0.0102809128833,0.056657371191,0.012344197627,0.354668497169,0.42435429024,0.751821042662
 05/08  17:00:00,1.07268588033,1.46281054946,0.0,0.538762592692,0.0,0.014833903893,0.014833903893,0.014833903893,0.070821709809,0.0154302443018,0.438965378865,0.515522643463,0.888539935687
 05/08  18:00:00,1.16376595072,1.36249941287,0.0,0.309958627574,0.0,0.00853417916279,0.00853417916279,0.00853417916279,0.123938004705,0.0270029334473,0.397476839177,0.559701994228,1.01398979154
 05/08  19:00:00,1.23159004996,1.53053824041,0.0,0.45629494162,0.0,0.012563298571,0.012563298571,0.012563298571,0.24787600941,0.0540058486818,0.322310374418,0.577722518882,1.0344510925
 05/08  20:00:00,1.45215215554,1.76526723096,0.0,0.763728075626,0.0,0.0210279426002,0.0210279426002,0.0210279426002,0.435553471021,0.094896004004,0.2859788881,0.597583849817,0.960378945967
 05/08  21:00:00,1.59649488324,2.06154240385,0.0,1.15176308692,0.0,0.0317118210705,0.0317118210705,0.0317118210705,0.570114788205,0.124213468359,0.269710329714,0.583632475892,0.869580046308
 05/08  22:00:00,1.33388142298,2.58829238382,0.0,1.82977301959,0.0,0.05037966163,0.05037966163,0.05037966163,0.4461767835,0.0972105349122,0.217943329922,0.505059113019,0.723732047202
 05/08  23:00:00,1.05648729204,3.25442164659,0.0,2.65861198838,0.0,0.0732003209938,0.0732003209938,0.0732003209938,0.31161554991,0.0678930887695,0.147779360955,0.438886971413,0.565580127009
 05/08  24:00:00,0.767995921979,3.8919276693,0.0,3.46893751625,0.0,0.0955112445165,0.0955112445165,0.0955112445165,0.15934885125,0.0347180546875,0.0982793958339,0.363026375692,0.397985726251
 05/09  01:00:00,0.663448172021,4.40405502721,0.0,4.05964343984,0.0,0.111775318931,0.111775318931,0.111775318931,0.09560931075,0.0208308328125,0.0838690425574,0.33425166697,0.321389096728
 05/09  02:00:00,0.623235866566,4.91842149116,0.0,4.59577433234,0.0,0.126536763474,0.126536763474,0.126536763474,0.0637395321407,0.0138872200537,0.0715840655737,0.330376285324,0.299891595601
 05/09  03:00:00,0.620667361849,5.27037944133,0.0,4.94276940973,0.0,0.136090677757,0.136090677757,0.136090677757,0.0637395321407,0.0138872200537,0.064112104549,0.325725827349,0.305174781293
 05/09  04:00:00,0.633339862793,5.87947128449,0.0,5.49253254343,0.0,0.151227462678,0.151227462678,0.151227462678,0.0637395321407,0.0138872200537,0.0739521572983,0.313421490622,0.365350985332
 05/09  05:00:00,0.688092426046,6.21062738168,0.0,5.55762310573,0.0,0.153019619666,0.153019619666,0.153019619666,0.0672806251545,0.0146587321777,0.0862682554934,0.349753193554,0.628914075596
 05/09  06:00:00,0.826958291425,6.6281349458,0.0,5.47892899484,0.0,0.1508529123,0.1508529123,0.1508529123,0.09560931075,0.0208308328125,0.138447814423,0.40410542114,1.12137209343
 05/09  07:00:00,1.00669989786,6.26182003424,0.0,4.97427624289,0.0,0.136958164367,0.136958164367,0.136958164367,0.15934885125,0.0347180546875,0.214170541178,0.42939228638,1.25796823235
 05/09  08:00:00,0.925589595711,5.73733910187,0.0,4.48928184004,0.0,0.123604675356,0.123604675356,0.123604675356,0.12039692841,0.0262314231445,0.275218193109,0.363026375692,1.22305283503
 05/09  09:00:00,0.841202425593,4.80688565096,0.0,3.67054982736,0.0,0.101062293693,0.101062293693,0.101062293693,0.0637395321407,0.0138872200537,0.336436577975,0.30896480173,1.11505503442
 05/09  10:00:00,0.834863522918,4.10285631965,0.0,3.09407973054,0.0,0.0851901783508,0.0851901783508,0.0851901783508,0.0531162865364,0.0115726836817,0.351641232033,0.316231142316,0.986995311001
 05/09  11:00:00,0.825284815286,3.0843200033,0.0,2.19008730886,0.0,0.0603002975663,0.0603002975663,0.0603002975663,0.0531162865364,0.0115726836817,0.366855520645,0.316328026857,0.872444743151
 05/09  12:00:00,0.789972875276,2.2568313924,0.0,1.45188748159,0.0,0.0399752314982,0.0399752314982,0.0399752314982,0.0531162865364,0.0115726836817,0.357197296466,0.310999377094,0.783522984725
 05/09  13:00:00,0.751955617357,1.61217730257,0.0,0.859251879146,0.0,0.0236580266857,0.0236580266857,0.0236580266857,0.0531162865364,0.0115726836817,0.324743059292,0.321753561161,0.730763773738
 05/09  14:00:00,0.728585059723,0.965091819817,0.0,0.263296272788,0.0,0.00724941125999,0.00724941125999,0.00724941125999,0.0531162865364,0.0115726836817,0.299663707888,0.339870970357,0.678386011613
 05/09  15:00:00,0.748779364508,0.710158455459,0.0,0.0,0.0,0.0,0.0,0.0,0.0531162865364,0.0115726836817,0.308214938409,0.358763455881,0.685447648833
 05/09  16:00:00,0.865136356227,0.778819905944,0.0,0.0,0.0,0.0,0.0,0.0,0.056657371191,0.012344197627,0.354668497169,0.42435429024,0.749591352603
 05/09  17:00:00,1.05785197644,0.921081502556,0.0,0.0,0.0,0.0,0.0,0.0,0.070821709809,0.0154302443018,0.438965378865,0.515522643463,0.885573481477
 05/09  18:00:00,1.15523177156,1.04911390254,0.0,0.0,0.0,0.0,0.0,0.0,0.123938004705,0.0270029334473,0.397476839177,0.559701994228,1.01056290879
 05/09  19:00:00,1.21902675139,1.07039332614,0.0,0.0,0.0,0.0,0.0,0.0,0.24787600941,0.0540058486818,0.322310374418,0.577722518882,1.03060111984
 05/09  20:00:00,1.43112421294,0.997757008603,0.0,0.0,0.0,0.0,0.0,0.0,0.435553471021,0.094896004004,0.2859788881,0.597583849817,0.956596799241
 05/09  21:00:00,1.56478306217,0.906502246313,0.0,0.0,0.0,0.0,0.0,0.0,0.570114788205,0.124213468359,0.269710329714,0.583632475892,0.86630297569
 05/09  22:00:00,1.28350176135,0.756081902549,0.0,0.0,0.0,0.0,0.0,0.0,0.4461767835,0.0972105349122,0.217943329922,0.505059113019,0.721294585524
 05/09  23:00:00,0.983286971046,0.594674287724,0.0,0.0,0.0,0.0,0.0,0.0,0.31161554991,0.0678930887695,0.147779360955,0.438886971413,0.564444756528
 05/09  24:00:00,0.686508198387,0.932772844914,0.0,0.509329745312,0.0,0.0140235209242,0.0140235209242,0.0140235209242,0.15934885125,0.0347180546875,0.0982793958339,0.363026375692,0.398438672805
 05/10  01:00:00,0.58333470956,1.49547274655,0.0,1.14994838879,0.0,0.03166185647,0.03166185647,0.03166185647,0.09560931075,0.0208308328125,0.0838690425574,0.33425166697,0.32250186712
 05/10  02:00:00,0.542893767945,2.00183619805,0.0,1.67777528992,0.0,0.046194664853,0.046194664853,0.046194664853,0.0637395321407,0.0138872200537,0.0715840655737,0.330376285324,0.301305344916
 05/10  03:00:00,0.541323487224,2.38979636427,0.0,2.06102554005,0.0,0.0567468031316,0.0567468031316,0.0567468031316,0.0637395321407,0.0138872200537,0.064112104549,0.325725827349,0.306335573916
 05/10  04:00:00,0.550549077017,2.87364135825,0.0,2.48559797534,0.0,0.0684366769019,0.0684366769019,0.0684366769019,0.0637395321407,0.0138872200537,0.0739521572983,0.313421490622,0.366455627186
 05/10  05:00:00,0.608901538511,3.33467009413,0.0,2.68143567769,0.0,0.0738287321313,0.0738287321313,0.0738287321313,0.0672806251545,0.0146587321777,0.0862682554934,0.349753193554,0.629144216081
 05/10  06:00:00,0.745336827625,3.66287578582,0.0,2.5144638228,0.0,0.0692314485004,0.0692314485004,0.0692314485004,0.09560931075,0.0208308328125,0.138447814423,0.40410542114,1.12057810549
 05/10  07:00:00,0.931649351429,3.53451311294,0.0,2.24846466485,0.0,0.0619076179334,0.0619076179334,0.0619076179334,0.15934885125,0.0347180546875,0.214170541178,0.42939228638,1.2564728891
 05/10  08:00:00,0.854567325191,3.1562600709,0.0,1.90977594057,0.0,0.0525824048363,0.0525824048363,0.0525824048363,0.12039692841,0.0262314231445,0.275218193109,0.363026375692,1.22147970353
 05/10  09:00:00,0.778806276721,2.53954058771,0.0,1.40434187679,0.0,0.0386661448213,0.0386661448213,0.0386661448213,0.0637395321407,0.0138872200537,0.336436577975,0.30896480173,1.11391792174
 05/10  10:00:00,0.76946867609,1.72696154722,0.0,0.718960039874,0.0,0.0197953315228,0.0197953315228,0.0197953315228,0.0531162865364,0.0115726836817,0.351641232033,0.316231142316,0.986220229237
 05/10  11:00:00,0.773602551252,1.20705526885,0.0,0.313004191164,0.0,0.00861803353244,0.00861803353244,0.00861803353244,0.0531162865364,0.0115726836817,0.366855520645,0.316328026857,0.872263126395
 05/10  12:00:00,0.749997643778,0.804717474956,0.0,0.0,0.0,0.0,0.0,0.0,0.0531162865364,0.0115726836817,0.357197296466,0.310999377094,0.783296548878
 05/10  13:00:00,0.728297590671,0.752234503864,0.0,0.0,0.0,0.0,0.0,0.0,0.0531162865364,0.0115726836817,0.324743059292,0.321753561161,0.730072854173
 05/10  14:00:00,0.721335648463,0.700633011421,0.0,0.0,0.0,0.0,0.0,0.0,0.0531162865364,0.0115726836817,0.299663707888,0.339870970357,0.677223476005
 05/10  15:00:00,0.748779364508,0.708410405231,0.0,0.0,0.0,0.0,0.0,0.0,0.0531162865364,0.0115726836817,0.308214938409,0.358763455881,0.683699598605
 05/10  16:00:00,0.865136356227,0.776354104219,0.0,0.0,0.0,0.0,0.0,0.0,0.056657371191,0.012344197627,0.354668497169,0.42435429024,0.747125550878
 05/10  17:00:00,1.05785197644,0.917953751688,0.0,0.0,0.0,0.0,0.0,0.0,0.070821709809,0.0154302443018,0.438965378865,0.515522643463,0.882445730609
 05/10  18:00:00,1.15523177156,1.04550339431,0.0,0.0,0.0,0.0,0.0,0.0,0.123938004705,0.0270029334473,0.397476839177,0.559701994228,1.00695240055
 05/10  19:00:00,1.21902675139,1.06667739503,0.0,0.0,0.0,0.0,0.0,0.0,0.24787600941,0.0540058486818,0.322310374418,0.577722518882,1.02688518873
 05/10  20:00:00,1.43112421294,0.994322713292,0.0,0.0,0.0,0.0,0.0,0.0,0.435553471021,0.094896004004,0.2859788881,0.597583849817,0.953162503929
 05/10  21:00:00,1.56478306217,0.903319902945,0.0,0.0,0.0,0.0,0.0,0.0,0.570114788205,0.124213468359,0.269710329714,0.583632475892,0.863120632323
 05/10  22:00:00,1.28350176135,0.753398385781,0.0,0.0,0.0,0.0,0.0,0.0,0.4461767835,0.0972105349122,0.217943329922,0.505059113019,0.718611068756
 05/10  23:00:00,0.983286971046,0.592718274459,0.0,0.0,0.0,0.0,0.0,0.0,0.31161554991,0.0678930887695,0.147779360955,0.438886971413,0.562488743263
 05/10  24:00:00,0.672484677463,0.422159561515,0.0,0.0,0.0,0.0,0.0,0.0,0.15934885125,0.0347180546875,0.0982793958339,0.363026375692,0.397155134719
 05/11  01:00:00,0.55969058986,0.636350742763,0.0,0.291201606859,0.0,0.00801773676983,0.00801773676983,0.00801773676983,0.09560931075,0.0208308328125,0.0838690425574,0.33425166697,0.322126645259
 05/11  02:00:00,0.521822121578,1.23654592494,0.0,0.912459907606,0.0,0.0251230184858,0.0251230184858,0.0251230184858,0.0637395321407,0.0138872200537,0.0715840655737,0.330376285324,0.301330454114
 05/11  03:00:00,0.524879192108,1.79308709775,0.0,1.46377405889,0.0,0.040302508016,0.040302508016,0.040302508016,0.0637395321407,0.0138872200537,0.064112104549,0.325725827349,0.306877788559
 05/11  04:00:00,0.537769839991,2.40944346208,0.0,2.02146021885,0.0,0.0556574398757,0.0556574398757,0.0556574398757,0.0637395321407,0.0138872200537,0.0739521572983,0.313421490622,0.366395487507
 05/11  05:00:00,0.603841119478,3.14987228209,0.0,2.49764289475,0.0,0.0687683130981,0.0687683130981,0.0687683130981,0.0672806251545,0.0146587321777,0.0862682554934,0.349753193554,0.628139186981
 05/11  06:00:00,0.742954997438,3.57387589076,0.0,2.42795652059,0.0,0.0668496183132,0.0668496183132,0.0668496183132,0.09560931075,0.0208308328125,0.138447814423,0.40410542114,1.11808551264
 05/11  07:00:00,0.932345312312,3.55650080247,0.0,2.27374173907,0.0,0.0626035788165,0.0626035788165,0.0626035788165,0.15934885125,0.0347180546875,0.214170541178,0.42939228638,1.2531835044
 05/11  08:00:00,0.852956294396,3.09426328677,0.0,1.85126382305,0.0,0.0509713740416,0.0509713740416,0.0509713740416,0.12039692841,0.0262314231445,0.275218193109,0.363026375692,1.21799503693
 05/11  09:00:00,0.777210972549,2.47835302986,0.0,1.34640094516,0.0,0.0370708406501,0.0370708406501,0.0370708406501,0.0637395321407,0.0138872200537,0.336436577975,0.30896480173,1.11067129553
 05/11  10:00:00,0.767893496602,1.66690053164,0.0,0.66175003022,0.0,0.0182201520348,0.0182201520348,0.0182201520348,0.0531162865364,0.0115726836817,0.351641232033,0.316231142316,0.983369223317
 05/11  11:00:00,0.76498451772,0.89120892296,0.0,0.0,0.0,0.0,0.0,0.0,0.0531162865364,0.0115726836817,0.366855520645,0.316328026857,0.869420971668
 05/11  12:00:00,0.749997643778,0.802404463211,0.0,0.0,0.0,0.0,0.0,0.0,0.0531162865364,0.0115726836817,0.357197296466,0.310999377094,0.780983537133
 05/11  13:00:00,0.728297590671,0.750109982354,0.0,0.0,0.0,0.0,0.0,0.0,0.0531162865364,0.0115726836817,0.324743059292,0.321753561161,0.727948332663
 05/11  14:00:00,0.721335648463,0.698463788984,0.0,0.0,0.0,0.0,0.0,0.0,0.0531162865364,0.0115726836817,0.299663707888,0.339870970357,0.675054253568
 05/11  15:00:00,0.748779364508,0.706303284556,0.0,0.0,0.0,0.0,0.0,0.0,0.0531162865364,0.0115726836817,0.308214938409,0.358763455881,0.68159247793
 05/11  16:00:00,0.865136356227,0.773912006439,0.0,0.0,0.0,0.0,0.0,0.0,0.056657371191,0.012344197627,0.354668497169,0.42435429024,0.744683453097
 05/11  17:00:00,1.05785197644,0.915058923536,0.0,0.0,0.0,0.0,0.0,0.0,0.070821709809,0.0154302443018,0.438965378865,0.515522643463,0.879550902457
 05/11  18:00:00,1.15523177156,1.04226206032,0.0,0.0,0.0,0.0,0.0,0.0,0.123938004705,0.0270029334473,0.397476839177,0.559701994228,1.00371106657
 05/11  19:00:00,1.21902675139,1.06335604714,0.0,0.0,0.0,0.0,0.0,0.0,0.24787600941,0.0540058486818,0.322310374418,0.577722518882,1.02356384085
 05/11  20:00:00,1.43112421294,0.991047826588,0.0,0.0,0.0,0.0,0.0,0.0,0.435553471021,0.094896004004,0.2859788881,0.597583849817,0.949887617225
 05/11  21:00:00,1.56478306217,0.900234963284,0.0,0.0,0.0,0.0,0.0,0.0,0.570114788205,0.124213468359,0.269710329714,0.583632475892,0.860035692661
 05/11  22:00:00,1.28350176135,0.750525657172,0.0,0.0,0.0,0.0,0.0,0.0,0.4461767835,0.0972105349122,0.217943329922,0.505059113019,0.715738340147
 05/11  23:00:00,0.983286971046,0.589935822791,0.0,0.0,0.0,0.0,0.0,0.0,0.31161554991,0.0678930887695,0.147779360955,0.438886971413,0.559706291596
 05/11  24:00:00,0.672484677463,0.419687394704,0.0,0.0,0.0,0.0,0.0,0.0,0.15934885125,0.0347180546875,0.0982793958339,0.363026375692,0.394682967907
 05/12  01:00:00,0.55167285309,0.342668706281,0.0,0.0,0.0,0.0,0.0,0.0,0.09560931075,0.0208308328125,0.0838690425574,0.33425166697,0.319646215636
 05/12  02:00:00,0.496699103092,0.322103415939,0.0,0.0,0.0,0.0,0.0,0.0,0.0637395321407,0.0138872200537,0.0715840655737,0.330376285324,0.299347852722
 05/12  03:00:00,0.484576684092,0.327942980121,0.0,0.0,0.0,0.0,0.0,0.0,0.0637395321407,0.0138872200537,0.064112104549,0.325725827349,0.305507729816
 05/12  04:00:00,0.482112400115,0.386896603509,0.0,0.0,0.0,0.0,0.0,0.0,0.0637395321407,0.0138872200537,0.0739521572983,0.313421490622,0.365308847788
 05/12  05:00:00,0.53977698668,0.821985448255,0.0,0.170854307352,0.0,0.00470418030011,0.00470418030011,0.00470418030011,0.0672806251545,0.0146587321777,0.0862682554934,0.349753193554,0.627040940546
 05/12  06:00:00,0.682300953344,1.36862094823,0.0,0.225021252246,0.0,0.00619557421948,0.00619557421948,0.00619557421948,0.09560931075,0.0208308328125,0.138447814423,0.40410542114,1.11576583845
 05/12  07:00:00,0.876914302141,1.54120857949,0.0,0.260505373903,0.0,0.0071725686462,0.0071725686462,0.0071725686462,0.15934885125,0.0347180546875,0.214170541178,0.42939228638,1.25112764659
 05/12  08:00:00,0.812021109109,1.60586692237,0.0,0.364511130266,0.0,0.0100361887548,0.0100361887548,0.0100361887548,0.12039692841,0.0262314231445,0.275218193109,0.363026375692,1.21635136531
 05/12  09:00:00,0.752603901207,1.58329572149,0.0,0.452680070968,0.0,0.0124637693079,0.0124637693079,0.0124637693079,0.0637395321407,0.0138872200537,0.336436577975,0.30896480173,1.10933486134
 05/12  10:00:00,0.766280150908,1.60713106031,0.0,0.603153836319,0.0,0.0166068063411,0.0166068063411,0.0166068063411,0.0531162865364,0.0115726836817,0.351641232033,0.316231142316,0.982195945887
 05/12  11:00:00,0.787460110769,1.70681542252,0.0,0.816306271801,0.0,0.0224755930486,0.0224755930486,0.0224755930486,0.0531162865364,0.0115726836817,0.366855520645,0.316328026857,0.868721199427
 05/12  12:00:00,0.775637908315,1.73271494586,0.0,0.931246116909,0.0,0.0256402645365,0.0256402645365,0.0256402645365,0.0531162865364,0.0115726836817,0.357197296466,0.310999377094,0.780047902876
 05/12  13:00:00,0.761116835284,1.94124726049,0.0,1.19198435187,0.0,0.0328192446125,0.0328192446125,0.0328192446125,0.0531162865364,0.0115726836817,0.324743059292,0.321753561161,0.727101258927
 05/12  14:00:00,0.754103241929,1.88819794152,0.0,1.19010839895,0.0,0.0327675934666,0.0327675934666,0.0327675934666,0.0531162865364,0.0115726836817,0.299663707888,0.339870970357,0.674680007157
 05/12  15:00:00,0.770841633939,1.50651983954,0.0,0.801294491676,0.0,0.0220622694314,0.0220622694314,0.0220622694314,0.0531162865364,0.0115726836817,0.308214938409,0.358763455881,0.680514541241
 05/12  16:00:00,0.882807461871,1.41461405853,0.0,0.641808842861,0.0,0.0176711056444,0.0176711056444,0.0176711056444,0.056657371191,0.012344197627,0.354668497169,0.42435429024,0.743576662333
 05/12  17:00:00,1.0754720288,1.5537926149,0.0,0.639954604248,0.0,0.0176200523646,0.0176200523646,0.0176200523646,0.070821709809,0.0154302443018,0.438965378865,0.515522643463,0.878329989578
 05/12  18:00:00,1.16726583152,1.47811684838,0.0,0.437073166653,0.0,0.0120340599668,0.0120340599668,0.0120340599668,0.123938004705,0.0270029334473,0.397476839177,0.559701994228,1.00249268797
 05/12  19:00:00,1.23441617246,1.62156344198,0.0,0.558938796821,0.0,0.0153894210671,0.0153894210671,0.0153894210671,0.24787600941,0.0540058486818,0.322310374418,0.577722518882,1.02283243886
 05/12  20:00:00,1.45234283959,1.76150286851,0.0,0.770653658727,0.0,0.0212186266519,0.0212186266519,0.0212186266519,0.435553471021,0.094896004004,0.2859788881,0.597583849817,0.949689000425
 05/12  21:00:00,1.59642514598,2.04950407843,0.0,1.14923025212,0.0,0.0316420838087,0.0316420838087,0.0316420838087,0.570114788205,0.124213468359,0.269710329714,0.583632475892,0.860074555683
 05/12  22:00:00,1.3294838083,2.42092773023,0.0,1.67005307647,0.0,0.045982046951,0.045982046951,0.045982046951,0.4461767835,0.0972105349122,0.217943329922,0.505059113019,0.716087336738
 05/12  23:00:00,1.04908827319,2.98029088568,0.0,2.38988201615,0.0,0.0658013021396,0.0658013021396,0.0658013021396,0.31161554991,0.0678930887695,0.147779360955,0.438886971413,0.560179338335
 05/12  24:00:00,0.75644678737,3.4692431363,0.0,3.04947668177,0.0,0.0839621099071,0.0839621099071,0.0839621099071,0.15934885125,0.0347180546875,0.0982793958339,0.363026375692,0.394762027725
 05/13  01:00:00,0.660069772072,4.14345146425,0.0,3.79358640803,0.0,0.104449894907,0.104449894907,0.104449894907,0.09560931075,0.0208308328125,0.0878160666328,0.33425166697,0.326842565572
 05/13  02:00:00,0.61974697005,4.70055203818,0.0,4.37421940376,0.0,0.120436628531,0.120436628531,0.120436628531,0.0637395321407,0.0138872200537,0.074195304001,0.330376285324,0.303577071205
 05/13  03:00:00,0.62133513014,5.24933569916,0.0,4.91743150014,0.0,0.135393041876,0.135393041876,0.135393041876,0.0637395321407,0.0138872200537,0.0654775087209,0.325725827349,0.30946894871
 05/13  04:00:00,0.630395648563,5.68509708859,0.0,5.28858412645,0.0,0.145612092833,0.145612092833,0.145612092833,0.0637395321407,0.0138872200537,0.0766233129137,0.313421490622,0.374925206423
 05/13  05:00:00,0.688803342689,6.11705350352,0.0,5.43465281781,0.0,0.149633843709,0.149633843709,0.149633843709,0.0672806251545,0.0146587321777,0.0903649480936,0.349753193554,0.658310485354
 05/13  06:00:00,0.844170983434,6.93673723005,0.0,5.71817323481,0.0,0.157440092091,0.157440092091,0.157440092091,0.09560931075,0.0208308328125,0.149073326641,0.40410542114,1.19073013771
 05/13  07:00:00,1.02639146917,6.29307475004,0.0,4.920893923,0.0,0.135488373751,0.135488373751,0.135488373751,0.15934885125,0.0347180546875,0.235331903097,0.42939228638,1.34260526804
 05/13  08:00:00,0.946208273776,5.39749511996,0.0,4.06003328064,0.0,0.111786052529,0.111786052529,0.111786052529,0.12039692841,0.0262314231445,0.307655494001,0.363026375692,1.31245741252
 05/13  09:00:00,0.875924630484,4.5157531291,0.0,3.29613559902,0.0,0.0907534401191,0.0907534401191,0.0907534401191,0.0637395321407,0.0138872200537,0.381467636441,0.30896480173,1.1983367409
 05/13  10:00:00,0.884463726446,4.12698777704,0.0,3.04628210045,0.0,0.0838741525899,0.0838741525899,0.0838741525899,0.0531162865364,0.0115726836817,0.402557461323,0.316231142316,1.05892439848
 05/13  11:00:00,0.875624830564,3.06549441437,0.0,2.11204561285,0.0,0.0581515533255,0.0581515533255,0.0581515533255,0.0531162865364,0.0115726836817,0.419344280164,0.316328026857,0.931660850228
 05/13  12:00:00,0.838328614332,2.32795209686,0.0,1.47169016656,0.0,0.0405204644627,0.0405204644627,0.0405204644627,0.0531162865364,0.0115726836817,0.405007802557,0.310999377094,0.834841004222
 05/13  13:00:00,0.797284121874,1.71958185563,0.0,0.92246525948,0.0,0.0253984986883,0.0253984986883,0.0253984986883,0.0531162865364,0.0115726836817,0.368331091807,0.321753561161,0.774954946456
 05/13  14:00:00,0.771017426382,1.12518339108,0.0,0.383397979141,0.0,0.0105562057435,0.0105562057435,0.0105562057435,0.0531162865364,0.0115726836817,0.338789280063,0.339870970357,0.71837587652
 05/13  15:00:00,0.785838337363,0.749652810275,0.0,0.0,0.0,0.0,0.0,0.0,0.0531162865364,0.0115726836817,0.345273911264,0.358763455881,0.724942003649
 05/13  16:00:00,0.901054275475,0.828168221,0.0,0.0,0.0,0.0,0.0,0.0,0.056657371191,0.012344197627,0.390586416417,0.42435429024,0.798939667659
 05/13  17:00:00,1.09320390665,0.980323653451,0.0,0.0,0.0,0.0,0.0,0.0,0.070821709809,0.0154302443018,0.47431730908,0.515522643463,0.944815632372
 05/13  18:00:00,1.1895420871,1.12719962892,0.0,0.0,0.0,0.0,0.0,0.0,0.123938004705,0.0270029334473,0.431787154716,0.559701994228,1.08864863517
 05/13  19:00:00,1.25327150558,1.15886153751,0.0,0.0,0.0,0.0,0.0,0.0,0.24787600941,0.0540058486818,0.356555128611,0.577722518882,1.11906933122
 05/13  20:00:00,1.46704064135,1.12117058989,0.0,0.0385372862634,0.0,0.00106105807731,0.00106105807731,0.00106105807731,0.435553471021,0.094896004004,0.320834258427,0.597583849817,1.04147309426
 05/13  21:00:00,1.6098328903,1.32046284467,0.0,0.342965640922,0.0,0.00944297066103,0.00944297066103,0.00944297066103,0.570114788205,0.124213468359,0.305317187182,0.583632475892,0.937297933122
 05/13  22:00:00,1.3387074985,1.78928859711,0.0,0.977454213593,0.0,0.0269125252216,0.0269125252216,0.0269125252216,0.4461767835,0.0972105349122,0.246236541847,0.505059113019,0.777047066488
 05/13  23:00:00,1.05172441641,2.5500566807,0.0,1.92140532638,0.0,0.0529026000278,0.0529026000278,0.0529026000278,0.31161554991,0.0678930887695,0.16331420629,0.438886971413,0.598421823121
 05/13  24:00:00,0.754507954882,3.17482941438,0.0,2.74030486908,0.0,0.0754495943425,0.0754495943425,0.0754495943425,0.15934885125,0.0347180546875,0.104853078911,0.363026375692,0.409520118502
 05/14  01:00:00,0.649178710608,3.74789898108,0.0,3.39802657738,0.0,0.0935588334427,0.0935588334427,0.0935588334427,0.09560931075,0.0208308328125,0.0878160666328,0.33425166697,0.326849913054
 05/14  02:00:00,0.606136616982,4.20609395781,0.0,3.87989578137,0.0,0.106826275463,0.106826275463,0.106826275463,0.0637395321407,0.0138872200537,0.074195304001,0.330376285324,0.303442613225
 05/14  03:00:00,0.608422849131,4.78037144836,0.0,4.4484616292,0.0,0.122480760867,0.122480760867,0.122480760867,0.0637395321407,0.0138872200537,0.0654775087209,0.325725827349,0.309474568856
 05/14  04:00:00,0.616056315082,5.16407208536,0.0,4.76778417119,0.0,0.131272759351,0.131272759351,0.131272759351,0.0637395321407,0.0138872200537,0.0766233129137,0.313421490622,0.374700158454
 05/14  05:00:00,0.674903957049,5.61111221875,0.0,4.92983162586,0.0,0.135734458069,0.135734458069,0.135734458069,0.0672806251545,0.0146587321777,0.0903649480936,0.349753193554,0.65719039254
 05/14  06:00:00,0.819752157197,6.04695591651,0.0,4.83128936196,0.0,0.133021265854,0.133021265854,0.133021265854,0.09560931075,0.0208308328125,0.149073326641,0.40410542114,1.18783269702
 05/14  07:00:00,1.01060850784,5.71675346172,0.0,4.34766187111,0.0,0.119705412421,0.119705412421,0.119705412421,0.15934885125,0.0347180546875,0.235331903097,0.42939228638,1.33951603161
 05/14  08:00:00,0.94143845662,5.22135105721,0.0,3.88679506392,0.0,0.107016235374,0.107016235374,0.107016235374,0.12039692841,0.0262314231445,0.307655494001,0.363026375692,1.3095515665
 05/14  09:00:00,0.872401870866,4.38495887537,0.0,3.16819010881,0.0,0.0872306805008,0.0872306805008,0.0872306805008,0.0637395321407,0.0138872200537,0.381467636441,0.30896480173,1.19548797738
 05/14  10:00:00,0.876145542735,3.82215982358,0.0,2.74416835782,0.0,0.0755559688783,0.0755559688783,0.0755559688783,0.0531162865364,0.0115726836817,0.402557461323,0.316231142316,1.05621018765
 05/14  11:00:00,0.867385839379,2.76402377908,0.0,1.81280811717,0.0,0.0499125621403,0.0499125621403,0.0499125621403,0.0531162865364,0.0115726836817,0.419344280164,0.316328026857,0.929427710613
 05/14  12:00:00,0.829557298261,2.00758941125,0.0,1.15311880317,0.0,0.0317491483921,0.0317491483921,0.0317491483921,0.0531162865364,0.0115726836817,0.405007802557,0.310999377094,0.833049681996
 05/14  13:00:00,0.792380494461,1.5395629689,0.0,0.744367097455,0.0,0.0204948712746,0.0204948712746,0.0204948712746,0.0531162865364,0.0115726836817,0.368331091807,0.321753561161,0.77303422175
 05/14  14:00:00,0.767061968501,0.980001032831,0.0,0.239737027967,0.0,0.00660074786316,0.00660074786316,0.00660074786316,0.0531162865364,0.0115726836817,0.338789280063,0.339870970357,0.716854469448
 05/14  15:00:00,0.785838337363,0.748214257655,0.0,0.0,0.0,0.0,0.0,0.0,0.0531162865364,0.0115726836817,0.345273911264,0.358763455881,0.723503451029
 05/14  16:00:00,0.901054275475,0.825970380939,0.0,0.0,0.0,0.0,0.0,0.0,0.056657371191,0.012344197627,0.390586416417,0.42435429024,0.796741827597
 05/14  17:00:00,1.09320390665,0.977702384767,0.0,0.0,0.0,0.0,0.0,0.0,0.070821709809,0.0154302443018,0.47431730908,0.515522643463,0.942194363688
 05/14  18:00:00,1.1895420871,1.12396999102,0.0,0.0,0.0,0.0,0.0,0.0,0.123938004705,0.0270029334473,0.431787154716,0.559701994228,1.08541899727
 05/14  19:00:00,1.25327150558,1.1555902731,0.0,0.0,0.0,0.0,0.0,0.0,0.24787600941,0.0540058486818,0.356555128611,0.577722518882,1.1157980668
 05/14  20:00:00,1.46597958327,1.07934042625,0.0,0.0,0.0,0.0,0.0,0.0,0.435553471021,0.094896004004,0.320834258427,0.597583849817,1.03818021689
 05/14  21:00:00,1.60038991964,0.974325042774,0.0,0.0,0.0,0.0,0.0,0.0,0.570114788205,0.124213468359,0.305317187182,0.583632475892,0.934125772152
 05/14  22:00:00,1.31179497328,0.809352974644,0.0,0.0,0.0,0.0,0.0,0.0,0.4461767835,0.0972105349122,0.246236541847,0.505059113019,0.774565657619
 05/14  23:00:00,1.01087225894,1.06481614554,0.0,0.437668177165,0.0,0.0120504425607,0.0120504425607,0.0120504425607,0.31161554991,0.0678930887695,0.16331420629,0.438886971413,0.596918437184
 05/14  24:00:00,0.70566055628,1.40049076309,0.0,0.966183147161,0.0,0.0266021957397,0.0266021957397,0.0266021957397,0.15934885125,0.0347180546875,0.104853078911,0.363026375692,0.409303189137
 05/15  01:00:00,0.589105233548,1.70260104098,0.0,1.35953195407,0.0,0.0374323804578,0.0374323804578,0.0374323804578,0.09560931075,0.0208308328125,0.0838690425574,0.33425166697,0.320046596266
 05/15  02:00:00,0.542744171661,1.99416938826,0.0,1.67234200126,0.0,0.0460450685691,0.0460450685691,0.0460450685691,0.0637395321407,0.0138872200537,0.0715840655737,0.330376285324,0.299071823785
 05/15  03:00:00,0.538479380868,2.28460948778,0.0,1.95772851687,0.0,0.0539026967755,0.0539026967755,0.0539026967755,0.0637395321407,0.0138872200537,0.064112104549,0.325725827349,0.304445720609
 05/15  04:00:00,0.540584084214,2.50850563738,0.0,2.12367265902,0.0,0.0584716840989,0.0584716840989,0.0584716840989,0.0637395321407,0.0138872200537,0.0739521572983,0.313421490622,0.363245222638
 05/15  05:00:00,0.59658578569,2.88027997174,0.0,2.23413151766,0.0,0.0615129793103,0.0615129793103,0.0615129793103,0.0672806251545,0.0146587321777,0.0862682554934,0.349753193554,0.622058253723
 05/15  06:00:00,0.734556720546,3.25663031072,0.0,2.12293381954,0.0,0.0584513414211,0.0584513414211,0.0584513414211,0.09560931075,0.0208308328125,0.138447814423,0.40410542114,1.10586263365
 05/15  07:00:00,0.93099234977,3.49390485767,0.0,2.22460257706,0.0,0.061250616275,0.061250616275,0.061250616275,0.15934885125,0.0347180546875,0.214170541178,0.42939228638,1.23972672161
 05/15  08:00:00,0.858538760276,3.28430791389,0.0,2.05401717864,0.0,0.0565538399212,0.0565538399212,0.0565538399212,0.12039692841,0.0262314231445,0.275218193109,0.363026375692,1.20528630845
 05/15  09:00:00,0.790554857874,2.95154092223,0.0,1.83104654526,0.0,0.0504147259749,0.0504147259749,0.0504147259749,0.0637395321407,0.0138872200537,0.336436577975,0.30896480173,1.09921358779
 05/15  10:00:00,0.807314431954,3.08873571759,0.0,2.09350565503,0.0,0.0576410873869,0.0576410873869,0.0576410873869,0.0531162865364,0.0115726836817,0.351641232033,0.316231142316,0.973448784453
 05/15  11:00:00,0.804646970811,2.32273417255,0.0,1.440527471,0.0,0.0396624530915,0.0396624530915,0.0396624530915,0.0531162865364,0.0115726836817,0.366855520645,0.316328026857,0.860418750255
 05/15  12:00:00,0.780903728142,1.91675034446,0.0,1.12249899027,0.0,0.0309060843635,0.0309060843635,0.0309060843635,0.0531162865364,0.0115726836817,0.357197296466,0.310999377094,0.77283042811
 05/15  13:00:00,0.755652439156,1.73648255818,0.0,0.993519251488,0.0,0.0273548484849,0.0273548484849,0.0273548484849,0.0531162865364,0.0115726836817,0.324743059292,0.321753561161,0.720801657003
 05/15  14:00:00,0.740534398971,1.38993546375,0.0,0.697292410334,0.0,0.0191987505082,0.0191987505082,0.0191987505082,0.0531162865364,0.0115726836817,0.299663707888,0.339870970357,0.669233518
 05/15  15:00:00,0.761493759551,1.16245607739,0.0,0.461782716639,0.0,0.0127143950434,0.0127143950434,0.0127143950434,0.0531162865364,0.0115726836817,0.308214938409,0.358763455881,0.675962554121
 05/15  16:00:00,0.875156157484,1.13208414823,0.0,0.363915941652,0.0,0.0100198012572,0.0100198012572,0.0100198012572,0.056657371191,0.012344197627,0.354668497169,0.42435429024,0.738939653233
 05/15  17:00:00,1.07265999171,1.44610848576,0.0,0.537822326507,0.0,0.0148080152764,0.0148080152764,0.0148080152764,0.070821709809,0.0154302443018,0.438965378865,0.515522643463,0.872778138177
 05/15  18:00:00,1.16491330293,1.3858544572,0.0,0.35163008875,0.0,0.00968153137053,0.00968153137053,0.00968153137053,0.123938004705,0.0270029334473,0.397476839177,0.559701994228,0.995673374689
 05/15  19:00:00,1.23518118696,1.64240215789,0.0,0.586723876163,0.0,0.0161544355692,0.0161544355692,0.0161544355692,0.24787600941,0.0540058486818,0.322310374418,0.577722518882,1.01588607543
 05/15  20:00:00,1.45625778017,1.89715081105,0.0,0.912843034394,0.0,0.0251335672248,0.0251335672248,0.0251335672248,0.435553471021,0.094896004004,0.2859788881,0.597583849817,0.943147567292
 05/15  21:00:00,1.60377087241,2.31035733539,0.0,1.41602466065,0.0,0.0389878102363,0.0389878102363,0.0389878102363,0.570114788205,0.124213468359,0.269710329714,0.583632475892,0.854133404109
 05/15  22:00:00,1.33698449346,2.68865069145,0.0,1.94247553587,0.0,0.0534827321061,0.0534827321061,0.0534827321061,0.4461767835,0.0972105349122,0.217943329922,0.505059113019,0.711387838553
 05/15  23:00:00,1.05371113796,3.14497504234,0.0,2.55778296997,0.0,0.0704241669157,0.0704241669157,0.0704241669157,0.31161554991,0.0678930887695,0.147779360955,0.438886971413,0.556962541175
 05/15  24:00:00,0.763019584821,3.70635817292,0.0,3.2881985598,0.0,0.0905349073579,0.0905349073579,0.0905349073579,0.15934885125,0.0347180546875,0.0982793958339,0.363026375692,0.393155186326
 05/16  01:00:00,0.655393676445,4.10842998488,0.0,3.76710676501,0.0,0.103720823355,0.103720823355,0.103720823355,0.09560931075,0.0208308328125,0.0838690425574,0.33425166697,0.318300729231
 05/16  02:00:00,0.611515615338,4.48991879416,0.0,4.17009859763,0.0,0.114816512246,0.114816512246,0.114816512246,0.0637395321407,0.0138872200537,0.0715840655737,0.330376285324,0.297064633315
 05/16  03:00:00,0.613485427719,5.00710923971,0.0,4.68192388451,0.0,0.128908743627,0.128908743627,0.128908743627,0.0637395321407,0.0138872200537,0.064112104549,0.325725827349,0.30275010489
 05/16  04:00:00,0.618176057459,5.32476934739,0.0,4.94178803709,0.0,0.136063657344,0.136063657344,0.136063657344,0.0637395321407,0.0138872200537,0.0739521572983,0.313421490622,0.361393554581
 05/16  05:00:00,0.676855545731,5.79263396529,0.0,5.14950324627,0.0,0.141782739351,0.141782739351,0.141782739351,0.0672806251545,0.0146587321777,0.0862682554934,0.349753193554,0.619040518662
 05/16  06:00:00,0.81691415506,6.2431917662,0.0,5.11412920991,0.0,0.140808775935,0.140808775935,0.140808775935,0.09560931075,0.0208308328125,0.138447814423,0.40410542114,1.10122869876
 05/16  07:00:00,0.998972932497,5.95747876096,0.0,4.69363535943,0.0,0.129231199001,0.129231199001,0.129231199001,0.15934885125,0.0347180546875,0.214170541178,0.42939228638,1.23426784254
 05/16  08:00:00,0.918928079338,5.47222365223,0.0,4.24733771946,0.0,0.116943158984,0.116943158984,0.116943158984,0.12039692841,0.0262314231445,0.275218193109,0.363026375692,1.19988150598
 05/16  09:00:00,0.840792323175,4.77134635297,0.0,3.65565504017,0.0,0.100652191276,0.100652191276,0.100652191276,0.0637395321407,0.0138872200537,0.336436577975,0.30896480173,1.09441052362
 05/16  10:00:00,0.846250646984,4.49866675654,0.0,3.50765639446,0.0,0.0965773024165,0.0965773024165,0.0965773024165,0.0531162865364,0.0115726836817,0.351641232033,0.316231142316,0.969229083978
 05/16  11:00:00,0.835515950682,3.44036925067,0.0,2.56167883809,0.0,0.0705314329622,0.0705314329622,0.0705314329622,0.0531162865364,0.0115726836817,0.366855520645,0.316328026857,0.856902461286
 05/16  12:00:00,0.799844756024,2.60182056407,0.0,1.81043099816,0.0,0.0498471122456,0.0498471122456,0.0498471122456,0.0531162865364,0.0115726836817,0.357197296466,0.310999377094,0.769968639829
 05/16  13:00:00,0.76154562802,1.94821944226,0.0,1.20755796539,0.0,0.0332480373486,0.0332480373486,0.0332480373486,0.0531162865364,0.0115726836817,0.324743059292,0.321753561161,0.718499827173
 05/16  14:00:00,0.738838148541,1.32651938275,0.0,0.635685143223,0.0,0.0175025000783,0.0175025000783,0.0175025000783,0.0531162865364,0.0115726836817,0.299663707888,0.339870970357,0.667424704112
 05/16  15:00:00,0.749357492086,0.719933478457,0.0,0.0209974066937,0.0,0.000578127578125,0.000578127578125,0.000578127578125,0.0531162865364,0.0115726836817,0.308214938409,0.358763455881,0.674225265137
 05/16  16:00:00,0.865136356227,0.766110542036,0.0,0.0,0.0,0.0,0.0,0.0,0.056657371191,0.012344197627,0.354668497169,0.42435429024,0.736881988695
 05/16  17:00:00,1.05785197644,0.905997609139,0.0,0.0,0.0,0.0,0.0,0.0,0.070821709809,0.0154302443018,0.438965378865,0.515522643463,0.87048958806
 05/16  18:00:00,1.15523177156,1.03163954101,0.0,0.0,0.0,0.0,0.0,0.0,0.123938004705,0.0270029334473,0.397476839177,0.559701994228,0.993088547258
 05/16  19:00:00,1.21902675139,1.05270709826,0.0,0.0,0.0,0.0,0.0,0.0,0.24787600941,0.0540058486818,0.322310374418,0.577722518882,1.01291489197
 05/16  20:00:00,1.43112421294,0.981816079787,0.0,0.0,0.0,0.0,0.0,0.0,0.435553471021,0.094896004004,0.2859788881,0.597583849817,0.940655870424
 05/16  21:00:00,1.56478306217,0.892470245495,0.0,0.0,0.0,0.0,0.0,0.0,0.570114788205,0.124213468359,0.269710329714,0.583632475892,0.852270974872
 05/16  22:00:00,1.29504113565,1.16446990184,0.0,0.419106343114,0.0,0.0115393742978,0.0115393742978,0.0115393742978,0.4461767835,0.0972105349122,0.217943329922,0.505059113019,0.710576241703
 05/16  23:00:00,1.00994897124,1.55534991673,0.0,0.968355225558,0.0,0.0266620001928,0.0266620001928,0.0266620001928,0.31161554991,0.0678930887695,0.147779360955,0.438886971413,0.556765159978
 05/16  24:00:00,0.717502526068,2.05393635899,0.0,1.63503370432,0.0,0.0450178486047,0.0450178486047,0.0450178486047,0.15934885125,0.0347180546875,0.0982793958339,0.363026375692,0.393898227873
 05/17  01:00:00,0.614972002932,2.64132920658,0.0,2.29900465382,0.0,0.0632991498425,0.0632991498425,0.0632991498425,0.09560931075,0.0208308328125,0.0838690425574,0.33425166697,0.319302062115
 05/17  02:00:00,0.568565228583,2.93130931795,0.0,2.61015443916,0.0,0.0718661254914,0.0718661254914,0.0718661254914,0.0637395321407,0.0138872200537,0.0715840655737,0.330376285324,0.298399315568
 05/17  03:00:00,0.564163145582,3.2166079247,0.0,2.89055454618,0.0,0.07958646149,0.07958646149,0.07958646149,0.0637395321407,0.0138872200537,0.064112104549,0.325725827349,0.303618128217
 05/17  04:00:00,0.568107651651,3.50669638259,0.0,3.12331972831,0.0,0.0859952515363,0.0859952515363,0.0859952515363,0.0637395321407,0.0138872200537,0.0739521572983,0.313421490622,0.361788898564
 05/17  05:00:00,0.62869683665,4.04362474612,0.0,3.40039450506,0.0,0.0936240302699,0.0936240302699,0.0936240302699,0.0672806251545,0.0146587321777,0.0862682554934,0.349753193554,0.619140040695
 05/17  06:00:00,0.771014172493,4.57450878173,0.0,3.44705668536,0.0,0.0949087933685,0.0949087933685,0.0949087933685,0.09560931075,0.0208308328125,0.138447814423,0.40410542114,1.09961823884
 05/17  07:00:00,0.948333044428,4.11599586751,0.0,2.85441099974,0.0,0.0785913109329,0.0785913109329,0.0785913109329,0.15934885125,0.0347180546875,0.214170541178,0.42939228638,1.23200930878
 05/17  08:00:00,0.869047540795,3.65856926,0.0,2.43569268896,0.0,0.06706262044,0.06706262044,0.06706262044,0.12039692841,0.0262314231445,0.275218193109,0.363026375692,1.19787214424
 05/17  09:00:00,0.789345046147,2.90097404392,0.0,1.78710657453,0.0,0.0492049142475,0.0492049142475,0.0492049142475,0.0637395321407,0.0138872200537,0.336436577975,0.30896480173,1.09258668021
 05/17  10:00:00,0.78168081668,2.15207254429,0.0,1.16250103717,0.0,0.0320074721125,0.0320074721125,0.0320074721125,0.0531162865364,0.0115726836817,0.351641232033,0.316231142316,0.967790229017
 05/17  11:00:00,0.78237849021,1.50985180904,0.0,0.631743456315,0.0,0.0173939724902,0.0173939724902,0.0173939724902,0.0531162865364,0.0115726836817,0.366855520645,0.316328026857,0.856320401433
 05/17  12:00:00,0.751745934931,0.854309780042,0.0,0.0634973693594,0.0,0.00174829115331,0.00174829115331,0.00174829115331,0.0531162865364,0.0115726836817,0.357197296466,0.310999377094,0.769391484604
 05/17  13:00:00,0.728297590671,0.739941488939,0.0,0.0,0.0,0.0,0.0,0.0,0.0531162865364,0.0115726836817,0.324743059292,0.321753561161,0.717779839248
 05/17  14:00:00,0.721335648463,0.689599693822,0.0,0.0,0.0,0.0,0.0,0.0,0.0531162865364,0.0115726836817,0.299663707888,0.339870970357,0.666190158406
 05/17  15:00:00,0.748779364508,0.697305259633,0.0,0.0,0.0,0.0,0.0,0.0,0.0531162865364,0.0115726836817,0.308214938409,0.358763455881,0.672594453007
 05/17  16:00:00,0.865136356227,0.763531989234,0.0,0.0,0.0,0.0,0.0,0.0,0.056657371191,0.012344197627,0.354668497169,0.42435429024,0.734303435893
 05/17  17:00:00,1.05785197644,0.90231156535,0.0,0.0,0.0,0.0,0.0,0.0,0.070821709809,0.0154302443018,0.438965378865,0.515522643463,0.86680354427
 05/17  18:00:00,1.15523177156,1.02724312386,0.0,0.0,0.0,0.0,0.0,0.0,0.123938004705,0.0270029334473,0.397476839177,0.559701994228,0.988692130105
 05/17  19:00:00,1.21902675139,1.04800988275,0.0,0.0,0.0,0.0,0.0,0.0,0.24787600941,0.0540058486818,0.322310374418,0.577722518882,1.00821767645
 05/17  20:00:00,1.43112421294,0.977034697167,0.0,0.0,0.0,0.0,0.0,0.0,0.435553471021,0.094896004004,0.2859788881,0.597583849817,0.935874487805
 05/17  21:00:00,1.56478306217,0.888278759556,0.0,0.0,0.0,0.0,0.0,0.0,0.570114788205,0.124213468359,0.269710329714,0.583632475892,0.848079488933
 05/17  22:00:00,1.28350176135,0.741414002387,0.0,0.0,0.0,0.0,0.0,0.0,0.4461767835,0.0972105349122,0.217943329922,0.505059113019,0.706626685362
 05/17  23:00:00,0.983286971046,0.584013609052,0.0,0.0,0.0,0.0,0.0,0.0,0.31161554991,0.0678930887695,0.147779360955,0.438886971413,0.553784077856
 05/17  24:00:00,0.672484677463,0.417233013802,0.0,0.0,0.0,0.0,0.0,0.0,0.15934885125,0.0347180546875,0.0982793958339,0.363026375692,0.392228587005
 05/18  01:00:00,0.55167285309,0.341475720565,0.0,0.0,0.0,0.0,0.0,0.0,0.09560931075,0.0208308328125,0.0838690425574,0.33425166697,0.318453229919
 05/18  02:00:00,0.497611013555,0.354752297869,0.0,0.0331202931428,0.0,0.000911910463074,0.000911910463074,0.000911910463074,0.0637395321407,0.0138872200537,0.0715840655737,0.330376285324,0.298876441509
 05/18  03:00:00,0.502776633651,0.988629421456,0.0,0.661016282818,0.0,0.0181999495586,0.0181999495586,0.0181999495586,0.0637395321407,0.0138872200537,0.064112104549,0.325725827349,0.305177888333
 05/18  04:00:00,0.516628886649,1.63864408624,0.0,1.25362762963,0.0,0.0345164865338,0.0345164865338,0.0345164865338,0.0637395321407,0.0138872200537,0.0739521572983,0.313421490622,0.36342870089
 05/18  05:00:00,0.583093614828,2.38779068448,0.0,1.7441002348,0.0,0.0480208084483,0.0480208084483,0.0480208084483,0.0672806251545,0.0146587321777,0.0862682554934,0.349753193554,0.619600249325
 05/18  06:00:00,0.727178515927,2.98024380936,0.0,1.85495981359,0.0,0.0510731368016,0.0510731368016,0.0510731368016,0.09560931075,0.0208308328125,0.138447814423,0.40410542114,1.09745013825
 05/18  07:00:00,0.913390472311,2.84459252005,0.0,1.58530807949,0.0,0.0436487388154,0.0436487388154,0.0436487388154,0.15934885125,0.0347180546875,0.214170541178,0.42939228638,1.22970888157
 05/18  08:00:00,0.837448067088,2.50830298382,0.0,1.28801002197,0.0,0.0354631467335,0.0354631467335,0.0354631467335,0.12039692841,0.0262314231445,0.275218193109,0.363026375692,1.19528853505
 05/18  09:00:00,0.76338240151,1.95567577664,0.0,0.844151716626,0.0,0.0232422696108,0.0232422696108,0.0232422696108,0.0637395321407,0.0138872200537,0.336436577975,0.30896480173,1.09024327084
 05/18  10:00:00,0.754773172577,1.17279664155,0.0,0.185224104221,0.0,0.00509982800951,0.00509982800951,0.00509982800951,0.0531162865364,0.0115726836817,0.351641232033,0.316231142316,0.965791259219
 05/18  11:00:00,0.76498451772,0.876440430236,0.0,0.0,0.0,0.0,0.0,0.0,0.0531162865364,0.0115726836817,0.366855520645,0.316328026857,0.854652478944
 05/18  12:00:00,0.749997643778,0.789022413451,0.0,0.0,0.0,0.0,0.0,0.0,0.0531162865364,0.0115726836817,0.357197296466,0.310999377094,0.767601487372
 05/18  13:00:00,0.728297590671,0.737826453255,0.0,0.0,0.0,0.0,0.0,0.0,0.0531162865364,0.0115726836817,0.324743059292,0.321753561161,0.715664803565
 05/18  14:00:00,0.721335648463,0.687897473557,0.0,0.0,0.0,0.0,0.0,0.0,0.0531162865364,0.0115726836817,0.299663707888,0.339870970357,0.664487938141
 05/18  15:00:00,0.748779364508,0.696463615287,0.0,0.0,0.0,0.0,0.0,0.0,0.0531162865364,0.0115726836817,0.308214938409,0.358763455881,0.671752808661
 05/18  16:00:00,0.865136356227,0.762932239433,0.0,0.0,0.0,0.0,0.0,0.0,0.056657371191,0.012344197627,0.354668497169,0.42435429024,0.733703686092
 05/18  17:00:00,1.05785197644,0.901264525206,0.0,0.0,0.0,0.0,0.0,0.0,0.070821709809,0.0154302443018,0.438965378865,0.515522643463,0.865756504126
 05/18  18:00:00,1.15523177156,1.02605847136,0.0,0.0,0.0,0.0,0.0,0.0,0.123938004705,0.0270029334473,0.397476839177,0.559701994228,0.987507477601
 05/18  19:00:00,1.21902675139,1.04716331105,0.0,0.0,0.0,0.0,0.0,0.0,0.24787600941,0.0540058486818,0.322310374418,0.577722518882,1.00737110475
 05/18  20:00:00,1.43112421294,0.976466969905,0.0,0.0,0.0,0.0,0.0,0.0,0.435553471021,0.094896004004,0.2859788881,0.597583849817,0.935306760543
 05/18  21:00:00,1.56478306217,0.887532463232,0.0,0.0,0.0,0.0,0.0,0.0,0.570114788205,0.124213468359,0.269710329714,0.583632475892,0.847333192609
 05/18  22:00:00,1.28350176135,0.741269464228,0.0,0.0,0.0,0.0,0.0,0.0,0.4461767835,0.0972105349122,0.217943329922,0.505059113019,0.706482147203
 05/18  23:00:00,0.987345818217,0.731808412695,0.0,0.147416016791,0.0,0.00405884717133,0.00405884717133,0.00405884717133,0.31161554991,0.0678930887695,0.147779360955,0.438886971413,0.554162864709
 05/18  24:00:00,0.693493740096,1.18095133127,0.0,0.763042361327,0.0,0.0210090626331,0.0210090626331,0.0210090626331,0.15934885125,0.0347180546875,0.0982793958339,0.363026375692,0.392904543145
 05/19  01:00:00,0.586959054972,1.62362987906,0.0,1.28158344219,0.0,0.0352862018822,0.0352862018822,0.0352862018822,0.09560931075,0.0208308328125,0.0838690425574,0.33425166697,0.319023946232
 05/19  02:00:00,0.550112364665,2.26114309178,0.0,1.93995238856,0.0,0.0534132615726,0.0534132615726,0.0534132615726,0.0637395321407,0.0138872200537,0.0715840655737,0.330376285324,0.298435140004
 05/19  03:00:00,0.547655945923,2.61713137223,0.0,2.29101839234,0.0,0.0630792618309,0.0630792618309,0.0630792618309,0.0637395321407,0.0138872200537,0.064112104549,0.325725827349,0.303677729581
 05/19  04:00:00,0.556841015559,3.0974057806,0.0,2.71411914864,0.0,0.0747286154443,0.0747286154443,0.0747286154443,0.0637395321407,0.0138872200537,0.0739521572983,0.313421490622,0.361698876241
 05/19  05:00:00,0.614700301347,3.53315870829,0.0,2.89204486881,0.0,0.0796274949676,0.0796274949676,0.0796274949676,0.0672806251545,0.0146587321777,0.0862682554934,0.349753193554,0.617023639115
 05/19  06:00:00,0.765647274514,4.37418441402,0.0,3.25213268619,0.0,0.089541895389,0.089541895389,0.089541895389,0.09560931075,0.0208308328125,0.138447814423,0.40410542114,1.09421787029
 05/19  07:00:00,0.960481321397,4.55130484529,0.0,3.29563249097,0.0,0.0907395879018,0.0907395879018,0.0907395879018,0.15934885125,0.0347180546875,0.214170541178,0.42939228638,1.22609679533
 05/19  08:00:00,0.886020145485,4.26873024007,0.0,3.05213220306,0.0,0.0840352251308,0.0840352251308,0.0840352251308,0.12039692841,0.0262314231445,0.275218193109,0.363026375692,1.19159361021
 05/19  09:00:00,0.818277733485,3.94609104089,0.0,2.83793242294,0.0,0.0781376015853,0.0781376015853,0.0781376015853,0.0637395321407,0.0138872200537,0.336436577975,0.30896480173,1.08687782877
 05/19  10:00:00,0.839129222973,4.23359961438,0.0,3.24900857716,0.0,0.0894558784054,0.0894558784054,0.0894558784054,0.0531162865364,0.0115726836817,0.351641232033,0.316231142316,0.962809759116
 05/19  11:00:00,0.835084456117,3.41901580648,0.0,2.54600709502,0.0,0.0700999383973,0.0700999383973,0.0700999383973,0.0531162865364,0.0115726836817,0.366855520645,0.316328026857,0.851220760168
 05/19  12:00:00,0.80987684472,2.96110326018,0.0,2.17479321564,0.0,0.0598792009422,0.0598792009422,0.0598792009422,0.0531162865364,0.0115726836817,0.357197296466,0.310999377094,0.764889118468
 05/19  13:00:00,0.781105307866,2.65397785824,0.0,1.91795921257,0.0,0.0528077171948,0.0528077171948,0.0528077171948,0.0531162865364,0.0115726836817,0.324743059292,0.321753561161,0.71385699598
 05/19  14:00:00,0.769283882718,2.42762242603,0.0,1.74146436357,0.0,0.0479482342553,0.0479482342553,0.0479482342553,0.0531162865364,0.0115726836817,0.299663707888,0.339870970357,0.66274852704
 05/19  15:00:00,0.796864184835,2.44064144882,0.0,1.74642512555,0.0,0.0480848203274,0.0480848203274,0.0480848203274,0.0531162865364,0.0115726836817,0.308214938409,0.358763455881,0.669505516646
 05/19  16:00:00,0.909882168583,2.38582153201,0.0,1.62515343574,0.0,0.0447458123563,0.0447458123563,0.0447458123563,0.056657371191,0.012344197627,0.354668497169,0.42435429024,0.731439542922
 05/19  17:00:00,1.11737542353,3.06070430779,0.0,2.16187235096,0.0,0.0595234470955,0.0595234470955,0.0595234470955,0.070821709809,0.0154302443018,0.438965378865,0.515522643463,0.863323935748
 05/19  18:00:00,1.20097258516,2.68416790794,0.0,1.66129155944,0.0,0.0457408136075,0.0457408136075,0.0457408136075,0.123938004705,0.0270029334473,0.397476839177,0.559701994228,0.984325354741
 05/19  19:00:00,1.26500048809,2.71369263014,0.0,1.6697512509,0.0,0.0459737367017,0.0459737367017,0.0459737367017,0.24787600941,0.0540058486818,0.322310374418,0.577722518882,1.00414917294
 05/19  20:00:00,1.48057612074,2.7695337956,0.0,1.79607730036,0.0,0.0494519077965,0.0494519077965,0.0494519077965,0.435553471021,0.094896004004,0.2859788881,0.597583849817,0.932296285879
 05/19  21:00:00,1.61793702401,2.81528367096,0.0,1.93053470611,0.0,0.0531539618395,0.0531539618395,0.0531539618395,0.570114788205,0.124213468359,0.269710329714,0.583632475892,0.844549694233
 05/19  22:00:00,1.34445508384,2.95258582745,0.0,2.21380496299,0.0,0.0609533224917,0.0609533224917,0.0609533224917,0.4461767835,0.0972105349122,0.217943329922,0.505059113019,0.703993547438
 05/19  23:00:00,1.0599460369,3.36641626716,0.0,2.78423248332,0.0,0.0766590658549,0.0766590658549,0.0766590658549,0.31161554991,0.0678930887695,0.147779360955,0.438886971413,0.551954252651
 05/19  24:00:00,0.76372067444,3.72936231734,0.0,3.31366190807,0.0,0.0912359969772,0.0912359969772,0.0912359969772,0.15934885125,0.0347180546875,0.0982793958339,0.363026375692,0.39069598247
 05/20  01:00:00,0.658311172548,4.07678851477,0.0,3.72971464198,0.0,0.102691295383,0.102691295383,0.102691295383,0.09560931075,0.0208308328125,0.0878160666328,0.33425166697,0.324051382141
 05/20  02:00:00,0.613334327481,4.46570661674,0.0,4.14131429924,0.0,0.114023985962,0.114023985962,0.114023985962,0.0637395321407,0.0138872200537,0.074195304001,0.330376285324,0.301636754284
 05/20  03:00:00,0.606094352826,4.69383820704,0.0,4.36389139638,0.0,0.120152264562,0.120152264562,0.120152264562,0.0637395321407,0.0138872200537,0.0654775087209,0.325725827349,0.307511560357
 05/20  04:00:00,0.609386181143,4.91878207009,0.0,4.52552706336,0.0,0.124602625412,0.124602625412,0.124602625412,0.0637395321407,0.0138872200537,0.0766233129137,0.313421490622,0.371667251004
 05/20  05:00:00,0.664972614418,5.24182837111,0.0,4.56912847291,0.0,0.125803115438,0.125803115438,0.125803115438,0.0672806251545,0.0146587321777,0.0903649480936,0.349753193554,0.64860969784
 05/20  06:00:00,0.808404425076,5.61614954521,0.0,4.41914340077,0.0,0.121673533734,0.121673533734,0.121673533734,0.09560931075,0.0208308328125,0.149073326641,0.40410542114,1.16917228691
 05/20  07:00:00,1.00547889394,5.50902069125,0.0,4.1613559531,0.0,0.114575798525,0.114575798525,0.114575798525,0.15934885125,0.0347180546875,0.235331903097,0.42939228638,1.31808917916
 05/20  08:00:00,0.948237007399,5.44749434325,0.0,4.1337162298,0.0,0.113814786152,0.113814786152,0.113814786152,0.12039692841,0.0262314231445,0.307655494001,0.363026375692,1.28877368665
 05/20  09:00:00,0.898930815664,5.32963082088,0.0,4.13171280546,0.0,0.113759625299,0.113759625299,0.113759625299,0.0637395321407,0.0138872200537,0.381467636441,0.30896480173,1.17663722625
 05/20  10:00:00,0.92659538342,5.637882201,0.0,4.57649025803,0.0,0.126005809564,0.126005809564,0.126005809564,0.0531162865364,0.0115726836817,0.402557461323,0.316231142316,1.03961066487
 05/20  11:00:00,0.916467316096,4.53178095808,0.0,3.59543148049,0.0,0.0989940388567,0.0989940388567,0.0989940388567,0.0531162865364,0.0115726836817,0.419344280164,0.316328026857,0.914561526298
 05/20  12:00:00,0.885008239754,4.00856414933,0.0,3.16707906753,0.0,0.0872000898849,0.0872000898849,0.0872000898849,0.0531162865364,0.0115726836817,0.405007802557,0.310999377094,0.820064155722
 05/20  13:00:00,0.849752118283,3.61158810607,0.0,2.82808592296,0.0,0.0778664950971,0.0778664950971,0.0778664950971,0.0531162865364,0.0115726836817,0.368331091807,0.321753561161,0.76134053342
 05/20  14:00:00,0.828951301557,3.21686749281,0.0,2.48753759198,0.0,0.0684900809192,0.0684900809192,0.0684900809192,0.0531162865364,0.0115726836817,0.338789280063,0.339870970357,0.705920365418
 05/20  15:00:00,0.849865660084,3.06258782879,0.0,2.32545165728,0.0,0.0640273227205,0.0640273227205,0.0640273227205,0.0531162865364,0.0115726836817,0.345273911264,0.358763455881,0.712425364877
 05/20  16:00:00,0.959647634216,2.94169590387,0.0,2.1280918427,0.0,0.0585933587415,0.0585933587415,0.0585933587415,0.056657371191,0.012344197627,0.390586416417,0.42435429024,0.784375507835
 05/20  17:00:00,1.14535241337,2.85658220945,0.0,1.89401690104,0.0,0.052148506713,0.052148506713,0.052148506713,0.070821709809,0.0154302443018,0.47431730908,0.515522643463,0.927057287331
 05/20  18:00:00,1.23911951719,2.9070905136,0.0,1.80063622976,0.0,0.0495774300979,0.0495774300979,0.0495774300979,0.123938004705,0.0270029334473,0.431787154716,0.559701994228,1.06790329009
 05/20  19:00:00,1.30388581043,2.97579557117,0.0,1.83829518532,0.0,0.0506143048458,0.0506143048458,0.0506143048458,0.24787600941,0.0540058486818,0.356555128611,0.577722518882,1.09770817955
 05/20  20:00:00,1.51964386519,3.01175636091,0.0,1.94906936641,0.0,0.0536642819201,0.0536642819201,0.0536642819201,0.435553471021,0.094896004004,0.320834258427,0.597583849817,1.02152678513
 05/20  21:00:00,1.6574298419,3.03120317227,0.0,2.07167153224,0.0,0.0570399222663,0.0570399222663,0.0570399222663,0.570114788205,0.124213468359,0.305317187182,0.583632475892,0.91933236941
 05/20  22:00:00,1.37755627514,3.18598586497,0.0,2.38842921893,0.0,0.06576130186,0.06576130186,0.06576130186,0.4461767835,0.0972105349122,0.246236541847,0.505059113019,0.762769329016
 05/20  23:00:00,1.07471566382,3.37487126765,0.0,2.75643999782,0.0,0.075893847437,0.075893847437,0.075893847437,0.31161554991,0.0678930887695,0.16331420629,0.438886971413,0.588201738634
 05/20  24:00:00,0.766574016201,3.60777006013,0.0,3.17854031448,0.0,0.0875156556611,0.0875156556611,0.0875156556611,0.15934885125,0.0347180546875,0.104853078911,0.363026375692,0.404225318847
 05/21  01:00:00,0.650083268237,3.77795694093,0.0,3.43087981796,0.0,0.0944633910714,0.0944633910714,0.0944633910714,0.09560931075,0.0208308328125,0.0878160666328,0.33425166697,0.32405463233
 05/21  02:00:00,0.59765964843,3.89638219465,0.0,3.5720150247,0.0,0.098349306911,0.098349306911,0.098349306911,0.0637395321407,0.0138872200537,0.074195304001,0.330376285324,0.301611606733
 05/21  03:00:00,0.586987653183,3.99954069066,0.0,3.66994224367,0.0,0.101045564919,0.101045564919,0.101045564919,0.0637395321407,0.0138872200537,0.0654775087209,0.325725827349,0.307163196684
 05/21  04:00:00,0.587026362787,4.10618467929,0.0,3.71342569096,0.0,0.102242807056,0.102242807056,0.102242807056,0.0637395321407,0.0138872200537,0.0766233129137,0.313421490622,0.371171232606
 05/21  05:00:00,0.640491943205,4.35170267081,0.0,3.67999841054,0.0,0.101322444225,0.101322444225,0.101322444225,0.0672806251545,0.0146587321777,0.0903649480936,0.349753193554,0.647614059912
 05/21  06:00:00,0.783337889649,4.70313544666,0.0,3.50873493958,0.0,0.0966069983066,0.0966069983066,0.0966069983066,0.09560931075,0.0208308328125,0.149073326641,0.40410542114,1.16656664955
 05/21  07:00:00,0.980938324218,4.61470346192,0.0,3.27005039628,0.0,0.0900352288034,0.0900352288034,0.0900352288034,0.15934885125,0.0347180546875,0.235331903097,0.42939228638,1.31507750665
 05/21  08:00:00,0.919051524905,4.3843935784,0.0,3.07370894307,0.0,0.0846293036582,0.0846293036582,0.0846293036582,0.12039692841,0.0262314231445,0.307655494001,0.363026375692,1.28568020854
 05/21  09:00:00,0.862067303048,3.98806368859,0.0,2.79284194745,0.0,0.0768961126827,0.0768961126827,0.0768961126827,0.0637395321407,0.0138872200537,0.381467636441,0.30896480173,1.17394095196
 05/21  10:00:00,0.875031103236,3.76296276643,0.0,2.7036922756,0.0,0.0744415293798,0.0744415293798,0.0744415293798,0.0531162865364,0.0115726836817,0.402557461323,0.316231142316,1.03748921272
 05/21  11:00:00,0.868925164241,2.80374986033,0.0,1.8687158984,0.0,0.0514518870023,0.0514518870023,0.0514518870023,0.0531162865364,0.0115726836817,0.419344280164,0.316328026857,0.913246010642
 05/21  12:00:00,0.834971031978,2.19005918407,0.0,1.34974386119,0.0,0.0371628821092,0.0371628821092,0.0371628821092,0.0531162865364,0.0115726836817,0.405007802557,0.310999377094,0.818894396799
 05/21  13:00:00,0.798714388455,1.75729525074,0.0,0.974412079207,0.0,0.0268287652692,0.0268287652692,0.0268287652692,0.0531162865364,0.0115726836817,0.368331091807,0.321753561161,0.760721521845
 05/21  14:00:00,0.778299489878,1.37667198445,0.0,0.647880170591,0.0,0.0178382692397,0.0178382692397,0.0178382692397,0.0531162865364,0.0115726836817,0.338789280063,0.339870970357,0.705382278441
 05/21  15:00:00,0.793826060763,1.02664356861,0.0,0.290111530954,0.0,0.00798772339951,0.00798772339951,0.00798772339951,0.0531162865364,0.0115726836817,0.345273911264,0.358763455881,0.71182123103
 05/21  16:00:00,0.901054275475,0.812866242139,0.0,0.0,0.0,0.0,0.0,0.0,0.056657371191,0.012344197627,0.390586416417,0.42435429024,0.783637688798
 05/21  17:00:00,1.09320390665,0.961292801103,0.0,0.0,0.0,0.0,0.0,0.0,0.070821709809,0.0154302443018,0.47431730908,0.515522643463,0.925784780023
 05/21  18:00:00,1.1895420871,1.1047113952,0.0,0.0,0.0,0.0,0.0,0.0,0.123938004705,0.0270029334473,0.431787154716,0.559701994228,1.06616040144
 05/21  19:00:00,1.25327150558,1.13570076196,0.0,0.0,0.0,0.0,0.0,0.0,0.24787600941,0.0540058486818,0.356555128611,0.577722518882,1.09590855566
 05/21  20:00:00,1.46597958327,1.06131018591,0.0,0.0,0.0,0.0,0.0,0.0,0.435553471021,0.094896004004,0.320834258427,0.597583849817,1.02014997655
 05/21  21:00:00,1.60118671245,0.987773912979,0.0,0.0289392574012,0.0,0.000796792815329,0.000796792815329,0.000796792815329,0.570114788205,0.124213468359,0.305317187182,0.583632475892,0.918635384956
 05/21  22:00:00,1.32227791913,1.17816687073,0.0,0.380737203601,0.0,0.0104829458528,0.0104829458528,0.0104829458528,0.4461767835,0.0972105349122,0.246236541847,0.505059113019,0.762642350101
 05/21  23:00:00,1.02290954211,1.49392959467,0.0,0.87485840935,0.0,0.0240877257262,0.0240877257262,0.0240877257262,0.31161554991,0.0678930887695,0.16331420629,0.438886971413,0.588841654124
 05/21  24:00:00,0.719704063194,1.9063838368,0.0,1.47623877717,0.0,0.0406457026541,0.0406457026541,0.0406457026541,0.15934885125,0.0347180546875,0.104853078911,0.363026375692,0.405140632832
 05/22  01:00:00,0.602751231482,2.19615027987,0.0,1.85515018648,0.0,0.0510783783926,0.0510783783926,0.0510783783926,0.09560931075,0.0208308328125,0.0838690425574,0.33425166697,0.317977602752
 05/22  02:00:00,0.557497378759,2.52795598697,0.0,2.20817371243,0.0,0.0607982756665,0.0607982756665,0.0607982756665,0.0637395321407,0.0138872200537,0.0715840655737,0.330376285324,0.297026711324
 05/22  03:00:00,0.551910707859,2.77028846648,0.0,2.44554997003,0.0,0.0673340237667,0.0673340237667,0.0673340237667,0.0637395321407,0.0138872200537,0.064112104549,0.325725827349,0.302303246148
 05/22  04:00:00,0.555113561231,3.03306222298,0.0,2.65137856603,0.0,0.0730011611162,0.0730011611162,0.0730011611162,0.0637395321407,0.0138872200537,0.0739521572983,0.313421490622,0.360095901235
 05/22  05:00:00,0.610213927293,3.36630829845,0.0,2.72910121389,0.0,0.0751411209137,0.0751411209137,0.0751411209137,0.0672806251545,0.0146587321777,0.0862682554934,0.349753193554,0.613116884199
 05/22  06:00:00,0.746447043302,3.66828667788,0.0,2.55478649716,0.0,0.0703416641765,0.0703416641765,0.0703416641765,0.09560931075,0.0208308328125,0.138447814423,0.40410542114,1.08566632319
 05/22  07:00:00,0.934558265275,3.59992211201,0.0,2.35411547511,0.0,0.0648165317796,0.0648165317796,0.0648165317796,0.15934885125,0.0347180546875,0.214170541178,0.42939228638,1.2162310779
 05/22  08:00:00,0.861109731056,3.35477006838,0.0,2.14739400602,0.0,0.0591248107011,0.0591248107011,0.0591248107011,0.12039692841,0.0262314231445,0.275218193109,0.363026375692,1.18237163556
 05/22  09:00:00,0.792575532875,3.00437064697,0.0,1.90443680788,0.0,0.0524354009755,0.0524354009755,0.0524354009755,0.0637395321407,0.0138872200537,0.336436577975,0.30896480173,1.07865304991
 05/22  10:00:00,0.789195214676,2.41273007475,0.0,1.43542154252,0.0,0.0395218701084,0.0395218701084,0.0395218701084,0.0531162865364,0.0115726836817,0.351641232033,0.316231142316,0.955527254126
 05/22  11:00:00,0.791501373573,1.83058111773,0.0,0.963083630073,0.0,0.0265168558531,0.0265168558531,0.0265168558531,0.0531162865364,0.0115726836817,0.366855520645,0.316328026857,0.845709536365
 05/22  12:00:00,0.762008994873,1.21778768138,0.0,0.436248387773,0.0,0.0120113510951,0.0120113510951,0.0120113510951,0.0531162865364,0.0115726836817,0.357197296466,0.310999377094,0.76011836753
 05/22  13:00:00,0.728516805698,0.739687213498,0.0,0.00796181889749,0.0,0.000219215027066,0.000219215027066,0.000219215027066,0.0531162865364,0.0115726836817,0.324743059292,0.321753561161,0.70956374491
 05/22  14:00:00,0.721335648463,0.682663170688,0.0,0.0,0.0,0.0,0.0,0.0,0.0531162865364,0.0115726836817,0.299663707888,0.339870970357,0.659253635272
 05/22  15:00:00,0.748779364508,0.690364997982,0.0,0.0,0.0,0.0,0.0,0.0,0.0531162865364,0.0115726836817,0.308214938409,0.358763455881,0.665654191356
 05/22  16:00:00,0.865136356227,0.755868338605,0.0,0.0,0.0,0.0,0.0,0.0,0.056657371191,0.012344197627,0.354668497169,0.42435429024,0.726639785264
 05/22  17:00:00,1.05785197644,0.89258637157,0.0,0.0,0.0,0.0,0.0,0.0,0.070821709809,0.0154302443018,0.438965378865,0.515522643463,0.857078350491
 05/22  18:00:00,1.15523177156,1.01582996607,0.0,0.0,0.0,0.0,0.0,0.0,0.123938004705,0.0270029334473,0.397476839177,0.559701994228,0.977278972313
 05/22  19:00:00,1.21902675139,1.036480775,0.0,0.0,0.0,0.0,0.0,0.0,0.24787600941,0.0540058486818,0.322310374418,0.577722518882,0.996688568708
 05/22  20:00:00,1.43112421294,0.96661383465,0.0,0.0,0.0,0.0,0.0,0.0,0.435553471021,0.094896004004,0.2859788881,0.597583849817,0.925453625287
 05/22  21:00:00,1.56478306217,0.878812004841,0.0,0.0,0.0,0.0,0.0,0.0,0.570114788205,0.124213468359,0.269710329714,0.583632475892,0.838612734218
 05/22  22:00:00,1.28350176135,0.734622637001,0.0,0.0,0.0,0.0,0.0,0.0,0.4461767835,0.0972105349122,0.217943329922,0.505059113019,0.699835319976
 05/22  23:00:00,0.983286971046,0.579884940717,0.0,0.0,0.0,0.0,0.0,0.0,0.31161554991,0.0678930887695,0.147779360955,0.438886971413,0.549655409521
 05/22  24:00:00,0.672484677463,0.415441081842,0.0,0.0,0.0,0.0,0.0,0.0,0.15934885125,0.0347180546875,0.0982793958339,0.363026375692,0.390436655046
 05/23  01:00:00,0.556366967366,0.511468989114,0.0,0.170488712612,0.0,0.00469411427601,0.00469411427601,0.00469411427601,0.09560931075,0.0208308328125,0.0838690425574,0.33425166697,0.317957785856
 05/23  02:00:00,0.516883575211,1.05419651877,0.0,0.733093500508,0.0,0.0201844721194,0.0201844721194,0.0201844721194,0.0637395321407,0.0138872200537,0.0715840655737,0.330376285324,0.298347455047
 05/23  03:00:00,0.514713344268,1.4210163358,0.0,1.09455375257,0.0,0.0301366601757,0.0301366601757,0.0301366601757,0.0637395321407,0.0138872200537,0.064112104549,0.325725827349,0.304027332926
 05/23  04:00:00,0.523436589823,1.88347184348,0.0,1.50088120758,0.0,0.0413241897083,0.0413241897083,0.0413241897083,0.0637395321407,0.0138872200537,0.0739521572983,0.313421490622,0.36100288018
 05/23  05:00:00,0.581253824871,2.31392155733,0.0,1.67727965847,0.0,0.0461810184911,0.0461810184911,0.0461810184911,0.0672806251545,0.0146587321777,0.0862682554934,0.349753193554,0.612551698507
 05/23  06:00:00,0.721949827082,2.77638331784,0.0,1.6650555255,0.0,0.0458444479568,0.0458444479568,0.0458444479568,0.09560931075,0.0208308328125,0.138447814423,0.40410542114,1.08349393482
 05/23  07:00:00,0.910626048003,2.72806652027,0.0,1.48490508254,0.0,0.0408843145078,0.0408843145078,0.0408843145078,0.15934885125,0.0347180546875,0.214170541178,0.42939228638,1.21358587873
 05/23  08:00:00,0.840155097174,2.59115804482,0.0,1.38632847933,0.0,0.0381701768192,0.0381701768192,0.0381701768192,0.12039692841,0.0262314231445,0.275218193109,0.363026375692,1.17982513869
 05/23  09:00:00,0.769654587745,2.16966297903,0.0,1.07195549251,0.0,0.029514455846,0.029514455846,0.029514455846,0.0637395321407,0.0138872200537,0.336436577975,0.30896480173,1.07642669734
 05/23  10:00:00,0.763952923628,1.49405395542,0.0,0.51862969403,0.0,0.0142795790607,0.0142795790607,0.0142795790607,0.0531162865364,0.0115726836817,0.351641232033,0.316231142316,0.953642983284
 05/23  11:00:00,0.76967876485,1.03650849289,0.0,0.170493537839,0.0,0.00469424713036,0.00469424713036,0.00469424713036,0.0531162865364,0.0115726836817,0.366855520645,0.316328026857,0.844227003755
 05/23  12:00:00,0.749997643778,0.780317700315,0.0,0.0,0.0,0.0,0.0,0.0,0.0531162865364,0.0115726836817,0.357197296466,0.310999377094,0.758896774236
 05/23  13:00:00,0.728297590671,0.730283955175,0.0,0.0,0.0,0.0,0.0,0.0,0.0531162865364,0.0115726836817,0.324743059292,0.321753561161,0.708122305484
 05/23  14:00:00,0.721335648463,0.681087825489,0.0,0.0,0.0,0.0,0.0,0.0,0.0531162865364,0.0115726836817,0.299663707888,0.339870970357,0.657678290073
 05/23  15:00:00,0.748779364508,0.68870402656,0.0,0.0,0.0,0.0,0.0,0.0,0.0531162865364,0.0115726836817,0.308214938409,0.358763455881,0.663993219934
 05/23  16:00:00,0.865136356227,0.753729455496,0.0,0.0,0.0,0.0,0.0,0.0,0.056657371191,0.012344197627,0.354668497169,0.42435429024,0.724500902154
 05/23  17:00:00,1.05785197644,0.889915062033,0.0,0.0,0.0,0.0,0.0,0.0,0.070821709809,0.0154302443018,0.438965378865,0.515522643463,0.854407040953
 05/23  18:00:00,1.15523177156,1.01277698712,0.0,0.0,0.0,0.0,0.0,0.0,0.123938004705,0.0270029334473,0.397476839177,0.559701994228,0.97422599336
 05/23  19:00:00,1.21902675139,1.03334343505,0.0,0.0,0.0,0.0,0.0,0.0,0.24787600941,0.0540058486818,0.322310374418,0.577722518882,0.993551228751
 05/23  20:00:00,1.43112421294,0.963580520042,0.0,0.0,0.0,0.0,0.0,0.0,0.435553471021,0.094896004004,0.2859788881,0.597583849817,0.92242031068
 05/23  21:00:00,1.56478306217,0.876047429488,0.0,0.0,0.0,0.0,0.0,0.0,0.570114788205,0.124213468359,0.269710329714,0.583632475892,0.835848158865
 05/23  22:00:00,1.28350176135,0.732394406539,0.0,0.0,0.0,0.0,0.0,0.0,0.4461767835,0.0972105349122,0.217943329922,0.505059113019,0.697607089514
 05/23  23:00:00,0.983286971046,0.578450578538,0.0,0.0,0.0,0.0,0.0,0.0,0.31161554991,0.0678930887695,0.147779360955,0.438886971413,0.548221047343
 05/23  24:00:00,0.672484677463,0.41472191825,0.0,0.0,0.0,0.0,0.0,0.0,0.15934885125,0.0347180546875,0.0982793958339,0.363026375692,0.389717491453
 05/24  01:00:00,0.55167285309,0.340475984798,0.0,0.0,0.0,0.0,0.0,0.0,0.09560931075,0.0208308328125,0.0838690425574,0.33425166697,0.317453494153
 05/24  02:00:00,0.504004177397,0.586086018775,0.0,0.265317936587,0.0,0.00730507430512,0.00730507430512,0.00730507430512,0.0637395321407,0.0138872200537,0.0715840655737,0.330376285324,0.29801251897
 05/24  03:00:00,0.506579682865,1.12518530884,0.0,0.799141800518,0.0,0.0220029987727,0.0220029987727,0.0220029987727,0.0637395321407,0.0138872200537,0.064112104549,0.325725827349,0.303608258018
 05/24  04:00:00,0.51797263628,1.68482467639,0.0,1.30243218171,0.0,0.0358602361648,0.0358602361648,0.0358602361648,0.0637395321407,0.0138872200537,0.0739521572983,0.313421490622,0.360804738952
 05/24  05:00:00,0.579455768447,2.24816309788,0.0,1.61197483059,0.0,0.0443829620678,0.0443829620678,0.0443829620678,0.0672806251545,0.0146587321777,0.0862682554934,0.349753193554,0.612098066933
 05/24  06:00:00,0.721627261616,2.76229969521,0.0,1.65334005209,0.0,0.0455218824913,0.0455218824913,0.0455218824913,0.09560931075,0.0208308328125,0.138447814423,0.40410542114,1.08112578558
 05/24  07:00:00,0.914450707664,2.86395159945,0.0,1.62381548469,0.0,0.044708974169,0.044708974169,0.044708974169,0.15934885125,0.0347180546875,0.214170541178,0.42939228638,1.21056055576
 05/24  08:00:00,0.846049447396,2.80215639366,0.0,1.60040937339,0.0,0.0440645270409,0.0440645270409,0.0440645270409,0.12039692841,0.0262314231445,0.275218193109,0.363026375692,1.17674259348
 05/24  09:00:00,0.782405401375,2.62990434751,0.0,1.53506092043,0.0,0.0422652694759,0.0422652694759,0.0422652694759,0.0637395321407,0.0138872200537,0.336436577975,0.30896480173,1.0735626379
 05/24  10:00:00,0.789689056196,2.42624045334,0.0,1.45335770684,0.0,0.0400157116286,0.0400157116286,0.0400157116286,0.0531162865364,0.0115726836817,0.351641232033,0.316231142316,0.9511014684
 05/24  11:00:00,0.799447303942,2.11536335363,0.0,1.25167725169,0.0,0.0344627862225,0.0344627862225,0.0344627862225,0.0531162865364,0.0115726836817,0.366855520645,0.316328026857,0.841898150651
 05/24  12:00:00,0.775841955057,1.71692470861,0.0,0.938657028594,0.0,0.0258443112784,0.0258443112784,0.0258443112784,0.0531162865364,0.0115726836817,0.357197296466,0.310999377094,0.756846753941
 05/24  13:00:00,0.745461220979,1.35179631799,0.0,0.623377502732,0.0,0.0171636303077,0.0171636303077,0.0171636303077,0.0531162865364,0.0115726836817,0.324743059292,0.321753561161,0.706257165563
 05/24  14:00:00,0.734057415523,1.14176125255,0.0,0.462050465919,0.0,0.0127217670606,0.0127217670606,0.0127217670606,0.0531162865364,0.0115726836817,0.299663707888,0.339870970357,0.656301251211
 05/24  15:00:00,0.754806276082,0.906626147371,0.0,0.218895479497,0.0,0.0060269115739,0.0060269115739,0.0060269115739,0.0531162865364,0.0115726836817,0.308214938409,0.358763455881,0.663019861247
 05/24  16:00:00,0.867510687468,0.83932735054,0.0,0.0862349429193,0.0,0.00237433124132,0.00237433124132,0.00237433124132,0.056657371191,0.012344197627,0.354668497169,0.42435429024,0.723863854279
 05/24  17:00:00,1.05903179093,0.932182903687,0.0,0.042850480786,0.0,0.00117981449041,0.00117981449041,0.00117981449041,0.070821709809,0.0154302443018,0.438965378865,0.515522643463,0.853824401821
 05/24  18:00:00,1.15523177156,1.01203922634,0.0,0.0,0.0,0.0,0.0,0.0,0.123938004705,0.0270029334473,0.397476839177,0.559701994228,0.973488232584
 05/24  19:00:00,1.21902675139,1.03279890925,0.0,0.0,0.0,0.0,0.0,0.0,0.24787600941,0.0540058486818,0.322310374418,0.577722518882,0.993006702958
 05/24  20:00:00,1.43336706475,1.045024201,0.0,0.0814596523117,0.0,0.00224285180512,0.00224285180512,0.00224285180512,0.435553471021,0.094896004004,0.2859788881,0.597583849817,0.922404339328
 05/24  21:00:00,1.57527830921,1.25762363892,0.0,0.381183978846,0.0,0.0104952470429,0.0104952470429,0.0104952470429,0.570114788205,0.124213468359,0.269710329714,0.583632475892,0.83624038945
 05/24  22:00:00,1.30802784945,1.6235510892,0.0,0.890779588927,0.0,0.0245260880975,0.0245260880975,0.0245260880975,0.4461767835,0.0972105349122,0.217943329922,0.505059113019,0.697984183248
 05/24  23:00:00,1.02585197914,2.12442034296,0.0,1.54594733005,0.0,0.0425650080921,0.0425650080921,0.0425650080921,0.31161554991,0.0678930887695,0.147779360955,0.438886971413,0.548243481709
 05/24  24:00:00,0.733207342198,2.619984171,0.0,2.20542754786,0.0,0.0607226647354,0.0607226647354,0.0607226647354,0.15934885125,0.0347180546875,0.0982793958339,0.363026375692,0.389552196338
 05/25  01:00:00,0.628897550761,3.14424665993,0.0,2.80477604799,0.0,0.0772246976713,0.0772246976713,0.0772246976713,0.09560931075,0.0208308328125,0.0838690425574,0.33425166697,0.316448121297
 05/25  02:00:00,0.58444315513,3.50588852194,0.0,3.18683559703,0.0,0.0877440520378,0.0877440520378,0.0877440520378,0.0637395321407,0.0138872200537,0.0715840655737,0.330376285324,0.296297361695
 05/25  03:00:00,0.578625391133,3.73961166388,0.0,3.41581862805,0.0,0.0940487070406,0.0940487070406,0.0940487070406,0.0637395321407,0.0138872200537,0.064112104549,0.325725827349,0.30135778552
 05/25  04:00:00,0.584486181606,4.09807544507,0.0,3.71818264006,0.0,0.10237378149,0.10237378149,0.10237378149,0.0637395321407,0.0138872200537,0.0739521572983,0.313421490622,0.35830504928
 05/25  05:00:00,0.637746587573,4.36192222226,0.0,3.72907853228,0.0,0.102673781194,0.102673781194,0.102673781194,0.0672806251545,0.0146587321777,0.0862682554934,0.349753193554,0.608753489623
 05/25  06:00:00,0.778464237396,4.82178642756,0.0,3.71764063358,0.0,0.102358858271,0.102358858271,0.102358858271,0.09560931075,0.0208308328125,0.138447814423,0.40410542114,1.07631193645
 05/25  07:00:00,0.956012714924,4.36814756587,0.0,3.13333414884,0.0,0.0862709814287,0.0862709814287,0.0862709814287,0.15934885125,0.0347180546875,0.214170541178,0.42939228638,1.20523785803
 05/25  08:00:00,0.88024453822,4.03926535502,0.0,2.84236401478,0.0,0.0782596178655,0.0782596178655,0.0782596178655,0.12039692841,0.0262314231445,0.275218193109,0.363026375692,1.17189691344
 05/25  09:00:00,0.811857193655,3.6954770553,0.0,2.60474049248,0.0,0.0717170617557,0.0717170617557,0.0717170617557,0.0637395321407,0.0138872200537,0.336436577975,0.30896480173,1.06945577363
 05/25  10:00:00,0.819742025608,3.5144192473,0.0,2.54487183794,0.0,0.070068681041,0.070068681041,0.070068681041,0.0531162865364,0.0115726836817,0.351641232033,0.316231142316,0.947766131246
 05/25  11:00:00,0.814349277284,2.65347042019,0.0,1.79291210475,0.0,0.0493647595642,0.0493647595642,0.0493647595642,0.0531162865364,0.0115726836817,0.366855520645,0.316328026857,0.838770364152
 05/25  12:00:00,0.787369888967,2.13320805527,0.0,1.35734786056,0.0,0.0373722451892,0.0373722451892,0.0373722451892,0.0531162865364,0.0115726836817,0.357197296466,0.310999377094,0.75443926864
 05/25  13:00:00,0.754289811166,1.67059066268,0.0,0.94402904351,0.0,0.0259922204949,0.0259922204949,0.0259922204949,0.0531162865364,0.0115726836817,0.324743059292,0.321753561161,0.704399969477
 05/25  14:00:00,0.738742294173,1.3099446107,0.0,0.632203743567,0.0,0.0174066457102,0.0174066457102,0.0174066457102,0.0531162865364,0.0115726836817,0.299663707888,0.339870970357,0.654331331714
 05/25  15:00:00,0.761031574157,1.13080227906,0.0,0.444996292576,0.0,0.0122522096492,0.0122522096492,0.0122522096492,0.0531162865364,0.0115726836817,0.308214938409,0.358763455881,0.66109517986
 05/25  16:00:00,0.871714632202,0.990108318499,0.0,0.238920856269,0.0,0.00657827597536,0.00657827597536,0.00657827597536,0.056657371191,0.012344197627,0.354668497169,0.42435429024,0.721958908889
 05/25  17:00:00,1.06674575331,1.21009141798,0.0,0.323019100157,0.0,0.00889377687379,0.00889377687379,0.00889377687379,0.070821709809,0.0154302443018,0.438965378865,0.515522643463,0.85156429674
 05/25  18:00:00,1.15776873739,1.10157956338,0.0,0.0921417788393,0.0,0.00253696583685,0.00253696583685,0.00253696583685,0.123938004705,0.0270029334473,0.397476839177,0.559701994228,0.970886790782
 05/25  19:00:00,1.22398118101,1.21035200945,0.0,0.179943281702,0.0,0.00495442961923,0.00495442961923,0.00495442961923,0.24787600941,0.0540058486818,0.322310374418,0.577722518882,0.990616521457
 05/25  20:00:00,1.43996129944,1.28222096664,0.0,0.320960123997,0.0,0.00883708649681,0.00883708649681,0.00883708649681,0.435553471021,0.094896004004,0.2859788881,0.597583849817,0.920100633282
 05/25  21:00:00,1.57730138249,1.32873700958,0.0,0.454661346035,0.0,0.0125183203185,0.0125183203185,0.0125183203185,0.570114788205,0.124213468359,0.269710329714,0.583632475892,0.833876392918
 05/25  22:00:00,1.30592619045,1.54542258246,0.0,0.814448013566,0.0,0.0224244290955,0.0224244290955,0.0224244290955,0.4461767835,0.0972105349122,0.217943329922,0.505059113019,0.696187251872
 05/25  23:00:00,1.0182834022,1.84833180181,0.0,1.27105906319,0.0,0.0349964311582,0.0349964311582,0.0349964311582,0.31161554991,0.0678930887695,0.147779360955,0.438886971413,0.547043207427
 05/25  24:00:00,0.722723673528,2.23857293884,0.0,1.82466409175,0.0,0.0502389960646,0.0502389960646,0.0502389960646,0.15934885125,0.0347180546875,0.0982793958339,0.363026375692,0.388904420295
 05/26  01:00:00,0.598044499654,2.63744405711,0.0,2.36731989445,0.0,0.0651800928176,0.0651800928176,0.0651800928176,0.09560931075,0.0208308328125,0.065060596304,0.33425166697,0.247101672008
 05/26  02:00:00,0.556517029371,2.89745737016,0.0,2.62813180747,0.0,0.0723611014926,0.0723611014926,0.0723611014926,0.0637395321407,0.0138872200537,0.0590408903606,0.330376285324,0.24656999947
 05/26  03:00:00,0.555254091788,3.07761834068,0.0,2.80967653536,0.0,0.0773596241858,0.0773596241858,0.0773596241858,0.0637395321407,0.0138872200537,0.0574298880592,0.325725827349,0.245506555015
 05/26  04:00:00,0.550556324854,3.20782837821,0.0,2.94083811842,0.0,0.0809709334044,0.0809709334044,0.0809709334044,0.0637395321407,0.0138872200537,0.0614251486328,0.313421490622,0.245402504067
 05/26  05:00:00,0.596816720456,3.2399680577,0.0,2.97068486924,0.0,0.0817927124943,0.0817927124943,0.0817927124943,0.0672806251545,0.0146587321777,0.0662194570756,0.349753193554,0.245192988109
 05/26  06:00:00,0.702847855673,3.09597781037,0.0,2.82307071412,0.0,0.077728409924,0.077728409924,0.077728409924,0.09560931075,0.0208308328125,0.0874618810474,0.40410542114,0.245073238715
 05/26  07:00:00,0.840446752229,2.83746278717,0.0,2.56287317461,0.0,0.0705643169698,0.0705643169698,0.0705643169698,0.15934885125,0.0347180546875,0.114311242941,0.42939228638,0.245014053564
 05/26  08:00:00,0.712844838253,2.65862903474,0.0,2.38840894794,0.0,0.065760743733,0.065760743733,0.065760743733,0.12039692841,0.0262314231445,0.120317367275,0.363026375692,0.24521566001
 05/26  09:00:00,0.587008388026,2.41975909055,0.0,2.15310141252,0.0,0.0592819543496,0.0592819543496,0.0592819543496,0.0637395321407,0.0138872200537,0.124022879752,0.30896480173,0.245376888851
 05/26  10:00:00,0.570659235286,2.38539532154,0.0,2.11801389764,0.0,0.0583158798102,0.0583158798102,0.0583158798102,0.0531162865364,0.0115726836817,0.114311242941,0.316231142316,0.24560014579
 05/26  11:00:00,0.564785571976,1.81979517972,0.0,1.55241678595,0.0,0.0427431334638,0.0427431334638,0.0427431334638,0.0531162865364,0.0115726836817,0.123913441437,0.316328026857,0.245590442482
 05/26  12:00:00,0.562804396101,1.49017299405,0.0,1.22272336679,0.0,0.0336655906642,0.0336655906642,0.0336655906642,0.0531162865364,0.0115726836817,0.136338458125,0.310999377094,0.246028701178
 05/26  13:00:00,0.55271131872,1.25746874491,0.0,0.988927328621,0.0,0.0272284177649,0.0272284177649,0.0272284177649,0.0531162865364,0.0115726836817,0.121928369576,0.321753561161,0.246379766595
 05/26  14:00:00,0.56174955041,1.06280323991,0.0,0.792746475558,0.0,0.0218269144693,0.0218269144693,0.0218269144693,0.0531162865364,0.0115726836817,0.118250695366,0.339870970357,0.246647228936
 05/26  15:00:00,0.595856301863,0.960096444762,0.0,0.688381999854,0.0,0.0189534176389,0.0189534176389,0.0189534176389,0.0531162865364,0.0115726836817,0.136338458125,0.358763455881,0.247003638283
 05/26  16:00:00,0.712917484628,0.815302240741,0.0,0.538841462503,0.0,0.014836075438,0.014836075438,0.014836075438,0.056657371191,0.012344197627,0.187613550132,0.42435429024,0.247232224897
 05/26  17:00:00,0.912068216636,1.03604879607,0.0,0.753087571823,0.0,0.0207349745788,0.0207349745788,0.0207349745788,0.070821709809,0.0154302443018,0.272446644484,0.515522643463,0.247453203171
 05/26  18:00:00,1.00577007117,0.964429753444,0.0,0.678296838776,0.0,0.0186757400269,0.0186757400269,0.0186757400269,0.123938004705,0.0270029334473,0.229339398762,0.559701994228,0.247581920912
 05/26  19:00:00,1.06997495308,1.11532367915,0.0,0.827666371421,0.0,0.0227883739066,0.0227883739066,0.0227883739066,0.24787600941,0.0540058486818,0.150470202205,0.577722518882,0.247865101432
 05/26  20:00:00,1.28647066788,1.25127344266,0.0,0.962256118474,0.0,0.0264940717406,0.0264940717406,0.0264940717406,0.435553471021,0.094896004004,0.114831271295,0.597583849817,0.247857114826
 05/26  21:00:00,1.42652242131,1.45946118947,0.0,1.17147586701,0.0,0.0322545786584,0.0322545786584,0.0322545786584,0.570114788205,0.124213468359,0.0991951101981,0.583632475892,0.247786051837
 05/26  22:00:00,1.19185020034,1.82286852511,0.0,1.54048304591,0.0,0.0424145584009,0.0424145584009,0.0424145584009,0.4461767835,0.0972105349122,0.0838772105124,0.505059113019,0.247598162174
 05/26  23:00:00,0.961520233237,2.19907844381,0.0,1.92157241334,0.0,0.0529072004804,0.0529072004804,0.0529072004804,0.31161554991,0.0678930887695,0.0731054226646,0.438886971413,0.247276499278
 05/26  24:00:00,0.705527539499,2.63368177156,0.0,2.36207156317,0.0,0.0650355890179,0.0650355890179,0.0650355890179,0.15934885125,0.0347180546875,0.066286668852,0.363026375692,0.246605781594
 05/27  01:00:00,0.607419804123,2.97728361254,0.0,2.70782792116,0.0,0.0745553972867,0.0745553972867,0.0745553972867,0.09560931075,0.0208308328125,0.065060596304,0.33425166697,0.246433200737
 05/27  02:00:00,0.564837699563,3.19901838434,0.0,2.93033585825,0.0,0.0806817716843,0.0806817716843,0.0806817716843,0.0637395321407,0.0138872200537,0.0590408903606,0.330376285324,0.245926962869
 05/27  03:00:00,0.561999962045,3.32271510443,0.0,3.05468436173,0.0,0.0841054944424,0.0841054944424,0.0841054944424,0.0637395321407,0.0138872200537,0.0574298880592,0.325725827349,0.245595492399
 05/27  04:00:00,0.560665221928,3.57487524019,0.0,3.30798999133,0.0,0.0910798304783,0.0910798304783,0.0910798304783,0.0637395321407,0.0138872200537,0.0614251486328,0.313421490622,0.245297493139
 05/27  05:00:00,0.607622088088,3.63248170748,0.0,3.3631323276,0.0,0.0925980801262,0.0925980801262,0.0925980801262,0.0672806251545,0.0146587321777,0.0662194570756,0.349753193554,0.245259179524
 05/27  06:00:00,0.712890797032,3.46066524906,0.0,3.18782709678,0.0,0.0877713512828,0.0877713512828,0.0877713512828,0.09560931075,0.0208308328125,0.0874618810474,0.40410542114,0.245004294752
 05/27  07:00:00,0.853304415613,3.30439061579,0.0,3.02985935106,0.0,0.0834219803541,0.0834219803541,0.0834219803541,0.15934885125,0.0347180546875,0.114311242941,0.42939228638,0.244955705734
 05/27  08:00:00,0.726710534102,3.16211683672,0.0,2.89200653754,0.0,0.0796264395816,0.0796264395816,0.0796264395816,0.12039692841,0.0262314231445,0.120317367275,0.363026375692,0.245105872388
 05/27  09:00:00,0.599012199636,2.85549651417,0.0,2.58907596865,0.0,0.0712857659601,0.0712857659601,0.0712857659601,0.0637395321407,0.0138872200537,0.124022879752,0.30896480173,0.245139756337
 05/27  10:00:00,0.587822222281,3.00852016866,0.0,2.74136803549,0.0,0.075478866806,0.075478866806,0.075478866806,0.0531162865364,0.0115726836817,0.114311242941,0.316231142316,0.245370855066
 05/27  11:00:00,0.577894897794,2.29549986774,0.0,2.02854326062,0.0,0.0558524592819,0.0558524592819,0.0558524592819,0.0531162865364,0.0115726836817,0.123913441437,0.316328026857,0.245168655824
 05/27  12:00:00,0.576395177601,1.98346052446,0.0,1.71633615614,0.0,0.047256372164,0.047256372164,0.047256372164,0.0531162865364,0.0115726836817,0.136338458125,0.310999377094,0.245703442239
 05/27  13:00:00,0.566454961065,1.75632000672,0.0,1.48809197443,0.0,0.0409720601098,0.0409720601098,0.0409720601098,0.0531162865364,0.0115726836817,0.121928369576,0.321753561161,0.246066382598
 05/27  14:00:00,0.57407508016,1.51041379623,0.0,1.24040573046,0.0,0.0341524442186,0.0341524442186,0.0341524442186,0.0531162865364,0.0115726836817,0.118250695366,0.339870970357,0.246598530352
 05/27  15:00:00,0.60402239034,1.25640684287,0.0,0.984971692744,0.0,0.0271195061159,0.0271195061159,0.0271195061159,0.0531162865364,0.0115726836817,0.136338458125,0.358763455881,0.246724343499
 05/27  16:00:00,0.719616172021,1.05820606011,0.0,0.78213562252,0.0,0.0215347628309,0.0215347628309,0.0215347628309,0.056657371191,0.012344197627,0.187613550132,0.42435429024,0.246841884251
 05/27  17:00:00,0.917447104724,1.23127006908,0.0,0.948447047864,0.0,0.0261138626669,0.0261138626669,0.0261138626669,0.070821709809,0.0154302443018,0.272446644484,0.515522643463,0.24731500014
 05/27  18:00:00,1.0054494229,0.952431990383,0.0,0.666650997233,0.0,0.0183550917552,0.0183550917552,0.0183550917552,0.123938004705,0.0270029334473,0.229339398762,0.559701994228,0.247229999394
 05/27  19:00:00,1.06624870637,0.979630282741,0.0,0.692330295825,0.0,0.0190621271963,0.0190621271963,0.0190621271963,0.24787600941,0.0540058486818,0.150470202205,0.577722518882,0.247507780621
 05/27  20:00:00,1.28220939063,1.09645923623,0.0,0.807487906723,0.0,0.0222327944916,0.0222327944916,0.0222327944916,0.435553471021,0.094896004004,0.114831271295,0.597583849817,0.247811120146
 05/27  21:00:00,1.4205567079,1.24277785261,0.0,0.9548030848,0.0,0.0262888652419,0.0262888652419,0.0262888652419,0.570114788205,0.124213468359,0.0991951101981,0.583632475892,0.247775497185
 05/27  22:00:00,1.18358213883,1.5226412051,0.0,1.24018972533,0.0,0.0341464968879,0.0341464968879,0.0341464968879,0.4461767835,0.0972105349122,0.0838772105124,0.505059113019,0.247664162746
 05/27  23:00:00,0.953133023954,1.89461301526,0.0,1.61695168429,0.0,0.0445199911978,0.0445199911978,0.0445199911978,0.31161554991,0.0678930887695,0.0731054226646,0.438886971413,0.247431799783
 05/27  24:00:00,0.696421282989,2.30347549642,0.0,2.03133527135,0.0,0.0559293325082,0.0559293325082,0.0559293325082,0.15934885125,0.0347180546875,0.066286668852,0.363026375692,0.247135798272
 05/28  01:00:00,0.596829432378,2.59247371426,0.0,2.3231890439,0.0,0.0639650255419,0.0639650255419,0.0639650255419,0.09560931075,0.0208308328125,0.065060596304,0.33425166697,0.24626217971
 05/28  02:00:00,0.553681172083,2.7939558582,0.0,2.52513438776,0.0,0.0695252442041,0.0695252442041,0.0695252442041,0.0637395321407,0.0138872200537,0.0590408903606,0.330376285324,0.246065907226
 05/28  03:00:00,0.552246006221,2.96860878878,0.0,2.70042384026,0.0,0.0743515386186,0.0743515386186,0.0743515386186,0.0637395321407,0.0138872200537,0.0574298880592,0.325725827349,0.245749698223
 05/28  04:00:00,0.546957967506,3.07731635964,0.0,2.81014694311,0.0,0.0773725760563,0.0773725760563,0.0773725760563,0.0637395321407,0.0138872200537,0.0614251486328,0.313421490622,0.245581660809
 05/28  05:00:00,0.592701711259,3.09073280649,0.0,2.82122906583,0.0,0.0776777032973,0.0776777032973,0.0776777032973,0.0672806251545,0.0146587321777,0.0662194570756,0.349753193554,0.245413540299
 05/28  06:00:00,0.702673873015,3.08980883281,0.0,2.81675172024,0.0,0.0775544272661,0.0775544272661,0.0775544272661,0.09560931075,0.0208308328125,0.0874618810474,0.40410542114,0.245223255036
 05/28  07:00:00,0.835994299755,2.67577910227,0.0,2.40116154051,0.0,0.0661118644959,0.0661118644959,0.0661118644959,0.15934885125,0.0347180546875,0.114311242941,0.42939228638,0.245042002764
 05/28  08:00:00,0.706610738806,2.43224469407,0.0,2.16198847186,0.0,0.0595266442853,0.0595266442853,0.0595266442853,0.12039692841,0.0262314231445,0.120317367275,0.363026375692,0.245251795409
 05/28  09:00:00,0.577567964907,2.07691991841,0.0,1.81022829752,0.0,0.0498415312311,0.0498415312311,0.0498415312311,0.0637395321407,0.0138872200537,0.124022879752,0.30896480173,0.245410831718
 05/28  10:00:00,0.551715631414,1.69737060326,0.0,1.42998833063,0.0,0.0393722759382,0.0393722759382,0.0393722759382,0.0531162865364,0.0115726836817,0.114311242941,0.316231142316,0.24560099453
 05/28  11:00:00,0.547293335259,1.18462025542,0.0,0.917104404706,0.0,0.0252508967471,0.0252508967471,0.0252508967471,0.0531162865364,0.0115726836817,0.123913441437,0.316328026857,0.245727899417
 05/28  12:00:00,0.539378593744,0.639301974686,0.0,0.371905800169,0.0,0.0102397883071,0.0102397883071,0.0102397883071,0.0531162865364,0.0115726836817,0.136338458125,0.310999377094,0.245975248438
 05/28  13:00:00,0.525482900955,0.268539219602,0.0,0.0,0.0,0.0,0.0,0.0,0.0531162865364,0.0115726836817,0.121928369576,0.321753561161,0.246377569912
 05/28  14:00:00,0.539922635941,0.27008976766,0.0,0.0,0.0,0.0,0.0,0.0,0.0531162865364,0.0115726836817,0.118250695366,0.339870970357,0.246680232244
 05/28  15:00:00,0.576902884224,0.271259586302,0.0,0.0,0.0,0.0,0.0,0.0,0.0531162865364,0.0115726836817,0.136338458125,0.358763455881,0.246548779676
 05/28  16:00:00,0.69808140919,0.275626837958,0.0,0.0,0.0,0.0,0.0,0.0,0.056657371191,0.012344197627,0.187613550132,0.42435429024,0.246398284617
 05/28  17:00:00,0.891333242058,0.282274982869,0.0,0.0,0.0,0.0,0.0,0.0,0.070821709809,0.0154302443018,0.272446644484,0.515522643463,0.246766961789
 05/28  18:00:00,0.987094331142,0.28568295161,0.0,0.0,0.0,0.0,0.0,0.0,0.123938004705,0.0270029334473,0.229339398762,0.559701994228,0.247131957854
 05/28  19:00:00,1.04718657918,0.286759946626,0.0,0.0,0.0,0.0,0.0,0.0,0.24787600941,0.0540058486818,0.150470202205,0.577722518882,0.24696774033
 05/28  20:00:00,1.25997659614,0.288160519779,0.0,0.0,0.0,0.0,0.0,0.0,0.435553471021,0.094896004004,0.114831271295,0.597583849817,0.247000310416
 05/28  21:00:00,1.39426784265,0.287381991649,0.0,0.0,0.0,0.0,0.0,0.0,0.570114788205,0.124213468359,0.0991951101981,0.583632475892,0.247182721026
 05/28  22:00:00,1.14943564194,0.282171540992,0.0,0.0,0.0,0.0,0.0,0.0,0.4461767835,0.0972105349122,0.0838772105124,0.505059113019,0.247384223968
 05/28  23:00:00,0.908613032756,0.277606578524,0.0,0.0,0.0,0.0,0.0,0.0,0.31161554991,0.0678930887695,0.0731054226646,0.438886971413,0.247377047329
 05/28  24:00:00,0.640835453849,0.285095693625,0.0,0.0124759312568,0.0,0.000343503368179,0.000343503368179,0.000343503368179,0.15934885125,0.0347180546875,0.066286668852,0.363026375692,0.247615335571
 05/29  01:00:00,0.561773537696,0.706929176428,0.0,0.366853598744,0.0,0.0101006846065,0.0101006846065,0.0101006846065,0.09560931075,0.0208308328125,0.0838690425574,0.33425166697,0.317053087039
 05/29  02:00:00,0.521518093559,1.22147173348,0.0,0.901417708286,0.0,0.0248189904673,0.0248189904673,0.0248189904673,0.0637395321407,0.0138872200537,0.0715840655737,0.330376285324,0.297298461972
 05/29  03:00:00,0.522793834429,1.71294473487,0.0,1.38803454233,0.0,0.0382171503374,0.0382171503374,0.0382171503374,0.0637395321407,0.0138872200537,0.064112104549,0.325725827349,0.302474942244
 05/29  04:00:00,0.529791025715,2.11179092917,0.0,1.73167226438,0.0,0.0476786255995,0.0476786255995,0.0476786255995,0.0637395321407,0.0138872200537,0.0739521572983,0.313421490622,0.358530909072
 05/29  05:00:00,0.586071973248,2.48164876495,0.0,1.85227324952,0.0,0.0509991668682,0.0509991668682,0.0509991668682,0.0672806251545,0.0146587321777,0.0862682554934,0.349753193554,0.605285315065
 05/29  06:00:00,0.729300685068,3.02653873794,0.0,1.93203631057,0.0,0.0531953059428,0.0531953059428,0.0531953059428,0.09560931075,0.0208308328125,0.138447814423,0.40410542114,1.06666856984
 05/29  07:00:00,0.913075155409,2.79721673798,0.0,1.57385587157,0.0,0.0433334219136,0.0433334219136,0.0433334219136,0.15934885125,0.0347180546875,0.214170541178,0.42939228638,1.19378530741
 05/29  08:00:00,0.834347595487,2.36086269111,0.0,1.17540189598,0.0,0.0323626751321,0.0323626751321,0.0323626751321,0.12039692841,0.0262314231445,0.275218193109,0.363026375692,1.16045636834
 05/29  09:00:00,0.757477517765,1.71000765108,0.0,0.629688248393,0.0,0.0173373858652,0.0173373858652,0.0173373858652,0.0637395321407,0.0138872200537,0.336436577975,0.30896480173,1.0590386135
 05/29  10:00:00,0.749673344567,0.96074206228,0.0,0.0,0.0,0.0,0.0,0.0,0.0531162865364,0.0115726836817,0.351641232033,0.316231142316,0.938960784174
 05/29  11:00:00,0.76498451772,0.853778627966,0.0,0.0,0.0,0.0,0.0,0.0,0.0531162865364,0.0115726836817,0.366855520645,0.316328026857,0.831990676674
 05/29  12:00:00,0.749997643778,0.769518812369,0.0,0.0,0.0,0.0,0.0,0.0,0.0531162865364,0.0115726836817,0.357197296466,0.310999377094,0.74809788629
 05/29  13:00:00,0.728297590671,0.720044094734,0.0,0.0,0.0,0.0,0.0,0.0,0.0531162865364,0.0115726836817,0.324743059292,0.321753561161,0.697882445043
 05/29  14:00:00,0.721335648463,0.671648058846,0.0,0.0,0.0,0.0,0.0,0.0,0.0531162865364,0.0115726836817,0.299663707888,0.339870970357,0.64823852343
 05/29  15:00:00,0.748779364508,0.679139236715,0.0,0.0,0.0,0.0,0.0,0.0,0.0531162865364,0.0115726836817,0.308214938409,0.358763455881,0.654428430089
 05/29  16:00:00,0.865136356227,0.742908310836,0.0,0.0,0.0,0.0,0.0,0.0,0.056657371191,0.012344197627,0.354668497169,0.42435429024,0.713679757495
 05/29  17:00:00,1.05785197644,0.876551676263,0.0,0.0,0.0,0.0,0.0,0.0,0.070821709809,0.0154302443018,0.438965378865,0.515522643463,0.841043655183
 05/29  18:00:00,1.15523177156,0.997036318051,0.0,0.0,0.0,0.0,0.0,0.0,0.123938004705,0.0270029334473,0.397476839177,0.559701994228,0.958485324295
 05/29  19:00:00,1.21902675139,1.01718967768,0.0,0.0,0.0,0.0,0.0,0.0,0.24787600941,0.0540058486818,0.322310374418,0.577722518882,0.977397471381
 05/29  20:00:00,1.43112421294,0.948916852617,0.0,0.0,0.0,0.0,0.0,0.0,0.435553471021,0.094896004004,0.2859788881,0.597583849817,0.907756643255
 05/29  21:00:00,1.56478306217,0.862953731352,0.0,0.0,0.0,0.0,0.0,0.0,0.570114788205,0.124213468359,0.269710329714,0.583632475892,0.822754460729
 05/29  22:00:00,1.28350176135,0.721764904679,0.0,0.0,0.0,0.0,0.0,0.0,0.4461767835,0.0972105349122,0.217943329922,0.505059113019,0.686977587654
 05/29  23:00:00,0.983286971046,0.570710565751,0.0,0.0,0.0,0.0,0.0,0.0,0.31161554991,0.0678930887695,0.147779360955,0.438886971413,0.540481034555
 05/29  24:00:00,0.672484677463,0.410012694691,0.0,0.0,0.0,0.0,0.0,0.0,0.15934885125,0.0347180546875,0.0982793958339,0.363026375692,0.385008267895
 05/30  01:00:00,0.55167285309,0.337252943624,0.0,0.0,0.0,0.0,0.0,0.0,0.09560931075,0.0208308328125,0.0838690425574,0.33425166697,0.314230452979
 05/30  02:00:00,0.496699103092,0.317836132052,0.0,0.0,0.0,0.0,0.0,0.0,0.0637395321407,0.0138872200537,0.0715840655737,0.330376285324,0.295080568834
 05/30  03:00:00,0.484576684092,0.323206311417,0.0,0.0,0.0,0.0,0.0,0.0,0.0637395321407,0.0138872200537,0.064112104549,0.325725827349,0.300771061113
 05/30  04:00:00,0.482112400115,0.379172202943,0.0,0.0,0.0,0.0,0.0,0.0,0.0637395321407,0.0138872200537,0.0739521572983,0.313421490622,0.357584447222
 05/30  05:00:00,0.535412750859,0.640919561846,0.0,0.0123466735696,0.0,0.000339944479469,0.000339944479469,0.000339944479469,0.0672806251545,0.0146587321777,0.0862682554934,0.349753193554,0.60448268792
 05/30  06:00:00,0.67904547688,1.19930156987,0.0,0.106783399749,0.0,0.00294009775498,0.00294009775498,0.00294009775498,0.09560931075,0.0208308328125,0.138447814423,0.40410542114,1.06468431259
 05/30  07:00:00,0.872166715662,1.30918690925,0.0,0.0880745681615,0.0,0.002424982167,0.002424982167,0.002424982167,0.15934885125,0.0347180546875,0.214170541178,0.42939228638,1.1915367821
 05/30  08:00:00,0.801984920355,1.18312033984,0.0,0.0,0.0,0.0,0.0,0.0,0.12039692841,0.0262314231445,0.275218193109,0.363026375692,1.15811591304
 05/30  09:00:00,0.740140131899,1.07787131552,0.0,0.0,0.0,0.0,0.0,0.0,0.0637395321407,0.0138872200537,0.336436577975,0.30896480173,1.05659052634
 05/30  10:00:00,0.749673344567,0.958186120578,0.0,0.0,0.0,0.0,0.0,0.0,0.0531162865364,0.0115726836817,0.351641232033,0.316231142316,0.936404842472
 05/30  11:00:00,0.76498451772,0.850718913994,0.0,0.0,0.0,0.0,0.0,0.0,0.0531162865364,0.0115726836817,0.366855520645,0.316328026857,0.828930962702
 05/30  12:00:00,0.749997643778,0.766487215677,0.0,0.0,0.0,0.0,0.0,0.0,0.0531162865364,0.0115726836817,0.357197296466,0.310999377094,0.745066289598
 05/30  13:00:00,0.728297590671,0.717277814507,0.0,0.0,0.0,0.0,0.0,0.0,0.0531162865364,0.0115726836817,0.324743059292,0.321753561161,0.695116164816
 05/30  14:00:00,0.721335648463,0.669055402164,0.0,0.0,0.0,0.0,0.0,0.0,0.0531162865364,0.0115726836817,0.299663707888,0.339870970357,0.645645866748
 05/30  15:00:00,0.748779364508,0.676405253648,0.0,0.0,0.0,0.0,0.0,0.0,0.0531162865364,0.0115726836817,0.308214938409,0.358763455881,0.651694447022
 05/30  16:00:00,0.865136356227,0.74015087757,0.0,0.0,0.0,0.0,0.0,0.0,0.056657371191,0.012344197627,0.354668497169,0.42435429024,0.710922324228
 05/30  17:00:00,1.05785197644,0.873303561282,0.0,0.0,0.0,0.0,0.0,0.0,0.070821709809,0.0154302443018,0.438965378865,0.515522643463,0.837795540203
 05/30  18:00:00,1.15523177156,0.993371932732,0.0,0.0,0.0,0.0,0.0,0.0,0.123938004705,0.0270029334473,0.397476839177,0.559701994228,0.954820938976
 05/30  19:00:00,1.21902675139,1.01348872951,0.0,0.0,0.0,0.0,0.0,0.0,0.24787600941,0.0540058486818,0.322310374418,0.577722518882,0.973696523214
 05/30  20:00:00,1.43112421294,0.945319804448,0.0,0.0,0.0,0.0,0.0,0.0,0.435553471021,0.094896004004,0.2859788881,0.597583849817,0.904159595085
 05/30  21:00:00,1.56478306217,0.859634785976,0.0,0.0,0.0,0.0,0.0,0.0,0.570114788205,0.124213468359,0.269710329714,0.583632475892,0.819435515353
 05/30  22:00:00,1.28350176135,0.718844776668,0.0,0.0,0.0,0.0,0.0,0.0,0.4461767835,0.0972105349122,0.217943329922,0.505059113019,0.684057459643
 05/30  23:00:00,0.983286971046,0.568102364118,0.0,0.0,0.0,0.0,0.0,0.0,0.31161554991,0.0678930887695,0.147779360955,0.438886971413,0.537872832923
 05/30  24:00:00,0.672484677463,0.407922997242,0.0,0.0,0.0,0.0,0.0,0.0,0.15934885125,0.0347180546875,0.0982793958339,0.363026375692,0.382918570445
 05/31  01:00:00,0.55167285309,0.335471626446,0.0,0.0,0.0,0.0,0.0,0.0,0.09560931075,0.0208308328125,0.0838690425574,0.33425166697,0.312449135801
 05/31  02:00:00,0.496699103092,0.3160811204,0.0,0.0,0.0,0.0,0.0,0.0,0.0637395321407,0.0138872200537,0.0715840655737,0.330376285324,0.293325557182
 05/31  03:00:00,0.484576684092,0.321537055384,0.0,0.0,0.0,0.0,0.0,0.0,0.0637395321407,0.0138872200537,0.064112104549,0.325725827349,0.29910180508
 05/31  04:00:00,0.482112400115,0.37727114589,0.0,0.0,0.0,0.0,0.0,0.0,0.0637395321407,0.0138872200537,0.0739521572983,0.313421490622,0.355683390169
 05/31  05:00:00,0.53507280638,0.6255372036,0.0,0.0,0.0,0.0,0.0,0.0,0.0672806251545,0.0146587321777,0.0862682554934,0.349753193554,0.601447003244
 05/31  06:00:00,0.676105379125,1.08812021519,0.0,0.0,0.0,0.0,0.0,0.0,0.09560931075,0.0208308328125,0.138447814423,0.40410542114,1.06028635766
 05/31  07:00:00,0.869741733495,1.21642286102,0.0,0.0,0.0,0.0,0.0,0.0,0.15934885125,0.0347180546875,0.214170541178,0.42939228638,1.18684730203
 05/31  08:00:00,0.801984920355,1.17865041563,0.0,0.0,0.0,0.0,0.0,0.0,0.12039692841,0.0262314231445,0.275218193109,0.363026375692,1.15364598884
 05/31  09:00:00,0.740140131899,1.07386177136,0.0,0.0,0.0,0.0,0.0,0.0,0.0637395321407,0.0138872200537,0.336436577975,0.30896480173,1.05258098218
 05/31  10:00:00,0.749673344567,0.954526717833,0.0,0.0,0.0,0.0,0.0,0.0,0.0531162865364,0.0115726836817,0.351641232033,0.316231142316,0.932745439727
 05/31  11:00:00,0.76498451772,0.84776841383,0.0,0.0,0.0,0.0,0.0,0.0,0.0531162865364,0.0115726836817,0.366855520645,0.316328026857,0.825980462538
 05/31  12:00:00,0.749997643778,0.764306664556,0.0,0.0,0.0,0.0,0.0,0.0,0.0531162865364,0.0115726836817,0.357197296466,0.310999377094,0.742885738477
 05/31  13:00:00,0.728297590671,0.715871673027,0.0,0.0,0.0,0.0,0.0,0.0,0.0531162865364,0.0115726836817,0.324743059292,0.321753561161,0.693710023336
 05/31  14:00:00,0.721335648463,0.667762213277,0.0,0.0,0.0,0.0,0.0,0.0,0.0531162865364,0.0115726836817,0.299663707888,0.339870970357,0.644352677861
 05/31  15:00:00,0.748779364508,0.674955691856,0.0,0.0,0.0,0.0,0.0,0.0,0.0531162865364,0.0115726836817,0.308214938409,0.358763455881,0.65024488523
 05/31  16:00:00,0.865136356227,0.738632981062,0.0,0.0,0.0,0.0,0.0,0.0,0.056657371191,0.012344197627,0.354668497169,0.42435429024,0.709404427721
 05/31  17:00:00,1.05785197644,0.871481953819,0.0,0.0,0.0,0.0,0.0,0.0,0.070821709809,0.0154302443018,0.438965378865,0.515522643463,0.83597393274
 05/31  18:00:00,1.15523177156,0.991323286974,0.0,0.0,0.0,0.0,0.0,0.0,0.123938004705,0.0270029334473,0.397476839177,0.559701994228,0.952772293218
 05/31  19:00:00,1.21902675139,1.01153750654,0.0,0.0,0.0,0.0,0.0,0.0,0.24787600941,0.0540058486818,0.322310374418,0.577722518882,0.971745300245
 05/31  20:00:00,1.43112421294,0.943573226137,0.0,0.0,0.0,0.0,0.0,0.0,0.435553471021,0.094896004004,0.2859788881,0.597583849817,0.902413016774
 05/31  21:00:00,1.56478306217,0.858173074875,0.0,0.0,0.0,0.0,0.0,0.0,0.570114788205,0.124213468359,0.269710329714,0.583632475892,0.817973804253
 05/31  22:00:00,1.28350176135,0.71794394411,0.0,0.0,0.0,0.0,0.0,0.0,0.4461767835,0.0972105349122,0.217943329922,0.505059113019,0.683156627085
 05/31  23:00:00,0.983286971046,0.567641467895,0.0,0.0,0.0,0.0,0.0,0.0,0.31161554991,0.0678930887695,0.147779360955,0.438886971413,0.537411936699
 05/31  24:00:00,0.672484677463,0.407972530919,0.0,0.0,0.0,0.0,0.0,0.0,0.15934885125,0.0347180546875,0.0982793958339,0.363026375692,0.382968104123
 06/01  01:00:00,0.510463341506,0.332803877338,0.0,0.0,0.0,0.0,0.0,0.0,0.0956770209504,0.02084558514,0.0834923761498,0.293336359266,0.312599539546
 06/01  02:00:00,0.455074328373,0.313710703408,0.0,0.0,0.0,0.0,0.0,0.0,0.0626849499491,0.0136574534635,0.0716845669617,0.289935357999,0.293740618807
 06/01  03:00:00,0.443503660426,0.319080123361,0.0,0.0,0.0,0.0,0.0,0.0,0.0626849499491,0.0136574534635,0.0641951005342,0.285854156479,0.29939114259
 06/01  04:00:00,0.442046368417,0.374612676405,0.0,0.0,0.0,0.0,0.0,0.0,0.0626849499491,0.0136574534635,0.0735359875481,0.275055977456,0.355667449519
 06/01  05:00:00,0.490439731785,0.645878844842,0.0,0.0241092352367,0.0,0.000663806439582,0.000663806439582,0.000663806439582,0.0659841587211,0.0143762669954,0.0853631352956,0.306940364333,0.600628259046
 06/01  06:00:00,0.61899610055,1.19681691002,0.0,0.114529619052,0.0,0.00315337661703,0.00315337661703,0.00315337661703,0.089078620125,0.0194079617187,0.135604734988,0.354639407101,1.0578605394
 06/01  07:00:00,0.7927288896,1.28593346982,0.0,0.0763326791638,0.0,0.00210168939338,0.00210168939338,0.00210168939338,0.141865910321,0.0309089673015,0.208909382217,0.376830940367,1.18364553701
 06/01  08:00:00,0.734511805628,1.19985987949,0.0,0.0273511539844,0.0,0.000753067111695,0.000753067111695,0.000753067111695,0.105574663985,0.0230020293783,0.269481251481,0.318588793672,1.15056505777
 06/01  09:00:00,0.690994649551,1.06853090952,0.0,0.0,0.0,0.0,0.0,0.0,0.0593857495364,0.0129386399317,0.330413434083,0.271144826,1.0498550738
 06/01  10:00:00,0.705302121308,0.949513930116,0.0,0.0,0.0,0.0,0.0,0.0,0.0527873319925,0.0115010128678,0.346380073072,0.277521703375,0.930398869665
 06/01  11:00:00,0.715604128444,0.842762773945,0.0,0.0,0.0,0.0,0.0,0.0,0.0494881232205,0.0107822011572,0.36061507566,0.277606728407,0.823641857165
 06/01  12:00:00,0.700320914683,0.759163756937,0.0,0.0,0.0,0.0,0.0,0.0,0.0494881232205,0.0107822011572,0.350008238641,0.272930351665,0.740364938295
 06/01  13:00:00,0.678774077625,0.710157156458,0.0,0.0,0.0,0.0,0.0,0.0,0.0494881232205,0.0107822011572,0.319023623067,0.28236813018,0.690708285209
 06/01  14:00:00,0.669879379194,0.662221114416,0.0,0.0,0.0,0.0,0.0,0.0,0.0494881232205,0.0107822011572,0.294229243714,0.298267811103,0.641677109495
 06/01  15:00:00,0.697273917722,0.669339820309,0.0,0.0,0.0,0.0,0.0,0.0,0.0527873319925,0.0115010128678,0.301025880583,0.314847692279,0.647653831078
 06/01  16:00:00,0.79642692831,0.732277552528,0.0,0.0,0.0,0.0,0.0,0.0,0.0527873319925,0.0115010128678,0.34261694473,0.37240963872,0.706626828026
 06/01  17:00:00,1.00578653032,0.863681725038,0.0,0.0,0.0277916815875,0.00915677085202,0.0369484524396,0.00915677085202,0.0659841587211,0.0143762669954,0.418947458642,0.452418193523,0.832520194199
 06/01  18:00:00,1.05345884254,0.982737065185,0.0,0.0,0.00334617049959,0.00115067099516,0.00449684149475,0.00115067099516,0.105574663985,0.0230020293783,0.382083699719,0.491189607965,0.94890504796
 06/01  19:00:00,1.10738587112,1.00254665901,0.0,0.0,0.0144101298938,0.00500981942378,0.0194199493176,0.00500981942378,0.204550927144,0.0445664353352,0.314732295471,0.507004263856,0.967625364439
 06/01  20:00:00,1.26935379664,0.934587012237,0.0,0.0,0.0,0.0,0.0,0.0,0.366212123535,0.0797882729005,0.281807004861,0.524434395348,0.898465170062
 06/01  21:00:00,1.4431989642,0.849560714172,0.0,0.0,0.0,0.0,0.0,0.0,0.531172478541,0.115728949495,0.266994745381,0.512190790788,0.814282183487
 06/01  22:00:00,1.21925179017,0.71030882945,0.0,0.0,0.0,0.0,0.0,0.0,0.445393100625,0.0970398085937,0.216471390852,0.443235490102,0.679779782229
 06/01  23:00:00,0.926918495836,0.560889162102,0.0,0.0,0.0,0.0,0.0,0.0,0.310125591129,0.0675684465008,0.146949064735,0.385163393471,0.534359988131
 06/01  24:00:00,0.626481834936,0.402238297718,0.0,0.0,0.0,0.0,0.0,0.0,0.158361954181,0.034503034961,0.0979160521221,0.318588793672,0.380294629976
 06/02  01:00:00,0.510463341506,0.330337487932,0.0,0.0,0.0,0.0,0.0,0.0,0.0956770209504,0.02084558514,0.0834923761498,0.293336359266,0.310133150139
 06/02  02:00:00,0.455074328373,0.311211300246,0.0,0.0,0.0,0.0,0.0,0.0,0.0626849499491,0.0136574534635,0.0716845669617,0.289935357999,0.291241215645
 06/02  03:00:00,0.443503660426,0.316591496961,0.0,0.0,0.0,0.0,0.0,0.0,0.0626849499491,0.0136574534635,0.0641951005342,0.285854156479,0.29690251619
 06/02  04:00:00,0.442046368417,0.371653501346,0.0,0.0,0.0,0.0,0.0,0.0,0.0626849499491,0.0136574534635,0.0735359875481,0.275055977456,0.352708274459
 06/02  05:00:00,0.489775925345,0.618125403321,0.0,0.0,0.0,0.0,0.0,0.0,0.0659841587211,0.0143762669954,0.0853631352956,0.306940364333,0.596984052761
 06/02  06:00:00,0.615842723933,1.0771592097,0.0,0.0,0.0,0.0,0.0,0.0,0.089078620125,0.0194079617187,0.135604734988,0.354639407101,1.05273245813
 06/02  07:00:00,0.790627200206,1.20429952694,0.0,0.0,0.0,0.0,0.0,0.0,0.141865910321,0.0309089673015,0.208909382217,0.376830940367,1.17834427329
 06/02  08:00:00,0.735909025288,1.2454674222,0.0,0.0780977202337,0.0,0.00215028677181,0.00215028677181,0.00215028677181,0.105574663985,0.0230020293783,0.269481251481,0.318588793672,1.14542603422
 06/02  09:00:00,0.693451893646,1.15270023272,0.0,0.0892463109483,0.0,0.00245724409484,0.00245724409484,0.00245724409484,0.0593857495364,0.0129386399317,0.330413434083,0.271144826,1.04477808605
 06/02  10:00:00,0.705302121308,0.945022317733,0.0,0.0,0.0,0.0,0.0,0.0,0.0527873319925,0.0115010128678,0.346380073072,0.277521703375,0.925907257282
 06/02  11:00:00,0.715604128444,0.838831452918,0.0,0.0,0.0,0.0,0.0,0.0,0.0494881232205,0.0107822011572,0.36061507566,0.277606728407,0.819710536137
 06/02  12:00:00,0.700320914683,0.755373900693,0.0,0.0,0.0,0.0,0.0,0.0,0.0494881232205,0.0107822011572,0.350008238641,0.272930351665,0.736575082051
 06/02  13:00:00,0.678774077625,0.706699825773,0.0,0.0,0.0,0.0,0.0,0.0,0.0494881232205,0.0107822011572,0.319023623067,0.28236813018,0.687250954524
 06/02  14:00:00,0.669879379194,0.658849423557,0.0,0.0,0.0,0.0,0.0,0.0,0.0494881232205,0.0107822011572,0.294229243714,0.298267811103,0.638305418636
 06/02  15:00:00,0.697273917722,0.666045083638,0.0,0.0,0.0,0.0,0.0,0.0,0.0527873319925,0.0115010128678,0.301025880583,0.314847692279,0.644359094407
 06/02  16:00:00,0.79642692831,0.728703068561,0.0,0.0,0.0,0.0,0.0,0.0,0.0527873319925,0.0115010128678,0.34261694473,0.37240963872,0.703052344059
 06/02  17:00:00,0.968838077881,0.859821633167,0.0,0.0,0.0,0.0,0.0,0.0,0.0659841587211,0.0143762669954,0.418947458642,0.452418193523,0.828660102328
 06/02  18:00:00,1.04896200105,0.978386357521,0.0,0.0,0.0,0.0,0.0,0.0,0.105574663985,0.0230020293783,0.382083699719,0.491189607965,0.944554340295
 06/02  19:00:00,1.08796592181,0.998345160747,0.0,0.0,0.0,0.0,0.0,0.0,0.204550927144,0.0445664353352,0.314732295471,0.507004263856,0.96342386618
 06/02  20:00:00,1.26935379664,0.930722837809,0.0,0.0,0.0,0.0,0.0,0.0,0.366212123535,0.0797882729005,0.281807004861,0.524434395348,0.894600995634
 06/02  21:00:00,1.4431989642,0.845919906476,0.0,0.0,0.0,0.0,0.0,0.0,0.531172478541,0.115728949495,0.266994745381,0.512190790788,0.810641375791
 06/02  22:00:00,1.21925179017,0.707170559753,0.0,0.0,0.0,0.0,0.0,0.0,0.445393100625,0.0970398085937,0.216471390852,0.443235490102,0.676641512532
 06/02  23:00:00,0.926918495836,0.558310660468,0.0,0.0,0.0,0.0,0.0,0.0,0.310125591129,0.0675684465008,0.146949064735,0.385163393471,0.531781486497
 06/02  24:00:00,0.626481834936,0.400168780745,0.0,0.0,0.0,0.0,0.0,0.0,0.158361954181,0.034503034961,0.0979160521221,0.318588793672,0.378225113003
 06/03  01:00:00,0.514410365581,0.335463658839,0.0,0.0,0.0,0.0,0.0,0.0,0.0956770209504,0.02084558514,0.0874394002251,0.293336359266,0.315259321047
 06/03  02:00:00,0.4576855668,0.314290263013,0.0,0.0,0.0,0.0,0.0,0.0,0.0626849499491,0.0136574534635,0.0742958053889,0.289935357999,0.294320178413
 06/03  03:00:00,0.444869064598,0.319867599948,0.0,0.0,0.0,0.0,0.0,0.0,0.0626849499491,0.0136574534635,0.0655605047062,0.285854156479,0.300178619177
 06/03  04:00:00,0.444717524033,0.380597273712,0.0,0.0,0.0,0.0,0.0,0.0,0.0626849499491,0.0136574534635,0.0762071431636,0.275055977456,0.361652046825
 06/03  05:00:00,0.493872617946,0.647798965085,0.0,0.0,0.0,0.0,0.0,0.0,0.0659841587211,0.0143762669954,0.0894598278958,0.306940364333,0.626657614525
 06/03  06:00:00,0.62646823615,1.14807407304,0.0,0.0,0.0,0.0,0.0,0.0,0.089078620125,0.0194079617187,0.146230247206,0.354639407101,1.12364732147
 06/03  07:00:00,0.811788562126,1.29116963081,0.0,0.0,0.0,0.0,0.0,0.0,0.141865910321,0.0309089673015,0.230070744137,0.376830940367,1.26521437715
 06/03  08:00:00,0.766196039409,1.25854182318,0.0,0.0,0.0,0.0,0.0,0.0,0.105574663985,0.0230020293783,0.301918552373,0.318588793672,1.23659815544
 06/03  09:00:00,0.736322386987,1.15854130256,0.0,0.0107752842433,0.0,0.000296678969648,0.000296678969648,0.000296678969648,0.0593857495364,0.0129386399317,0.375444492549,0.271144826,1.1290901826
 06/03  10:00:00,0.756218350597,1.01731542712,0.0,0.0,0.0,0.0,0.0,0.0,0.0527873319925,0.0115010128678,0.397296302362,0.277521703375,0.998200366667
 06/03  11:00:00,0.768092887963,0.898786768289,0.0,0.0,0.0,0.0,0.0,0.0,0.0494881232205,0.0107822011572,0.413103835179,0.277606728407,0.879665851508
 06/03  12:00:00,0.748131420774,0.807662833419,0.0,0.0,0.0,0.0,0.0,0.0,0.0494881232205,0.0107822011572,0.397818744732,0.272930351665,0.788864014778
 06/03  13:00:00,0.722362110139,0.751949146335,0.0,0.0,0.0,0.0,0.0,0.0,0.0494881232205,0.0107822011572,0.362611655582,0.28236813018,0.732500275086
 06/03  14:00:00,0.709004951369,0.700063941007,0.0,0.0,0.0,0.0,0.0,0.0,0.0494881232205,0.0107822011572,0.333354815889,0.298267811103,0.679519936087
 06/03  15:00:00,0.734332890577,0.707278139897,0.0,0.0,0.0,0.0,0.0,0.0,0.0527873319925,0.0115010128678,0.338084853439,0.314847692279,0.685592150667
 06/03  16:00:00,0.832344847558,0.779587414212,0.0,0.0,0.0,0.0,0.0,0.0,0.0527873319925,0.0115010128678,0.378534863978,0.37240963872,0.75393668971
 06/03  17:00:00,1.0041900081,0.921190534746,0.0,0.0,0.0,0.0,0.0,0.0,0.0659841587211,0.0143762669954,0.454299388857,0.452418193523,0.890029003908
 06/03  18:00:00,1.08327231659,1.05840580574,0.0,0.0,0.0,0.0,0.0,0.0,0.105574663985,0.0230020293783,0.416394015259,0.491189607965,1.02457378852
 06/03  19:00:00,1.122210676,1.08796680626,0.0,0.0,0.0,0.0,0.0,0.0,0.204550927144,0.0445664353352,0.348977049664,0.507004263856,1.0530455117
 06/03  20:00:00,1.30420916697,1.01615164474,0.0,0.0,0.0,0.0,0.0,0.0,0.366212123535,0.0797882729005,0.316662375189,0.524434395348,0.980029802568
 06/03  21:00:00,1.47880582167,0.917643089767,0.0,0.0,0.0,0.0,0.0,0.0,0.531172478541,0.115728949495,0.302601602849,0.512190790788,0.882364559082
 06/03  22:00:00,1.2475450021,0.763736958,0.0,0.0,0.0,0.0,0.0,0.0,0.445393100625,0.0970398085937,0.244764602777,0.443235490102,0.733207910779
 06/03  23:00:00,0.948402961466,0.809870504665,0.0,0.216088285228,0.0,0.00594962029464,0.00594962029464,0.00594962029464,0.310125591129,0.0675684465008,0.162483910071,0.385163393471,0.567253045466
 06/03  24:00:00,0.650073495339,1.03180355533,0.0,0.618087433546,0.0,0.0170179773263,0.0170179773263,0.0170179773263,0.158361954181,0.034503034961,0.104489735199,0.318588793672,0.391772454045
 06/04  01:00:00,0.540609052109,1.28668880227,0.0,0.951527823071,0.0,0.026198686528,0.026198686528,0.026198686528,0.0956770209504,0.02084558514,0.0874394002251,0.293336359266,0.314956641404
 06/04  02:00:00,0.491972551717,1.55888621367,0.0,1.24529220511,0.0,0.0342869849166,0.0342869849166,0.0342869849166,0.0626849499491,0.0136574534635,0.0742958053889,0.289935357999,0.293623923965
 06/04  03:00:00,0.483504552062,1.72228464903,0.0,1.4032284115,0.0,0.0386354874641,0.0386354874641,0.0386354874641,0.0626849499491,0.0136574534635,0.0655605047062,0.285854156479,0.29936725676
 06/04  04:00:00,0.486437170436,1.89438613337,0.0,1.51524406685,0.0,0.0417196464029,0.0417196464029,0.0417196464029,0.0626849499491,0.0136574534635,0.0762071431636,0.275055977456,0.360196839626
 06/04  05:00:00,0.535439948067,2.15469919653,0.0,1.50971198875,0.0,0.041567330121,0.041567330121,0.041567330121,0.0659841587211,0.0143762669954,0.0894598278958,0.306940364333,0.62384585722
 06/04  06:00:00,0.667114385332,2.61955130918,0.0,1.47625499491,0.0,0.0406461491817,0.0406461491817,0.0406461491817,0.089078620125,0.0194079617187,0.146230247206,0.354639407101,1.11886956269
 06/04  07:00:00,0.84521437812,2.49983192048,0.0,1.2140148283,0.0,0.0334258159939,0.0334258159939,0.0334258159939,0.141865910321,0.0309089673015,0.230070744137,0.376830940367,1.25986183853
 06/04  08:00:00,0.800875507028,2.51307981938,0.0,1.25954704997,0.0,0.0346794676196,0.0346794676196,0.0346794676196,0.105574663985,0.0230020293783,0.301918552373,0.318588793672,1.23158910168
 06/04  09:00:00,0.768140798848,2.30951466485,0.0,1.16640971422,0.0,0.0321150908309,0.0321150908309,0.0321150908309,0.0593857495364,0.0129386399317,0.375444492549,0.271144826,1.12442911492
 06/04  10:00:00,0.789369702648,2.21717984091,0.0,1.20404638663,0.0,0.0331513520506,0.0331513520506,0.0331513520506,0.0527873319925,0.0115010128678,0.397296302362,0.277521703375,0.994018393833
 06/04  11:00:00,0.792526062809,1.78230623767,0.0,0.887405009654,0.0,0.0244331748454,0.0244331748454,0.0244331748454,0.0494881232205,0.0107822011572,0.413103835179,0.277606728407,0.875780311238
 06/04  12:00:00,0.763492552395,1.36211302099,0.0,0.557911333291,0.0,0.0153611316211,0.0153611316211,0.0153611316211,0.0494881232205,0.0107822011572,0.397818744732,0.272930351665,0.785402869055
 06/04  13:00:00,0.730053280083,1.02847161143,0.0,0.279340805327,0.0,0.00769116994355,0.00769116994355,0.00769116994355,0.0494881232205,0.0107822011572,0.362611655582,0.28236813018,0.729681934855
 06/04  14:00:00,0.709763291646,0.724957943476,0.0,0.0275426736358,0.0,0.000758340276798,0.000758340276798,0.000758340276798,0.0494881232205,0.0107822011572,0.333354815889,0.298267811103,0.67687126492
 06/04  15:00:00,0.734332890577,0.704736323262,0.0,0.0,0.0,0.0,0.0,0.0,0.0527873319925,0.0115010128678,0.338084853439,0.314847692279,0.683050334031
 06/04  16:00:00,0.832344847558,0.777077434892,0.0,0.0,0.0,0.0,0.0,0.0,0.0527873319925,0.0115010128678,0.378534863978,0.37240963872,0.751426710391
 06/04  17:00:00,1.0041900081,0.918234879373,0.0,0.0,0.0,0.0,0.0,0.0,0.0659841587211,0.0143762669954,0.454299388857,0.452418193523,0.887073348534
 06/04  18:00:00,1.08327231659,1.05490741762,0.0,0.0,0.0,0.0,0.0,0.0,0.105574663985,0.0230020293783,0.416394015259,0.491189607965,1.02107540039
 06/04  19:00:00,1.122210676,1.08441189179,0.0,0.0,0.0,0.0,0.0,0.0,0.204550927144,0.0445664353352,0.348977049664,0.507004263856,1.04949059722
 06/04  20:00:00,1.30420916697,1.01272869542,0.0,0.0,0.0,0.0,0.0,0.0,0.366212123535,0.0797882729005,0.316662375189,0.524434395348,0.976606853243
 06/04  21:00:00,1.47880582167,0.914625807919,0.0,0.0,0.0,0.0,0.0,0.0,0.531172478541,0.115728949495,0.302601602849,0.512190790788,0.879347277235
 06/04  22:00:00,1.2475450021,0.761227125595,0.0,0.0,0.0,0.0,0.0,0.0,0.445393100625,0.0970398085937,0.244764602777,0.443235490102,0.730698078374
 06/04  23:00:00,0.942778277882,0.60383994507,0.0,0.0118015962567,0.0,0.000324936710586,0.000324936710586,0.000324936710586,0.310125591129,0.0675684465008,0.162483910071,0.385163393471,0.565509174842
 06/04  24:00:00,0.648595627203,0.97739159531,0.0,0.564411740735,0.0,0.0155401091904,0.0155401091904,0.0155401091904,0.158361954181,0.034503034961,0.104489735199,0.318588793672,0.391036186833
 06/05  01:00:00,0.539447870579,1.3805448694,0.0,1.05270872349,0.0,0.0289845290734,0.0289845290734,0.0289845290734,0.0956770209504,0.02084558514,0.0834923761498,0.293336359266,0.307631808118
 06/05  02:00:00,0.497634274676,1.85378027538,0.0,1.54576348751,0.0,0.0425599463031,0.0425599463031,0.0425599463031,0.0626849499491,0.0136574534635,0.0716845669617,0.289935357999,0.288046703262
 06/05  03:00:00,0.495551642353,2.20322296123,0.0,1.89036587334,0.0,0.0520479819277,0.0520479819277,0.0520479819277,0.0626849499491,0.0136574534635,0.0641951005342,0.285854156479,0.293168107123
 06/05  04:00:00,0.503430565048,2.59631556908,0.0,2.2294541724,0.0,0.0613841966312,0.0613841966312,0.0613841966312,0.0626849499491,0.0136574534635,0.0735359875481,0.275055977456,0.347916169791
 06/05  05:00:00,0.556550695909,3.03566567657,0.0,2.42523807455,0.0,0.0667747705641,0.0667747705641,0.0667747705641,0.0659841587211,0.0143762669954,0.0853631352956,0.306940364333,0.589286251461
 06/05  06:00:00,0.681510330167,3.44918886057,0.0,2.38502622411,0.0,0.0656676062345,0.0656676062345,0.0656676062345,0.089078620125,0.0194079617187,0.135604734988,0.354639407101,1.03973588489
 06/05  07:00:00,0.847342601336,3.24949354404,0.0,2.05988502947,0.0,0.0567154011291,0.0567154011291,0.0567154011291,0.141865910321,0.0309089673015,0.208909382217,0.376830940367,1.16365326092
 06/05  08:00:00,0.783476363973,2.95881489166,0.0,1.80572807985,0.0,0.0497176254565,0.0497176254565,0.0497176254565,0.105574663985,0.0230020293783,0.269481251481,0.318588793672,1.13114314407
 06/05  09:00:00,0.728013369565,2.39509956436,0.0,1.34450794049,0.0,0.0370187200135,0.0370187200135,0.0370187200135,0.0593857495364,0.0129386399317,0.330413434083,0.271144826,1.03191578815
 06/05  10:00:00,0.737007833088,2.08539556439,0.0,1.15154119947,0.0,0.0317057117802,0.0317057117802,0.0317057117802,0.0527873319925,0.0115010128678,0.346380073072,0.277521703375,0.914739304468
 06/05  11:00:00,0.730474215939,1.36901667898,0.0,0.54007676941,0.0,0.0148700874948,0.0148700874948,0.0148700874948,0.0494881232205,0.0107822011572,0.36061507566,0.277606728407,0.809818992786
 06/05  12:00:00,0.704408026718,0.895652866707,0.0,0.148442587479,0.0,0.00408711203445,0.00408711203445,0.00408711203445,0.0494881232205,0.0107822011572,0.350008238641,0.272930351665,0.728411460586
 06/05  13:00:00,0.678774077625,0.699699424838,0.0,0.0,0.0,0.0,0.0,0.0,0.0494881232205,0.0107822011572,0.319023623067,0.28236813018,0.680250553589
 06/05  14:00:00,0.669879379194,0.652541710555,0.0,0.0,0.0,0.0,0.0,0.0,0.0494881232205,0.0107822011572,0.294229243714,0.298267811103,0.631997705635
 06/05  15:00:00,0.697273917722,0.659865572266,0.0,0.0,0.0,0.0,0.0,0.0,0.0527873319925,0.0115010128678,0.301025880583,0.314847692279,0.638179583036
 06/05  16:00:00,0.79642692831,0.721913228087,0.0,0.0,0.0,0.0,0.0,0.0,0.0527873319925,0.0115010128678,0.34261694473,0.37240963872,0.696262503585
 06/05  17:00:00,0.968838077881,0.85201520301,0.0,0.0,0.0,0.0,0.0,0.0,0.0659841587211,0.0143762669954,0.418947458642,0.452418193523,0.820853672171
 06/05  18:00:00,1.04896200105,0.969644419389,0.0,0.0,0.0,0.0,0.0,0.0,0.105574663985,0.0230020293783,0.382083699719,0.491189607965,0.935812402164
 06/05  19:00:00,1.08796592181,0.989495899087,0.0,0.0,0.0,0.0,0.0,0.0,0.204550927144,0.0445664353352,0.314732295471,0.507004263856,0.954574604519
 06/05  20:00:00,1.26935379664,0.922549252346,0.0,0.0,0.0,0.0,0.0,0.0,0.366212123535,0.0797882729005,0.281807004861,0.524434395348,0.886427410171
 06/05  21:00:00,1.4431989642,0.838765218645,0.0,0.0,0.0,0.0,0.0,0.0,0.531172478541,0.115728949495,0.266994745381,0.512190790788,0.80348668796
 06/05  22:00:00,1.21925179017,0.701617365867,0.0,0.0,0.0,0.0,0.0,0.0,0.445393100625,0.0970398085937,0.216471390852,0.443235490102,0.671088318646
 06/05  23:00:00,0.926918495836,0.554304402234,0.0,0.0,0.0,0.0,0.0,0.0,0.310125591129,0.0675684465008,0.146949064735,0.385163393471,0.527775228263
 06/05  24:00:00,0.626481834936,0.397989601706,0.0,0.0,0.0,0.0,0.0,0.0,0.158361954181,0.034503034961,0.0979160521221,0.318588793672,0.376045933964
 06/06  01:00:00,0.523212317741,0.790302745662,0.0,0.463038694335,0.0,0.012748976235,0.012748976235,0.012748976235,0.0956770209504,0.02084558514,0.0834923761498,0.293336359266,0.307059713534
 06/06  02:00:00,0.486020687648,1.43203578647,0.0,1.12396176202,0.0,0.0309463592747,0.0309463592747,0.0309463592747,0.0626849499491,0.0136574534635,0.0716845669617,0.289935357999,0.288103939846
 06/06  03:00:00,0.485343918007,1.83218782145,0.0,1.51962462585,0.0,0.0418402575811,0.0418402575811,0.0418402575811,0.0626849499491,0.0136574534635,0.0641951005342,0.285854156479,0.29287421483
 06/06  04:00:00,0.493415278593,2.23176674079,0.0,1.8657022069,0.0,0.0513689101759,0.0513689101759,0.0513689101759,0.0626849499491,0.0136574534635,0.0735359875481,0.275055977456,0.347119307009
 06/06  05:00:00,0.54884472326,2.75415240444,0.0,2.14535963971,0.0,0.0590687979142,0.0590687979142,0.0590687979142,0.0659841587211,0.0143762669954,0.0853631352956,0.306940364333,0.587651414164
 06/06  06:00:00,0.673255118792,3.14671670963,0.0,2.08519961638,0.0,0.0574123948594,0.0574123948594,0.0574123948594,0.089078620125,0.0194079617187,0.135604734988,0.354639407101,1.03709034168
 06/06  07:00:00,0.848637145086,3.29343087779,0.0,2.1069024399,0.0,0.05800994488,0.05800994488,0.05800994488,0.141865910321,0.0309089673015,0.208909382217,0.376830940367,1.16057318424
 06/06  08:00:00,0.789209033051,3.16374353638,0.0,2.01393676704,0.0,0.0554502945343,0.0554502945343,0.0554502945343,0.105574663985,0.0230020293783,0.269481251481,0.318588793672,1.12786310161
 06/06  09:00:00,0.743732741798,2.96288696302,0.0,1.91543045698,0.0,0.0527380922471,0.0527380922471,0.0527380922471,0.0593857495364,0.0129386399317,0.330413434083,0.271144826,1.02878067032
 06/06  10:00:00,0.755980092028,2.77120916431,0.0,1.84060750929,0.0,0.0506779707203,0.0506779707203,0.0506779707203,0.0527873319925,0.0115010128678,0.346380073072,0.277521703375,0.911486594563
 06/06  11:00:00,0.749815230201,2.06836752357,0.0,1.24253615327,0.0,0.0342111017565,0.0342111017565,0.0342111017565,0.0494881232205,0.0107822011572,0.36061507566,0.277606728407,0.806710453524
 06/06  12:00:00,0.722476104932,1.54893316369,0.0,0.80466934572,0.0,0.0221551902489,0.0221551902489,0.0221551902489,0.0494881232205,0.0107822011572,0.350008238641,0.272930351665,0.725464999324
 06/06  13:00:00,0.6919729048,1.17644941479,0.0,0.479377135034,0.0,0.0131988271756,0.0131988271756,0.0131988271756,0.0494881232205,0.0107822011572,0.319023623067,0.28236813018,0.677623408504
 06/06  14:00:00,0.673484174682,0.781400706575,0.0,0.130925006482,0.0,0.00360479548819,0.00360479548819,0.00360479548819,0.0494881232205,0.0107822011572,0.294229243714,0.298267811103,0.629931695173
 06/06  15:00:00,0.697273917722,0.657952420391,0.0,0.0,0.0,0.0,0.0,0.0,0.0527873319925,0.0115010128678,0.301025880583,0.314847692279,0.636266431161
 06/06  16:00:00,0.79642692831,0.720284800489,0.0,0.0,0.0,0.0,0.0,0.0,0.0527873319925,0.0115010128678,0.34261694473,0.37240963872,0.694634075987
 06/06  17:00:00,0.968838077881,0.850188519432,0.0,0.0,0.0,0.0,0.0,0.0,0.0659841587211,0.0143762669954,0.418947458642,0.452418193523,0.819026988594
 06/06  18:00:00,1.04896200105,0.967617272458,0.0,0.0,0.0,0.0,0.0,0.0,0.105574663985,0.0230020293783,0.382083699719,0.491189607965,0.933785255233
 06/06  19:00:00,1.08796592181,0.987427419123,0.0,0.0,0.0,0.0,0.0,0.0,0.204550927144,0.0445664353352,0.314732295471,0.507004263856,0.952506124555
 06/06  20:00:00,1.26935379664,0.921035105724,0.0,0.0,0.0,0.0,0.0,0.0,0.366212123535,0.0797882729005,0.281807004861,0.524434395348,0.884913263549
 06/06  21:00:00,1.4431989642,0.837659914286,0.0,0.0,0.0,0.0,0.0,0.0,0.531172478541,0.115728949495,0.266994745381,0.512190790788,0.802381383601
 06/06  22:00:00,1.21972268917,0.717991758864,0.0,0.0171028992146,0.0,0.000470898994628,0.000470898994628,0.000470898994628,0.445393100625,0.0970398085937,0.216471390852,0.443235490102,0.670359812428
 06/06  23:00:00,0.941694449266,1.09077896265,0.0,0.536657850628,0.0,0.0147759534304,0.0147759534304,0.0147759534304,0.310125591129,0.0675684465008,0.146949064735,0.385163393471,0.527591938049
 06/06  24:00:00,0.658638651766,1.56572215606,0.0,1.16792518901,0.0,0.03215681683,0.03215681683,0.03215681683,0.158361954181,0.034503034961,0.0979160521221,0.318588793672,0.375853299309
 06/07  01:00:00,0.556431956515,1.99603650663,0.0,1.66956523268,0.0,0.0459686150091,0.0459686150091,0.0459686150091,0.0956770209504,0.02084558514,0.0834923761498,0.293336359266,0.306266936151
 06/07  02:00:00,0.510519795477,2.31994639541,0.0,2.01376143634,0.0,0.0554454671042,0.0554454671042,0.0554454671042,0.0626849499491,0.0136574534635,0.0716845669617,0.289935357999,0.286214874476
 06/07  03:00:00,0.505024321904,2.54545101199,0.0,2.23441053151,0.0,0.061520661478,0.061520661478,0.061520661478,0.0626849499491,0.0136574534635,0.0641951005342,0.285854156479,0.291351499706
 06/07  04:00:00,0.510621905884,2.85534084428,0.0,2.49064134614,0.0,0.0685755374663,0.0685755374663,0.0685755374663,0.0626849499491,0.0136574534635,0.0735359875481,0.275055977456,0.345754271254
 06/07  05:00:00,0.560117902419,3.16168950577,0.0,2.55479786147,0.0,0.0703419770734,0.0703419770734,0.0703419770734,0.0659841587211,0.0143762669954,0.0853631352956,0.306940364333,0.585750293743
 06/07  06:00:00,0.684522205273,3.55253020703,0.0,2.49441655404,0.0,0.0686794813405,0.0686794813405,0.0686794813405,0.089078620125,0.0194079617187,0.135604734988,0.354639407101,1.03368690142
 06/07  07:00:00,0.857672864523,3.61796232508,0.0,2.43507684805,0.0,0.0670456643168,0.0670456643168,0.0670456643168,0.141865910321,0.0309089673015,0.208909382217,0.376830940367,1.15693022338
 06/07  08:00:00,0.803922422107,3.69481460713,0.0,2.54832229981,0.0,0.0701636835902,0.0701636835902,0.0701636835902,0.105574663985,0.0230020293783,0.269481251481,0.318588793672,1.12454863958
 06/07  09:00:00,0.764969289223,3.7312695448,0.0,2.6867349924,0.0,0.0739746396723,0.0739746396723,0.0739746396723,0.0593857495364,0.0129386399317,0.330413434083,0.271144826,1.02585871669
 06/07  10:00:00,0.79066680299,4.02833831949,0.0,3.10041763513,0.0,0.0853646816829,0.0853646816829,0.0853646816829,0.0527873319925,0.0115010128678,0.346380073072,0.277521703375,0.908805623906
 06/07  11:00:00,0.773893155083,2.93965568848,0.0,2.11703859914,0.0,0.0582890266388,0.0582890266388,0.0582890266388,0.0494881232205,0.0107822011572,0.36061507566,0.277606728407,0.803496172562
 06/07  12:00:00,0.74211738993,2.25932855001,0.0,1.51803446561,0.0,0.0417964752465,0.0417964752465,0.0417964752465,0.0494881232205,0.0107822011572,0.350008238641,0.272930351665,0.722495265754
 06/07  13:00:00,0.704388426884,1.62468012436,0.0,0.930304882408,0.0,0.0256143492589,0.0256143492589,0.0256143492589,0.0494881232205,0.0107822011572,0.319023623067,0.28236813018,0.674926370704
 06/07  14:00:00,0.686843759861,1.26379968478,0.0,0.616140820223,0.0,0.0169643806674,0.0169643806674,0.0169643806674,0.0494881232205,0.0107822011572,0.294229243714,0.298267811103,0.627114859638
 06/07  15:00:00,0.700647113646,0.77799616746,0.0,0.122513385199,0.0,0.00337319592395,0.00337319592395,0.00337319592395,0.0527873319925,0.0115010128678,0.301025880583,0.314847692279,0.633796793031
 06/07  16:00:00,0.79642692831,0.717827166459,0.0,0.0,0.0,0.0,0.0,0.0,0.0527873319925,0.0115010128678,0.34261694473,0.37240963872,0.692176441957
 06/07  17:00:00,0.968838077881,0.847501328791,0.0,0.0,0.0,0.0,0.0,0.0,0.0659841587211,0.0143762669954,0.418947458642,0.452418193523,0.816339797952
 06/07  18:00:00,1.04896200105,0.964508278296,0.0,0.0,0.0,0.0,0.0,0.0,0.105574663985,0.0230020293783,0.382083699719,0.491189607965,0.930676261071
 06/07  19:00:00,1.08796592181,0.984212727847,0.0,0.0,0.0,0.0,0.0,0.0,0.204550927144,0.0445664353352,0.314732295471,0.507004263856,0.94929143328
 06/07  20:00:00,1.26935379664,0.91757331645,0.0,0.0,0.0,0.0,0.0,0.0,0.366212123535,0.0797882729005,0.281807004861,0.524434395348,0.881451474275
 06/07  21:00:00,1.4431989642,0.834083008314,0.0,0.0,0.0,0.0,0.0,0.0,0.531172478541,0.115728949495,0.266994745381,0.512190790788,0.798804477629
 06/07  22:00:00,1.21925179017,0.697627100091,0.0,0.0,0.0,0.0,0.0,0.0,0.445393100625,0.0970398085937,0.216471390852,0.443235490102,0.66709805287
 06/07  23:00:00,0.926918495836,0.551360494854,0.0,0.0,0.0,0.0,0.0,0.0,0.310125591129,0.0675684465008,0.146949064735,0.385163393471,0.524831320883
 06/07  24:00:00,0.626481834936,0.396005352475,0.0,0.0,0.0,0.0,0.0,0.0,0.158361954181,0.034503034961,0.0979160521221,0.318588793672,0.374061684733
 06/08  01:00:00,0.512241902407,0.390125968909,0.0,0.0645967568161,0.0,0.00177856090124,0.00177856090124,0.00177856090124,0.0956770209504,0.02084558514,0.0834923761498,0.293336359266,0.305324874301
 06/08  02:00:00,0.463429958708,0.61002655777,0.0,0.303473791888,0.0,0.0083556303351,0.0083556303351,0.0083556303351,0.0626849499491,0.0136574534635,0.0716845669617,0.289935357999,0.286582681281
 06/08  03:00:00,0.457377123855,0.815411327774,0.0,0.503879705616,0.0,0.0138734634292,0.0138734634292,0.0138734634292,0.0626849499491,0.0136574534635,0.0641951005342,0.285854156479,0.291842641387
 06/08  04:00:00,0.461147248713,1.05868032552,0.0,0.69373779586,0.0,0.0191008802956,0.0191008802956,0.0191008802956,0.0626849499491,0.0136574534635,0.0735359875481,0.275055977456,0.345997302768
 06/08  05:00:00,0.510587450137,1.36206388932,0.0,0.755867850798,0.0,0.0208115247915,0.0208115247915,0.0208115247915,0.0659841587211,0.0143762669954,0.0853631352956,0.306940364333,0.585054687961
 06/08  06:00:00,0.63251289096,1.66148883821,0.0,0.605455075953,0.0,0.0166701670273,0.0166701670273,0.0166701670273,0.089078620125,0.0194079617187,0.135604734988,0.354639407101,1.03160701068
 06/08  07:00:00,0.801992819317,1.59311352779,0.0,0.412795610902,0.0,0.0113656191106,0.0113656191106,0.0113656191106,0.141865910321,0.0309089673015,0.208909382217,0.376830940367,1.15436266324
 06/08  08:00:00,0.739548152123,1.35412500853,0.0,0.210269630128,0.0,0.00578941360675,0.00578941360675,0.00578941360675,0.105574663985,0.0230020293783,0.269481251481,0.318588793672,1.12191171066
 06/08  09:00:00,0.690994649551,1.04219305123,0.0,0.0,0.0,0.0,0.0,0.0,0.0593857495364,0.0129386399317,0.330413434083,0.271144826,1.02351721552
 06/08  10:00:00,0.705302121308,0.926264050784,0.0,0.0,0.0,0.0,0.0,0.0,0.0527873319925,0.0115010128678,0.346380073072,0.277521703375,0.907148990333
 06/08  11:00:00,0.715604128444,0.822247861424,0.0,0.0,0.0,0.0,0.0,0.0,0.0494881232205,0.0107822011572,0.36061507566,0.277606728407,0.803126944644
 06/08  12:00:00,0.700320914683,0.740751844085,0.0,0.0,0.0,0.0,0.0,0.0,0.0494881232205,0.0107822011572,0.350008238641,0.272930351665,0.721953025444
 06/08  13:00:00,0.678774077625,0.693274123284,0.0,0.0,0.0,0.0,0.0,0.0,0.0494881232205,0.0107822011572,0.319023623067,0.28236813018,0.673825252035
 06/08  14:00:00,0.669879379194,0.646507586904,0.0,0.0,0.0,0.0,0.0,0.0,0.0494881232205,0.0107822011572,0.294229243714,0.298267811103,0.625963581984
 06/08  15:00:00,0.697273917722,0.653647205988,0.0,0.0,0.0,0.0,0.0,0.0,0.0527873319925,0.0115010128678,0.301025880583,0.314847692279,0.631961216757
 06/08  16:00:00,0.79642692831,0.715154226815,0.0,0.0,0.0,0.0,0.0,0.0,0.0527873319925,0.0115010128678,0.34261694473,0.37240963872,0.689503502313
 06/08  17:00:00,0.968838077881,0.84411833349,0.0,0.0,0.0,0.0,0.0,0.0,0.0659841587211,0.0143762669954,0.418947458642,0.452418193523,0.812956802652
 06/08  18:00:00,1.04896200105,0.96109766186,0.0,0.0,0.0,0.0,0.0,0.0,0.105574663985,0.0230020293783,0.382083699719,0.491189607965,0.927265644634
 06/08  19:00:00,1.08796592181,0.980774903596,0.0,0.0,0.0,0.0,0.0,0.0,0.204550927144,0.0445664353352,0.314732295471,0.507004263856,0.945853609029
 06/08  20:00:00,1.26935379664,0.914354719966,0.0,0.0,0.0,0.0,0.0,0.0,0.366212123535,0.0797882729005,0.281807004861,0.524434395348,0.878232877791
 06/08  21:00:00,1.4431989642,0.831220921248,0.0,0.0,0.0,0.0,0.0,0.0,0.531172478541,0.115728949495,0.266994745381,0.512190790788,0.795942390564
 06/08  22:00:00,1.21925179017,0.695332846472,0.0,0.0,0.0,0.0,0.0,0.0,0.445393100625,0.0970398085937,0.216471390852,0.443235490102,0.664803799251
 06/08  23:00:00,0.926918495836,0.549457742111,0.0,0.0,0.0,0.0,0.0,0.0,0.310125591129,0.0675684465008,0.146949064735,0.385163393471,0.52292856814
 06/08  24:00:00,0.626481834936,0.394421325937,0.0,0.0,0.0,0.0,0.0,0.0,0.158361954181,0.034503034961,0.0979160521221,0.318588793672,0.372477658195
 06/09  01:00:00,0.510463341506,0.324154198653,0.0,0.0,0.0,0.0,0.0,0.0,0.0956770209504,0.02084558514,0.0834923761498,0.293336359266,0.30394986086
 06/09  02:00:00,0.455074328373,0.305330374734,0.0,0.0,0.0,0.0,0.0,0.0,0.0626849499491,0.0136574534635,0.0716845669617,0.289935357999,0.285360290133
 06/09  03:00:00,0.446214144804,0.409098678795,0.0,0.0984439161505,0.0,0.00271048437816,0.00271048437816,0.00271048437816,0.0626849499491,0.0136574534635,0.0641951005342,0.285854156479,0.290965781874
 06/09  04:00:00,0.453818956305,0.791946980677,0.0,0.427576585288,0.0,0.0117725878877,0.0117725878877,0.0117725878877,0.0626849499491,0.0136574534635,0.0735359875481,0.275055977456,0.345425168502
 06/09  05:00:00,0.506985581089,1.2300568967,0.0,0.625049131684,0.0,0.0172096557437,0.0172096557437,0.0172096557437,0.0659841587211,0.0143762669954,0.0853631352956,0.306940364333,0.583866414454
 06/09  06:00:00,0.633727845065,1.70292497786,0.0,0.649581816199,0.0,0.0178851211329,0.0178851211329,0.0178851211329,0.089078620125,0.0194079617187,0.135604734988,0.354639407101,1.02891641009
 06/09  07:00:00,0.807809732962,1.80116562457,0.0,0.624064033522,0.0,0.0171825327555,0.0171825327555,0.0171825327555,0.141865910321,0.0309089673015,0.208909382217,0.376830940367,1.15114633739
 06/09  08:00:00,0.750091088495,1.73385686615,0.0,0.593185669975,0.0,0.0163323499784,0.0163323499784,0.0163323499784,0.105574663985,0.0230020293783,0.269481251481,0.318588793672,1.11872752843
 06/09  09:00:00,0.701832922509,1.43271761406,0.0,0.393642569172,0.0,0.0108382729583,0.0108382729583,0.0108382729583,0.0593857495364,0.0129386399317,0.330413434083,0.271144826,1.02039920917
 06/09  10:00:00,0.709942740617,1.09211377843,0.0,0.168545792728,0.0,0.00464061930953,0.00464061930953,0.00464061930953,0.0527873319925,0.0115010128678,0.346380073072,0.277521703375,0.904452925248
 06/09  11:00:00,0.715604128444,0.820148717258,0.0,0.0,0.0,0.0,0.0,0.0,0.0494881232205,0.0107822011572,0.36061507566,0.277606728407,0.801027800477
 06/09  12:00:00,0.700320914683,0.739405984079,0.0,0.0,0.0,0.0,0.0,0.0,0.0494881232205,0.0107822011572,0.350008238641,0.272930351665,0.720607165437
 06/09  13:00:00,0.678774077625,0.692243755481,0.0,0.0,0.0,0.0,0.0,0.0,0.0494881232205,0.0107822011572,0.319023623067,0.28236813018,0.672794884232
 06/09  14:00:00,0.669879379194,0.645436853211,0.0,0.0,0.0,0.0,0.0,0.0,0.0494881232205,0.0107822011572,0.294229243714,0.298267811103,0.62489284829
 06/09  15:00:00,0.697273917722,0.652483503228,0.0,0.0,0.0,0.0,0.0,0.0,0.0527873319925,0.0115010128678,0.301025880583,0.314847692279,0.630797513998
 06/09  16:00:00,0.79642692831,0.713898818567,0.0,0.0,0.0,0.0,0.0,0.0,0.0527873319925,0.0115010128678,0.34261694473,0.37240963872,0.688248094065
 06/09  17:00:00,0.968838077881,0.842566382551,0.0,0.0,0.0,0.0,0.0,0.0,0.0659841587211,0.0143762669954,0.418947458642,0.452418193523,0.811404851712
 06/09  18:00:00,1.04896200105,0.959046149945,0.0,0.0,0.0,0.0,0.0,0.0,0.105574663985,0.0230020293783,0.382083699719,0.491189607965,0.92521413272
 06/09  19:00:00,1.08796592181,0.978917054186,0.0,0.0,0.0,0.0,0.0,0.0,0.204550927144,0.0445664353352,0.314732295471,0.507004263856,0.943995759619
 06/09  20:00:00,1.26935379664,0.912878367063,0.0,0.0,0.0,0.0,0.0,0.0,0.366212123535,0.0797882729005,0.281807004861,0.524434395348,0.876756524888
 06/09  21:00:00,1.4431989642,0.830232687364,0.0,0.0,0.0,0.0,0.0,0.0,0.531172478541,0.115728949495,0.266994745381,0.512190790788,0.794954156679
 06/09  22:00:00,1.21925179017,0.694938196995,0.0,0.0,0.0,0.0,0.0,0.0,0.445393100625,0.0970398085937,0.216471390852,0.443235490102,0.664409149774
 06/09  23:00:00,0.929203518726,0.632704798655,0.0,0.082991292496,0.0,0.00228502289049,0.00228502289049,0.00228502289049,0.310125591129,0.0675684465008,0.146949064735,0.385163393471,0.523184332188
 06/09  24:00:00,0.64620974445,1.11183588549,0.0,0.716511294307,0.0,0.0197279095137,0.0197279095137,0.0197279095137,0.158361954181,0.034503034961,0.0979160521221,0.318588793672,0.373380923437
 06/10  01:00:00,0.552578548003,1.71802509632,0.0,1.38625604345,0.0,0.0381681824213,0.0381681824213,0.0381681824213,0.0956770209504,0.02084558514,0.0874394002251,0.293336359266,0.311564715074
 06/10  02:00:00,0.510195993066,2.21780787194,0.0,1.90716170214,0.0,0.0525104262651,0.0525104262651,0.0525104262651,0.0626849499491,0.0136574534635,0.0742958053889,0.289935357999,0.290676085201
 06/10  03:00:00,0.509985042101,2.68055524947,0.0,2.36499124698,0.0,0.0651159775037,0.0651159775037,0.0651159775037,0.0626849499491,0.0136574534635,0.0655605047062,0.285854156479,0.295875021719
 06/10  04:00:00,0.516649946111,2.98627771138,0.0,2.61256230977,0.0,0.0719324220786,0.0719324220786,0.0719324220786,0.0626849499491,0.0136574534635,0.0762071431636,0.275055977456,0.354770174725
 06/10  05:00:00,0.569240533791,3.37179650563,0.0,2.73733833249,0.0,0.0753679158456,0.0753679158456,0.0753679158456,0.0659841587211,0.0143762669954,0.0894598278958,0.306940364333,0.613316822589
 06/10  06:00:00,0.702765171147,3.89399025052,0.0,2.77108000765,0.0,0.0762969349969,0.0762969349969,0.0762969349969,0.089078620125,0.0194079617187,0.146230247206,0.354639407101,1.09848349129
 06/10  07:00:00,0.885498983662,3.9395263647,0.0,2.67713867513,0.0,0.0737104215361,0.0737104215361,0.0737104215361,0.141865910321,0.0309089673015,0.230070744137,0.376830940367,1.23643243592
 06/10  08:00:00,0.831406898913,3.59843711543,0.0,2.36843733056,0.0,0.0652108595041,0.0652108595041,0.0652108595041,0.105574663985,0.0230020293783,0.301918552373,0.318588793672,1.20805611713
 06/10  09:00:00,0.78996176955,3.08039806991,0.0,1.95894031409,0.0,0.0539360615334,0.0539360615334,0.0539360615334,0.0593857495364,0.0129386399317,0.375444492549,0.271144826,1.10278192011
 06/10  10:00:00,0.80415008334,2.73502296981,0.0,1.740865034,0.0,0.0479317327435,0.0479317327435,0.0479317327435,0.0527873319925,0.0115010128678,0.397296302362,0.277521703375,0.975042875358
 06/10  11:00:00,0.801070594643,2.07623494598,0.0,1.1977396429,0.0,0.0329777066793,0.0329777066793,0.0329777066793,0.0494881232205,0.0107822011572,0.413103835179,0.277606728407,0.859374386304
 06/10  12:00:00,0.768099595426,1.51506273914,0.0,0.725237646435,0.0,0.019968174652,0.019968174652,0.019968174652,0.0494881232205,0.0107822011572,0.397818744732,0.272930351665,0.771026274066
 06/10  13:00:00,0.73387044211,1.15424789382,0.0,0.417978895825,0.0,0.0115083319705,0.0115083319705,0.0115083319705,0.0494881232205,0.0107822011572,0.362611655582,0.28236813018,0.716820126743
 06/10  14:00:00,0.710201300825,0.729113308162,0.0,0.0434510253739,0.0,0.00119634945557,0.00119634945557,0.00119634945557,0.0494881232205,0.0107822011572,0.333354815889,0.298267811103,0.665118277867
 06/10  15:00:00,0.734332890577,0.692957271516,0.0,0.0,0.0,0.0,0.0,0.0,0.0527873319925,0.0115010128678,0.338084853439,0.314847692279,0.671271282286
 06/10  16:00:00,0.832344847558,0.764024763384,0.0,0.0,0.0,0.0,0.0,0.0,0.0527873319925,0.0115010128678,0.378534863978,0.37240963872,0.738374038882
 06/10  17:00:00,1.0041900081,0.902685924172,0.0,0.0,0.0,0.0,0.0,0.0,0.0659841587211,0.0143762669954,0.454299388857,0.452418193523,0.871524393333
 06/10  18:00:00,1.08327231659,1.03694415572,0.0,0.0,0.0,0.0,0.0,0.0,0.105574663985,0.0230020293783,0.416394015259,0.491189607965,1.00311213849
 06/10  19:00:00,1.122210676,1.06612291123,0.0,0.0,0.0,0.0,0.0,0.0,0.204550927144,0.0445664353352,0.348977049664,0.507004263856,1.03120161667
 06/10  20:00:00,1.30420916697,0.996138006912,0.0,0.0,0.0,0.0,0.0,0.0,0.366212123535,0.0797882729005,0.316662375189,0.524434395348,0.960016164737
 06/10  21:00:00,1.47880582167,0.900170146152,0.0,0.0,0.0,0.0,0.0,0.0,0.531172478541,0.115728949495,0.302601602849,0.512190790788,0.864891615468
 06/10  22:00:00,1.2475450021,0.750084307222,0.0,0.0,0.0,0.0,0.0,0.0,0.445393100625,0.0970398085937,0.244764602777,0.443235490102,0.719555260001
 06/10  23:00:00,0.957345034943,1.12507316405,0.0,0.540861502396,0.0,0.0148916937716,0.0148916937716,0.0148916937716,0.310125591129,0.0675684465008,0.162483910071,0.385163393471,0.557682487679
 06/10  24:00:00,0.671947951639,1.82061089752,0.0,1.412560613,0.0,0.0388924336258,0.0388924336258,0.0388924336258,0.158361954181,0.034503034961,0.104489735199,0.318588793672,0.386106616775
 06/11  01:00:00,0.572470893223,2.4400303993,0.0,2.10873958946,0.0,0.058060527642,0.058060527642,0.058060527642,0.0956770209504,0.02084558514,0.0874394002251,0.293336359266,0.311086472044
 06/11  02:00:00,0.534351886281,3.09449537835,0.0,2.78449593264,0.0,0.0766663194801,0.0766663194801,0.0766663194801,0.0626849499491,0.0136574534635,0.0742958053889,0.289935357999,0.29002936111
 06/11  03:00:00,0.535972592477,3.62354237875,0.0,3.30885067329,0.0,0.0911035278799,0.0911035278799,0.0911035278799,0.0626849499491,0.0136574534635,0.0655605047062,0.285854156479,0.295002724688
 06/11  04:00:00,0.549331548007,4.17273625908,0.0,3.79954752267,0.0,0.104614023974,0.104614023974,0.104614023974,0.0626849499491,0.0136574534635,0.0762071431636,0.275055977456,0.354243509524
 06/11  05:00:00,0.604969870973,4.66783809169,0.0,4.03501630546,0.0,0.111097253027,0.111097253027,0.111097253027,0.0659841587211,0.0143762669954,0.0894598278958,0.306940364333,0.611680435664
 06/11  06:00:00,0.743823336421,5.38181462192,0.0,4.2622992938,0.0,0.117355100271,0.117355100271,0.117355100271,0.089078620125,0.0194079617187,0.146230247206,0.354639407101,1.09508857654
 06/11  07:00:00,0.905503818835,4.66120057151,0.0,3.40370781985,0.0,0.0937152567093,0.0937152567093,0.0937152567093,0.141865910321,0.0309089673015,0.230070744137,0.376830940367,1.23153749802
 06/11  08:00:00,0.846154862267,4.12955426788,0.0,2.90407859068,0.0,0.0799588228587,0.0799588228587,0.0799588228587,0.105574663985,0.0230020293783,0.301918552373,0.318588793672,1.20353200946
 06/11  09:00:00,0.795752381563,3.28681011771,0.0,2.16925346992,0.0,0.0597266735458,0.0597266735458,0.0597266735458,0.0593857495364,0.0129386399317,0.375444492549,0.271144826,1.09888081207
 06/11  10:00:00,0.802066571583,2.65610104037,0.0,1.66519256071,0.0,0.0458482209864,0.0458482209864,0.0458482209864,0.0527873319925,0.0115010128678,0.397296302362,0.277521703375,0.971793419206
 06/11  11:00:00,0.790562071065,1.69185741068,0.0,0.816073464607,0.0,0.0224691831018,0.0224691831018,0.0224691831018,0.0494881232205,0.0107822011572,0.413103835179,0.277606728407,0.856663029288
 06/11  12:00:00,0.755485116476,1.05497395215,0.0,0.267083850005,0.0,0.00735369570214,0.00735369570214,0.00735369570214,0.0494881232205,0.0107822011572,0.397818744732,0.272930351665,0.769091283505
 06/11  13:00:00,0.722362110139,0.734682000757,0.0,0.0,0.0,0.0,0.0,0.0,0.0494881232205,0.0107822011572,0.362611655582,0.28236813018,0.715233129508
 06/11  14:00:00,0.709004951369,0.684141751863,0.0,0.0,0.0,0.0,0.0,0.0,0.0494881232205,0.0107822011572,0.333354815889,0.298267811103,0.663597746942
 06/11  15:00:00,0.734332890577,0.691245597749,0.0,0.0,0.0,0.0,0.0,0.0,0.0527873319925,0.0115010128678,0.338084853439,0.314847692279,0.669559608519
 06/11  16:00:00,0.832344847558,0.761688753116,0.0,0.0,0.0,0.0,0.0,0.0,0.0527873319925,0.0115010128678,0.378534863978,0.37240963872,0.736038028614
 06/11  17:00:00,1.0041900081,0.899845262364,0.0,0.0,0.0,0.0,0.0,0.0,0.0659841587211,0.0143762669954,0.454299388857,0.452418193523,0.868683731525
 06/11  18:00:00,1.08327231659,1.03362093805,0.0,0.0,0.0,0.0,0.0,0.0,0.105574663985,0.0230020293783,0.416394015259,0.491189607965,0.999788920825
 06/11  19:00:00,1.122210676,1.06251505324,0.0,0.0,0.0,0.0,0.0,0.0,0.204550927144,0.0445664353352,0.348977049664,0.507004263856,1.02759375867
 06/11  20:00:00,1.30420916697,0.992638073636,0.0,0.0,0.0,0.0,0.0,0.0,0.366212123535,0.0797882729005,0.316662375189,0.524434395348,0.956516231461
 06/11  21:00:00,1.47880582167,0.896505921539,0.0,0.0,0.0,0.0,0.0,0.0,0.531172478541,0.115728949495,0.302601602849,0.512190790788,0.861227390855
 06/11  22:00:00,1.2475450021,0.746588465964,0.0,0.0,0.0,0.0,0.0,0.0,0.445393100625,0.0970398085937,0.244764602777,0.443235490102,0.716059418743
 06/11  23:00:00,0.942453341171,0.581152430489,0.0,0.0,0.0,0.0,0.0,0.0,0.310125591129,0.0675684465008,0.162483910071,0.385163393471,0.554623256518
 06/11  24:00:00,0.633055518013,0.405756670935,0.0,0.0,0.0,0.0,0.0,0.0,0.158361954181,0.034503034961,0.104489735199,0.318588793672,0.383813003193
 06/12  01:00:00,0.510463341506,0.323169965896,0.0,0.0,0.0,0.0,0.0,0.0,0.0956770209504,0.02084558514,0.0834923761498,0.293336359266,0.302965628103
 06/12  02:00:00,0.455074328373,0.304629895924,0.0,0.0,0.0,0.0,0.0,0.0,0.0626849499491,0.0136574534635,0.0716845669617,0.289935357999,0.284659811323
 06/12  03:00:00,0.451880242886,0.613781904695,0.0,0.304234766288,0.0,0.00837658245997,0.00837658245997,0.00837658245997,0.0626849499491,0.0136574534635,0.0641951005342,0.285854156479,0.289858157636
 06/12  04:00:00,0.456045335874,0.871261765555,0.0,0.508437971296,0.0,0.0139989674563,0.0139989674563,0.0139989674563,0.0626849499491,0.0136574534635,0.0735359875481,0.275055977456,0.343878567372
 06/12  05:00:00,0.508409711863,1.27776085628,0.0,0.676773100893,0.0,0.0186337865179,0.0186337865179,0.0186337865179,0.0659841587211,0.0143762669954,0.0853631352956,0.306940364333,0.579846404829
 06/12  06:00:00,0.63261533978,1.65413816555,0.0,0.609175983966,0.0,0.0167726158472,0.0167726158472,0.0167726158472,0.089078620125,0.0194079617187,0.135604734988,0.354639407101,1.02053543001
 06/12  07:00:00,0.812851480202,1.97461611644,0.0,0.807178662965,0.0,0.0222242799952,0.0222242799952,0.0222242799952,0.141865910321,0.0309089673015,0.208909382217,0.376830940367,1.14148219982
 06/12  08:00:00,0.758183595213,2.01864798929,0.0,0.887102897164,0.0,0.0244248566961,0.0244248566961,0.0244248566961,0.105574663985,0.0230020293783,0.269481251481,0.318588793672,1.10960142439
 06/12  09:00:00,0.717869461074,2.00724768399,0.0,0.976084464236,0.0,0.0268748115225,0.0268748115225,0.0268748115225,0.0593857495364,0.0129386399317,0.330413434083,0.271144826,1.01248738404
 06/12  10:00:00,0.740530096807,2.19598475085,0.0,1.2794686788,0.0,0.0352279754997,0.0352279754997,0.0352279754997,0.0527873319925,0.0115010128678,0.346380073072,0.277521703375,0.897401011595
 06/12  11:00:00,0.741195334552,1.74305201769,0.0,0.929464330627,0.0,0.0255912061074,0.0255912061074,0.0255912061074,0.0494881232205,0.0107822011572,0.36061507566,0.277606728407,0.794466770279
 06/12  12:00:00,0.722541981085,1.54037344334,0.0,0.807061946305,0.0,0.0222210664022,0.0222210664022,0.0222210664022,0.0494881232205,0.0107822011572,0.350008238641,0.272930351665,0.714512678389
 06/12  13:00:00,0.69763527539,1.3718964211,0.0,0.685032603859,0.0,0.0188611977652,0.0188611977652,0.0188611977652,0.0494881232205,0.0107822011572,0.319023623067,0.28236813018,0.667414945993
 06/12  14:00:00,0.685181829933,1.19664867982,0.0,0.555780062608,0.0,0.0153024507385,0.0153024507385,0.0153024507385,0.0494881232205,0.0107822011572,0.294229243714,0.298267811103,0.620324612293
 06/12  15:00:00,0.705019172611,0.929430987063,0.0,0.281305153049,0.0,0.00774525488877,0.00774525488877,0.00774525488877,0.0527873319925,0.0115010128678,0.301025880583,0.314847692279,0.626439844784
 06/12  16:00:00,0.797559957053,0.750409590843,0.0,0.0411512375746,0.0,0.00113302874316,0.00113302874316,0.00113302874316,0.0527873319925,0.0115010128678,0.34261694473,0.37240963872,0.683607628767
 06/12  17:00:00,0.968838077881,0.836850883217,0.0,0.0,0.0,0.0,0.0,0.0,0.0659841587211,0.0143762669954,0.418947458642,0.452418193523,0.805689352378
 06/12  18:00:00,1.04896200105,0.952415556657,0.0,0.0,0.0,0.0,0.0,0.0,0.105574663985,0.0230020293783,0.382083699719,0.491189607965,0.918583539432
 06/12  19:00:00,1.08796592181,0.971793700761,0.0,0.0,0.0,0.0,0.0,0.0,0.204550927144,0.0445664353352,0.314732295471,0.507004263856,0.936872406194
 06/12  20:00:00,1.26935379664,0.906114822739,0.0,0.0,0.0,0.0,0.0,0.0,0.366212123535,0.0797882729005,0.281807004861,0.524434395348,0.869992980564
 06/12  21:00:00,1.4431989642,0.823904785007,0.0,0.0,0.0,0.0,0.0,0.0,0.531172478541,0.115728949495,0.266994745381,0.512190790788,0.788626254323
 06/12  22:00:00,1.21925179017,0.689636107315,0.0,0.0,0.0,0.0,0.0,0.0,0.445393100625,0.0970398085937,0.216471390852,0.443235490102,0.659107060095
 06/12  23:00:00,0.926918495836,0.545644706215,0.0,0.0,0.0,0.0,0.0,0.0,0.310125591129,0.0675684465008,0.146949064735,0.385163393471,0.519115532244
 06/12  24:00:00,0.626481834936,0.392578923339,0.0,0.0,0.0,0.0,0.0,0.0,0.158361954181,0.034503034961,0.0979160521221,0.318588793672,0.370635255598
 06/13  01:00:00,0.515570463731,0.508679919994,0.0,0.185489027758,0.0,0.00510712222469,0.00510712222469,0.00510712222469,0.0956770209504,0.02084558514,0.0834923761498,0.293336359266,0.302986554443
 06/13  02:00:00,0.467001672918,0.737836042717,0.0,0.433197297014,0.0,0.0119273445443,0.0119273445443,0.0119273445443,0.0626849499491,0.0136574534635,0.0716845669617,0.289935357999,0.284668661102
 06/13  03:00:00,0.460767139392,0.936453267432,0.0,0.627003973733,0.0,0.0172634789665,0.0172634789665,0.0172634789665,0.0626849499491,0.0136574534635,0.0641951005342,0.285854156479,0.289760312929
 06/13  04:00:00,0.462891704099,1.11925335758,0.0,0.757095851404,0.0,0.0208453356819,0.0208453356819,0.0208453356819,0.0626849499491,0.0136574534635,0.0735359875481,0.275055977456,0.343212279288
 06/13  05:00:00,0.51078473209,1.3624446698,0.0,0.763033067552,0.0,0.0210088067449,0.0210088067449,0.0210088067449,0.0659841587211,0.0143762669954,0.0853631352956,0.306940364333,0.578270251686
 06/13  06:00:00,0.633104337549,1.66884337953,0.0,0.626936224816,0.0,0.0172616136163,0.0172616136163,0.0172616136163,0.089078620125,0.0194079617187,0.135604734988,0.354639407101,1.01748040314
 06/13  07:00:00,0.802150216341,1.58272451359,0.0,0.418512219903,0.0,0.0115230161342,0.0115230161342,0.0115230161342,0.141865910321,0.0309089673015,0.208909382217,0.376830940367,1.13825704004
 06/13  08:00:00,0.745005095134,1.53686249751,0.0,0.408464035712,0.0,0.0112463566174,0.0112463566174,0.0112463566174,0.105574663985,0.0230020293783,0.269481251481,0.318588793672,1.10645479406
 06/13  09:00:00,0.697984380209,1.28203791967,0.0,0.253864757281,0.0,0.00698973065765,0.00698973065765,0.00698973065765,0.0593857495364,0.0129386399317,0.330413434083,0.271144826,1.00949732667
 06/13  10:00:00,0.705302121308,0.914099902691,0.0,0.0,0.0,0.0,0.0,0.0,0.0527873319925,0.0115010128678,0.346380073072,0.277521703375,0.89498484224
 06/13  11:00:00,0.715604128444,0.812061888951,0.0,0.0,0.0,0.0,0.0,0.0,0.0494881232205,0.0107822011572,0.36061507566,0.277606728407,0.79294097217
 06/13  12:00:00,0.700320914683,0.732023833154,0.0,0.0,0.0,0.0,0.0,0.0,0.0494881232205,0.0107822011572,0.350008238641,0.272930351665,0.713225014513
 06/13  13:00:00,0.678774077625,0.685101748098,0.0,0.0,0.0,0.0,0.0,0.0,0.0494881232205,0.0107822011572,0.319023623067,0.28236813018,0.665652876849
 06/13  14:00:00,0.669879379194,0.638794871899,0.0,0.0,0.0,0.0,0.0,0.0,0.0494881232205,0.0107822011572,0.294229243714,0.298267811103,0.618250866978
 06/13  15:00:00,0.697273917722,0.645881788954,0.0,0.0,0.0,0.0,0.0,0.0,0.0527873319925,0.0115010128678,0.301025880583,0.314847692279,0.624195799723
 06/13  16:00:00,0.79642692831,0.706839610246,0.0,0.0,0.0,0.0,0.0,0.0,0.0527873319925,0.0115010128678,0.34261694473,0.37240963872,0.681188885744
 06/13  17:00:00,0.968838077881,0.834797474767,0.0,0.0,0.0,0.0,0.0,0.0,0.0659841587211,0.0143762669954,0.418947458642,0.452418193523,0.803635943928
 06/13  18:00:00,1.04896200105,0.950051543847,0.0,0.0,0.0,0.0,0.0,0.0,0.105574663985,0.0230020293783,0.382083699719,0.491189607965,0.916219526622
 06/13  19:00:00,1.08796592181,0.969420483992,0.0,0.0,0.0,0.0,0.0,0.0,0.204550927144,0.0445664353352,0.314732295471,0.507004263856,0.934499189425
 06/13  20:00:00,1.26935379664,0.903959264798,0.0,0.0,0.0,0.0,0.0,0.0,0.366212123535,0.0797882729005,0.281807004861,0.524434395348,0.867837422623
 06/13  21:00:00,1.4431989642,0.822084588143,0.0,0.0,0.0,0.0,0.0,0.0,0.531172478541,0.115728949495,0.266994745381,0.512190790788,0.786806057458
 06/13  22:00:00,1.21925179017,0.688366149605,0.0,0.0,0.0,0.0,0.0,0.0,0.445393100625,0.0970398085937,0.216471390852,0.443235490102,0.657837102384
 06/13  23:00:00,0.926918495836,0.544891111064,0.0,0.0,0.0,0.0,0.0,0.0,0.310125591129,0.0675684465008,0.146949064735,0.385163393471,0.518361937093
 06/13  24:00:00,0.627137555796,0.416343583905,0.0,0.0238155695773,0.0,0.000655720859354,0.000655720859354,0.000655720859354,0.158361954181,0.034503034961,0.0979160521221,0.318588793672,0.370584346586
 06/14  01:00:00,0.522799560052,0.771384366197,0.0,0.448047468538,0.0,0.0123362185459,0.0123362185459,0.0123362185459,0.0956770209504,0.02084558514,0.0834923761498,0.293336359266,0.303132559866
 06/14  02:00:00,0.484864644741,1.38666793669,0.0,1.08197465744,0.0,0.0297903163673,0.0297903163673,0.0297903163673,0.0626849499491,0.0136574534635,0.0716845669617,0.289935357999,0.284723194643
 06/14  03:00:00,0.484802390265,1.80939187318,0.0,1.49995651339,0.0,0.0412987298398,0.0412987298398,0.0412987298398,0.0626849499491,0.0136574534635,0.0641951005342,0.285854156479,0.289746379017
 06/14  04:00:00,0.491987375422,2.17547524857,0.0,1.81384122546,0.0,0.0499410070049,0.0499410070049,0.0499410070049,0.0626849499491,0.0136574534635,0.0735359875481,0.275055977456,0.342688796231
 06/14  05:00:00,0.545086172605,2.60689280495,0.0,2.00885029532,0.0,0.05531024726,0.05531024726,0.05531024726,0.0659841587211,0.0143762669954,0.0853631352956,0.306940364333,0.576901159073
 06/14  06:00:00,0.669467661858,2.98662472381,0.0,1.94764040524,0.0,0.0536249379253,0.0536249379253,0.0536249379253,0.089078620125,0.0194079617187,0.135604734988,0.354639407101,1.01455756699
 06/14  07:00:00,0.839111195676,2.9213639632,0.0,1.76092303762,0.0,0.0484839954693,0.0484839954693,0.0484839954693,0.141865910321,0.0309089673015,0.208909382217,0.376830940367,1.13448567192
 06/14  08:00:00,0.779376532189,2.78127690907,0.0,1.65682351516,0.0,0.045617793672,0.045617793672,0.045617793672,0.105574663985,0.0230020293783,0.269481251481,0.318588793672,1.10250972616
 06/14  09:00:00,0.722594882529,2.17199867505,0.0,1.1477102435,0.0,0.0316002329783,0.0316002329783,0.0316002329783,0.0593857495364,0.0129386399317,0.330413434083,0.271144826,1.00561259584
 06/14  10:00:00,0.729559934605,1.79192546145,0.0,0.881035934922,0.0,0.024257813297,0.024257813297,0.024257813297,0.0527873319925,0.0115010128678,0.346380073072,0.277521703375,0.891774466074
 06/14  11:00:00,0.722025464062,1.04224356827,0.0,0.233220833222,0.0,0.00642133561757,0.00642133561757,0.00642133561757,0.0494881232205,0.0107822011572,0.36061507566,0.277606728407,0.789901818267
 06/14  12:00:00,0.700320914683,0.729502825915,0.0,0.0,0.0,0.0,0.0,0.0,0.0494881232205,0.0107822011572,0.350008238641,0.272930351665,0.710704007274
 06/14  13:00:00,0.678774077625,0.683247368087,0.0,0.0,0.0,0.0,0.0,0.0,0.0494881232205,0.0107822011572,0.319023623067,0.28236813018,0.663798496838
 06/14  14:00:00,0.669879379194,0.637262411908,0.0,0.0,0.0,0.0,0.0,0.0,0.0494881232205,0.0107822011572,0.294229243714,0.298267811103,0.616718406988
 06/14  15:00:00,0.697273917722,0.644316026617,0.0,0.0,0.0,0.0,0.0,0.0,0.0527873319925,0.0115010128678,0.301025880583,0.314847692279,0.622630037387
 06/14  16:00:00,0.79642692831,0.704770925873,0.0,0.0,0.0,0.0,0.0,0.0,0.0527873319925,0.0115010128678,0.34261694473,0.37240963872,0.679120201371
 06/14  17:00:00,0.968838077881,0.831288696063,0.0,0.0,0.0,0.0,0.0,0.0,0.0659841587211,0.0143762669954,0.418947458642,0.452418193523,0.800127165224
 06/14  18:00:00,1.04896200105,0.945716095493,0.0,0.0,0.0,0.0,0.0,0.0,0.105574663985,0.0230020293783,0.382083699719,0.491189607965,0.911884078268
 06/14  19:00:00,1.10841572027,0.9649162989,0.0,0.0,0.0153317348749,0.00511806359304,0.0204497984679,0.00511806359304,0.204550927144,0.0445664353352,0.314732295471,0.507004263856,0.929995004333
 06/14  20:00:00,1.30024174202,0.899731722236,0.0,0.0,0.0229803459898,0.00790759938833,0.0308879453781,0.00790759938833,0.366212123535,0.0797882729005,0.281807004861,0.524434395348,0.863609880061
 06/14  21:00:00,1.47404996368,0.818080023895,0.0,0.0,0.0228269428208,0.00802405665396,0.0308509994748,0.00802405665396,0.531172478541,0.115728949495,0.266994745381,0.512190790788,0.78280149321
 06/14  22:00:00,1.21925179017,0.684603149083,0.0,0.0,0.0,0.0,0.0,0.0,0.445393100625,0.0970398085937,0.216471390852,0.443235490102,0.654074101863
 06/14  23:00:00,0.926918495836,0.541407220859,0.0,0.0,0.0,0.0,0.0,0.0,0.310125591129,0.0675684465008,0.146949064735,0.385163393471,0.514878046888
 06/14  24:00:00,0.626481834936,0.389179761871,0.0,0.0,0.0,0.0,0.0,0.0,0.158361954181,0.034503034961,0.0979160521221,0.318588793672,0.367236094129
 06/15  01:00:00,0.510463341506,0.320254449279,0.0,0.0,0.0,0.0,0.0,0.0,0.0956770209504,0.02084558514,0.0834923761498,0.293336359266,0.300050111486
 06/15  02:00:00,0.455074328373,0.301877939983,0.0,0.0,0.0,0.0,0.0,0.0,0.0626849499491,0.0136574534635,0.0716845669617,0.289935357999,0.281907855382
 06/15  03:00:00,0.443503660426,0.3068910515,0.0,0.0,0.0,0.0,0.0,0.0,0.0626849499491,0.0136574534635,0.0641951005342,0.285854156479,0.28720207073
 06/15  04:00:00,0.442046368417,0.359831306395,0.0,0.0,0.0,0.0,0.0,0.0,0.0626849499491,0.0136574534635,0.0735359875481,0.275055977456,0.340886079508
 06/15  05:00:00,0.489775925345,0.596007764654,0.0,0.0,0.0,0.0,0.0,0.0,0.0659841587211,0.0143762669954,0.0853631352956,0.306940364333,0.574866414094
 06/15  06:00:00,0.615842723933,1.03590431678,0.0,0.0,0.0,0.0,0.0,0.0,0.089078620125,0.0194079617187,0.135604734988,0.354639407101,1.01147756521
 06/15  07:00:00,0.790627200206,1.15724294243,0.0,0.0,0.0,0.0,0.0,0.0,0.141865910321,0.0309089673015,0.208909382217,0.376830940367,1.13128768878
 06/15  08:00:00,0.733758738517,1.12124334667,0.0,0.0,0.0,0.0,0.0,0.0,0.105574663985,0.0230020293783,0.269481251481,0.318588793672,1.09929967893
 06/15  09:00:00,0.690994649551,1.02134086664,0.0,0.0,0.0,0.0,0.0,0.0,0.0593857495364,0.0129386399317,0.330413434083,0.271144826,1.00266503092
 06/15  10:00:00,0.705302121308,0.907712156015,0.0,0.0,0.0,0.0,0.0,0.0,0.0527873319925,0.0115010128678,0.346380073072,0.277521703375,0.888597095564
 06/15  11:00:00,0.715604128444,0.805989834685,0.0,0.0,0.0,0.0,0.0,0.0,0.0494881232205,0.0107822011572,0.36061507566,0.277606728407,0.786868917904
 06/15  12:00:00,0.700320914683,0.726200867377,0.0,0.0,0.0,0.0,0.0,0.0,0.0494881232205,0.0107822011572,0.350008238641,0.272930351665,0.707402048735
 06/15  13:00:00,0.678774077625,0.679649141877,0.0,0.0,0.0,0.0,0.0,0.0,0.0494881232205,0.0107822011572,0.319023623067,0.28236813018,0.660200270628
 06/15  14:00:00,0.759200464166,0.633930315585,0.0,0.0,0.0681749029879,0.0211461819838,0.0893210849716,0.0211461819838,0.0494881232205,0.0107822011572,0.294229243714,0.298267811103,0.613386310664
 06/15  15:00:00,0.980276980679,0.640790996127,0.0,0.0,0.215999767883,0.0670032950745,0.283003062957,0.0670032950745,0.0527873319925,0.0115010128678,0.301025880583,0.314847692279,0.619105006896
 06/15  16:00:00,1.18867441974,0.701143672583,0.0,0.0,0.298428498417,0.0938189930132,0.392247491431,0.0938189930132,0.0527873319925,0.0115010128678,0.34261694473,0.37240963872,0.675492948081
 06/15  17:00:00,1.47041612962,0.827521802088,0.0,0.0,0.378250753342,0.123327298392,0.501578051734,0.123327298392,0.0659841587211,0.0143762669954,0.418947458642,0.452418193523,0.796360271249
 06/15  18:00:00,1.48966384849,0.941895162579,0.0,0.0,0.330500788199,0.110201059242,0.440701847441,0.110201059242,0.105574663985,0.0230020293783,0.382083699719,0.491189607965,0.908063145354
 06/15  19:00:00,1.46980455535,0.961276350475,0.0,0.0,0.284806872767,0.0970317607807,0.381838633547,0.0970317607807,0.204550927144,0.0445664353352,0.314732295471,0.507004263856,0.926355055907
 06/15  20:00:00,1.5414037644,0.896442118237,0.0,0.0,0.20084671018,0.0712032575721,0.272049967752,0.0712032575721,0.366212123535,0.0797882729005,0.281807004861,0.524434395348,0.860320276062
 06/15  21:00:00,1.62576435936,0.815183175962,0.0,0.0,0.133823429961,0.0487419651962,0.182565395157,0.0487419651962,0.531172478541,0.115728949495,0.266994745381,0.512190790788,0.779904645278
 06/15  22:00:00,1.25865480952,0.68243232397,0.0,0.0,0.0286556013003,0.0107474180504,0.0394030193507,0.0107474180504,0.445393100625,0.0970398085937,0.216471390852,0.443235490102,0.651903276749
 06/15  23:00:00,0.926918495836,0.539835143927,0.0,0.0,0.0,0.0,0.0,0.0,0.310125591129,0.0675684465008,0.146949064735,0.385163393471,0.513305969956
 06/15  24:00:00,0.626481834936,0.388479839247,0.0,0.0,0.0,0.0,0.0,0.0,0.158361954181,0.034503034961,0.0979160521221,0.318588793672,0.366536171505
 06/16  01:00:00,0.510463341506,0.319682281948,0.0,0.0,0.0,0.0,0.0,0.0,0.0956770209504,0.02084558514,0.0834923761498,0.293336359266,0.299477944156
 06/16  02:00:00,0.455074328373,0.301710770676,0.0,0.0,0.0,0.0,0.0,0.0,0.0626849499491,0.0136574534635,0.0716845669617,0.289935357999,0.281740686075
 06/16  03:00:00,0.443503660426,0.307040399789,0.0,0.0,0.0,0.0,0.0,0.0,0.0626849499491,0.0136574534635,0.0641951005342,0.285854156479,0.287351419018
 06/16  04:00:00,0.442046368417,0.359669557041,0.0,0.0,0.0,0.0,0.0,0.0,0.0626849499491,0.0136574534635,0.0735359875481,0.275055977456,0.340724330154
 06/16  05:00:00,0.496515929916,0.840284683231,0.0,0.244724009893,0.0,0.0067400045703,0.0067400045703,0.0067400045703,0.0659841587211,0.0143762669954,0.0853631352956,0.306940364333,0.574419322779
 06/16  06:00:00,0.632545982448,1.64069081187,0.0,0.606656948103,0.0,0.0167032585155,0.0167032585155,0.0167032585155,0.089078620125,0.0194079617187,0.135604734988,0.354639407101,1.0096071122
 06/16  07:00:00,0.802104488093,1.57122903393,0.0,0.416851384737,0.0,0.0114772878866,0.0114772878866,0.0114772878866,0.141865910321,0.0309089673015,0.208909382217,0.376830940367,1.12842239554
 06/16  08:00:00,0.743226387757,1.46218559306,0.0,0.343861958948,0.0,0.00946764924048,0.00946764924048,0.00946764924048,0.105574663985,0.0230020293783,0.269481251481,0.318588793672,1.09637996637
 06/16  09:00:00,0.690994649551,1.0187410388,0.0,0.0,0.0,0.0,0.0,0.0,0.0593857495364,0.0129386399317,0.330413434083,0.271144826,1.00006520309
 06/16  10:00:00,0.705302121308,0.905736235093,0.0,0.0,0.0,0.0,0.0,0.0,0.0527873319925,0.0115010128678,0.346380073072,0.277521703375,0.886621174642
 06/16  11:00:00,0.715604128444,0.804376468934,0.0,0.0,0.0,0.0,0.0,0.0,0.0494881232205,0.0107822011572,0.36061507566,0.277606728407,0.785255552154
 06/16  12:00:00,0.700320914683,0.724750109944,0.0,0.0,0.0,0.0,0.0,0.0,0.0494881232205,0.0107822011572,0.350008238641,0.272930351665,0.705951291303
 06/16  13:00:00,0.678774077625,0.678447096009,0.0,0.0,0.0,0.0,0.0,0.0,0.0494881232205,0.0107822011572,0.319023623067,0.28236813018,0.65899822476
 06/16  14:00:00,0.669879379194,0.632913183062,0.0,0.0,0.0,0.0,0.0,0.0,0.0494881232205,0.0107822011572,0.294229243714,0.298267811103,0.612369178141
 06/16  15:00:00,0.697273917722,0.639944605075,0.0,0.0,0.0,0.0,0.0,0.0,0.0527873319925,0.0115010128678,0.301025880583,0.314847692279,0.618258615845
 06/16  16:00:00,0.81105098596,0.699884190925,0.0,0.0,0.0110279552241,0.00359610242533,0.0146240576495,0.00359610242533,0.0527873319925,0.0115010128678,0.34261694473,0.37240963872,0.674233466423
 06/16  17:00:00,1.1893804806,0.825573522947,0.0,0.0,0.166335831879,0.0542065708413,0.22054240272,0.0542065708413,0.0659841587211,0.0143762669954,0.418947458642,0.452418193523,0.794411992108
 06/16  18:00:00,1.2892660561,0.9394874984,0.0,0.0,0.180780867697,0.0595231873541,0.240304055051,0.0595231873541,0.105574663985,0.0230020293783,0.382083699719,0.491189607965,0.905655481175
 06/16  19:00:00,1.33167601367,0.958778070049,0.0,0.0,0.182332391117,0.0613777007433,0.243710091861,0.0613777007433,0.204550927144,0.0445664353352,0.314732295471,0.507004263856,0.923856775482
 06/16  20:00:00,1.45458199369,0.894106528114,0.0,0.0,0.137063962954,0.0481642340956,0.18522819705,0.0481642340956,0.366212123535,0.0797882729005,0.281807004861,0.524434395348,0.857984685939
 06/16  21:00:00,1.46721760805,0.813060809054,0.0,0.0,0.0176477448758,0.00637089897038,0.0240186438461,0.00637089897038,0.531172478541,0.115728949495,0.266994745381,0.512190790788,0.777782278369
 06/16  22:00:00,1.21925179017,0.680619292954,0.0,0.0,0.0,0.0,0.0,0.0,0.445393100625,0.0970398085937,0.216471390852,0.443235490102,0.650090245733
 06/16  23:00:00,0.926918495836,0.538561771955,0.0,0.0,0.0,0.0,0.0,0.0,0.310125591129,0.0675684465008,0.146949064735,0.385163393471,0.512032597984
 06/16  24:00:00,0.626481834936,0.387342813834,0.0,0.0,0.0,0.0,0.0,0.0,0.158361954181,0.034503034961,0.0979160521221,0.318588793672,0.365399146092
 06/17  01:00:00,0.514410365581,0.325703850196,0.0,0.0,0.0,0.0,0.0,0.0,0.0956770209504,0.02084558514,0.0874394002251,0.293336359266,0.305499512404
 06/17  02:00:00,0.4576855668,0.305876689998,0.0,0.0,0.0,0.0,0.0,0.0,0.0626849499491,0.0136574534635,0.0742958053889,0.289935357999,0.285906605397
 06/17  03:00:00,0.444869064598,0.311600571831,0.0,0.0,0.0,0.0,0.0,0.0,0.0626849499491,0.0136574534635,0.0655605047062,0.285854156479,0.291911591061
 06/17  04:00:00,0.444717524033,0.369667872222,0.0,0.0,0.0,0.0,0.0,0.0,0.0626849499491,0.0136574534635,0.0762071431636,0.275055977456,0.350722645335
 06/17  05:00:00,0.498680075353,0.799730294451,0.0,0.174235456877,0.0,0.00480745740734,0.00480745740734,0.00480745740734,0.0659841587211,0.0143762669954,0.0894598278958,0.306940364333,0.604353487014
 06/17  06:00:00,0.63770528823,1.51145666224,0.0,0.408126097926,0.0,0.0112370520801,0.0112370520801,0.0112370520801,0.089078620125,0.0194079617187,0.146230247206,0.354639407101,1.07890381274
 06/17  07:00:00,0.821057655111,1.57568300253,0.0,0.336650459947,0.0,0.00926909298481,0.00926909298481,0.00926909298481,0.141865910321,0.0309089673015,0.230070744137,0.376830940367,1.21307728893
 06/17  08:00:00,0.775305182247,1.53799610616,0.0,0.330841122343,0.0,0.00910914283816,0.00910914283816,0.00910914283816,0.105574663985,0.0230020293783,0.301918552373,0.318588793672,1.18521131607
 06/17  09:00:00,0.741193198823,1.28853836113,0.0,0.187681595113,0.0,0.00516749080608,0.00516749080608,0.00516749080608,0.0593857495364,0.0129386399317,0.375444492549,0.271144826,1.0821809303
 06/17  10:00:00,0.756218350597,0.976131774609,0.0,0.0,0.0,0.0,0.0,0.0,0.0527873319925,0.0115010128678,0.397296302362,0.277521703375,0.957016714159
 06/17  11:00:00,0.768092887963,0.862915949808,0.0,0.0,0.0,0.0,0.0,0.0,0.0494881232205,0.0107822011572,0.413103835179,0.277606728407,0.843795033028
 06/17  12:00:00,0.748131420774,0.775910206493,0.0,0.0,0.0,0.0,0.0,0.0,0.0494881232205,0.0107822011572,0.397818744732,0.272930351665,0.757111387852
 06/17  13:00:00,0.722362110139,0.722831220211,0.0,0.0,0.0,0.0,0.0,0.0,0.0494881232205,0.0107822011572,0.362611655582,0.28236813018,0.703382348962
 06/17  14:00:00,0.709004951369,0.673024064276,0.0,0.0,0.0,0.0,0.0,0.0,0.0494881232205,0.0107822011572,0.333354815889,0.298267811103,0.652480059356
 06/17  15:00:00,0.734332890577,0.679969430518,0.0,0.0,0.0,0.0,0.0,0.0,0.0527873319925,0.0115010128678,0.338084853439,0.314847692279,0.658283441288
 06/17  16:00:00,0.832344847558,0.748884671241,0.0,0.0,0.0,0.0,0.0,0.0,0.0527873319925,0.0115010128678,0.378534863978,0.37240963872,0.723233946739
 06/17  17:00:00,1.0041900081,0.884634158196,0.0,0.0,0.0,0.0,0.0,0.0,0.0659841587211,0.0143762669954,0.454299388857,0.452418193523,0.853472627357
 06/17  18:00:00,1.08327231659,1.01604491486,0.0,0.0,0.0,0.0,0.0,0.0,0.105574663985,0.0230020293783,0.416394015259,0.491189607965,0.98221289763
 06/17  19:00:00,1.122210676,1.04455118953,0.0,0.0,0.0,0.0,0.0,0.0,0.204550927144,0.0445664353352,0.348977049664,0.507004263856,1.00962989496
 06/17  20:00:00,1.30420916697,0.975919389032,0.0,0.0,0.0,0.0,0.0,0.0,0.366212123535,0.0797882729005,0.316662375189,0.524434395348,0.939797546857
 06/17  21:00:00,1.47880582167,0.881955918121,0.0,0.0,0.0,0.0,0.0,0.0,0.531172478541,0.115728949495,0.302601602849,0.512190790788,0.846677387437
 06/17  22:00:00,1.2475450021,0.73511023594,0.0,0.0,0.0,0.0,0.0,0.0,0.445393100625,0.0970398085937,0.244764602777,0.443235490102,0.704581188719
 06/17  23:00:00,0.942453341171,0.573061843865,0.0,0.0,0.0,0.0,0.0,0.0,0.310125591129,0.0675684465008,0.162483910071,0.385163393471,0.546532669894
 06/17  24:00:00,0.633055518013,0.401184047814,0.0,0.0,0.0,0.0,0.0,0.0,0.158361954181,0.034503034961,0.104489735199,0.318588793672,0.379240380072
 06/18  01:00:00,0.514410365581,0.326941742173,0.0,0.0,0.0,0.0,0.0,0.0,0.0956770209504,0.02084558514,0.0874394002251,0.293336359266,0.30673740438
 06/18  02:00:00,0.465439645344,0.588682031147,0.0,0.281625625341,0.0,0.00775407854365,0.00775407854365,0.00775407854365,0.0626849499491,0.0136574534635,0.0742958053889,0.289935357999,0.287086321205
 06/18  03:00:00,0.467935328823,1.15009252962,0.0,0.837759257958,0.0,0.0230662642259,0.0230662642259,0.0230662642259,0.0626849499491,0.0136574534635,0.0655605047062,0.285854156479,0.292644290888
 06/18  04:00:00,0.484059429775,1.79862532327,0.0,1.42888529493,0.0,0.0393419057423,0.0393419057423,0.0393419057423,0.0626849499491,0.0136574534635,0.0762071431636,0.275055977456,0.350794801452
 06/18  05:00:00,0.544427793358,2.46018803988,0.0,1.83614762342,0.0,0.0505551754124,0.0505551754124,0.0505551754124,0.0659841587211,0.0143762669954,0.0894598278958,0.306940364333,0.602899065903
 06/18  06:00:00,0.685986707476,3.26119988205,0.0,2.16169163261,0.0,0.0595184713256,0.0595184713256,0.0595184713256,0.089078620125,0.0194079617187,0.146230247206,0.354639407101,1.07508149787
 06/18  07:00:00,0.861164473321,3.02795308563,0.0,1.79331712836,0.0,0.0493759111948,0.0493759111948,0.0493759111948,0.141865910321,0.0309089673015,0.230070744137,0.376830940367,1.20868070362
 06/18  08:00:00,0.806215711984,2.6560965088,0.0,1.45350156714,0.0,0.0400196725751,0.0400196725751,0.0400196725751,0.105574663985,0.0230020293783,0.301918552373,0.318588793672,1.18065127392
 06/18  09:00:00,0.760535182715,1.98674608526,0.0,0.890176195645,0.0,0.0245094746984,0.0245094746984,0.0245094746984,0.0593857495364,0.0129386399317,0.375444492549,0.271144826,1.0778940539
 06/18  10:00:00,0.758965423736,1.07214463467,0.0,0.0997728081115,0.0,0.00274707313896,0.00274707313896,0.00274707313896,0.0527873319925,0.0115010128678,0.397296302362,0.277521703375,0.953256766112
 06/18  11:00:00,0.768092887963,0.860166520181,0.0,0.0,0.0,0.0,0.0,0.0,0.0494881232205,0.0107822011572,0.413103835179,0.277606728407,0.8410456034
 06/18  12:00:00,0.748131420774,0.773745643047,0.0,0.0,0.0,0.0,0.0,0.0,0.0494881232205,0.0107822011572,0.397818744732,0.272930351665,0.754946824405
 06/18  13:00:00,0.722362110139,0.720830546821,0.0,0.0,0.0,0.0,0.0,0.0,0.0494881232205,0.0107822011572,0.362611655582,0.28236813018,0.701381675573
 06/18  14:00:00,0.709004951369,0.67107875228,0.0,0.0,0.0,0.0,0.0,0.0,0.0494881232205,0.0107822011572,0.333354815889,0.298267811103,0.65053474736
 06/18  15:00:00,0.734332890577,0.677878186612,0.0,0.0,0.0,0.0,0.0,0.0,0.0527873319925,0.0115010128678,0.338084853439,0.314847692279,0.656192197382
 06/18  16:00:00,0.832344847558,0.746791228395,0.0,0.0,0.0,0.0,0.0,0.0,0.0527873319925,0.0115010128678,0.378534863978,0.37240963872,0.721140503893
 06/18  17:00:00,1.14341200081,0.881815736761,0.0,0.0,0.10553566612,0.0336863265905,0.13922199271,0.0336863265905,0.0659841587211,0.0143762669954,0.454299388857,0.452418193523,0.850654205923
 06/18  18:00:00,1.27990838707,1.01288262305,0.0,0.0,0.147878144864,0.0487579256198,0.196636070484,0.0487579256198,0.105574663985,0.0230020293783,0.416394015259,0.491189607965,0.979050605825
 06/18  19:00:00,1.3480891083,1.04132121183,0.0,0.0,0.168938669722,0.0569397625763,0.225878432298,0.0569397625763,0.204550927144,0.0445664353352,0.348977049664,0.507004263856,1.00639991726
 06/18  20:00:00,1.47059142756,0.972979632949,0.0,0.0,0.12246219621,0.0439200643769,0.166382260587,0.0439200643769,0.366212123535,0.0797882729005,0.316662375189,0.524434395348,0.936857790774
 06/18  21:00:00,1.5886361909,0.879090041653,0.0,0.0,0.080301472522,0.0295288967014,0.109830369223,0.0295288967014,0.531172478541,0.115728949495,0.302601602849,0.512190790788,0.843811510969
 06/18  22:00:00,1.2475450021,0.732744921678,0.0,0.0,0.0,0.0,0.0,0.0,0.445393100625,0.0970398085937,0.244764602777,0.443235490102,0.702215874457
 06/18  23:00:00,0.942453341171,0.570846397958,0.0,0.0,0.0,0.0,0.0,0.0,0.310125591129,0.0675684465008,0.162483910071,0.385163393471,0.544317223987
 06/18  24:00:00,0.633055518013,0.399247688379,0.0,0.0,0.0,0.0,0.0,0.0,0.158361954181,0.034503034961,0.104489735199,0.318588793672,0.377304020637
 06/19  01:00:00,0.510463341506,0.318388968025,0.0,0.0,0.0,0.0,0.0,0.0,0.0956770209504,0.02084558514,0.0834923761498,0.293336359266,0.298184630233
 06/19  02:00:00,0.455074328373,0.300370526664,0.0,0.0,0.0,0.0,0.0,0.0,0.0626849499491,0.0136574534635,0.0716845669617,0.289935357999,0.280400442063
 06/19  03:00:00,0.443503660426,0.305410395157,0.0,0.0,0.0,0.0,0.0,0.0,0.0626849499491,0.0136574534635,0.0641951005342,0.285854156479,0.285721414387
 06/19  04:00:00,0.442046368417,0.357867136297,0.0,0.0,0.0,0.0,0.0,0.0,0.0626849499491,0.0136574534635,0.0735359875481,0.275055977456,0.338921909411
 06/19  05:00:00,0.489775925345,0.59112605176,0.0,0.0,0.0,0.0,0.0,0.0,0.0659841587211,0.0143762669954,0.0853631352956,0.306940364333,0.5699847012
 06/19  06:00:00,0.617785910719,1.09572714429,0.0,0.0700325693275,0.0,0.00194318678688,0.00194318678688,0.00194318678688,0.089078620125,0.0194079617187,0.135604734988,0.354639407101,1.00126782339
 06/19  07:00:00,0.790627200206,1.1453363046,0.0,0.0,0.0,0.0,0.0,0.0,0.141865910321,0.0309089673015,0.208909382217,0.376830940367,1.11938105095
 06/19  08:00:00,0.733758738517,1.10964650464,0.0,0.0,0.0,0.0,0.0,0.0,0.105574663985,0.0230020293783,0.269481251481,0.318588793672,1.0877028369
 06/19  09:00:00,0.690994649551,1.01082710824,0.0,0.0,0.0,0.0,0.0,0.0,0.0593857495364,0.0129386399317,0.330413434083,0.271144826,0.992151272525
 06/19  10:00:00,0.705302121308,0.898460472957,0.0,0.0,0.0,0.0,0.0,0.0,0.0527873319925,0.0115010128678,0.346380073072,0.277521703375,0.879345412507
 06/19  11:00:00,0.715604128444,0.797838974274,0.0,0.0,0.0,0.0,0.0,0.0,0.0494881232205,0.0107822011572,0.36061507566,0.277606728407,0.778718057493
 06/19  12:00:00,0.700320914683,0.719010876164,0.0,0.0,0.0,0.0,0.0,0.0,0.0494881232205,0.0107822011572,0.350008238641,0.272930351665,0.700212057523
 06/19  13:00:00,0.678774077625,0.673119285012,0.0,0.0,0.0,0.0,0.0,0.0,0.0494881232205,0.0107822011572,0.319023623067,0.28236813018,0.653670413763
 06/19  14:00:00,0.669879379194,0.627842746292,0.0,0.0,0.0,0.0,0.0,0.0,0.0494881232205,0.0107822011572,0.294229243714,0.298267811103,0.607298741371
 06/19  15:00:00,0.785554389054,0.6348728382,0.0,0.0,0.0673566246781,0.0209238466537,0.0882804713318,0.0209238466537,0.0527873319925,0.0115010128678,0.301025880583,0.314847692279,0.613186848969
 06/19  16:00:00,1.0889494776,0.694187551772,0.0,0.0,0.223831458044,0.0686910912459,0.29252254929,0.0686910912459,0.0527873319925,0.0115010128678,0.34261694473,0.37240963872,0.66853682727
 06/19  17:00:00,1.49447503187,0.81906997078,0.0,0.0,0.401182385285,0.124454568708,0.525636953992,0.124454568708,0.0659841587211,0.0143762669954,0.418947458642,0.452418193523,0.787908439941
 06/19  18:00:00,1.52692082486,0.932126090487,0.0,0.0,0.363643003901,0.114315819908,0.477958823809,0.114315819908,0.105574663985,0.0230020293783,0.382083699719,0.491189607965,0.898294073262
 06/19  19:00:00,1.53038039735,0.951341776411,0.0,0.0,0.333643645959,0.108770829581,0.44241447554,0.108770829581,0.204550927144,0.0445664353352,0.314732295471,0.507004263856,0.916420481844
 06/19  20:00:00,1.61815047736,0.88731398836,0.0,0.0,0.259519216716,0.0892774639964,0.348796680713,0.0892774639964,0.366212123535,0.0797882729005,0.281807004861,0.524434395348,0.851192146185
 06/19  21:00:00,1.72006465502,0.806923256711,0.0,0.0,0.204840488732,0.0720252020825,0.276865690815,0.0720252020825,0.531172478541,0.115728949495,0.266994745381,0.512190790788,0.771644726026
 06/19  22:00:00,1.40124814415,0.675441835795,0.0,0.0,0.134651477063,0.0473448769096,0.181996353972,0.0473448769096,0.445393100625,0.0970398085937,0.216471390852,0.443235490102,0.644912788574
 06/19  23:00:00,0.926918495836,0.534696127826,0.0,0.0,0.0,0.0,0.0,0.0,0.310125591129,0.0675684465008,0.146949064735,0.385163393471,0.508166953855
 06/19  24:00:00,0.626481834936,0.384799692489,0.0,0.0,0.0,0.0,0.0,0.0,0.158361954181,0.034503034961,0.0979160521221,0.318588793672,0.362856024747
 06/20  01:00:00,0.510463341506,0.316877627287,0.0,0.0,0.0,0.0,0.0,0.0,0.0956770209504,0.02084558514,0.0834923761498,0.293336359266,0.296673289494
 06/20  02:00:00,0.455074328373,0.298904451533,0.0,0.0,0.0,0.0,0.0,0.0,0.0626849499491,0.0136574534635,0.0716845669617,0.289935357999,0.278934366933
 06/20  03:00:00,0.443503660426,0.303976041666,0.0,0.0,0.0,0.0,0.0,0.0,0.0626849499491,0.0136574534635,0.0641951005342,0.285854156479,0.284287060896
 06/20  04:00:00,0.442046368417,0.356174011953,0.0,0.0,0.0,0.0,0.0,0.0,0.0626849499491,0.0136574534635,0.0735359875481,0.275055977456,0.337228785066
 06/20  05:00:00,0.489775925345,0.588768566271,0.0,0.0,0.0,0.0,0.0,0.0,0.0659841587211,0.0143762669954,0.0853631352956,0.306940364333,0.567627215711
 06/20  06:00:00,0.615842723933,1.02215970711,0.0,0.0,0.0,0.0,0.0,0.0,0.089078620125,0.0194079617187,0.135604734988,0.354639407101,0.997732955533
 06/20  07:00:00,0.790627200206,1.14151899348,0.0,0.0,0.0,0.0,0.0,0.0,0.141865910321,0.0309089673015,0.208909382217,0.376830940367,1.11556373983
 06/20  08:00:00,0.733758738517,1.10563934226,0.0,0.0,0.0,0.0,0.0,0.0,0.105574663985,0.0230020293783,0.269481251481,0.318588793672,1.08369567452
 06/20  09:00:00,0.690994649551,1.00695251197,0.0,0.0,0.0,0.0,0.0,0.0,0.0593857495364,0.0129386399317,0.330413434083,0.271144826,0.988276676254
 06/20  10:00:00,0.705302121308,0.895051289787,0.0,0.0,0.0,0.0,0.0,0.0,0.0527873319925,0.0115010128678,0.346380073072,0.277521703375,0.875936229337
 06/20  11:00:00,0.715604128444,0.794828959973,0.0,0.0,0.0,0.0,0.0,0.0,0.0494881232205,0.0107822011572,0.36061507566,0.277606728407,0.775708043192
 06/20  12:00:00,0.700320914683,0.716256414505,0.0,0.0,0.0,0.0,0.0,0.0,0.0494881232205,0.0107822011572,0.350008238641,0.272930351665,0.697457595864
 06/20  13:00:00,0.682258309328,0.670572029758,0.0,0.0,0.00265877856057,0.000825453142258,0.00348423170282,0.000825453142258,0.0494881232205,0.0107822011572,0.319023623067,0.28236813018,0.651123158509
 06/20  14:00:00,0.783060833632,0.625728187128,0.0,0.0,0.0858413037559,0.0273401506825,0.113181454438,0.0273401506825,0.0494881232205,0.0107822011572,0.294229243714,0.298267811103,0.605184182207
 06/20  15:00:00,0.979422470983,0.632785870937,0.0,0.0,0.214011660971,0.0681368922906,0.282148553261,0.0681368922906,0.0527873319925,0.0115010128678,0.301025880583,0.314847692279,0.611099881707
 06/20  16:00:00,1.15213500218,0.692238625295,0.0,0.0,0.269113999491,0.0865940743748,0.355708073866,0.0865940743748,0.0527873319925,0.0115010128678,0.34261694473,0.37240963872,0.666587900793
 06/20  17:00:00,1.48693093373,0.816737291037,0.0,0.0,0.390758722386,0.12733413346,0.518092855846,0.12733413346,0.0659841587211,0.0143762669954,0.418947458642,0.452418193523,0.785575760199
 06/20  18:00:00,1.53023116109,0.929450993434,0.0,0.0,0.36205927649,0.119209883555,0.481269160045,0.119209883555,0.105574663985,0.0230020293783,0.382083699719,0.491189607965,0.895618976209
 06/20  19:00:00,1.51546144211,0.948642991036,0.0,0.0,0.319832401974,0.107663118333,0.427495520307,0.107663118333,0.204550927144,0.0445664353352,0.314732295471,0.507004263856,0.913721696469
 06/20  20:00:00,1.63162761167,0.884630475157,0.0,0.0,0.269585681176,0.0926881338526,0.362273815029,0.0926881338526,0.366212123535,0.0797882729005,0.281807004861,0.524434395348,0.848508632982
 06/20  21:00:00,1.76954434274,0.804292655369,0.0,0.0,0.242849797615,0.0834955809153,0.326345378531,0.0834955809153,0.531172478541,0.115728949495,0.266994745381,0.512190790788,0.769014124684
 06/20  22:00:00,1.44905918855,0.673291988396,0.0,0.0,0.170525618391,0.0592817799832,0.229807398374,0.0592817799832,0.445393100625,0.0970398085937,0.216471390852,0.443235490102,0.642762941175
 06/20  23:00:00,1.04549649761,0.532901305243,0.0,0.0,0.0877454508873,0.0308325508911,0.118578001778,0.0308325508911,0.310125591129,0.0675684465008,0.146949064735,0.385163393471,0.506372131272
 06/20  24:00:00,0.626481834936,0.383574984645,0.0,0.0,0.0,0.0,0.0,0.0,0.158361954181,0.034503034961,0.0979160521221,0.318588793672,0.361631316904
 06/21  01:00:00,0.510463341506,0.315696857141,0.0,0.0,0.0,0.0,0.0,0.0,0.0956770209504,0.02084558514,0.0834923761498,0.293336359266,0.295492519349
 06/21  02:00:00,0.455074328373,0.297743319771,0.0,0.0,0.0,0.0,0.0,0.0,0.0626849499491,0.0136574534635,0.0716845669617,0.289935357999,0.27777323517
 06/21  03:00:00,0.443503660426,0.30288778256,0.0,0.0,0.0,0.0,0.0,0.0,0.0626849499491,0.0136574534635,0.0641951005342,0.285854156479,0.28319880179
 06/21  04:00:00,0.442046368417,0.354596669237,0.0,0.0,0.0,0.0,0.0,0.0,0.0626849499491,0.0136574534635,0.0735359875481,0.275055977456,0.335651442351
 06/21  05:00:00,0.489775925345,0.586548349372,0.0,0.0,0.0,0.0,0.0,0.0,0.0659841587211,0.0143762669954,0.0853631352956,0.306940364333,0.565406998812
 06/21  06:00:00,0.615842723933,1.01853067341,0.0,0.0,0.0,0.0,0.0,0.0,0.089078620125,0.0194079617187,0.135604734988,0.354639407101,0.994103921837
 06/21  07:00:00,0.790627200206,1.13764894566,0.0,0.0,0.0,0.0,0.0,0.0,0.141865910321,0.0309089673015,0.208909382217,0.376830940367,1.11169369201
 06/21  08:00:00,0.733758738517,1.10233838117,0.0,0.0,0.0,0.0,0.0,0.0,0.105574663985,0.0230020293783,0.269481251481,0.318588793672,1.08039471343
 06/21  09:00:00,0.690994649551,1.00435693902,0.0,0.0,0.0,0.0,0.0,0.0,0.0593857495364,0.0129386399317,0.330413434083,0.271144826,0.985681103301
 06/21  10:00:00,0.705302121308,0.892976869096,0.0,0.0,0.0,0.0,0.0,0.0,0.0527873319925,0.0115010128678,0.346380073072,0.277521703375,0.873861808645
 06/21  11:00:00,0.715604128444,0.793392386068,0.0,0.0,0.0,0.0,0.0,0.0,0.0494881232205,0.0107822011572,0.36061507566,0.277606728407,0.774271469288
 06/21  12:00:00,0.700320914683,0.715440684898,0.0,0.0,0.0,0.0,0.0,0.0,0.0494881232205,0.0107822011572,0.350008238641,0.272930351665,0.696641866256
 06/21  13:00:00,0.678774077625,0.670253346878,0.0,0.0,0.0,0.0,0.0,0.0,0.0494881232205,0.0107822011572,0.319023623067,0.28236813018,0.650804475629
 06/21  14:00:00,0.669879379194,0.625559436186,0.0,0.0,0.0,0.0,0.0,0.0,0.0494881232205,0.0107822011572,0.294229243714,0.298267811103,0.605015431265
 06/21  15:00:00,0.697273917722,0.632528932247,0.0,0.0,0.0,0.0,0.0,0.0,0.0527873319925,0.0115010128678,0.301025880583,0.314847692279,0.610842943017
 06/21  16:00:00,0.79642692831,0.691737366314,0.0,0.0,0.0,0.0,0.0,0.0,0.0527873319925,0.0115010128678,0.34261694473,0.37240963872,0.666086641813
 06/21  17:00:00,0.968838077881,0.815974575791,0.0,0.0,0.0,0.0,0.0,0.0,0.0659841587211,0.0143762669954,0.418947458642,0.452418193523,0.784813044952
 06/21  18:00:00,1.04896200105,0.928389903711,0.0,0.0,0.0,0.0,0.0,0.0,0.105574663985,0.0230020293783,0.382083699719,0.491189607965,0.894557886486
 06/21  19:00:00,1.08796592181,0.947376924583,0.0,0.0,0.0,0.0,0.0,0.0,0.204550927144,0.0445664353352,0.314732295471,0.507004263856,0.912455630015
 06/21  20:00:00,1.26935379664,0.883497923042,0.0,0.0,0.0,0.0,0.0,0.0,0.366212123535,0.0797882729005,0.281807004861,0.524434395348,0.847376080867
 06/21  21:00:00,1.4431989642,0.803429679641,0.0,0.0,0.0,0.0,0.0,0.0,0.531172478541,0.115728949495,0.266994745381,0.512190790788,0.768151148956
 06/21  22:00:00,1.21925179017,0.672802556079,0.0,0.0,0.0,0.0,0.0,0.0,0.445393100625,0.0970398085937,0.216471390852,0.443235490102,0.642273508858
 06/21  23:00:00,0.926918495836,0.532864362722,0.0,0.0,0.0,0.0,0.0,0.0,0.310125591129,0.0675684465008,0.146949064735,0.385163393471,0.506335188751
 06/21  24:00:00,0.626481834936,0.383902749795,0.0,0.0,0.0,0.0,0.0,0.0,0.158361954181,0.034503034961,0.0979160521221,0.318588793672,0.361959082054
 06/22  01:00:00,0.510463341506,0.316289477619,0.0,0.0,0.0,0.0,0.0,0.0,0.0956770209504,0.02084558514,0.0834923761498,0.293336359266,0.296085139826
 06/22  02:00:00,0.455074328373,0.29831812205,0.0,0.0,0.0,0.0,0.0,0.0,0.0626849499491,0.0136574534635,0.0716845669617,0.289935357999,0.27834803745
 06/22  03:00:00,0.443503660426,0.303294420725,0.0,0.0,0.0,0.0,0.0,0.0,0.0626849499491,0.0136574534635,0.0641951005342,0.285854156479,0.283605439954
 06/22  04:00:00,0.442046368417,0.35480860899,0.0,0.0,0.0,0.0,0.0,0.0,0.0626849499491,0.0136574534635,0.0735359875481,0.275055977456,0.335863382103
 06/22  05:00:00,0.489775925345,0.586062067683,0.0,0.0,0.0,0.0,0.0,0.0,0.0659841587211,0.0143762669954,0.0853631352956,0.306940364333,0.564920717124
 06/22  06:00:00,0.615842723933,1.01681006346,0.0,0.0,0.0,0.0,0.0,0.0,0.089078620125,0.0194079617187,0.135604734988,0.354639407101,0.992383311887
 06/22  07:00:00,0.790627200206,1.13545476295,0.0,0.0,0.0,0.0,0.0,0.0,0.141865910321,0.0309089673015,0.208909382217,0.376830940367,1.1094995093
 06/22  08:00:00,0.733758738517,1.10015316267,0.0,0.0,0.0,0.0,0.0,0.0,0.105574663985,0.0230020293783,0.269481251481,0.318588793672,1.07820949493
 06/22  09:00:00,0.690994649551,1.00234991849,0.0,0.0,0.0,0.0,0.0,0.0,0.0593857495364,0.0129386399317,0.330413434083,0.271144826,0.983674082774
 06/22  10:00:00,0.705302121308,0.890973427279,0.0,0.0,0.0,0.0,0.0,0.0,0.0527873319925,0.0115010128678,0.346380073072,0.277521703375,0.871858366828
 06/22  11:00:00,0.715604128444,0.791760250124,0.0,0.0,0.0,0.0,0.0,0.0,0.0494881232205,0.0107822011572,0.36061507566,0.277606728407,0.772639333343
 06/22  12:00:00,0.700320914683,0.714086109515,0.0,0.0,0.0,0.0,0.0,0.0,0.0494881232205,0.0107822011572,0.350008238641,0.272930351665,0.695287290873
 06/22  13:00:00,0.678774077625,0.669032593507,0.0,0.0,0.0,0.0,0.0,0.0,0.0494881232205,0.0107822011572,0.319023623067,0.28236813018,0.649583722258
 06/22  14:00:00,0.669879379194,0.624449266898,0.0,0.0,0.0,0.0,0.0,0.0,0.0494881232205,0.0107822011572,0.294229243714,0.298267811103,0.603905261977
 06/22  15:00:00,0.697273917722,0.631774823244,0.0,0.0,0.0,0.0,0.0,0.0,0.0527873319925,0.0115010128678,0.301025880583,0.314847692279,0.610088834013
 06/22  16:00:00,0.79642692831,0.690735063963,0.0,0.0,0.0,0.0,0.0,0.0,0.0527873319925,0.0115010128678,0.34261694473,0.37240963872,0.665084339461
 06/22  17:00:00,0.968838077881,0.814401372808,0.0,0.0,0.0,0.0,0.0,0.0,0.0659841587211,0.0143762669954,0.418947458642,0.452418193523,0.783239841969
 06/22  18:00:00,1.04896200105,0.926523564158,0.0,0.0,0.0,0.0,0.0,0.0,0.105574663985,0.0230020293783,0.382083699719,0.491189607965,0.892691546933
 06/22  19:00:00,1.08796592181,0.945611353821,0.0,0.0,0.0,0.0,0.0,0.0,0.204550927144,0.0445664353352,0.314732295471,0.507004263856,0.910690059254
 06/22  20:00:00,1.26935379664,0.881908107013,0.0,0.0,0.0,0.0,0.0,0.0,0.366212123535,0.0797882729005,0.281807004861,0.524434395348,0.845786264838
 06/22  21:00:00,1.4431989642,0.802126291052,0.0,0.0,0.0,0.0,0.0,0.0,0.531172478541,0.115728949495,0.266994745381,0.512190790788,0.766847760368
 06/22  22:00:00,1.21925179017,0.671981589766,0.0,0.0,0.0,0.0,0.0,0.0,0.445393100625,0.0970398085937,0.216471390852,0.443235490102,0.641452542545
 06/22  23:00:00,0.926918495836,0.532464164932,0.0,0.0,0.0,0.0,0.0,0.0,0.310125591129,0.0675684465008,0.146949064735,0.385163393471,0.505934990961
 06/22  24:00:00,0.626481834936,0.383945960807,0.0,0.0,0.0,0.0,0.0,0.0,0.158361954181,0.034503034961,0.0979160521221,0.318588793672,0.362002293065
 06/23  01:00:00,0.510463341506,0.316477016007,0.0,0.0,0.0,0.0,0.0,0.0,0.0956770209504,0.02084558514,0.0834923761498,0.293336359266,0.296272678215
 06/23  02:00:00,0.455074328373,0.298532014684,0.0,0.0,0.0,0.0,0.0,0.0,0.0626849499491,0.0136574534635,0.0716845669617,0.289935357999,0.278561930084
 06/23  03:00:00,0.443503660426,0.303416484743,0.0,0.0,0.0,0.0,0.0,0.0,0.0626849499491,0.0136574534635,0.0641951005342,0.285854156479,0.283727503973
 06/23  04:00:00,0.442046368417,0.354788886838,0.0,0.0,0.0,0.0,0.0,0.0,0.0626849499491,0.0136574534635,0.0735359875481,0.275055977456,0.335843659952
 06/23  05:00:00,0.489775925345,0.585347199811,0.0,0.0,0.0,0.0,0.0,0.0,0.0659841587211,0.0143762669954,0.0853631352956,0.306940364333,0.564205849252
 06/23  06:00:00,0.615842723933,1.01469888878,0.0,0.0,0.0,0.0,0.0,0.0,0.089078620125,0.0194079617187,0.135604734988,0.354639407101,0.990272137201
 06/23  07:00:00,0.790627200206,1.13307208721,0.0,0.0,0.0,0.0,0.0,0.0,0.141865910321,0.0309089673015,0.208909382217,0.376830940367,1.10711683356
 06/23  08:00:00,0.733758738517,1.09794873576,0.0,0.0,0.0,0.0,0.0,0.0,0.105574663985,0.0230020293783,0.269481251481,0.318588793672,1.07600506802
 06/23  09:00:00,0.690994649551,1.00063256236,0.0,0.0,0.0,0.0,0.0,0.0,0.0593857495364,0.0129386399317,0.330413434083,0.271144826,0.981956726644
 06/23  10:00:00,0.705302121308,0.889989676652,0.0,0.0,0.0,0.0,0.0,0.0,0.0527873319925,0.0115010128678,0.346380073072,0.277521703375,0.870874616201
 06/23  11:00:00,0.715604128444,0.791059861971,0.0,0.0,0.0,0.0,0.0,0.0,0.0494881232205,0.0107822011572,0.36061507566,0.277606728407,0.77193894519
 06/23  12:00:00,0.700320914683,0.713594017042,0.0,0.0,0.0,0.0,0.0,0.0,0.0494881232205,0.0107822011572,0.350008238641,0.272930351665,0.694795198401
 06/23  13:00:00,0.678774077625,0.668647098154,0.0,0.0,0.0,0.0,0.0,0.0,0.0494881232205,0.0107822011572,0.319023623067,0.28236813018,0.649198226905
 06/23  14:00:00,0.669879379194,0.624193301019,0.0,0.0,0.0,0.0,0.0,0.0,0.0494881232205,0.0107822011572,0.294229243714,0.298267811103,0.603649296098
 06/23  15:00:00,0.697273917722,0.631150628695,0.0,0.0,0.0,0.0,0.0,0.0,0.0527873319925,0.0115010128678,0.301025880583,0.314847692279,0.609464639465
 06/23  16:00:00,0.79642692831,0.690150247827,0.0,0.0,0.0,0.0,0.0,0.0,0.0527873319925,0.0115010128678,0.34261694473,0.37240963872,0.664499523325
 06/23  17:00:00,0.968838077881,0.813698198957,0.0,0.0,0.0,0.0,0.0,0.0,0.0659841587211,0.0143762669954,0.418947458642,0.452418193523,0.782536668118
 06/23  18:00:00,1.04896200105,0.925530308289,0.0,0.0,0.0,0.0,0.0,0.0,0.105574663985,0.0230020293783,0.382083699719,0.491189607965,0.891698291063
 06/23  19:00:00,1.08796592181,0.944594480811,0.0,0.0,0.0,0.0,0.0,0.0,0.204550927144,0.0445664353352,0.314732295471,0.507004263856,0.909673186244
 06/23  20:00:00,1.26935379664,0.881070675825,0.0,0.0,0.0,0.0,0.0,0.0,0.366212123535,0.0797882729005,0.281807004861,0.524434395348,0.84494883365
 06/23  21:00:00,1.4431989642,0.80152478883,0.0,0.0,0.0,0.0,0.0,0.0,0.531172478541,0.115728949495,0.266994745381,0.512190790788,0.766246258145
 06/23  22:00:00,1.21925179017,0.671768898755,0.0,0.0,0.0,0.0,0.0,0.0,0.445393100625,0.0970398085937,0.216471390852,0.443235490102,0.641239851534
 06/23  23:00:00,0.926918495836,0.532817658964,0.0,0.0,0.0,0.0,0.0,0.0,0.310125591129,0.0675684465008,0.146949064735,0.385163393471,0.506288484993
 06/23  24:00:00,0.626481834936,0.384896213474,0.0,0.0,0.0,0.0,0.0,0.0,0.158361954181,0.034503034961,0.0979160521221,0.318588793672,0.362952545733
 06/24  01:00:00,0.514410365581,0.324323224556,0.0,0.0,0.0,0.0,0.0,0.0,0.0956770209504,0.02084558514,0.0874394002251,0.293336359266,0.304118886763
 06/24  02:00:00,0.463570488885,0.517969874705,0.0,0.213164406177,0.0,0.00588492208478,0.00588492208478,0.00588492208478,0.0626849499491,0.0136574534635,0.0742958053889,0.289935357999,0.284835383928
 06/24  03:00:00,0.463488889312,0.98643768491,0.0,0.676266012715,0.0,0.0186198247147,0.0186198247147,0.0186198247147,0.0626849499491,0.0136574534635,0.0655605047062,0.285854156479,0.290482691425
 06/24  04:00:00,0.471946558222,1.3555322391,0.0,0.988949716965,0.0,0.0272290341896,0.0272290341896,0.0272290341896,0.0626849499491,0.0136574534635,0.0762071431636,0.275055977456,0.347637295244
 06/24  05:00:00,0.529147035104,1.89715882116,0.0,1.28115542484,0.0,0.0352744171586,0.0352744171586,0.0352744171586,0.0659841587211,0.0143762669954,0.0894598278958,0.306940364333,0.594862045765
 06/24  06:00:00,0.661281343978,2.34825796711,0.0,1.2644008191,0.0,0.0348131078276,0.0348131078276,0.0348131078276,0.089078620125,0.0194079617187,0.146230247206,0.354639407101,1.05943039644
 06/24  07:00:00,0.845193675698,2.42978217255,0.0,1.21326292304,0.0,0.0334051135722,0.0334051135722,0.0334051135722,0.141865910321,0.0309089673015,0.230070744137,0.376830940367,1.19056399586
 06/24  08:00:00,0.798894616997,2.37251776676,0.0,1.18760176456,0.0,0.0326985775881,0.0326985775881,0.0326985775881,0.105574663985,0.0230020293783,0.301918552373,0.318588793672,1.16297233445
 06/24  09:00:00,0.765143812246,2.13793816743,0.0,1.05756012995,0.0,0.0291181042292,0.0291181042292,0.0291181042292,0.0593857495364,0.0129386399317,0.375444492549,0.271144826,1.06170220176
 06/24  10:00:00,0.77370136586,1.59313389077,0.0,0.634977461045,0.0,0.0174830152634,0.0174830152634,0.0174830152634,0.0527873319925,0.0115010128678,0.397296302362,0.277521703375,0.939041369271
 06/24  11:00:00,0.770444992636,0.932813858591,0.0,0.0854276811261,0.0,0.00235210467248,0.00235210467248,0.00235210467248,0.0494881232205,0.0107822011572,0.413103835179,0.277606728407,0.828265260684
 06/24  12:00:00,0.748131420774,0.76256535266,0.0,0.0,0.0,0.0,0.0,0.0,0.0494881232205,0.0107822011572,0.397818744732,0.272930351665,0.743766534018
 06/24  13:00:00,0.722362110139,0.71102997803,0.0,0.0,0.0,0.0,0.0,0.0,0.0494881232205,0.0107822011572,0.362611655582,0.28236813018,0.691581106781
 06/24  14:00:00,0.709004951369,0.662385620678,0.0,0.0,0.0,0.0,0.0,0.0,0.0494881232205,0.0107822011572,0.333354815889,0.298267811103,0.641841615757
 06/24  15:00:00,0.734332890577,0.66922892054,0.0,0.0,0.0,0.0,0.0,0.0,0.0527873319925,0.0115010128678,0.338084853439,0.314847692279,0.647542931309
 06/24  16:00:00,0.832344847558,0.736699979067,0.0,0.0,0.0,0.0,0.0,0.0,0.0527873319925,0.0115010128678,0.378534863978,0.37240963872,0.711049254565
 06/24  17:00:00,1.0041900081,0.869743531169,0.0,0.0,0.0,0.0,0.0,0.0,0.0659841587211,0.0143762669954,0.454299388857,0.452418193523,0.83858200033
 06/24  18:00:00,1.12860594753,0.998581539954,0.0,0.0,0.0340782320309,0.0112553989128,0.0453336309437,0.0112553989128,0.105574663985,0.0230020293783,0.416394015259,0.491189607965,0.964749522729
 06/24  19:00:00,1.28149828297,1.02650092124,0.0,0.0,0.119000432964,0.0402871740051,0.159287606969,0.0402871740051,0.204550927144,0.0445664353352,0.348977049664,0.507004263856,0.991579626677
 06/24  20:00:00,1.43889033225,0.959331318079,0.0,0.0,0.0989889454738,0.0356922198016,0.134681165275,0.0356922198016,0.366212123535,0.0797882729005,0.316662375189,0.524434395348,0.923209475904
 06/24  21:00:00,1.55832708108,0.867141924993,0.0,0.0,0.0579394221065,0.0215818373009,0.0795212594074,0.0215818373009,0.531172478541,0.115728949495,0.302601602849,0.512190790788,0.831863394309
 06/24  22:00:00,1.2475450021,0.723177269816,0.0,0.0,0.0,0.0,0.0,0.0,0.445393100625,0.0970398085937,0.244764602777,0.443235490102,0.692648222595
 06/24  23:00:00,0.942453341171,0.56432631545,0.0,0.0,0.0,0.0,0.0,0.0,0.310125591129,0.0675684465008,0.162483910071,0.385163393471,0.537797141479
 06/24  24:00:00,0.633055518013,0.395901586732,0.0,0.0,0.0,0.0,0.0,0.0,0.158361954181,0.034503034961,0.104489735199,0.318588793672,0.373957918991
 06/25  01:00:00,0.514410365581,0.323013213607,0.0,0.0,0.0,0.0,0.0,0.0,0.0956770209504,0.02084558514,0.0874394002251,0.293336359266,0.302808875815
 06/25  02:00:00,0.4576855668,0.303678145811,0.0,0.0,0.0,0.0,0.0,0.0,0.0626849499491,0.0136574534635,0.0742958053889,0.289935357999,0.28370806121
 06/25  03:00:00,0.444869064598,0.308974401152,0.0,0.0,0.0,0.0,0.0,0.0,0.0626849499491,0.0136574534635,0.0655605047062,0.285854156479,0.289285420382
 06/25  04:00:00,0.444717524033,0.365791886946,0.0,0.0,0.0,0.0,0.0,0.0,0.0626849499491,0.0136574534635,0.0762071431636,0.275055977456,0.346846660059
 06/25  05:00:00,0.493872617946,0.615100984311,0.0,0.0,0.0,0.0,0.0,0.0,0.0659841587211,0.0143762669954,0.0894598278958,0.306940364333,0.593959633751
 06/25  06:00:00,0.626827909068,1.09458239707,0.0,0.0129265345316,0.0,0.000359672918463,0.000359672918463,0.000359672918463,0.089078620125,0.0194079617187,0.146230247206,0.354639407101,1.05722911096
 06/25  07:00:00,0.811788562126,1.21422744957,0.0,0.0,0.0,0.0,0.0,0.0,0.141865910321,0.0309089673015,0.230070744137,0.376830940367,1.18827219592
 06/25  08:00:00,0.766196039409,1.18255871498,0.0,0.0,0.0,0.0,0.0,0.0,0.105574663985,0.0230020293783,0.301918552373,0.318588793672,1.16061504724
 06/25  09:00:00,0.736025708017,1.0782735453,0.0,0.0,0.0,0.0,0.0,0.0,0.0593857495364,0.0129386399317,0.375444492549,0.271144826,1.05959770959
 06/25  10:00:00,0.756218350597,0.956174322014,0.0,0.0,0.0,0.0,0.0,0.0,0.0527873319925,0.0115010128678,0.397296302362,0.277521703375,0.937059261563
 06/25  11:00:00,0.768092887963,0.845467013643,0.0,0.0,0.0,0.0,0.0,0.0,0.0494881232205,0.0107822011572,0.413103835179,0.277606728407,0.826346096862
 06/25  12:00:00,0.748131420774,0.760278156951,0.0,0.0,0.0,0.0,0.0,0.0,0.0494881232205,0.0107822011572,0.397818744732,0.272930351665,0.74147933831
 06/25  13:00:00,0.722362110139,0.708693751381,0.0,0.0,0.0,0.0,0.0,0.0,0.0494881232205,0.0107822011572,0.362611655582,0.28236813018,0.689244880132
 06/25  14:00:00,0.709004951369,0.660112260253,0.0,0.0,0.0,0.0,0.0,0.0,0.0494881232205,0.0107822011572,0.333354815889,0.298267811103,0.639568255332
 06/25  15:00:00,0.860766108709,0.666826462174,0.0,0.0,0.0964247411198,0.0300084770115,0.126433218131,0.0300084770115,0.0527873319925,0.0115010128678,0.338084853439,0.314847692279,0.645140472944
 06/25  16:00:00,1.12616819471,0.734423135323,0.0,0.0,0.221297429262,0.0725259178944,0.293823347156,0.0725259178944,0.0527873319925,0.0115010128678,0.378534863978,0.37240963872,0.708772410821
 06/25  17:00:00,1.457621007,0.867184392384,0.0,0.0,0.339583196777,0.113847802132,0.453430998909,0.113847802132,0.0659841587211,0.0143762669954,0.454299388857,0.452418193523,0.836022861545
 06/25  18:00:00,1.53290761683,0.995763810915,0.0,0.0,0.335937897749,0.113697402496,0.449635300245,0.113697402496,0.105574663985,0.0230020293783,0.416394015259,0.491189607965,0.96193179369
 06/25  19:00:00,1.56813940081,1.02363915402,0.0,0.0,0.333200502813,0.112728221993,0.445928724806,0.112728221993,0.204550927144,0.0445664353352,0.348977049664,0.507004263856,0.988717859452
 06/25  20:00:00,1.68595291379,0.956378443932,0.0,0.0,0.283717240047,0.0980265067721,0.381743746819,0.0980265067721,0.366212123535,0.0797882729005,0.316662375189,0.524434395348,0.920256601757
 06/25  21:00:00,1.78200080853,0.864249805787,0.0,0.0,0.2240773927,0.079117594153,0.303194986853,0.079117594153,0.531172478541,0.115728949495,0.302601602849,0.512190790788,0.828971275103
 06/25  22:00:00,1.41768056738,0.720772563669,0.0,0.0,0.125137614154,0.0449979511318,0.170135565285,0.0449979511318,0.445393100625,0.0970398085937,0.244764602777,0.443235490102,0.690243516448
 06/25  23:00:00,0.942453341171,0.562561180311,0.0,0.0,0.0,0.0,0.0,0.0,0.310125591129,0.0675684465008,0.162483910071,0.385163393471,0.53603200634
 06/25  24:00:00,0.633055518013,0.394477486606,0.0,0.0,0.0,0.0,0.0,0.0,0.158361954181,0.034503034961,0.104489735199,0.318588793672,0.372533818865
 06/26  01:00:00,0.510463341506,0.31543007998,0.0,0.0,0.0,0.0,0.0,0.0,0.0956770209504,0.02084558514,0.0834923761498,0.293336359266,0.295225742188
 06/26  02:00:00,0.455074328373,0.297918350837,0.0,0.0,0.0,0.0,0.0,0.0,0.0626849499491,0.0136574534635,0.0716845669617,0.289935357999,0.277948266236
 06/26  03:00:00,0.443503660426,0.303195914545,0.0,0.0,0.0,0.0,0.0,0.0,0.0626849499491,0.0136574534635,0.0641951005342,0.285854156479,0.283506933775
 06/26  04:00:00,0.442046368417,0.354129205671,0.0,0.0,0.0,0.0,0.0,0.0,0.0626849499491,0.0136574534635,0.0735359875481,0.275055977456,0.335183978785
 06/26  05:00:00,0.489775925345,0.582756630981,0.0,0.0,0.0,0.0,0.0,0.0,0.0659841587211,0.0143762669954,0.0853631352956,0.306940364333,0.561615280422
 06/26  06:00:00,0.615842723933,1.00835520175,0.0,0.0,0.0,0.0,0.0,0.0,0.089078620125,0.0194079617187,0.135604734988,0.354639407101,0.983928450179
 06/26  07:00:00,0.790627200206,1.12546103652,0.0,0.0,0.0,0.0,0.0,0.0,0.141865910321,0.0309089673015,0.208909382217,0.376830940367,1.09950578287
 06/26  08:00:00,0.733758738517,1.0904189401,0.0,0.0,0.0,0.0,0.0,0.0,0.105574663985,0.0230020293783,0.269481251481,0.318588793672,1.06847527236
 06/26  09:00:00,0.690994649551,0.993926146775,0.0,0.0,0.0,0.0,0.0,0.0,0.0593857495364,0.0129386399317,0.330413434083,0.271144826,0.975250311059
 06/26  10:00:00,0.705302121308,0.884346348674,0.0,0.0,0.0,0.0,0.0,0.0,0.0527873319925,0.0115010128678,0.346380073072,0.277521703375,0.865231288223
 06/26  11:00:00,0.715604128444,0.786352120044,0.0,0.0,0.0,0.0,0.0,0.0,0.0494881232205,0.0107822011572,0.36061507566,0.277606728407,0.767231203264
 06/26  12:00:00,0.700320914683,0.709605415669,0.0,0.0,0.0,0.0,0.0,0.0,0.0494881232205,0.0107822011572,0.350008238641,0.272930351665,0.690806597027
 06/26  13:00:00,0.678774077625,0.665073291703,0.0,0.0,0.0,0.0,0.0,0.0,0.0494881232205,0.0107822011572,0.319023623067,0.28236813018,0.645624420454
 06/26  14:00:00,0.669879379194,0.621069695761,0.0,0.0,0.0,0.0,0.0,0.0,0.0494881232205,0.0107822011572,0.294229243714,0.298267811103,0.600525690841
 06/26  15:00:00,0.697273917722,0.628071966927,0.0,0.0,0.0,0.0,0.0,0.0,0.0527873319925,0.0115010128678,0.301025880583,0.314847692279,0.606385977697
 06/26  16:00:00,0.79642692831,0.686585831218,0.0,0.0,0.0,0.0,0.0,0.0,0.0527873319925,0.0115010128678,0.34261694473,0.37240963872,0.660935106716
 06/26  17:00:00,0.968838077881,0.809071799137,0.0,0.0,0.0,0.0,0.0,0.0,0.0659841587211,0.0143762669954,0.418947458642,0.452418193523,0.777910268298
 06/26  18:00:00,1.04896200105,0.919911495142,0.0,0.0,0.0,0.0,0.0,0.0,0.105574663985,0.0230020293783,0.382083699719,0.491189607965,0.886079477917
 06/26  19:00:00,1.08796592181,0.938838365033,0.0,0.0,0.0,0.0,0.0,0.0,0.204550927144,0.0445664353352,0.314732295471,0.507004263856,0.903917070466
 06/26  20:00:00,1.26935379664,0.875891015436,0.0,0.0,0.0,0.0,0.0,0.0,0.366212123535,0.0797882729005,0.281807004861,0.524434395348,0.839769173261
 06/26  21:00:00,1.4431989642,0.796960372652,0.0,0.0,0.0,0.0,0.0,0.0,0.531172478541,0.115728949495,0.266994745381,0.512190790788,0.761681841967
 06/26  22:00:00,1.21925179017,0.668300664462,0.0,0.0,0.0,0.0,0.0,0.0,0.445393100625,0.0970398085937,0.216471390852,0.443235490102,0.637771617242
 06/26  23:00:00,0.926918495836,0.530428788834,0.0,0.0,0.0,0.0,0.0,0.0,0.310125591129,0.0675684465008,0.146949064735,0.385163393471,0.503899614863
 06/26  24:00:00,0.626481834936,0.383605629762,0.0,0.0,0.0,0.0,0.0,0.0,0.158361954181,0.034503034961,0.0979160521221,0.318588793672,0.361661962021
 06/27  01:00:00,0.510463341506,0.316907171571,0.0,0.0,0.0,0.0,0.0,0.0,0.0956770209504,0.02084558514,0.0834923761498,0.293336359266,0.296702833778
 06/27  02:00:00,0.455074328373,0.299272439768,0.0,0.0,0.0,0.0,0.0,0.0,0.0626849499491,0.0136574534635,0.0716845669617,0.289935357999,0.279302355168
 06/27  03:00:00,0.443503660426,0.30405028787,0.0,0.0,0.0,0.0,0.0,0.0,0.0626849499491,0.0136574534635,0.0641951005342,0.285854156479,0.2843613071
 06/27  04:00:00,0.449232244322,0.615783167452,0.0,0.260988689226,0.0,0.00718587590464,0.00718587590464,0.00718587590464,0.0626849499491,0.0136574534635,0.0735359875481,0.275055977456,0.33584925134
 06/27  05:00:00,0.499256544736,0.927060691305,0.0,0.344333030603,0.0,0.00948061939051,0.00948061939051,0.00948061939051,0.0659841587211,0.0143762669954,0.0853631352956,0.306940364333,0.561586310142
 06/27  06:00:00,0.625326758437,1.35120184717,0.0,0.344457066434,0.0,0.00948403450437,0.00948403450437,0.00948403450437,0.089078620125,0.0194079617187,0.135604734988,0.354639407101,0.982318029166
 06/27  07:00:00,0.795852101349,1.31323908462,0.0,0.189766719963,0.0,0.00522490114236,0.00522490114236,0.00522490114236,0.141865910321,0.0309089673015,0.208909382217,0.376830940367,1.097517111
 06/27  08:00:00,0.739237589431,1.2875960276,0.0,0.198990093569,0.0,0.00547885091451,0.00547885091451,0.00547885091451,0.105574663985,0.0230020293783,0.269481251481,0.318588793672,1.06666226629
 06/27  09:00:00,0.693419945909,1.0802792397,0.0,0.0880859794786,0.0,0.00242529635805,0.00242529635805,0.00242529635805,0.0593857495364,0.0129386399317,0.330413434083,0.271144826,0.97351742451
 06/27  10:00:00,0.705302121308,0.882574399851,0.0,0.0,0.0,0.0,0.0,0.0,0.0527873319925,0.0115010128678,0.346380073072,0.277521703375,0.8634593394
 06/27  11:00:00,0.715604128444,0.784623126829,0.0,0.0,0.0,0.0,0.0,0.0,0.0494881232205,0.0107822011572,0.36061507566,0.277606728407,0.765502210049
 06/27  12:00:00,0.700320914683,0.707722189375,0.0,0.0,0.0,0.0,0.0,0.0,0.0494881232205,0.0107822011572,0.350008238641,0.272930351665,0.688923370733
 06/27  13:00:00,0.678774077625,0.663190034002,0.0,0.0,0.0,0.0,0.0,0.0,0.0494881232205,0.0107822011572,0.319023623067,0.28236813018,0.643741162753
 06/27  14:00:00,0.669879379194,0.619115803209,0.0,0.0,0.0,0.0,0.0,0.0,0.0494881232205,0.0107822011572,0.294229243714,0.298267811103,0.598571798288
 06/27  15:00:00,0.697273917722,0.626130000912,0.0,0.0,0.0,0.0,0.0,0.0,0.0527873319925,0.0115010128678,0.301025880583,0.314847692279,0.604444011681
 06/27  16:00:00,0.79642692831,0.684335516465,0.0,0.0,0.0,0.0,0.0,0.0,0.0527873319925,0.0115010128678,0.34261694473,0.37240963872,0.658684791963
 06/27  17:00:00,0.968838077881,0.806335629017,0.0,0.0,0.0,0.0,0.0,0.0,0.0659841587211,0.0143762669954,0.418947458642,0.452418193523,0.775174098178
 06/27  18:00:00,1.10514595233,0.916768340346,0.0,0.0,0.041796048126,0.0143879031561,0.0561839512821,0.0143879031561,0.105574663985,0.0230020293783,0.382083699719,0.491189607965,0.882936323121
 06/27  19:00:00,1.17172975187,0.935602432964,0.0,0.0,0.0619518430078,0.0218119870603,0.083763830068,0.0218119870603,0.204550927144,0.0445664353352,0.314732295471,0.507004263856,0.900681138397
 06/27  20:00:00,1.26935379664,0.873277164657,0.0,0.0,0.0,0.0,0.0,0.0,0.366212123535,0.0797882729005,0.281807004861,0.524434395348,0.837155322482
 06/27  21:00:00,1.4431989642,0.795103731947,0.0,0.0,0.0,0.0,0.0,0.0,0.531172478541,0.115728949495,0.266994745381,0.512190790788,0.759825201263
 06/27  22:00:00,1.21925179017,0.666944559443,0.0,0.0,0.0,0.0,0.0,0.0,0.445393100625,0.0970398085937,0.216471390852,0.443235490102,0.636415512222
 06/27  23:00:00,0.926918495836,0.5296186551,0.0,0.0,0.0,0.0,0.0,0.0,0.310125591129,0.0675684465008,0.146949064735,0.385163393471,0.503089481129
 06/27  24:00:00,0.626481834936,0.383229556541,0.0,0.0,0.0,0.0,0.0,0.0,0.158361954181,0.034503034961,0.0979160521221,0.318588793672,0.361285888799
 06/28  01:00:00,0.510463341506,0.316946156658,0.0,0.0,0.0,0.0,0.0,0.0,0.0956770209504,0.02084558514,0.0834923761498,0.293336359266,0.296741818866
 06/28  02:00:00,0.455074328373,0.299404564951,0.0,0.0,0.0,0.0,0.0,0.0,0.0626849499491,0.0136574534635,0.0716845669617,0.289935357999,0.27943448035
 06/28  03:00:00,0.451541176484,0.596037634663,0.0,0.291666932078,0.0,0.00803751605806,0.00803751605806,0.00803751605806,0.0626849499491,0.0136574534635,0.0641951005342,0.285854156479,0.284681721814
 06/28  04:00:00,0.464389510626,1.16655529764,0.0,0.811495700119,0.0,0.0223431422086,0.0223431422086,0.0223431422086,0.0626849499491,0.0136574534635,0.0735359875481,0.275055977456,0.336114370638
 06/28  05:00:00,0.524927367366,1.85879758235,0.0,1.27668900758,0.0,0.0351514420204,0.0351514420204,0.0351514420204,0.0659841587211,0.0143762669954,0.0853631352956,0.306940364333,0.560967224203
 06/28  06:00:00,0.654099193834,2.39438822523,0.0,1.38946261618,0.0,0.0382564699015,0.0382564699015,0.0382564699015,0.089078620125,0.0194079617187,0.135604734988,0.354639407101,0.980498857478
 06/28  07:00:00,0.827235259689,2.45014989691,0.0,1.32959288279,0.0,0.0366080594825,0.0366080594825,0.0366080594825,0.141865910321,0.0309089673015,0.208909382217,0.376830940367,1.09460176046
 06/28  08:00:00,0.766920785809,2.28977937615,0.0,1.20443483436,0.0,0.0331620472926,0.0331620472926,0.0331620472926,0.105574663985,0.0230020293783,0.269481251481,0.318588793672,1.06340087405
 06/28  09:00:00,0.718628069449,1.99287652693,0.0,1.00363687513,0.0,0.027633419898,0.027633419898,0.027633419898,0.0593857495364,0.0129386399317,0.330413434083,0.271144826,0.970563816078
 06/28  10:00:00,0.728047318719,1.7063745216,0.0,0.826098215065,0.0,0.022745197411,0.022745197411,0.022745197411,0.0527873319925,0.0115010128678,0.346380073072,0.277521703375,0.861161246088
 06/28  11:00:00,0.725601310169,1.14599466735,0.0,0.363094407558,0.0,0.00999718172505,0.00999718172505,0.00999718172505,0.0494881232205,0.0107822011572,0.36061507566,0.277606728407,0.763779343016
 06/28  12:00:00,0.700669007123,0.719322479585,0.0,0.0126426048491,0.0,0.000348092439663,0.000348092439663,0.000348092439663,0.0494881232205,0.0107822011572,0.350008238641,0.272930351665,0.687881056094
 06/28  13:00:00,0.678774077625,0.662883868133,0.0,0.0,0.0,0.0,0.0,0.0,0.0494881232205,0.0107822011572,0.319023623067,0.28236813018,0.643434996884
 06/28  14:00:00,0.669879379194,0.619277884749,0.0,0.0,0.0,0.0,0.0,0.0,0.0494881232205,0.0107822011572,0.294229243714,0.298267811103,0.598733879828
 06/28  15:00:00,0.697273917722,0.626208706493,0.0,0.0,0.0,0.0,0.0,0.0,0.0527873319925,0.0115010128678,0.301025880583,0.314847692279,0.604522717262
 06/28  16:00:00,0.79642692831,0.68453581626,0.0,0.0,0.0,0.0,0.0,0.0,0.0527873319925,0.0115010128678,0.34261694473,0.37240963872,0.658885091759
 06/28  17:00:00,0.968838077881,0.806151226849,0.0,0.0,0.0,0.0,0.0,0.0,0.0659841587211,0.0143762669954,0.418947458642,0.452418193523,0.77498969601
 06/28  18:00:00,1.04896200105,0.916417540233,0.0,0.0,0.0,0.0,0.0,0.0,0.105574663985,0.0230020293783,0.382083699719,0.491189607965,0.882585523008
 06/28  19:00:00,1.08796592181,0.935297513179,0.0,0.0,0.0,0.0,0.0,0.0,0.204550927144,0.0445664353352,0.314732295471,0.507004263856,0.900376218612
 06/28  20:00:00,1.26935379664,0.872813246956,0.0,0.0,0.0,0.0,0.0,0.0,0.366212123535,0.0797882729005,0.281807004861,0.524434395348,0.836691404781
 06/28  21:00:00,1.4431989642,0.79472304627,0.0,0.0,0.0,0.0,0.0,0.0,0.531172478541,0.115728949495,0.266994745381,0.512190790788,0.759444515586
 06/28  22:00:00,1.21925179017,0.666772973303,0.0,0.0,0.0,0.0,0.0,0.0,0.445393100625,0.0970398085937,0.216471390852,0.443235490102,0.636243926082
 06/28  23:00:00,0.926918495836,0.529719909891,0.0,0.0,0.0,0.0,0.0,0.0,0.310125591129,0.0675684465008,0.146949064735,0.385163393471,0.50319073592
 06/28  24:00:00,0.626481834936,0.383767432758,0.0,0.0,0.0,0.0,0.0,0.0,0.158361954181,0.034503034961,0.0979160521221,0.318588793672,0.361823765016
 06/29  01:00:00,0.514659330968,0.470050853767,0.0,0.152396980453,0.0,0.00419598946231,0.00419598946231,0.00419598946231,0.0956770209504,0.02084558514,0.0834923761498,0.293336359266,0.297449535521
 06/29  02:00:00,0.470106497198,0.845938157986,0.0,0.545963510916,0.0,0.0150321688252,0.0150321688252,0.0150321688252,0.0626849499491,0.0136574534635,0.0716845669617,0.289935357999,0.280004562469
 06/29  03:00:00,0.470619480503,1.28943036165,0.0,0.984837817035,0.0,0.0271158200778,0.0271158200778,0.0271158200778,0.0626849499491,0.0136574534635,0.0641951005342,0.285854156479,0.284903563842
 06/29  04:00:00,0.480454799934,1.74974470302,0.0,1.39498181291,0.0,0.0384084315167,0.0384084315167,0.0384084315167,0.0626849499491,0.0136574534635,0.0735359875481,0.275055977456,0.335817663225
 06/29  05:00:00,0.532738494798,2.14150381821,0.0,1.5603866301,0.0,0.0429625694525,0.0429625694525,0.0429625694525,0.0659841587211,0.0143762669954,0.0853631352956,0.306940364333,0.559975837545
 06/29  06:00:00,0.656342886959,2.47298774536,0.0,1.47095282497,0.0,0.0405001630269,0.0405001630269,0.0405001630269,0.089078620125,0.0194079617187,0.135604734988,0.354639407101,0.977608168807
 06/29  07:00:00,0.823244959289,2.30240787076,0.0,1.18466646257,0.0,0.0326177590823,0.0326177590823,0.0326177590823,0.141865910321,0.0309089673015,0.208909382217,0.376830940367,1.09178615454
 06/29  08:00:00,0.756568544853,1.91143548162,0.0,0.828444790337,0.0,0.0228098063363,0.0228098063363,0.0228098063363,0.105574663985,0.0230020293783,0.269481251481,0.318588793672,1.06104702354
 06/29  09:00:00,0.698959435726,1.27640552975,0.0,0.289278458381,0.0,0.00796478617513,0.00796478617513,0.00796478617513,0.0593857495364,0.0129386399317,0.330413434083,0.271144826,0.96845123565
 06/29  10:00:00,0.705302121308,0.878774298217,0.0,0.0,0.0,0.0,0.0,0.0,0.0527873319925,0.0115010128678,0.346380073072,0.277521703375,0.859659237766
 06/29  11:00:00,0.715604128444,0.781752885019,0.0,0.0,0.0,0.0,0.0,0.0,0.0494881232205,0.0107822011572,0.36061507566,0.277606728407,0.762631968239
 06/29  12:00:00,0.700320914683,0.705322771537,0.0,0.0,0.0,0.0,0.0,0.0,0.0494881232205,0.0107822011572,0.350008238641,0.272930351665,0.686523952895
 06/29  13:00:00,0.678774077625,0.660971328619,0.0,0.0,0.0,0.0,0.0,0.0,0.0494881232205,0.0107822011572,0.319023623067,0.28236813018,0.64152245737
 06/29  14:00:00,0.669879379194,0.617219009132,0.0,0.0,0.0,0.0,0.0,0.0,0.0494881232205,0.0107822011572,0.294229243714,0.298267811103,0.596675004211
 06/29  15:00:00,0.697273917722,0.624124255885,0.0,0.0,0.0,0.0,0.0,0.0,0.0527873319925,0.0115010128678,0.301025880583,0.314847692279,0.602438266655
 06/29  16:00:00,0.79642692831,0.682014014667,0.0,0.0,0.0,0.0,0.0,0.0,0.0527873319925,0.0115010128678,0.34261694473,0.37240963872,0.656363290166
 06/29  17:00:00,0.968838077881,0.803466144171,0.0,0.0,0.0,0.0,0.0,0.0,0.0659841587211,0.0143762669954,0.418947458642,0.452418193523,0.772304613333
 06/29  18:00:00,1.07432836867,0.913338862131,0.0,0.0,0.0189686686167,0.00639769900977,0.0253663676264,0.00639769900977,0.105574663985,0.0230020293783,0.382083699719,0.491189607965,0.879506844906
 06/29  19:00:00,1.12681808894,0.932192742893,0.0,0.0,0.028819007953,0.010033159177,0.03885216713,0.010033159177,0.204550927144,0.0445664353352,0.314732295471,0.507004263856,0.897271448326
 06/29  20:00:00,1.29825157368,0.869795057347,0.0,0.0,0.021328673949,0.0075691030838,0.0288977770328,0.0075691030838,0.366212123535,0.0797882729005,0.281807004861,0.524434395348,0.833673215172
 06/29  21:00:00,1.4702106742,0.791397674434,0.0,0.0,0.0199378968087,0.00707381318683,0.0270117099956,0.00707381318683,0.531172478541,0.115728949495,0.266994745381,0.512190790788,0.756119143749
 06/29  22:00:00,1.21925179017,0.663710145708,0.0,0.0,0.0,0.0,0.0,0.0,0.445393100625,0.0970398085937,0.216471390852,0.443235490102,0.633181098487
 06/29  23:00:00,0.926918495836,0.526912523973,0.0,0.0,0.0,0.0,0.0,0.0,0.310125591129,0.0675684465008,0.146949064735,0.385163393471,0.500383350002
 06/29  24:00:00,0.626481834936,0.381235156038,0.0,0.0,0.0,0.0,0.0,0.0,0.158361954181,0.034503034961,0.0979160521221,0.318588793672,0.359291488297
 06/30  01:00:00,0.510463341506,0.315169904882,0.0,0.0,0.0,0.0,0.0,0.0,0.0956770209504,0.02084558514,0.0834923761498,0.293336359266,0.29496556709
 06/30  02:00:00,0.455074328373,0.297585300989,0.0,0.0,0.0,0.0,0.0,0.0,0.0626849499491,0.0136574534635,0.0716845669617,0.289935357999,0.277615216389
 06/30  03:00:00,0.443503660426,0.302408378117,0.0,0.0,0.0,0.0,0.0,0.0,0.0626849499491,0.0136574534635,0.0641951005342,0.285854156479,0.282719397346
 06/30  04:00:00,0.442046368417,0.352850405528,0.0,0.0,0.0,0.0,0.0,0.0,0.0626849499491,0.0136574534635,0.0735359875481,0.275055977456,0.333905178642
 06/30  05:00:00,0.489775925345,0.579040119045,0.0,0.0,0.0,0.0,0.0,0.0,0.0659841587211,0.0143762669954,0.0853631352956,0.306940364333,0.557898768485
 06/30  06:00:00,0.615842723933,0.999847335242,0.0,0.0,0.0,0.0,0.0,0.0,0.089078620125,0.0194079617187,0.135604734988,0.354639407101,0.975420583668
 06/30  07:00:00,0.790627200206,1.11541706779,0.0,0.0,0.0,0.0,0.0,0.0,0.141865910321,0.0309089673015,0.208909382217,0.376830940367,1.08946181414
 06/30  08:00:00,0.733758738517,1.08058970288,0.0,0.0,0.0,0.0,0.0,0.0,0.105574663985,0.0230020293783,0.269481251481,0.318588793672,1.05864603513
 06/30  09:00:00,0.690994649551,0.984884790427,0.0,0.0,0.0,0.0,0.0,0.0,0.0593857495364,0.0129386399317,0.330413434083,0.271144826,0.966208954711
 06/30  10:00:00,0.705302121308,0.876159523163,0.0,0.0,0.0,0.0,0.0,0.0,0.0527873319925,0.0115010128678,0.346380073072,0.277521703375,0.857044462712
 06/30  11:00:00,0.715604128444,0.779000156166,0.0,0.0,0.0,0.0,0.0,0.0,0.0494881232205,0.0107822011572,0.36061507566,0.277606728407,0.759879239385
 06/30  12:00:00,0.700320914683,0.7029563401,0.0,0.0,0.0,0.0,0.0,0.0,0.0494881232205,0.0107822011572,0.350008238641,0.272930351665,0.684157521458
 06/30  13:00:00,0.678774077625,0.658665983837,0.0,0.0,0.0,0.0,0.0,0.0,0.0494881232205,0.0107822011572,0.319023623067,0.28236813018,0.639217112588
 06/30  14:00:00,0.669879379194,0.615231089586,0.0,0.0,0.0,0.0,0.0,0.0,0.0494881232205,0.0107822011572,0.294229243714,0.298267811103,0.594687084666
 06/30  15:00:00,0.702047799665,0.622085211344,0.0,0.0,0.0035798433635,0.00119403857885,0.00477388194234,0.00119403857885,0.0527873319925,0.0115010128678,0.301025880583,0.314847692279,0.600399222113
 06/30  16:00:00,0.844328095908,0.679831759508,0.0,0.0,0.0359224468305,0.0119787207668,0.0479011675973,0.0119787207668,0.0527873319925,0.0115010128678,0.34261694473,0.37240963872,0.654181035006
 06/30  17:00:00,1.13909428454,0.800935180597,0.0,0.0,0.12737458062,0.0428816260411,0.170256206661,0.0428816260411,0.0659841587211,0.0143762669954,0.418947458642,0.452418193523,0.769773649758
 06/30  18:00:00,1.24600738045,0.910694618774,0.0,0.0,0.147417738792,0.0496276406137,0.197045379405,0.0496276406137,0.105574663985,0.0230020293783,0.382083699719,0.491189607965,0.876862601549
 06/30  19:00:00,1.28364499305,0.929426917833,0.0,0.0,0.145963473912,0.0497155973287,0.195679071241,0.0497155973287,0.204550927144,0.0445664353352,0.314732295471,0.507004263856,0.894505623265
 06/30  20:00:00,1.43037112351,0.867161911656,0.0,0.0,0.119478152196,0.0415391746659,0.161017326862,0.0415391746659,0.366212123535,0.0797882729005,0.281807004861,0.524434395348,0.831040069481
 06/30  21:00:00,1.55949105127,0.789235985224,0.0,0.0,0.085634497707,0.0306575893595,0.116292087067,0.0306575893595,0.531172478541,0.115728949495,0.266994745381,0.512190790788,0.753957454539
 06/30  22:00:00,1.2415975659,0.662111188046,0.0,0.0,0.0163738026267,0.00597197310057,0.0223457757273,0.00597197310057,0.445393100625,0.0970398085937,0.216471390852,0.443235490102,0.631582140826
 06/30  23:00:00,0.926918495836,0.52588782602,0.0,0.0,0.0,0.0,0.0,0.0,0.310125591129,0.0675684465008,0.146949064735,0.385163393471,0.499358652049
 06/30  24:00:00,0.626481834936,0.380755824909,0.0,0.0,0.0,0.0,0.0,0.0,0.158361954181,0.034503034961,0.0979160521221,0.318588793672,0.358812157167
 07/01  01:00:00,0.515547369194,0.321444601571,0.0,0.0,0.0,0.0,0.0,0.0,0.097641118319,0.0212734937012,0.0875042465431,0.29201651063,0.301331171935
 07/01  02:00:00,0.457980542406,0.302431313855,0.0,0.0,0.0,0.0,0.0,0.0,0.0639717363317,0.0139378114307,0.0743281826877,0.288630811956,0.282551083403
 07/01  03:00:00,0.445182403315,0.307924574036,0.0,0.0,0.0,0.0,0.0,0.0,0.0639717363317,0.0139378114307,0.0655928820049,0.284567973547,0.288324182605
 07/01  04:00:00,0.445111917501,0.363684647466,0.0,0.0,0.0,0.0,0.0,0.0,0.0639717363317,0.0139378114307,0.0762719894816,0.273818380258,0.344824663445
 07/01  05:00:00,0.494238409794,0.60915060051,0.0,0.0,0.0,0.0,0.0,0.0,0.0673386720226,0.0146713809326,0.0895570515125,0.305559305326,0.588104374138
 07/01  06:00:00,0.635497592106,1.21314599969,0.0,0.145359132928,0.0,0.00407050301997,0.00407050301997,0.00407050301997,0.0942741659095,0.0205399387695,0.146457255179,0.353043729228,1.04347002183
 07/01  07:00:00,0.82633048427,1.19754560714,0.0,0.0,0.0,0.0,0.0,0.0,0.15487897491,0.0337441825195,0.230459913765,0.375135413076,1.17170713754
 07/01  08:00:00,0.781619812262,1.22076889868,0.0,0.0542910060761,0.0,0.00149480973125,0.00149480973125,0.00149480973125,0.11784266559,0.0256749143555,0.3023400993,0.317155323284,1.14463295902
 07/01  09:00:00,0.740831950465,1.06384295998,0.0,0.0,0.0,0.0,0.0,0.0,0.0639717363317,0.0139378114307,0.37588557592,0.269924826782,1.04525115502
 07/01  10:00:00,0.756678534509,0.943864629068,0.0,0.0,0.0,0.0,0.0,0.0,0.0538709459774,0.0117371047461,0.39768547199,0.276273011796,0.924835575639
 07/01  11:00:00,0.772635556111,0.835101802888,0.0,0.0,0.0,0.0,0.0,0.0,0.0538709459774,0.0117371047461,0.413557851125,0.276357654263,0.816066919479
 07/01  12:00:00,0.752759976306,0.751398439996,0.0,0.0,0.0,0.0,0.0,0.0,0.0538709459774,0.0117371047461,0.398337606996,0.271702318586,0.732684205466
 07/01  13:00:00,0.726850885638,0.700611161297,0.0,0.0,0.0,0.0,0.0,0.0,0.0538709459774,0.0117371047461,0.363033202508,0.281097632407,0.68124979903
 07/01  14:00:00,0.713402742523,0.65280130205,0.0,0.0,0.0,0.0,0.0,0.0,0.0538709459774,0.0117371047461,0.333756918092,0.296925773707,0.632349733597
 07/01  15:00:00,0.734754821169,0.659544052255,0.0,0.0,0.0,0.0,0.0,0.0,0.0538709459774,0.0117371047461,0.338603715702,0.313431054743,0.637955637779
 07/01  16:00:00,0.836932600088,0.725622303568,0.0,0.0,0.0,0.0,0.0,0.0,0.057237873309,0.0124706724268,0.379378049552,0.3707340048,0.700086992899
 07/01  17:00:00,1.08255589075,0.856129766196,0.0,0.0,0.0580337558514,0.0193430548435,0.077376810695,0.0193430548435,0.0673386720226,0.0146713809326,0.45567446099,0.450382566105,0.82510844472
 07/01  18:00:00,1.24008445625,0.982558816398,0.0,0.0,0.116196578815,0.0391159408266,0.155312519641,0.0391159408266,0.107741891955,0.0234742131348,0.417464300526,0.488979530988,0.948879024222
 07/01  19:00:00,1.29320240619,1.0100568217,0.0,0.0,0.127772450039,0.0439359118595,0.171708361899,0.0439359118595,0.205382926681,0.044747706836,0.349528380947,0.504723029822,0.975292653319
 07/01  20:00:00,1.43962468366,0.943979903779,0.0,0.0,0.0974854070112,0.0349105768203,0.132395983832,0.0349105768203,0.370362675226,0.0806925905763,0.316986698499,0.522074735527,0.908020589577
 07/01  21:00:00,1.57971991169,0.853237479574,0.0,0.0,0.0717634386524,0.0261497438316,0.097913182484,0.0261497438316,0.535342423771,0.116637474316,0.302828610822,0.5098862203,0.818117682435
 07/01  22:00:00,1.24862725219,0.712209588086,0.0,0.0,0.0,0.0,0.0,0.0,0.447802162681,0.097564681836,0.244907227988,0.441241179685,0.681817904407
 07/01  23:00:00,0.940369721567,0.556712411304,0.0,0.0,0.0,0.0,0.0,0.0,0.309757866226,0.0674883468263,0.162581133687,0.383430374827,0.530302603695
 07/01  24:00:00,0.635646011533,0.391458155369,0.0,0.0,0.0,0.0,0.0,0.0,0.161612796136,0.0352113105958,0.104554581517,0.317155323284,0.369613221791
 07/02  01:00:00,0.515547369194,0.319789739061,0.0,0.0,0.0,0.0,0.0,0.0,0.097641118319,0.0212734937012,0.0875042465431,0.29201651063,0.299676309425
 07/02  02:00:00,0.457980542406,0.30069325995,0.0,0.0,0.0,0.0,0.0,0.0,0.0639717363317,0.0139378114307,0.0743281826877,0.288630811956,0.280813029498
 07/02  03:00:00,0.445182403315,0.305790684915,0.0,0.0,0.0,0.0,0.0,0.0,0.0639717363317,0.0139378114307,0.0655928820049,0.284567973547,0.286190293484
 07/02  04:00:00,0.445111917501,0.361069851831,0.0,0.0,0.0,0.0,0.0,0.0,0.0639717363317,0.0139378114307,0.0762719894816,0.273818380258,0.34220986781
 07/02  05:00:00,0.494238409794,0.605437602807,0.0,0.0,0.0,0.0,0.0,0.0,0.0673386720226,0.0146713809326,0.0895570515125,0.305559305326,0.584391376434
 07/02  06:00:00,0.631427089086,1.06298049863,0.0,0.0,0.0,0.0,0.0,0.0,0.0942741659095,0.0205399387695,0.146457255179,0.353043729228,1.0386636537
 07/02  07:00:00,0.82633048427,1.19262668239,0.0,0.0,0.0,0.0,0.0,0.0,0.15487897491,0.0337441825195,0.230459913765,0.375135413076,1.16678821278
 07/02  08:00:00,0.780125002531,1.16144902376,0.0,0.0,0.0,0.0,0.0,0.0,0.11784266559,0.0256749143555,0.3023400993,0.317155323284,1.13960409018
 07/02  09:00:00,0.740831950465,1.0591817526,0.0,0.0,0.0,0.0,0.0,0.0,0.0639717363317,0.0139378114307,0.37588557592,0.269924826782,1.04058994764
 07/02  10:00:00,0.756678534509,0.939908029137,0.0,0.0,0.0,0.0,0.0,0.0,0.0538709459774,0.0117371047461,0.39768547199,0.276273011796,0.920878975708
 07/02  11:00:00,0.772635556111,0.83168709539,0.0,0.0,0.0,0.0,0.0,0.0,0.0538709459774,0.0117371047461,0.413557851125,0.276357654263,0.812652211981
 07/02  12:00:00,0.752759976306,0.748654188124,0.0,0.0,0.0,0.0,0.0,0.0,0.0538709459774,0.0117371047461,0.398337606996,0.271702318586,0.729939953593
 07/02  13:00:00,0.726850885638,0.698762774789,0.0,0.0,0.0,0.0,0.0,0.0,0.0538709459774,0.0117371047461,0.363033202508,0.281097632407,0.679401412522
 07/02  14:00:00,0.713402742523,0.651584176836,0.0,0.0,0.0,0.0,0.0,0.0,0.0538709459774,0.0117371047461,0.333756918092,0.296925773707,0.631132608383
 07/02  15:00:00,0.734754821169,0.658270071627,0.0,0.0,0.0,0.0,0.0,0.0,0.0538709459774,0.0117371047461,0.338603715702,0.313431054743,0.636681657151
 07/02  16:00:00,0.836932600088,0.724458481081,0.0,0.0,0.0,0.0,0.0,0.0,0.057237873309,0.0124706724268,0.379378049552,0.3707340048,0.698923170413
 07/02  17:00:00,1.00517908005,0.854585196841,0.0,0.0,0.0,0.0,0.0,0.0,0.0673386720226,0.0146713809326,0.45567446099,0.450382566105,0.823563875365
 07/02  18:00:00,1.0847719366,0.980903509881,0.0,0.0,0.0,0.0,0.0,0.0,0.107741891955,0.0234742131348,0.417464300526,0.488979530988,0.947223717705
 07/02  19:00:00,1.12149404429,1.00831128772,0.0,0.0,0.0,0.0,0.0,0.0,0.205382926681,0.044747706836,0.349528380947,0.504723029822,0.973547119343
 07/02  20:00:00,1.30722869983,0.942206785105,0.0,0.0,0.0,0.0,0.0,0.0,0.370362675226,0.0806925905763,0.316986698499,0.522074735527,0.906247470904
 07/02  21:00:00,1.48180672921,0.851564222436,0.0,0.0,0.0,0.0,0.0,0.0,0.535342423771,0.116637474316,0.302828610822,0.5098862203,0.816444425298
 07/02  22:00:00,1.24862725219,0.710789784681,0.0,0.0,0.0,0.0,0.0,0.0,0.447802162681,0.097564681836,0.244907227988,0.441241179685,0.680398101002
 07/02  23:00:00,0.940369721567,0.55552402206,0.0,0.0,0.0,0.0,0.0,0.0,0.309757866226,0.0674883468263,0.162581133687,0.383430374827,0.529114214451
 07/02  24:00:00,0.635646011533,0.390549494826,0.0,0.0,0.0,0.0,0.0,0.0,0.161612796136,0.0352113105958,0.104554581517,0.317155323284,0.368704561247
 07/03  01:00:00,0.511600345118,0.312750427424,0.0,0.0,0.0,0.0,0.0,0.0,0.097641118319,0.0212734937012,0.0835572224677,0.29201651063,0.292636997788
 07/03  02:00:00,0.455369303979,0.295340649179,0.0,0.0,0.0,0.0,0.0,0.0,0.0639717363317,0.0139378114307,0.0717169442605,0.288630811956,0.275460418728
 07/03  03:00:00,0.449252588763,0.495209402103,0.0,0.195150142881,0.0,0.00543558962071,0.00543558962071,0.00543558962071,0.0639717363317,0.0139378114307,0.0642274778329,0.284567973547,0.280458867791
 07/03  04:00:00,0.452990582156,0.732119607714,0.0,0.382356236591,0.0,0.0105498202705,0.0105498202705,0.0105498202705,0.0639717363317,0.0139378114307,0.0736008338661,0.273818380258,0.330903387102
 07/03  05:00:00,0.502659136691,1.02821203048,0.0,0.454628628504,0.0,0.0125174194974,0.0125174194974,0.0125174194974,0.0673386720226,0.0146713809326,0.0854603589124,0.305559305326,0.552537175604
 07/03  06:00:00,0.630741384346,1.35187906932,0.0,0.361010593448,0.0,0.00993980747774,0.00993980747774,0.00993980747774,0.0942741659095,0.0205399387695,0.135831742961,0.353043729228,0.96655163094
 07/03  07:00:00,0.816809811195,1.52823708184,0.0,0.422786054698,0.0,0.0116406888447,0.0116406888447,0.0116406888447,0.15487897491,0.0337441825195,0.209298551845,0.375135413076,1.07961255754
 07/03  08:00:00,0.758418255568,1.4606358583,0.0,0.389730248887,0.0,0.0107305539297,0.0107305539297,0.0107305539297,0.11784266559,0.0256749143555,0.269902798408,0.317155323284,1.04906067584
 07/03  09:00:00,0.70868569525,1.44389228187,0.0,0.467971887643,0.0,0.0128848032512,0.0128848032512,0.0128848032512,0.0639717363317,0.0139378114307,0.330854517454,0.269924826782,0.957328589265
 07/03  10:00:00,0.721412962453,1.43668599901,0.0,0.568426809875,0.0,0.0156506572325,0.0156506572325,0.0156506572325,0.0538709459774,0.0117371047461,0.3467692427,0.276273011796,0.849230135706
 07/03  11:00:00,0.729353927351,1.10628374092,0.0,0.33440001192,0.0,0.00920713075839,0.00920713075839,0.00920713075839,0.0538709459774,0.0117371047461,0.361069091606,0.276357654263,0.752848845591
 07/03  12:00:00,0.710424397654,0.895488111247,0.0,0.198847594229,0.0,0.0054749274396,0.0054749274396,0.0054749274396,0.0538709459774,0.0117371047461,0.350527100905,0.271702318586,0.677926282487
 07/03  13:00:00,0.685100593622,0.719940250378,0.0,0.0667461406371,0.0,0.00183774049808,0.00183774049808,0.00183774049808,0.0538709459774,0.0117371047461,0.319445169994,0.281097632407,0.633832747474
 07/03  14:00:00,0.674277170348,0.610156578117,0.0,0.0,0.0,0.0,0.0,0.0,0.0538709459774,0.0117371047461,0.294631345917,0.296925773707,0.589705009664
 07/03  15:00:00,0.697695848314,0.617100788709,0.0,0.0,0.0,0.0,0.0,0.0,0.0538709459774,0.0117371047461,0.301544742847,0.313431054743,0.595512374233
 07/03  16:00:00,0.80101468084,0.674409197774,0.0,0.0,0.0,0.0,0.0,0.0,0.057237873309,0.0124706724268,0.343460130304,0.3707340048,0.648873887106
 07/03  17:00:00,0.969827149836,0.794616336999,0.0,0.0,0.0,0.0,0.0,0.0,0.0673386720226,0.0146713809326,0.420322530775,0.450382566105,0.763595015523
 07/03  18:00:00,1.05046162106,0.903547846258,0.0,0.0,0.0,0.0,0.0,0.0,0.107741891955,0.0234742131348,0.383153984987,0.488979530988,0.869868054083
 07/03  19:00:00,1.08724929009,0.922200104448,0.0,0.0,0.0,0.0,0.0,0.0,0.205382926681,0.044747706836,0.315283626754,0.504723029822,0.887435936066
 07/03  20:00:00,1.2723733295,0.860336962944,0.0,0.0,0.0,0.0,0.0,0.0,0.370362675226,0.0806925905763,0.282131328171,0.522074735527,0.824377648743
 07/03  21:00:00,1.44619987174,0.782837230642,0.0,0.0,0.0,0.0,0.0,0.0,0.535342423771,0.116637474316,0.267221753354,0.5098862203,0.747717433503
 07/03  22:00:00,1.22033404027,0.65660388155,0.0,0.0,0.0,0.0,0.0,0.0,0.447802162681,0.097564681836,0.216614016064,0.441241179685,0.626212197871
 07/03  23:00:00,0.924834876231,0.521360877519,0.0,0.0,0.0,0.0,0.0,0.0,0.309757866226,0.0674883468263,0.147046288352,0.383430374827,0.49495106991
 07/03  24:00:00,0.629072328456,0.377256717456,0.0,0.0,0.0,0.0,0.0,0.0,0.161612796136,0.0352113105958,0.0979808984401,0.317155323284,0.355411783878
 07/04  01:00:00,0.511600345118,0.311894642913,0.0,0.0,0.0,0.0,0.0,0.0,0.097641118319,0.0212734937012,0.0835572224677,0.29201651063,0.291781213277
 07/04  02:00:00,0.455369303979,0.294630349332,0.0,0.0,0.0,0.0,0.0,0.0,0.0639717363317,0.0139378114307,0.0717169442605,0.288630811956,0.274750118881
 07/04  03:00:00,0.448742268194,0.478179947913,0.0,0.178884179321,0.0,0.00492526905176,0.00492526905176,0.00492526905176,0.0639717363317,0.0139378114307,0.0642274778329,0.284567973547,0.279695377161
 07/04  04:00:00,0.454362851636,0.782022429552,0.0,0.433006444582,0.0,0.0119220897499,0.0119220897499,0.0119220897499,0.0639717363317,0.0139378114307,0.0736008338661,0.273818380258,0.33015600095
 07/04  05:00:00,0.504111130479,1.07965553262,0.0,0.507364573368,0.0,0.0139694132855,0.0139694132855,0.0139694132855,0.0673386720226,0.0146713809326,0.0854603589124,0.305559305326,0.551244732877
 07/04  06:00:00,0.63399424335,1.46735806494,0.0,0.479153380616,0.0,0.0131926664815,0.0131926664815,0.0131926664815,0.0942741659095,0.0205399387695,0.135831742961,0.353043729228,0.963887839389
 07/04  07:00:00,0.813433547463,1.40254510966,0.0,0.300161247719,0.0,0.00826442511315,0.00826442511315,0.00826442511315,0.15487897491,0.0337441825195,0.209298551845,0.375135413076,1.07654539234
 07/04  08:00:00,0.749859099217,1.14653280358,0.0,0.0788644579188,0.0,0.00217139757884,0.00217139757884,0.00217139757884,0.11784266559,0.0256749143555,0.269902798408,0.317155323284,1.04582341209
 07/04  09:00:00,0.695800891999,0.972974274118,0.0,0.0,0.0,0.0,0.0,0.0,0.0639717363317,0.0139378114307,0.330854517454,0.269924826782,0.954382469159
 07/04  10:00:00,0.70576230522,0.865736581336,0.0,0.0,0.0,0.0,0.0,0.0,0.0538709459774,0.0117371047461,0.3467692427,0.276273011796,0.846707527906
 07/04  11:00:00,0.720146796592,0.769646067001,0.0,0.0,0.0,0.0,0.0,0.0,0.0538709459774,0.0117371047461,0.361069091606,0.276357654263,0.750611183592
 07/04  12:00:00,0.704949470215,0.69424025957,0.0,0.0,0.0,0.0,0.0,0.0,0.0538709459774,0.0117371047461,0.350527100905,0.271702318586,0.675526025039
 07/04  13:00:00,0.683262853124,0.650752055666,0.0,0.0,0.0,0.0,0.0,0.0,0.0538709459774,0.0117371047461,0.319445169994,0.281097632407,0.631390693399
 07/04  14:00:00,0.674277170348,0.607717724004,0.0,0.0,0.0,0.0,0.0,0.0,0.0538709459774,0.0117371047461,0.294631345917,0.296925773707,0.587266155551
 07/04  15:00:00,0.697695848314,0.61470472076,0.0,0.0,0.0,0.0,0.0,0.0,0.0538709459774,0.0117371047461,0.301544742847,0.313431054743,0.593116306285
 07/04  16:00:00,0.80101468084,0.672002828819,0.0,0.0,0.0,0.0,0.0,0.0,0.057237873309,0.0124706724268,0.343460130304,0.3707340048,0.646467518151
 07/04  17:00:00,0.969827149836,0.791973510986,0.0,0.0,0.0,0.0,0.0,0.0,0.0673386720226,0.0146713809326,0.420322530775,0.450382566105,0.760952189509
 07/04  18:00:00,1.05046162106,0.900634393577,0.0,0.0,0.0,0.0,0.0,0.0,0.107741891955,0.0234742131348,0.383153984987,0.488979530988,0.866954601401
 07/04  19:00:00,1.08724929009,0.919154684735,0.0,0.0,0.0,0.0,0.0,0.0,0.205382926681,0.044747706836,0.315283626754,0.504723029822,0.884390516353
 07/04  20:00:00,1.2723733295,0.857397621289,0.0,0.0,0.0,0.0,0.0,0.0,0.370362675226,0.0806925905763,0.282131328171,0.522074735527,0.821438307088
 07/04  21:00:00,1.44619987174,0.780126607318,0.0,0.0,0.0,0.0,0.0,0.0,0.535342423771,0.116637474316,0.267221753354,0.5098862203,0.74500681018
 07/04  22:00:00,1.22033404027,0.654225535146,0.0,0.0,0.0,0.0,0.0,0.0,0.447802162681,0.097564681836,0.216614016064,0.441241179685,0.623833851467
 07/04  23:00:00,0.924834876231,0.519394185034,0.0,0.0,0.0,0.0,0.0,0.0,0.309757866226,0.0674883468263,0.147046288352,0.383430374827,0.492984377425
 07/04  24:00:00,0.629072328456,0.375651796121,0.0,0.0,0.0,0.0,0.0,0.0,0.161612796136,0.0352113105958,0.0979808984401,0.317155323284,0.353806862543
 07/05  01:00:00,0.511600345118,0.310336676291,0.0,0.0,0.0,0.0,0.0,0.0,0.097641118319,0.0212734937012,0.0835572224677,0.29201651063,0.290223246655
 07/05  02:00:00,0.455369303979,0.293101075122,0.0,0.0,0.0,0.0,0.0,0.0,0.0639717363317,0.0139378114307,0.0717169442605,0.288630811956,0.273220844671
 07/05  03:00:00,0.443816999143,0.297842700952,0.0,0.0,0.0,0.0,0.0,0.0,0.0639717363317,0.0139378114307,0.0642274778329,0.284567973547,0.278242309521
 07/05  04:00:00,0.442440761886,0.34757097097,0.0,0.0,0.0,0.0,0.0,0.0,0.0639717363317,0.0139378114307,0.0736008338661,0.273818380258,0.328710986949
 07/05  05:00:00,0.490141717194,0.570768724189,0.0,0.0,0.0,0.0,0.0,0.0,0.0673386720226,0.0146713809326,0.0854603589124,0.305559305326,0.549722497816
 07/05  06:00:00,0.620801576869,0.986029580024,0.0,0.0,0.0,0.0,0.0,0.0,0.0942741659095,0.0205399387695,0.135831742961,0.353043729228,0.961712735093
 07/05  07:00:00,0.80516912235,1.10009954346,0.0,0.0,0.0,0.0,0.0,0.0,0.15487897491,0.0337441825195,0.209298551845,0.375135413076,1.07426107385
 07/05  08:00:00,0.750002788433,1.14970872801,0.0,0.0840832037681,0.0,0.0023150867945,0.0023150867945,0.0023150867945,0.11784266559,0.0256749143555,0.269902798408,0.317155323284,1.04378059067
 07/05  09:00:00,0.700187434485,1.13035413114,0.0,0.159317804682,0.0,0.00438654248673,0.00438654248673,0.00438654248673,0.0639717363317,0.0139378114307,0.330854517454,0.269924826782,0.952444521496
 07/05  10:00:00,0.711766964506,1.08182436222,0.0,0.218087283611,0.0,0.0060046592864,0.0060046592864,0.0060046592864,0.0538709459774,0.0117371047461,0.3467692427,0.276273011796,0.844708025175
 07/05  11:00:00,0.721344095516,0.81136258771,0.0,0.0434855097558,0.0,0.00119729892388,0.00119729892388,0.00119729892388,0.0538709459774,0.0117371047461,0.361069091606,0.276357654263,0.748842194545
 07/05  12:00:00,0.704949470215,0.693029473396,0.0,0.0,0.0,0.0,0.0,0.0,0.0538709459774,0.0117371047461,0.350527100905,0.271702318586,0.674315238865
 07/05  13:00:00,0.683262853124,0.649754059337,0.0,0.0,0.0,0.0,0.0,0.0,0.0538709459774,0.0117371047461,0.319445169994,0.281097632407,0.63039269707
 07/05  14:00:00,0.674277170348,0.606897515091,0.0,0.0,0.0,0.0,0.0,0.0,0.0538709459774,0.0117371047461,0.294631345917,0.296925773707,0.586445946638
 07/05  15:00:00,0.697695848314,0.61376153094,0.0,0.0,0.0,0.0,0.0,0.0,0.0538709459774,0.0117371047461,0.301544742847,0.313431054743,0.592173116464
 07/05  16:00:00,0.80101468084,0.67079694105,0.0,0.0,0.0,0.0,0.0,0.0,0.057237873309,0.0124706724268,0.343460130304,0.3707340048,0.645261630382
 07/05  17:00:00,0.969827149836,0.790435197461,0.0,0.0,0.0,0.0,0.0,0.0,0.0673386720226,0.0146713809326,0.420322530775,0.450382566105,0.759413875985
 07/05  18:00:00,1.05046162106,0.898930875872,0.0,0.0,0.0,0.0,0.0,0.0,0.107741891955,0.0234742131348,0.383153984987,0.488979530988,0.865251083696
 07/05  19:00:00,1.08724929009,0.917589037291,0.0,0.0,0.0,0.0,0.0,0.0,0.205382926681,0.044747706836,0.315283626754,0.504723029822,0.882824868908
 07/05  20:00:00,1.2723733295,0.856019538887,0.0,0.0,0.0,0.0,0.0,0.0,0.370362675226,0.0806925905763,0.282131328171,0.522074735527,0.820060224686
 07/05  21:00:00,1.44619987174,0.778901687632,0.0,0.0,0.0,0.0,0.0,0.0,0.535342423771,0.116637474316,0.267221753354,0.5098862203,0.743781890494
 07/05  22:00:00,1.22033404027,0.653278283912,0.0,0.0,0.0,0.0,0.0,0.0,0.447802162681,0.097564681836,0.216614016064,0.441241179685,0.622886600233
 07/05  23:00:00,0.924834876231,0.518768283397,0.0,0.0,0.0,0.0,0.0,0.0,0.309757866226,0.0674883468263,0.147046288352,0.383430374827,0.492358475788
 07/05  24:00:00,0.629072328456,0.375356092308,0.0,0.0,0.0,0.0,0.0,0.0,0.161612796136,0.0352113105958,0.0979808984401,0.317155323284,0.35351115873
 07/06  01:00:00,0.511600345118,0.310203074535,0.0,0.0,0.0,0.0,0.0,0.0,0.097641118319,0.0212734937012,0.0835572224677,0.29201651063,0.290089644899
 07/06  02:00:00,0.455369303979,0.292952102094,0.0,0.0,0.0,0.0,0.0,0.0,0.0639717363317,0.0139378114307,0.0717169442605,0.288630811956,0.273071871642
 07/06  03:00:00,0.443816999143,0.297613877134,0.0,0.0,0.0,0.0,0.0,0.0,0.0639717363317,0.0139378114307,0.0642274778329,0.284567973547,0.278013485703
 07/06  04:00:00,0.448492240288,0.566847266637,0.0,0.219787738762,0.0,0.00605147840233,0.00605147840233,0.00605147840233,0.0639717363317,0.0139378114307,0.0736008338661,0.273818380258,0.328199543854
 07/06  05:00:00,0.497054974257,0.820706175312,0.0,0.251087261054,0.0,0.00691325706305,0.00691325706305,0.00691325706305,0.0673386720226,0.0146713809326,0.0854603589124,0.305559305326,0.548572687885
 07/06  06:00:00,0.626782851724,1.20073722995,0.0,0.217237968655,0.0,0.00598127485585,0.00598127485585,0.00598127485585,0.0942741659095,0.0205399387695,0.135831742961,0.353043729228,0.959182416369
 07/06  07:00:00,0.806686449631,1.15209476084,0.0,0.0551088361851,0.0,0.00151732728054,0.00151732728054,0.00151732728054,0.15487897491,0.0337441825195,0.209298551845,0.375135413076,1.07114745505
 07/06  08:00:00,0.749984056794,1.14602294495,0.0,0.0834028766833,0.0,0.00229635515514,0.00229635515514,0.00229635515514,0.11784266559,0.0256749143555,0.269902798408,0.317155323284,1.04077513469
 07/06  09:00:00,0.695800891999,0.968231478412,0.0,0.0,0.0,0.0,0.0,0.0,0.0639717363317,0.0139378114307,0.330854517454,0.269924826782,0.949639673453
 07/06  10:00:00,0.70576230522,0.861111340656,0.0,0.0,0.0,0.0,0.0,0.0,0.0538709459774,0.0117371047461,0.3467692427,0.276273011796,0.842082287226
 07/06  11:00:00,0.720146796592,0.765195938079,0.0,0.0,0.0,0.0,0.0,0.0,0.0538709459774,0.0117371047461,0.361069091606,0.276357654263,0.74616105467
 07/06  12:00:00,0.704949470215,0.690150786655,0.0,0.0,0.0,0.0,0.0,0.0,0.0538709459774,0.0117371047461,0.350527100905,0.271702318586,0.671436552125
 07/06  13:00:00,0.683262853124,0.646528603417,0.0,0.0,0.0,0.0,0.0,0.0,0.0538709459774,0.0117371047461,0.319445169994,0.281097632407,0.62716724115
 07/06  14:00:00,0.674277170348,0.603446649841,0.0,0.0,0.0,0.0,0.0,0.0,0.0538709459774,0.0117371047461,0.294631345917,0.296925773707,0.582995081387
 07/06  15:00:00,0.697695848314,0.610386216256,0.0,0.0,0.0,0.0,0.0,0.0,0.0538709459774,0.0117371047461,0.301544742847,0.313431054743,0.58879780178
 07/06  16:00:00,0.835024300895,0.667455966873,0.0,0.0,0.0255072747241,0.0085023453313,0.0340096200554,0.0085023453313,0.057237873309,0.0124706724268,0.343460130304,0.3707340048,0.641920656205
 07/06  17:00:00,1.21064801728,0.786788391114,0.0,0.0,0.180094746477,0.0607261209658,0.240820867443,0.0607261209658,0.0673386720226,0.0146713809326,0.420322530775,0.450382566105,0.755767069638
 07/06  18:00:00,1.35080533919,0.894956834531,0.0,0.0,0.225143430898,0.0752002872311,0.300343718129,0.0752002872311,0.107741891955,0.0234742131348,0.383153984987,0.488979530988,0.861277042355
 07/06  19:00:00,1.40129760951,0.913426688368,0.0,0.0,0.234114591755,0.0799337276593,0.314048319414,0.0799337276593,0.205382926681,0.044747706836,0.315283626754,0.504723029822,0.878662519986
 07/06  20:00:00,1.57765116055,0.85193456691,0.0,0.0,0.227023749423,0.0782540816296,0.305277831053,0.0782540816296,0.370362675226,0.0806925905763,0.282131328171,0.522074735527,0.815975252709
 07/06  21:00:00,1.7071813474,0.775006625328,0.0,0.0,0.192990363376,0.0679911122852,0.260981475662,0.0679911122852,0.535342423771,0.116637474316,0.267221753354,0.5098862203,0.73988682819
 07/06  22:00:00,1.37203810679,0.649831454323,0.0,0.0,0.111406866813,0.0402971997108,0.151704066524,0.0402971997108,0.447802162681,0.097564681836,0.216614016064,0.441241179685,0.619439770644
 07/06  23:00:00,0.970158890831,0.515548545771,0.0,0.0,0.0332881323697,0.0120358822301,0.0453240145998,0.0120358822301,0.309757866226,0.0674883468263,0.147046288352,0.383430374827,0.489138738162
 07/06  24:00:00,0.629072328456,0.372394565501,0.0,0.0,0.0,0.0,0.0,0.0,0.161612796136,0.0352113105958,0.0979808984401,0.317155323284,0.350549631922
 07/07  01:00:00,0.511600345118,0.307548516551,0.0,0.0,0.0,0.0,0.0,0.0,0.097641118319,0.0212734937012,0.0835572224677,0.29201651063,0.287435086915
 07/07  02:00:00,0.455369303979,0.290358660451,0.0,0.0,0.0,0.0,0.0,0.0,0.0639717363317,0.0139378114307,0.0717169442605,0.288630811956,0.27047843
 07/07  03:00:00,0.443816999143,0.295006388339,0.0,0.0,0.0,0.0,0.0,0.0,0.0639717363317,0.0139378114307,0.0642274778329,0.284567973547,0.275405996908
 07/07  04:00:00,0.442440761886,0.344442041632,0.0,0.0,0.0,0.0,0.0,0.0,0.0639717363317,0.0139378114307,0.0736008338661,0.273818380258,0.325582057611
 07/07  05:00:00,0.490141717194,0.566509142865,0.0,0.0,0.0,0.0,0.0,0.0,0.0673386720226,0.0146713809326,0.0854603589124,0.305559305326,0.545462916492
 07/07  06:00:00,0.620801576869,0.97960573654,0.0,0.0,0.0,0.0,0.0,0.0,0.0942741659095,0.0205399387695,0.135831742961,0.353043729228,0.955288891609
 07/07  07:00:00,0.80516912235,1.09297666879,0.0,0.0,0.0,0.0,0.0,0.0,0.15487897491,0.0337441825195,0.209298551845,0.375135413076,1.06713819918
 07/07  08:00:00,0.747687701638,1.05865034763,0.0,0.0,0.0,0.0,0.0,0.0,0.11784266559,0.0256749143555,0.269902798408,0.317155323284,1.03680541405
 07/07  09:00:00,0.695800891999,0.964387368947,0.0,0.0,0.0,0.0,0.0,0.0,0.0639717363317,0.0139378114307,0.330854517454,0.269924826782,0.945795563988
 07/07  10:00:00,0.70576230522,0.857895266781,0.0,0.0,0.0,0.0,0.0,0.0,0.0538709459774,0.0117371047461,0.3467692427,0.276273011796,0.838866213351
 07/07  11:00:00,0.720146796592,0.762545730183,0.0,0.0,0.0,0.0,0.0,0.0,0.0538709459774,0.0117371047461,0.361069091606,0.276357654263,0.743510846774
 07/07  12:00:00,0.704949470215,0.687569581514,0.0,0.0,0.0,0.0,0.0,0.0,0.0538709459774,0.0117371047461,0.350527100905,0.271702318586,0.668855346983
 07/07  13:00:00,0.683262853124,0.644090000579,0.0,0.0,0.0,0.0,0.0,0.0,0.0538709459774,0.0117371047461,0.319445169994,0.281097632407,0.624728638312
 07/07  14:00:00,0.674277170348,0.601449066157,0.0,0.0,0.0,0.0,0.0,0.0,0.0538709459774,0.0117371047461,0.294631345917,0.296925773707,0.580997497704
 07/07  15:00:00,0.771613901564,0.608076730193,0.0,0.0,0.0555880641488,0.0183299891017,0.0739180532505,0.0183299891017,0.0538709459774,0.0117371047461,0.301544742847,0.313431054743,0.586488315717
 07/07  16:00:00,1.02247848753,0.664847871489,0.0,0.0,0.166927391949,0.0545364147386,0.221463806688,0.0545364147386,0.057237873309,0.0124706724268,0.343460130304,0.3707340048,0.639312560821
 07/07  17:00:00,1.39651335159,0.783914255375,0.0,0.0,0.32157107135,0.105115130407,0.426686201757,0.105115130407,0.0673386720226,0.0146713809326,0.420322530775,0.450382566105,0.752892933899
 07/07  18:00:00,1.48282350405,0.89179813343,0.0,0.0,0.325845700889,0.106516182101,0.432361882989,0.106516182101,0.107741891955,0.0234742131348,0.383153984987,0.488979530988,0.858118341254
 07/07  19:00:00,1.52205272234,0.910290515508,0.0,0.0,0.325835014003,0.108968418241,0.434803432244,0.108968418241,0.205382926681,0.044747706836,0.315283626754,0.504723029822,0.875526347125
 07/07  20:00:00,1.66681387876,0.849059475209,0.0,0.0,0.293970316989,0.100470232271,0.39444054926,0.100470232271,0.370362675226,0.0806925905763,0.282131328171,0.522074735527,0.813100161008
 07/07  21:00:00,1.78929062142,0.772338717765,0.0,0.0,0.254357888984,0.0887328606917,0.343090749676,0.0887328606917,0.535342423771,0.116637474316,0.267221753354,0.5098862203,0.737218920627
 07/07  22:00:00,1.46601227611,0.647345468799,0.0,0.0,0.181635156132,0.0640430797142,0.245678235846,0.0640430797142,0.447802162681,0.097564681836,0.216614016064,0.441241179685,0.61695378512
 07/07  23:00:00,1.04379208139,0.513519968015,0.0,0.0,0.0875240067655,0.0314331983888,0.118957205154,0.0314331983888,0.309757866226,0.0674883468263,0.147046288352,0.383430374827,0.487110160406
 07/07  24:00:00,0.645188546799,0.370672788027,0.0,0.0,0.0119174687306,0.00419874961265,0.0161162183432,0.00419874961265,0.161612796136,0.0352113105958,0.0979808984401,0.317155323284,0.348827854448
 07/08  01:00:00,0.515547369194,0.31199546296,0.0,0.0,0.0,0.0,0.0,0.0,0.097641118319,0.0212734937012,0.0875042465431,0.29201651063,0.291882033324
 07/08  02:00:00,0.457980542406,0.293191677509,0.0,0.0,0.0,0.0,0.0,0.0,0.0639717363317,0.0139378114307,0.0743281826877,0.288630811956,0.273311447058
 07/08  03:00:00,0.445182403315,0.297955912349,0.0,0.0,0.0,0.0,0.0,0.0,0.0639717363317,0.0139378114307,0.0655928820049,0.284567973547,0.278355520918
 07/08  04:00:00,0.445111917501,0.352326343467,0.0,0.0,0.0,0.0,0.0,0.0,0.0639717363317,0.0139378114307,0.0762719894816,0.273818380258,0.333466359446
 07/08  05:00:00,0.494238409794,0.593134288732,0.0,0.0,0.0,0.0,0.0,0.0,0.0673386720226,0.0146713809326,0.0895570515125,0.305559305326,0.572088062359
 07/08  06:00:00,0.631427089086,1.04369898586,0.0,0.0,0.0,0.0,0.0,0.0,0.0942741659095,0.0205399387695,0.146457255179,0.353043729228,1.01938214093
 07/08  07:00:00,0.82633048427,1.1713160597,0.0,0.0,0.0,0.0,0.0,0.0,0.15487897491,0.0337441825195,0.230459913765,0.375135413076,1.14547759009
 07/08  08:00:00,0.780125002531,1.14070314852,0.0,0.0,0.0,0.0,0.0,0.0,0.11784266559,0.0256749143555,0.3023400993,0.317155323284,1.11885821494
 07/08  09:00:00,0.740831950465,1.03990959588,0.0,0.0,0.0,0.0,0.0,0.0,0.0639717363317,0.0139378114307,0.37588557592,0.269924826782,1.02131779092
 07/08  10:00:00,0.756678534509,0.922322250266,0.0,0.0,0.0,0.0,0.0,0.0,0.0538709459774,0.0117371047461,0.39768547199,0.276273011796,0.903293196836
 07/08  11:00:00,0.772635556111,0.815671326611,0.0,0.0,0.0,0.0,0.0,0.0,0.0538709459774,0.0117371047461,0.413557851125,0.276357654263,0.796636443202
 07/08  12:00:00,0.752759976306,0.733154207264,0.0,0.0,0.0,0.0,0.0,0.0,0.0538709459774,0.0117371047461,0.398337606996,0.271702318586,0.714439972734
 07/08  13:00:00,0.780796375232,0.68340978344,0.0,0.0,0.0407899727389,0.013155516855,0.0539454895939,0.013155516855,0.0538709459774,0.0117371047461,0.363033202508,0.281097632407,0.664048421173
 07/08  14:00:00,0.959875274727,0.636615790772,0.0,0.0,0.187996584136,0.0584759480686,0.246472532204,0.0584759480686,0.0538709459774,0.0117371047461,0.333756918092,0.296925773707,0.616164222319
 07/08  15:00:00,1.08517928639,0.643373127671,0.0,0.0,0.266413407389,0.0840110578288,0.350424465217,0.0840110578288,0.0538709459774,0.0117371047461,0.338603715702,0.313431054743,0.621784713196
 07/08  16:00:00,1.36525143824,0.708846141521,0.0,0.0,0.404036515636,0.12428232252,0.528318838156,0.12428232252,0.057237873309,0.0124706724268,0.379378049552,0.3707340048,0.683310830853
 07/08  17:00:00,1.71607942848,0.837279493437,0.0,0.0,0.538802220377,0.17209812805,0.710900348427,0.17209812805,0.0673386720226,0.0146713809326,0.45567446099,0.450382566105,0.806258171961
 07/08  18:00:00,1.71262490282,0.962090392933,0.0,0.0,0.473166376877,0.154686589334,0.627852966212,0.154686589334,0.107741891955,0.0234742131348,0.417464300526,0.488979530988,0.928410600757
 07/08  19:00:00,1.72514948144,0.989353810339,0.0,0.0,0.453803875038,0.149851562116,0.603655437154,0.149851562116,0.205382926681,0.044747706836,0.349528380947,0.504723029822,0.954589641956
 07/08  20:00:00,1.79630363534,0.924430619235,0.0,0.0,0.363680460325,0.125394475187,0.489074935512,0.125394475187,0.370362675226,0.0806925905763,0.316986698499,0.522074735527,0.888471305034
 07/08  21:00:00,1.88951904227,0.835314878727,0.0,0.0,0.301500405286,0.106211907774,0.40771231306,0.106211907774,0.535342423771,0.116637474316,0.302828610822,0.5098862203,0.800195081589
 07/08  22:00:00,1.4950090922,0.696871182554,0.0,0.0,0.180507654894,0.0658741851155,0.24638184001,0.0658741851155,0.447802162681,0.097564681836,0.244907227988,0.441241179685,0.666479498875
 07/08  23:00:00,1.03682863762,0.544082198528,0.0,0.0,0.0703850851306,0.0260738309226,0.0964589160532,0.0260738309226,0.309757866226,0.0674883468263,0.162581133687,0.383430374827,0.517672390919
 07/08  24:00:00,0.635646011533,0.381508529392,0.0,0.0,0.0,0.0,0.0,0.0,0.161612796136,0.0352113105958,0.104554581517,0.317155323284,0.359663595814
 07/09  01:00:00,0.515547369194,0.311047707302,0.0,0.0,0.0,0.0,0.0,0.0,0.097641118319,0.0212734937012,0.0875042465431,0.29201651063,0.290934277666
 07/09  02:00:00,0.457980542406,0.292317347522,0.0,0.0,0.0,0.0,0.0,0.0,0.0639717363317,0.0139378114307,0.0743281826877,0.288630811956,0.272437117071
 07/09  03:00:00,0.445182403315,0.297483306487,0.0,0.0,0.0,0.0,0.0,0.0,0.0639717363317,0.0139378114307,0.0655928820049,0.284567973547,0.277882915056
 07/09  04:00:00,0.445111917501,0.351856394552,0.0,0.0,0.0,0.0,0.0,0.0,0.0639717363317,0.0139378114307,0.0762719894816,0.273818380258,0.332996410531
 07/09  05:00:00,0.494238409794,0.592167623919,0.0,0.0,0.0,0.0,0.0,0.0,0.0673386720226,0.0146713809326,0.0895570515125,0.305559305326,0.571121397547
 07/09  06:00:00,0.631427089086,1.04175713716,0.0,0.0,0.0,0.0,0.0,0.0,0.0942741659095,0.0205399387695,0.146457255179,0.353043729228,1.01744029223
 07/09  07:00:00,0.82633048427,1.16894681853,0.0,0.0,0.0,0.0,0.0,0.0,0.15487897491,0.0337441825195,0.230459913765,0.375135413076,1.14310834892
 07/09  08:00:00,0.780125002531,1.1381745875,0.0,0.0,0.0,0.0,0.0,0.0,0.11784266559,0.0256749143555,0.3023400993,0.317155323284,1.11632965392
 07/09  09:00:00,0.740831950465,1.03755983968,0.0,0.0,0.0,0.0,0.0,0.0,0.0639717363317,0.0139378114307,0.37588557592,0.269924826782,1.01896803472
 07/09  10:00:00,0.756678534509,0.920177329376,0.0,0.0,0.0,0.0,0.0,0.0,0.0538709459774,0.0117371047461,0.39768547199,0.276273011796,0.901148275946
 07/09  11:00:00,0.772635556111,0.813747131525,0.0,0.0,0.0,0.0,0.0,0.0,0.0538709459774,0.0117371047461,0.413557851125,0.276357654263,0.794712248115
 07/09  12:00:00,0.752759976306,0.731777544647,0.0,0.0,0.0,0.0,0.0,0.0,0.0538709459774,0.0117371047461,0.398337606996,0.271702318586,0.713063310116
 07/09  13:00:00,0.726850885638,0.68227179303,0.0,0.0,0.0,0.0,0.0,0.0,0.0538709459774,0.0117371047461,0.363033202508,0.281097632407,0.662910430763
 07/09  14:00:00,0.713402742523,0.635766191674,0.0,0.0,0.0,0.0,0.0,0.0,0.0538709459774,0.0117371047461,0.333756918092,0.296925773707,0.615314623221
 07/09  15:00:00,0.806676107263,0.642254421186,0.0,0.0,0.0539265061892,0.0179947799053,0.0719212860945,0.0179947799053,0.0538709459774,0.0117371047461,0.338603715702,0.313431054743,0.62066600671
 07/09  16:00:00,1.05032190702,0.707433877113,0.0,0.0,0.159998613937,0.0533906929939,0.213389306931,0.0533906929939,0.057237873309,0.0124706724268,0.379378049552,0.3707340048,0.681898566445
 07/09  17:00:00,1.34615458307,0.835656343802,0.0,0.0,0.255038571519,0.0859369315047,0.340975503024,0.0859369315047,0.0673386720226,0.0146713809326,0.45567446099,0.450382566105,0.804635022326
 07/09  18:00:00,1.43601273906,0.960047466241,0.0,0.0,0.261960355813,0.0892804466475,0.351240802461,0.0892804466475,0.107741891955,0.0234742131348,0.417464300526,0.488979530988,0.926367674065
 07/09  19:00:00,1.46474534522,0.987311403964,0.0,0.0,0.25467039162,0.0885809093102,0.34325130093,0.0885809093102,0.205382926681,0.044747706836,0.349528380947,0.504723029822,0.952547235582
 07/09  20:00:00,1.57067979893,0.922685777426,0.0,0.0,0.193105015752,0.0703460833549,0.263451099107,0.0703460833549,0.370362675226,0.0806925905763,0.316986698499,0.522074735527,0.886726463224
 07/09  21:00:00,1.68562530537,0.833801482719,0.0,0.0,0.148778332138,0.0550402440186,0.203818576156,0.0550402440186,0.535342423771,0.116637474316,0.302828610822,0.5098862203,0.798681685581
 07/09  22:00:00,1.31894260906,0.695703557895,0.0,0.0,0.0509699028727,0.0193454540009,0.0703153568737,0.0193454540009,0.447802162681,0.097564681836,0.244907227988,0.441241179685,0.665311874216
 07/09  23:00:00,0.940369721567,0.543388409724,0.0,0.0,0.0,0.0,0.0,0.0,0.309757866226,0.0674883468263,0.162581133687,0.383430374827,0.516978602115
 07/09  24:00:00,0.635646011533,0.381347419442,0.0,0.0,0.0,0.0,0.0,0.0,0.161612796136,0.0352113105958,0.104554581517,0.317155323284,0.359502485863
 07/10  01:00:00,0.511600345118,0.305077612109,0.0,0.0,0.0,0.0,0.0,0.0,0.097641118319,0.0212734937012,0.0835572224677,0.29201651063,0.284964182473
 07/10  02:00:00,0.455369303979,0.288453009103,0.0,0.0,0.0,0.0,0.0,0.0,0.0639717363317,0.0139378114307,0.0717169442605,0.288630811956,0.268572778652
 07/10  03:00:00,0.443816999143,0.29322826072,0.0,0.0,0.0,0.0,0.0,0.0,0.0639717363317,0.0139378114307,0.0642274778329,0.284567973547,0.273627869289
 07/10  04:00:00,0.442440761886,0.342444703072,0.0,0.0,0.0,0.0,0.0,0.0,0.0639717363317,0.0139378114307,0.0736008338661,0.273818380258,0.323584719051
 07/10  05:00:00,0.495380155146,0.751010202746,0.0,0.188016320235,0.0,0.00523843795253,0.00523843795253,0.00523843795253,0.0673386720226,0.0146713809326,0.0854603589124,0.305559305326,0.541947656138
 07/10  06:00:00,0.634769823936,1.47920357053,0.0,0.505986955951,0.0,0.0139682470675,0.0139682470675,0.0139682470675,0.0942741659095,0.0205399387695,0.135831742961,0.353043729228,0.948899769652
 07/10  07:00:00,0.813352022573,1.38235106558,0.0,0.297200290066,0.0,0.00818290022288,0.00818290022288,0.00818290022288,0.15487897491,0.0337441825195,0.209298551845,0.375135413076,1.05931230591
 07/10  08:00:00,0.747841062354,1.05586874257,0.0,0.00557001161636,0.0,0.000153360716057,0.000153360716057,0.000153360716057,0.11784266559,0.0256749143555,0.269902798408,0.317155323284,1.02845379737
 07/10  09:00:00,0.695800891999,0.956946198388,0.0,0.0,0.0,0.0,0.0,0.0,0.0639717363317,0.0139378114307,0.330854517454,0.269924826782,0.938354393429
 07/10  10:00:00,0.70576230522,0.850949214576,0.0,0.0,0.0,0.0,0.0,0.0,0.0538709459774,0.0117371047461,0.3467692427,0.276273011796,0.831920161147
 07/10  11:00:00,0.720146796592,0.756290774799,0.0,0.0,0.0,0.0,0.0,0.0,0.0538709459774,0.0117371047461,0.361069091606,0.276357654263,0.73725589139
 07/10  12:00:00,0.704949470215,0.682030988071,0.0,0.0,0.0,0.0,0.0,0.0,0.0538709459774,0.0117371047461,0.350527100905,0.271702318586,0.66331675354
 07/10  13:00:00,0.683262853124,0.639205502401,0.0,0.0,0.0,0.0,0.0,0.0,0.0538709459774,0.0117371047461,0.319445169994,0.281097632407,0.619844140134
 07/10  14:00:00,0.674277170348,0.596573599584,0.0,0.0,0.0,0.0,0.0,0.0,0.0538709459774,0.0117371047461,0.294631345917,0.296925773707,0.576122031131
 07/10  15:00:00,0.697695848314,0.60330640249,0.0,0.0,0.0,0.0,0.0,0.0,0.0538709459774,0.0117371047461,0.301544742847,0.313431054743,0.581717988014
 07/10  16:00:00,0.883408079028,0.65953926099,0.0,0.0,0.0619794145552,0.0204139836333,0.0823933981885,0.0204139836333,0.057237873309,0.0124706724268,0.343460130304,0.3707340048,0.634003950322
 07/10  17:00:00,1.20967572716,0.777964406687,0.0,0.0,0.178907730723,0.0609408466051,0.239848577328,0.0609408466051,0.0673386720226,0.0146713809326,0.420322530775,0.450382566105,0.746943085211
 07/10  18:00:00,1.3336864044,0.885320713065,0.0,0.0,0.211258400574,0.0719663827654,0.283224783339,0.0719663827654,0.107741891955,0.0234742131348,0.383153984987,0.488979530988,0.851640920889
 07/10  19:00:00,1.37052771368,0.903765707571,0.0,0.0,0.21078332098,0.0724951026037,0.283278423583,0.0724951026037,0.205382926681,0.044747706836,0.315283626754,0.504723029822,0.869001539189
 07/10  20:00:00,1.33507970404,0.843213665699,0.0,0.0,0.0460656175698,0.016640756968,0.0627063745379,0.016640756968,0.370362675226,0.0806925905763,0.282131328171,0.522074735527,0.807254351497
 07/10  21:00:00,1.44619987174,0.767019787774,0.0,0.0,0.0,0.0,0.0,0.0,0.535342423771,0.116637474316,0.267221753354,0.5098862203,0.731899990635
 07/10  22:00:00,1.22033404027,0.642998582891,0.0,0.0,0.0,0.0,0.0,0.0,0.447802162681,0.097564681836,0.216614016064,0.441241179685,0.612606899212
 07/10  23:00:00,0.924834876231,0.510348274155,0.0,0.0,0.0,0.0,0.0,0.0,0.309757866226,0.0674883468263,0.147046288352,0.383430374827,0.483938466546
 07/10  24:00:00,0.629072328456,0.368944505232,0.0,0.0,0.0,0.0,0.0,0.0,0.161612796136,0.0352113105958,0.0979808984401,0.317155323284,0.347099571654
 07/11  01:00:00,0.511600345118,0.304920620578,0.0,0.0,0.0,0.0,0.0,0.0,0.097641118319,0.0212734937012,0.0835572224677,0.29201651063,0.284807190942
 07/11  02:00:00,0.455369303979,0.288048023484,0.0,0.0,0.0,0.0,0.0,0.0,0.0639717363317,0.0139378114307,0.0717169442605,0.288630811956,0.268167793033
 07/11  03:00:00,0.443816999143,0.293065692249,0.0,0.0,0.0,0.0,0.0,0.0,0.0639717363317,0.0139378114307,0.0642274778329,0.284567973547,0.273465300818
 07/11  04:00:00,0.442773356326,0.35391278199,0.0,0.0118865575723,0.0,0.000332594439818,0.000332594439818,0.000332594439818,0.0639717363317,0.0139378114307,0.0736008338661,0.273818380258,0.323166240397
 07/11  05:00:00,0.497494131813,0.828202173287,0.0,0.266024619709,0.0,0.0073524146192,0.0073524146192,0.0073524146192,0.0673386720226,0.0146713809326,0.0854603589124,0.305559305326,0.541131327205
 07/11  06:00:00,0.634760752385,1.47830801184,0.0,0.506992740917,0.0,0.0139591755167,0.0139591755167,0.0139591755167,0.0942741659095,0.0205399387695,0.135831742961,0.353043729228,0.946998425987
 07/11  07:00:00,0.812842873196,1.36164791339,0.0,0.278708149317,0.0,0.00767375084545,0.00767375084545,0.00767375084545,0.15487897491,0.0337441825195,0.209298551845,0.375135413076,1.05710129446
 07/11  08:00:00,0.750898632056,1.16508374801,0.0,0.116619954472,0.0,0.00321093041744,0.00321093041744,0.00321093041744,0.11784266559,0.0256749143555,0.269902798408,0.317155323284,1.02661885996
 07/11  09:00:00,0.695800891999,0.955027950679,0.0,0.0,0.0,0.0,0.0,0.0,0.0639717363317,0.0139378114307,0.330854517454,0.269924826782,0.93643614572
 07/11  10:00:00,0.70576230522,0.849323067059,0.0,0.0,0.0,0.0,0.0,0.0,0.0538709459774,0.0117371047461,0.3467692427,0.276273011796,0.830294013629
 07/11  11:00:00,0.720146796592,0.754955975401,0.0,0.0,0.0,0.0,0.0,0.0,0.0538709459774,0.0117371047461,0.361069091606,0.276357654263,0.735921091991
 07/11  12:00:00,0.704949470215,0.680963589567,0.0,0.0,0.0,0.0,0.0,0.0,0.0538709459774,0.0117371047461,0.350527100905,0.271702318586,0.662249355036
 07/11  13:00:00,0.683262853124,0.637910247172,0.0,0.0,0.0,0.0,0.0,0.0,0.0538709459774,0.0117371047461,0.319445169994,0.281097632407,0.618548884905
 07/11  14:00:00,0.674277170348,0.595534483258,0.0,0.0,0.0,0.0,0.0,0.0,0.0538709459774,0.0117371047461,0.294631345917,0.296925773707,0.575082914805
 07/11  15:00:00,0.697695848314,0.602328023586,0.0,0.0,0.0,0.0,0.0,0.0,0.0538709459774,0.0117371047461,0.301544742847,0.313431054743,0.58073960911
 07/11  16:00:00,0.870473527056,0.658489079064,0.0,0.0,0.0520519331999,0.0174069130164,0.0694588462163,0.0174069130164,0.057237873309,0.0124706724268,0.343460130304,0.3707340048,0.632953768396
 07/11  17:00:00,1.25523047772,0.776442904915,0.0,0.0,0.214594446221,0.0708088816624,0.285403327883,0.0708088816624,0.0673386720226,0.0146713809326,0.420322530775,0.450382566105,0.745421583439
 07/11  18:00:00,1.35124891369,0.883645018482,0.0,0.0,0.224911674451,0.075875618175,0.300787292626,0.075875618175,0.107741891955,0.0234742131348,0.383153984987,0.488979530988,0.849965226306
 07/11  19:00:00,1.37897824164,0.902214479487,0.0,0.0,0.216949662825,0.0747792887215,0.291728951547,0.0747792887215,0.205382926681,0.044747706836,0.315283626754,0.504723029822,0.867450311105
 07/11  20:00:00,1.50573130099,0.841712669688,0.0,0.0,0.171686318247,0.0616716532462,0.233357971494,0.0616716532462,0.370362675226,0.0806925905763,0.282131328171,0.522074735527,0.805753355486
 07/11  21:00:00,1.60169045903,0.765939969383,0.0,0.0,0.113155227351,0.0423353599396,0.155490587291,0.0423353599396,0.535342423771,0.116637474316,0.267221753354,0.5098862203,0.730820172245
 07/11  22:00:00,1.29790595778,0.642061647779,0.0,0.0,0.0564459996205,0.0211259178924,0.0775719175129,0.0211259178924,0.447802162681,0.097564681836,0.216614016064,0.441241179685,0.611669964101
 07/11  23:00:00,0.924834876231,0.509513598431,0.0,0.0,0.0,0.0,0.0,0.0,0.309757866226,0.0674883468263,0.147046288352,0.383430374827,0.483103790822
 07/11  24:00:00,0.629072328456,0.368319866621,0.0,0.0,0.0,0.0,0.0,0.0,0.161612796136,0.0352113105958,0.0979808984401,0.317155323284,0.346474933043
 07/12  01:00:00,0.511600345118,0.304431969055,0.0,0.0,0.0,0.0,0.0,0.0,0.097641118319,0.0212734937012,0.0835572224677,0.29201651063,0.284318539419
 07/12  02:00:00,0.455369303979,0.28780528748,0.0,0.0,0.0,0.0,0.0,0.0,0.0639717363317,0.0139378114307,0.0717169442605,0.288630811956,0.267925057028
 07/12  03:00:00,0.443816999143,0.292470207462,0.0,0.0,0.0,0.0,0.0,0.0,0.0639717363317,0.0139378114307,0.0642274778329,0.284567973547,0.272869816031
 07/12  04:00:00,0.442440761886,0.341551795251,0.0,0.0,0.0,0.0,0.0,0.0,0.0639717363317,0.0139378114307,0.0736008338661,0.273818380258,0.32269181123
 07/12  05:00:00,0.494569684756,0.719476498956,0.0,0.158189392019,0.0,0.00442796756233,0.00442796756233,0.00442796756233,0.0673386720226,0.0146713809326,0.0854603589124,0.305559305326,0.540240880564
 07/12  06:00:00,0.631396356002,1.35201031318,0.0,0.382494905628,0.0,0.0105947791331,0.0105947791331,0.0105947791331,0.0942741659095,0.0205399387695,0.135831742961,0.353043729228,0.945198562624
 07/12  07:00:00,0.809488397731,1.23778348899,0.0,0.156874685148,0.0,0.00431927538085,0.00431927538085,0.00431927538085,0.15487897491,0.0337441825195,0.209298551845,0.375135413076,1.05507033424
 07/12  08:00:00,0.747687701638,1.04653069233,0.0,0.0,0.0,0.0,0.0,0.0,0.11784266559,0.0256749143555,0.269902798408,0.317155323284,1.02468575875
 07/12  09:00:00,0.695800891999,0.953300969354,0.0,0.0,0.0,0.0,0.0,0.0,0.0639717363317,0.0139378114307,0.330854517454,0.269924826782,0.934709164394
 07/12  10:00:00,0.70576230522,0.847446942164,0.0,0.0,0.0,0.0,0.0,0.0,0.0538709459774,0.0117371047461,0.3467692427,0.276273011796,0.828417888734
 07/12  11:00:00,0.720146796592,0.752974108887,0.0,0.0,0.0,0.0,0.0,0.0,0.0538709459774,0.0117371047461,0.361069091606,0.276357654263,0.733939225478
 07/12  12:00:00,0.704949470215,0.679040095102,0.0,0.0,0.0,0.0,0.0,0.0,0.0538709459774,0.0117371047461,0.350527100905,0.271702318586,0.660325860571
 07/12  13:00:00,0.683262853124,0.636557422784,0.0,0.0,0.0,0.0,0.0,0.0,0.0538709459774,0.0117371047461,0.319445169994,0.281097632407,0.617196060517
 07/12  14:00:00,0.678747406666,0.594352037741,0.0,0.0,0.00335830408262,0.00111193223557,0.00447023631819,0.00111193223557,0.0538709459774,0.0117371047461,0.294631345917,0.296925773707,0.573900469288
 07/12  15:00:00,0.792869952042,0.600921925142,0.0,0.0,0.0717106270588,0.0234634766691,0.0951741037279,0.0234634766691,0.0538709459774,0.0117371047461,0.301544742847,0.313431054743,0.579333510666
 07/12  16:00:00,1.03900408434,0.657088393015,0.0,0.0,0.179352868003,0.0586365355012,0.237989403504,0.0586365355012,0.057237873309,0.0124706724268,0.343460130304,0.3707340048,0.631553082347
 07/12  17:00:00,1.36337509717,0.77496916901,0.0,0.0,0.296602753853,0.0969451934818,0.393547947335,0.0969451934818,0.0673386720226,0.0146713809326,0.420322530775,0.450382566105,0.743947847534
 07/12  18:00:00,1.44531541,0.88191379736,0.0,0.0,0.296809266616,0.0980445223234,0.394853788939,0.0980445223234,0.107741891955,0.0234742131348,0.383153984987,0.488979530988,0.848234005184
 07/12  19:00:00,1.43883683985,0.900486115677,0.0,0.0,0.262015517558,0.089572032196,0.351587549754,0.089572032196,0.205382926681,0.044747706836,0.315283626754,0.504723029822,0.865721947294
 07/12  20:00:00,1.59298225503,0.83989210514,0.0,0.0,0.238335997983,0.0822729275432,0.320608925526,0.0822729275432,0.370362675226,0.0806925905763,0.282131328171,0.522074735527,0.803932790938
 07/12  21:00:00,1.73372902163,0.763904856818,0.0,0.0,0.213124987344,0.0744041625417,0.287529149886,0.0744041625417,0.535342423771,0.116637474316,0.267221753354,0.5098862203,0.72878505968
 07/12  22:00:00,1.42701302999,0.640349422244,0.0,0.0,0.152762007215,0.0539169825134,0.206678989728,0.0539169825134,0.447802162681,0.097564681836,0.216614016064,0.441241179685,0.609957738565
 07/12  23:00:00,1.01812407773,0.508189580424,0.0,0.0,0.0682790569942,0.0250101445086,0.0932892015027,0.0250101445086,0.309757866226,0.0674883468263,0.147046288352,0.383430374827,0.481779772815
 07/12  24:00:00,0.637130769329,0.366959207335,0.0,0.0,0.0059121221691,0.00214631870403,0.00805844087313,0.00214631870403,0.161612796136,0.0352113105958,0.0979808984401,0.317155323284,0.345114273757
 07/13  01:00:00,0.511600345118,0.302735038748,0.0,0.0,0.0,0.0,0.0,0.0,0.097641118319,0.0212734937012,0.0835572224677,0.29201651063,0.282621609112
 07/13  02:00:00,0.455369303979,0.285737162006,0.0,0.0,0.0,0.0,0.0,0.0,0.0639717363317,0.0139378114307,0.0717169442605,0.288630811956,0.265856931554
 07/13  03:00:00,0.443816999143,0.290406185809,0.0,0.0,0.0,0.0,0.0,0.0,0.0639717363317,0.0139378114307,0.0642274778329,0.284567973547,0.270805794378
 07/13  04:00:00,0.442440761886,0.339011461247,0.0,0.0,0.0,0.0,0.0,0.0,0.0639717363317,0.0139378114307,0.0736008338661,0.273818380258,0.320151477227
 07/13  05:00:00,0.490141717194,0.557808849948,0.0,0.0,0.0,0.0,0.0,0.0,0.0673386720226,0.0146713809326,0.0854603589124,0.305559305326,0.536762623575
 07/13  06:00:00,0.620801576869,0.965409047451,0.0,0.0,0.0,0.0,0.0,0.0,0.0942741659095,0.0205399387695,0.135831742961,0.353043729228,0.94109220252
 07/13  07:00:00,0.80516912235,1.07750035631,0.0,0.0,0.0,0.0,0.0,0.0,0.15487897491,0.0337441825195,0.209298551845,0.375135413076,1.05166188671
 07/13  08:00:00,0.747687701638,1.04353539311,0.0,0.0,0.0,0.0,0.0,0.0,0.11784266559,0.0256749143555,0.269902798408,0.317155323284,1.02169045954
 07/13  09:00:00,0.695800891999,0.950597357475,0.0,0.0,0.0,0.0,0.0,0.0,0.0639717363317,0.0139378114307,0.330854517454,0.269924826782,0.932005552516
 07/13  10:00:00,0.70576230522,0.845490935602,0.0,0.0,0.0,0.0,0.0,0.0,0.0538709459774,0.0117371047461,0.3467692427,0.276273011796,0.826461882172
 07/13  11:00:00,0.720146796592,0.751593520098,0.0,0.0,0.0,0.0,0.0,0.0,0.0538709459774,0.0117371047461,0.361069091606,0.276357654263,0.732558636689
 07/13  12:00:00,0.704949470215,0.677951522685,0.0,0.0,0.0,0.0,0.0,0.0,0.0538709459774,0.0117371047461,0.350527100905,0.271702318586,0.659237288154
 07/13  13:00:00,0.683262853124,0.635477776168,0.0,0.0,0.0,0.0,0.0,0.0,0.0538709459774,0.0117371047461,0.319445169994,0.281097632407,0.616116413901
 07/13  14:00:00,0.674277170348,0.593387710496,0.0,0.0,0.0,0.0,0.0,0.0,0.0538709459774,0.0117371047461,0.294631345917,0.296925773707,0.572936142043
 07/13  15:00:00,0.697695848314,0.59989391584,0.0,0.0,0.0,0.0,0.0,0.0,0.0538709459774,0.0117371047461,0.301544742847,0.313431054743,0.578305501364
 07/13  16:00:00,0.80101468084,0.65574664076,0.0,0.0,0.0,0.0,0.0,0.0,0.057237873309,0.0124706724268,0.343460130304,0.3707340048,0.630211330092
 07/13  17:00:00,1.00250068213,0.77352105491,0.0,0.0,0.0241483550485,0.00852517724407,0.0326735322926,0.00852517724407,0.0673386720226,0.0146713809326,0.420322530775,0.450382566105,0.742499733434
 07/13  18:00:00,1.14401013247,0.88032819688,0.0,0.0,0.0688398379752,0.0247086734275,0.0935485114027,0.0247086734275,0.107741891955,0.0234742131348,0.383153984987,0.488979530988,0.846648404705
 07/13  19:00:00,1.20237100393,0.898790435095,0.0,0.0,0.0845638974315,0.0305578164097,0.115121713841,0.0305578164097,0.205382926681,0.044747706836,0.315283626754,0.504723029822,0.864026266713
 07/13  20:00:00,1.39284969274,0.838318779572,0.0,0.0,0.0885063206289,0.0319700426124,0.120476363241,0.0319700426124,0.370362675226,0.0806925905763,0.282131328171,0.522074735527,0.802359465371
 07/13  21:00:00,1.55688340188,0.762555085106,0.0,0.0,0.0811166640004,0.0295668661372,0.110683530138,0.0295668661372,0.535342423771,0.116637474316,0.267221753354,0.5098862203,0.727435287968
 07/13  22:00:00,1.26981815555,0.639294329264,0.0,0.0,0.0361931994768,0.0132909158105,0.0494841152873,0.0132909158105,0.447802162681,0.097564681836,0.216614016064,0.441241179685,0.608902645585
 07/13  23:00:00,0.924834876231,0.507257289247,0.0,0.0,0.0,0.0,0.0,0.0,0.309757866226,0.0674883468263,0.147046288352,0.383430374827,0.480847481638
 07/13  24:00:00,0.629072328456,0.366395440318,0.0,0.0,0.0,0.0,0.0,0.0,0.161612796136,0.0352113105958,0.0979808984401,0.317155323284,0.344550506739
 07/14  01:00:00,0.511600345118,0.302528821218,0.0,0.0,0.0,0.0,0.0,0.0,0.097641118319,0.0212734937012,0.0835572224677,0.29201651063,0.282415391582
 07/14  02:00:00,0.455369303979,0.285741142566,0.0,0.0,0.0,0.0,0.0,0.0,0.0639717363317,0.0139378114307,0.0717169442605,0.288630811956,0.265860912114
 07/14  03:00:00,0.443816999143,0.290294767222,0.0,0.0,0.0,0.0,0.0,0.0,0.0639717363317,0.0139378114307,0.0642274778329,0.284567973547,0.270694375792
 07/14  04:00:00,0.442440761886,0.338960242419,0.0,0.0,0.0,0.0,0.0,0.0,0.0639717363317,0.0139378114307,0.0736008338661,0.273818380258,0.320100258398
 07/14  05:00:00,0.490141717194,0.557577317616,0.0,0.0,0.0,0.0,0.0,0.0,0.0673386720226,0.0146713809326,0.0854603589124,0.305559305326,0.536531091243
 07/14  06:00:00,0.620801576869,0.964187177653,0.0,0.0,0.0,0.0,0.0,0.0,0.0942741659095,0.0205399387695,0.135831742961,0.353043729228,0.939870332722
 07/14  07:00:00,0.80516912235,1.07570811,0.0,0.0,0.0,0.0,0.0,0.0,0.15487897491,0.0337441825195,0.209298551845,0.375135413076,1.04986964039
 07/14  08:00:00,0.747687701638,1.04182401303,0.0,0.0,0.0,0.0,0.0,0.0,0.11784266559,0.0256749143555,0.269902798408,0.317155323284,1.01997907945
 07/14  09:00:00,0.695800891999,0.948741518341,0.0,0.0,0.0,0.0,0.0,0.0,0.0639717363317,0.0139378114307,0.330854517454,0.269924826782,0.930149713382
 07/14  10:00:00,0.70576230522,0.843608097124,0.0,0.0,0.0,0.0,0.0,0.0,0.0538709459774,0.0117371047461,0.3467692427,0.276273011796,0.824579043695
 07/14  11:00:00,0.720146796592,0.74986067078,0.0,0.0,0.0,0.0,0.0,0.0,0.0538709459774,0.0117371047461,0.361069091606,0.276357654263,0.730825787371
 07/14  12:00:00,0.704949470215,0.676286873956,0.0,0.0,0.0,0.0,0.0,0.0,0.0538709459774,0.0117371047461,0.350527100905,0.271702318586,0.657572639425
 07/14  13:00:00,0.683262853124,0.633860507444,0.0,0.0,0.0,0.0,0.0,0.0,0.0538709459774,0.0117371047461,0.319445169994,0.281097632407,0.614499145177
 07/14  14:00:00,0.674277170348,0.591860208772,0.0,0.0,0.0,0.0,0.0,0.0,0.0538709459774,0.0117371047461,0.294631345917,0.296925773707,0.571408640319
 07/14  15:00:00,0.770413356091,0.598314951652,0.0,0.0,0.0543977117392,0.0183197960382,0.0727175077774,0.0183197960382,0.0538709459774,0.0117371047461,0.301544742847,0.313431054743,0.576726537176
 07/14  16:00:00,0.988579650778,0.654322966747,0.0,0.0,0.140673617884,0.0468913520548,0.187564969939,0.0468913520548,0.057237873309,0.0124706724268,0.343460130304,0.3707340048,0.628787656079
 07/14  17:00:00,1.33141188667,0.771707160499,0.0,0.0,0.272015399319,0.0895693375125,0.361584736831,0.0895693375125,0.0673386720226,0.0146713809326,0.420322530775,0.450382566105,0.740685839022
 07/14  18:00:00,1.40419566931,0.878307370142,0.0,0.0,0.26463935083,0.0890946974182,0.353734048249,0.0890946974182,0.107741891955,0.0234742131348,0.383153984987,0.488979530988,0.844627577966
 07/14  19:00:00,1.41808057249,0.896868617904,0.0,0.0,0.245474326228,0.0853569561691,0.330831282397,0.0853569561691,0.205382926681,0.044747706836,0.315283626754,0.504723029822,0.862104449522
 07/14  20:00:00,1.33966883171,0.836793794981,0.0,0.0,0.0494395295711,0.0178559726409,0.067295502212,0.0178559726409,0.370362675226,0.0806925905763,0.282131328171,0.522074735527,0.80083448078
 07/14  21:00:00,1.44619987174,0.761082001162,0.0,0.0,0.0,0.0,0.0,0.0,0.535342423771,0.116637474316,0.267221753354,0.5098862203,0.725962204024
 07/14  22:00:00,1.22033404027,0.637930804944,0.0,0.0,0.0,0.0,0.0,0.0,0.447802162681,0.097564681836,0.216614016064,0.441241179685,0.607539121265
 07/14  23:00:00,0.924834876231,0.506639460498,0.0,0.0,0.0,0.0,0.0,0.0,0.309757866226,0.0674883468263,0.147046288352,0.383430374827,0.480229652889
 07/14  24:00:00,0.629072328456,0.366574890739,0.0,0.0,0.0,0.0,0.0,0.0,0.161612796136,0.0352113105958,0.0979808984401,0.317155323284,0.344729957161
 07/15  01:00:00,0.515547369194,0.309498341944,0.0,0.0,0.0,0.0,0.0,0.0,0.097641118319,0.0212734937012,0.0875042465431,0.29201651063,0.289384912308
 07/15  02:00:00,0.457980542406,0.291215840221,0.0,0.0,0.0,0.0,0.0,0.0,0.0639717363317,0.0139378114307,0.0743281826877,0.288630811956,0.271335609769
 07/15  03:00:00,0.445182403315,0.296305118558,0.0,0.0,0.0,0.0,0.0,0.0,0.0639717363317,0.0139378114307,0.0655928820049,0.284567973547,0.276704727128
 07/15  04:00:00,0.445111917501,0.350032840354,0.0,0.0,0.0,0.0,0.0,0.0,0.0639717363317,0.0139378114307,0.0762719894816,0.273818380258,0.331172856333
 07/15  05:00:00,0.499405598658,0.774278149492,0.0,0.186927549721,0.0,0.00516718886464,0.00516718886464,0.00516718886464,0.0673386720226,0.0146713809326,0.0895570515125,0.305559305326,0.566304373399
 07/15  06:00:00,0.645759845739,1.55087173096,0.0,0.520090037965,0.0,0.0143327566535,0.0143327566535,0.0143327566535,0.0942741659095,0.0205399387695,0.146457255179,0.353043729228,1.00646484806
 07/15  07:00:00,0.832482305445,1.3789441914,0.0,0.223432155844,0.0,0.00615182117569,0.00615182117569,0.00615182117569,0.15487897491,0.0337441825195,0.230459913765,0.375135413076,1.12967356594
 07/15  08:00:00,0.780528158319,1.13925012436,0.0,0.0146424878694,0.0,0.000403155788387,0.000403155788387,0.000403155788387,0.11784266559,0.0256749143555,0.3023400993,0.317155323284,1.10276270292
 07/15  09:00:00,0.740831950465,1.02523367574,0.0,0.0,0.0,0.0,0.0,0.0,0.0639717363317,0.0139378114307,0.37588557592,0.269924826782,1.00664187078
 07/15  10:00:00,0.756678534509,0.909244294096,0.0,0.0,0.0,0.0,0.0,0.0,0.0538709459774,0.0117371047461,0.39768547199,0.276273011796,0.890215240667
 07/15  11:00:00,0.772635556111,0.80393388948,0.0,0.0,0.0,0.0,0.0,0.0,0.0538709459774,0.0117371047461,0.413557851125,0.276357654263,0.784899006071
 07/15  12:00:00,0.752759976306,0.723191838723,0.0,0.0,0.0,0.0,0.0,0.0,0.0538709459774,0.0117371047461,0.398337606996,0.271702318586,0.704477604193
 07/15  13:00:00,0.726850885638,0.674434461944,0.0,0.0,0.0,0.0,0.0,0.0,0.0538709459774,0.0117371047461,0.363033202508,0.281097632407,0.655073099677
 07/15  14:00:00,0.713402742523,0.628283194395,0.0,0.0,0.0,0.0,0.0,0.0,0.0538709459774,0.0117371047461,0.333756918092,0.296925773707,0.607831625942
 07/15  15:00:00,0.850556896357,0.634870597531,0.0,0.0,0.0877815350123,0.0280205401754,0.115802075188,0.0280205401754,0.0538709459774,0.0117371047461,0.338603715702,0.313431054743,0.613282183055
 07/15  16:00:00,1.13991957281,0.699311679032,0.0,0.0,0.229707799847,0.0732791728802,0.302986972727,0.0732791728802,0.057237873309,0.0124706724268,0.379378049552,0.3707340048,0.673776368364
 07/15  17:00:00,1.51814552994,0.826022976882,0.0,0.0,0.388908890858,0.124057559027,0.512966449885,0.124057559027,0.0673386720226,0.0146713809326,0.45567446099,0.450382566105,0.795001655406
 07/15  18:00:00,1.57742990137,0.949081265266,0.0,0.0,0.372518983723,0.120138981045,0.492657964768,0.120138981045,0.107741891955,0.0234742131348,0.417464300526,0.488979530988,0.91540147309
 07/15  19:00:00,1.60522129725,0.976108474506,0.0,0.0,0.363674225799,0.120053027161,0.483727252961,0.120053027161,0.205382926681,0.044747706836,0.349528380947,0.504723029822,0.941344306124
 07/15  20:00:00,1.70594073579,0.912249866732,0.0,0.0,0.295589707892,0.103122328074,0.398712035965,0.103122328074,0.370362675226,0.0806925905763,0.316986698499,0.522074735527,0.87629055253
 07/15  21:00:00,1.80682904997,0.824535822379,0.0,0.0,0.239072218162,0.0859501026019,0.325022320764,0.0859501026019,0.535342423771,0.116637474316,0.302828610822,0.5098862203,0.789416025241
 07/15  22:00:00,1.42483904528,0.688318849435,0.0,0.0,0.128189126017,0.048022667073,0.17621179309,0.048022667073,0.447802162681,0.097564681836,0.244907227988,0.441241179685,0.657927165756
 07/15  23:00:00,0.984673693114,0.537906462442,0.0,0.0,0.0320900268417,0.0122139447048,0.0443039715465,0.0122139447048,0.309757866226,0.0674883468263,0.162581133687,0.383430374827,0.511496654833
 07/15  24:00:00,0.635646011533,0.377830451794,0.0,0.0,0.0,0.0,0.0,0.0,0.161612796136,0.0352113105958,0.104554581517,0.317155323284,0.355985518215
 07/16  01:00:00,0.515547369194,0.308550402059,0.0,0.0,0.0,0.0,0.0,0.0,0.097641118319,0.0212734937012,0.0875042465431,0.29201651063,0.288436972423
 07/16  02:00:00,0.457980542406,0.290412410009,0.0,0.0,0.0,0.0,0.0,0.0,0.0639717363317,0.0139378114307,0.0743281826877,0.288630811956,0.270532179557
 07/16  03:00:00,0.445182403315,0.295445236437,0.0,0.0,0.0,0.0,0.0,0.0,0.0639717363317,0.0139378114307,0.0655928820049,0.284567973547,0.275844845006
 07/16  04:00:00,0.445111917501,0.349102130522,0.0,0.0,0.0,0.0,0.0,0.0,0.0639717363317,0.0139378114307,0.0762719894816,0.273818380258,0.330242146501
 07/16  05:00:00,0.494238409794,0.585792294748,0.0,0.0,0.0,0.0,0.0,0.0,0.0673386720226,0.0146713809326,0.0895570515125,0.305559305326,0.564746068375
 07/16  06:00:00,0.631427089086,1.02841905032,0.0,0.0,0.0,0.0,0.0,0.0,0.0942741659095,0.0205399387695,0.146457255179,0.353043729228,1.00410220539
 07/16  07:00:00,0.82633048427,1.15351257219,0.0,0.0,0.0,0.0,0.0,0.0,0.15487897491,0.0337441825195,0.230459913765,0.375135413076,1.12767410259
 07/16  08:00:00,0.780125002531,1.12260845203,0.0,0.0,0.0,0.0,0.0,0.0,0.11784266559,0.0256749143555,0.3023400993,0.317155323284,1.10076351845
 07/16  09:00:00,0.740831950465,1.02285934082,0.0,0.0,0.0,0.0,0.0,0.0,0.0639717363317,0.0139378114307,0.37588557592,0.269924826782,1.00426753586
 07/16  10:00:00,0.756678534509,0.906872494493,0.0,0.0,0.0,0.0,0.0,0.0,0.0538709459774,0.0117371047461,0.39768547199,0.276273011796,0.887843441063
 07/16  11:00:00,0.772635556111,0.80187426795,0.0,0.0,0.0,0.0,0.0,0.0,0.0538709459774,0.0117371047461,0.413557851125,0.276357654263,0.782839384541
 07/16  12:00:00,0.752759976306,0.721104109373,0.0,0.0,0.0,0.0,0.0,0.0,0.0538709459774,0.0117371047461,0.398337606996,0.271702318586,0.702389874843
 07/16  13:00:00,0.739686112818,0.672477971883,0.0,0.0,0.00978947594206,0.00304575123798,0.01283522718,0.00304575123798,0.0538709459774,0.0117371047461,0.363033202508,0.281097632407,0.653116609616
 07/16  14:00:00,0.906464662315,0.626672156669,0.0,0.0,0.147656718134,0.0454052016573,0.193061919792,0.0454052016573,0.0538709459774,0.0117371047461,0.333756918092,0.296925773707,0.606220588216
 07/16  15:00:00,1.14560372889,0.633345547406,0.0,0.0,0.315229384662,0.0956195230563,0.410848907719,0.0956195230563,0.0538709459774,0.0117371047461,0.338603715702,0.313431054743,0.61175713293
 07/16  16:00:00,1.40868524151,0.697747103162,0.0,0.0,0.4386780329,0.133074608525,0.571752641426,0.133074608525,0.057237873309,0.0124706724268,0.379378049552,0.3707340048,0.672211792494
 07/16  17:00:00,1.76584899286,0.824410796253,0.0,0.0,0.581757900784,0.178912012029,0.760669912813,0.178912012029,0.0673386720226,0.0146713809326,0.45567446099,0.450382566105,0.793389474777
 07/16  18:00:00,1.79736072834,0.947277183928,0.0,0.0,0.543511474323,0.169077317416,0.712588791739,0.169077317416,0.107741891955,0.0234742131348,0.417464300526,0.488979530988,0.913597391752
 07/16  19:00:00,1.80128896723,0.974202861099,0.0,0.0,0.516834603983,0.162960318957,0.67979492294,0.162960318957,0.205382926681,0.044747706836,0.349528380947,0.504723029822,0.939438692716
 07/16  20:00:00,1.85876579287,0.910493015575,0.0,0.0,0.412164101395,0.139372991651,0.551537093046,0.139372991651,0.370362675226,0.0806925905763,0.316986698499,0.522074735527,0.874533701374
 07/16  21:00:00,1.93616989829,0.822938352575,0.0,0.0,0.336690733389,0.117672435694,0.454363169084,0.117672435694,0.535342423771,0.116637474316,0.302828610822,0.5098862203,0.787818555437
 07/16  22:00:00,1.57622467715,0.686724665841,0.0,0.0,0.241489017707,0.0861084072576,0.327597424964,0.0861084072576,0.447802162681,0.097564681836,0.244907227988,0.441241179685,0.656332982163
 07/16  23:00:00,1.13632336834,0.536458195462,0.0,0.0,0.144044935482,0.0519087112933,0.195953646775,0.0519087112933,0.309757866226,0.0674883468263,0.162581133687,0.383430374827,0.510048387854
 07/16  24:00:00,0.694813518284,0.376761259443,0.0,0.0,0.0431908882377,0.0159766185134,0.0591675067511,0.0159766185134,0.161612796136,0.0352113105958,0.104554581517,0.317155323284,0.354916325864
 07/17  01:00:00,0.511600345118,0.30126046252,0.0,0.0,0.0,0.0,0.0,0.0,0.097641118319,0.0212734937012,0.0835572224677,0.29201651063,0.281147032884
 07/17  02:00:00,0.455369303979,0.284355597764,0.0,0.0,0.0,0.0,0.0,0.0,0.0639717363317,0.0139378114307,0.0717169442605,0.288630811956,0.264475367312
 07/17  03:00:00,0.443816999143,0.289213727962,0.0,0.0,0.0,0.0,0.0,0.0,0.0639717363317,0.0139378114307,0.0642274778329,0.284567973547,0.269613336531
 07/17  04:00:00,0.442440761886,0.337759269726,0.0,0.0,0.0,0.0,0.0,0.0,0.0639717363317,0.0139378114307,0.0736008338661,0.273818380258,0.318899285705
 07/17  05:00:00,0.490141717194,0.554855472798,0.0,0.0,0.0,0.0,0.0,0.0,0.0673386720226,0.0146713809326,0.0854603589124,0.305559305326,0.533809246426
 07/17  06:00:00,0.620801576869,0.95904954747,0.0,0.0,0.0,0.0,0.0,0.0,0.0942741659095,0.0205399387695,0.135831742961,0.353043729228,0.934732702539
 07/17  07:00:00,0.80516912235,1.06958405642,0.0,0.0,0.0,0.0,0.0,0.0,0.15487897491,0.0337441825195,0.209298551845,0.375135413076,1.04374558681
 07/17  08:00:00,0.747687701638,1.03523790006,0.0,0.0,0.0,0.0,0.0,0.0,0.11784266559,0.0256749143555,0.269902798408,0.317155323284,1.01339296649
 07/17  09:00:00,0.695800891999,0.942616772803,0.0,0.0,0.0,0.0,0.0,0.0,0.0639717363317,0.0139378114307,0.330854517454,0.269924826782,0.924024967844
 07/17  10:00:00,0.70576230522,0.837961048322,0.0,0.0,0.0,0.0,0.0,0.0,0.0538709459774,0.0117371047461,0.3467692427,0.276273011796,0.818931994892
 07/17  11:00:00,0.720146796592,0.744539415117,0.0,0.0,0.0,0.0,0.0,0.0,0.0538709459774,0.0117371047461,0.361069091606,0.276357654263,0.725504531708
 07/17  12:00:00,0.818611056712,0.671438666559,0.0,0.0,0.08691472899,0.0267468575079,0.113661586498,0.0267468575079,0.0538709459774,0.0117371047461,0.350527100905,0.271702318586,0.652724432028
 07/17  13:00:00,0.97859991438,0.629385582397,0.0,0.0,0.226591658335,0.0687454029216,0.295337061256,0.0687454029216,0.0538709459774,0.0117371047461,0.319445169994,0.281097632407,0.61002422013
 07/17  14:00:00,1.12258282309,0.587823382037,0.0,0.0,0.344864000434,0.103441652308,0.448305652742,0.103441652308,0.0538709459774,0.0117371047461,0.294631345917,0.296925773707,0.567371813584
 07/17  15:00:00,1.33387503502,0.594667514706,0.0,0.0,0.490927068746,0.145252117956,0.636179186702,0.145252117956,0.0538709459774,0.0117371047461,0.301544742847,0.313431054743,0.57307910023
 07/17  16:00:00,1.57092551488,0.650425264187,0.0,0.0,0.594117812796,0.175793021247,0.769910834043,0.175793021247,0.057237873309,0.0124706724268,0.343460130304,0.3707340048,0.624889953518
 07/17  17:00:00,1.94686302265,0.767345684155,0.0,0.0,0.75393031157,0.223105561248,0.977035872818,0.223105561248,0.0673386720226,0.0146713809326,0.420322530775,0.450382566105,0.736324362679
 07/17  18:00:00,1.90690573038,0.873534517567,0.0,0.0,0.657038003955,0.199406105364,0.856444109319,0.199406105364,0.107741891955,0.0234742131348,0.383153984987,0.488979530988,0.839854725391
 07/17  19:00:00,1.88121398603,0.891897393793,0.0,0.0,0.605561826362,0.188402869575,0.793964695937,0.188402869575,0.205382926681,0.044747706836,0.315283626754,0.504723029822,0.857133225411
 07/17  20:00:00,1.94831382066,0.831988280772,0.0,0.0,0.510930434555,0.165010056605,0.675940491161,0.165010056605,0.370362675226,0.0806925905763,0.282131328171,0.522074735527,0.796028966571
 07/17  21:00:00,2.03421329306,0.756823131107,0.0,0.0,0.441919607309,0.146093814008,0.588013421317,0.146093814008,0.535342423771,0.116637474316,0.267221753354,0.5098862203,0.721703333969
 07/17  22:00:00,1.67911008539,0.634544836947,0.0,0.0,0.342851534897,0.115924510223,0.458776045119,0.115924510223,0.447802162681,0.097564681836,0.216614016064,0.441241179685,0.604153153268
 07/17  23:00:00,1.24917125187,0.503545056723,0.0,0.0,0.241646975517,0.0826894001247,0.324336375641,0.0826894001247,0.309757866226,0.0674883468263,0.147046288352,0.383430374827,0.477135249114
 07/17  24:00:00,0.742885968146,0.363940181316,0.0,0.0,0.0838932916753,0.0299203480146,0.11381363969,0.0299203480146,0.161612796136,0.0352113105958,0.0979808984401,0.317155323284,0.342095247737
 07/18  01:00:00,0.591960543842,0.300217230108,0.0,0.0,0.059374974674,0.0209852240499,0.0803601987239,0.0209852240499,0.097641118319,0.0212734937012,0.0835572224677,0.29201651063,0.280103800472
 07/18  02:00:00,0.465825040537,0.283262440152,0.0,0.0,0.00768593505082,0.00276980150679,0.0104557365576,0.00276980150679,0.0639717363317,0.0139378114307,0.0717169442605,0.288630811956,0.263382209701
 07/18  03:00:00,0.443816999143,0.287971985878,0.0,0.0,0.0,0.0,0.0,0.0,0.0639717363317,0.0139378114307,0.0642274778329,0.284567973547,0.268371594447
 07/18  04:00:00,0.442440761886,0.336354263201,0.0,0.0,0.0,0.0,0.0,0.0,0.0639717363317,0.0139378114307,0.0736008338661,0.273818380258,0.31749427918
 07/18  05:00:00,0.490141717194,0.553293293062,0.0,0.0,0.0,0.0,0.0,0.0,0.0673386720226,0.0146713809326,0.0854603589124,0.305559305326,0.53224706669
 07/18  06:00:00,0.620801576869,0.956690952489,0.0,0.0,0.0,0.0,0.0,0.0,0.0942741659095,0.0205399387695,0.135831742961,0.353043729228,0.932374107558
 07/18  07:00:00,0.80516912235,1.06658868858,0.0,0.0,0.0,0.0,0.0,0.0,0.15487897491,0.0337441825195,0.209298551845,0.375135413076,1.04075021897
 07/18  08:00:00,0.747687701638,1.03226764892,0.0,0.0,0.0,0.0,0.0,0.0,0.11784266559,0.0256749143555,0.269902798408,0.317155323284,1.01042271534
 07/18  09:00:00,0.695800891999,0.939922534064,0.0,0.0,0.0,0.0,0.0,0.0,0.0639717363317,0.0139378114307,0.330854517454,0.269924826782,0.921330729105
 07/18  10:00:00,0.835923449242,0.835629280637,0.0,0.0,0.0986554786167,0.0315056654057,0.130161144022,0.0315056654057,0.0538709459774,0.0117371047461,0.3467692427,0.276273011796,0.816600227207
 07/18  11:00:00,0.936135679003,0.742679133304,0.0,0.0,0.165208134399,0.0507807480113,0.215988882411,0.0507807480113,0.0538709459774,0.0117371047461,0.361069091606,0.276357654263,0.723644249895
 07/18  12:00:00,1.08470752171,0.66982652051,0.0,0.0,0.292169395831,0.0875886556666,0.379758051497,0.0875886556666,0.0538709459774,0.0117371047461,0.350527100905,0.271702318586,0.651112285979
 07/18  13:00:00,1.20761243177,0.627851102798,0.0,0.0,0.405737758193,0.11861182045,0.524349578642,0.11861182045,0.0538709459774,0.0117371047461,0.319445169994,0.281097632407,0.608489740531
 07/18  14:00:00,1.3231612423,0.586370775406,0.0,0.0,0.502096533219,0.146787538728,0.648884071947,0.146787538728,0.0538709459774,0.0117371047461,0.294631345917,0.296925773707,0.565919206953
 07/18  15:00:00,1.5412524677,0.593258599449,0.0,0.0,0.654762336713,0.188794282673,0.843556619386,0.188794282673,0.0538709459774,0.0117371047461,0.301544742847,0.313431054743,0.571670184974
 07/18  16:00:00,1.76863710351,0.648851372916,0.0,0.0,0.751055258257,0.216567164418,0.967622422675,0.216567164418,0.057237873309,0.0124706724268,0.343460130304,0.3707340048,0.623316062248
 07/18  17:00:00,2.17639608874,0.765607722958,0.0,0.0,0.936501877096,0.270067061805,1.2065689389,0.270067061805,0.0673386720226,0.0146713809326,0.420322530775,0.450382566105,0.734586401482
 07/18  18:00:00,2.09540604772,0.871671599332,0.0,0.0,0.806411589424,0.238532837227,1.04494442665,0.238532837227,0.107741891955,0.0234742131348,0.383153984987,0.488979530988,0.837991807156
 07/18  19:00:00,2.05488681011,0.889956461056,0.0,0.0,0.744396412911,0.223241107104,0.967637520015,0.223241107104,0.205382926681,0.044747706836,0.315283626754,0.504723029822,0.855192292674
 07/18  20:00:00,2.10536537691,0.830166349061,0.0,0.0,0.633419927993,0.19957211942,0.832992047412,0.19957211942,0.370362675226,0.0806925905763,0.282131328171,0.522074735527,0.79420703486
 07/18  21:00:00,2.15770715118,0.755257518331,0.0,0.0,0.536237252242,0.175270027194,0.711507279436,0.175270027194,0.535342423771,0.116637474316,0.267221753354,0.5098862203,0.720137721193
 07/18  22:00:00,1.77095448784,0.633292120098,0.0,0.0,0.411589706157,0.139030741417,0.550620447573,0.139030741417,0.447802162681,0.097564681836,0.216614016064,0.441241179685,0.602900436419
 07/18  23:00:00,1.29848402011,0.502687180909,0.0,0.0,0.276965878233,0.0966832656409,0.373649143874,0.0966832656409,0.309757866226,0.0674883468263,0.147046288352,0.383430374827,0.4762773733
 07/18  24:00:00,0.856346224476,0.363130098734,0.0,0.0,0.167983519958,0.0592903760622,0.22727389602,0.0592903760622,0.161612796136,0.0352113105958,0.0979808984401,0.317155323284,0.341285165156
 07/19  01:00:00,0.544945348954,0.299723122393,0.0,0.0,0.0245170268154,0.00882797701997,0.0333450038354,0.00882797701997,0.097641118319,0.0212734937012,0.0835572224677,0.29201651063,0.279609692757
 07/19  02:00:00,0.455369303979,0.282652027238,0.0,0.0,0.0,0.0,0.0,0.0,0.0639717363317,0.0139378114307,0.0717169442605,0.288630811956,0.262771796786
 07/19  03:00:00,0.443816999143,0.287156404187,0.0,0.0,0.0,0.0,0.0,0.0,0.0639717363317,0.0139378114307,0.0642274778329,0.284567973547,0.267556012756
 07/19  04:00:00,0.442440761886,0.335324724254,0.0,0.0,0.0,0.0,0.0,0.0,0.0639717363317,0.0139378114307,0.0736008338661,0.273818380258,0.316464740233
 07/19  05:00:00,0.490141717194,0.551671837591,0.0,0.0,0.0,0.0,0.0,0.0,0.0673386720226,0.0146713809326,0.0854603589124,0.305559305326,0.530625611219
 07/19  06:00:00,0.620801576869,0.954350182392,0.0,0.0,0.0,0.0,0.0,0.0,0.0942741659095,0.0205399387695,0.135831742961,0.353043729228,0.930033337461
 07/19  07:00:00,0.80516912235,1.06440880382,0.0,0.0,0.0,0.0,0.0,0.0,0.15487897491,0.0337441825195,0.209298551845,0.375135413076,1.03857033421
 07/19  08:00:00,0.747687701638,1.03018311248,0.0,0.0,0.0,0.0,0.0,0.0,0.11784266559,0.0256749143555,0.269902798408,0.317155323284,1.0083381789
 07/19  09:00:00,0.695800891999,0.93773137243,0.0,0.0,0.0,0.0,0.0,0.0,0.0639717363317,0.0139378114307,0.330854517454,0.269924826782,0.919139567471
 07/19  10:00:00,0.977420302365,0.83346440928,0.0,0.0,0.208468382419,0.0631896147263,0.271657997145,0.0631896147263,0.0538709459774,0.0117371047461,0.3467692427,0.276273011796,0.81443535585
 07/19  11:00:00,1.04787083758,0.740901749489,0.0,0.0,0.252975993516,0.0747480474726,0.327724040989,0.0747480474726,0.0538709459774,0.0117371047461,0.361069091606,0.276357654263,0.72186686608
 07/19  12:00:00,1.20099443516,0.668227325052,0.0,0.0,0.385104030529,0.11094093442,0.496044964948,0.11094093442,0.0538709459774,0.0117371047461,0.350527100905,0.271702318586,0.649513090521
 07/19  13:00:00,1.30586492778,0.626479056834,0.0,0.0,0.481853427313,0.140748647338,0.622602074651,0.140748647338,0.0538709459774,0.0117371047461,0.319445169994,0.281097632407,0.607117694567
 07/19  14:00:00,1.37224945435,0.58524136375,0.0,0.0,0.540183486464,0.157788797535,0.697972283999,0.157788797535,0.0538709459774,0.0117371047461,0.294631345917,0.296925773707,0.564789795297
 07/19  15:00:00,1.45349347887,0.592108358726,0.0,0.0,0.583411140815,0.172386489742,0.755797630557,0.172386489742,0.0538709459774,0.0117371047461,0.301544742847,0.313431054743,0.57051994425
 07/19  16:00:00,1.4674844122,0.648245019987,0.0,0.0,0.502502821305,0.163966910059,0.666469731364,0.163966910059,0.057237873309,0.0124706724268,0.343460130304,0.3707340048,0.622709709319
 07/19  17:00:00,1.7030418963,0.764788299461,0.0,0.0,0.55141758987,0.181797156593,0.733214746463,0.181797156593,0.0673386720226,0.0146713809326,0.420322530775,0.450382566105,0.733766977984
 07/19  18:00:00,1.69780934497,0.870378303046,0.0,0.0,0.48536329665,0.161984427255,0.647347723904,0.161984427255,0.107741891955,0.0234742131348,0.383153984987,0.488979530988,0.83669851087
 07/19  19:00:00,1.70139141756,0.888425239422,0.0,0.0,0.461871423564,0.152270703905,0.614142127469,0.152270703905,0.205382926681,0.044747706836,0.315283626754,0.504723029822,0.85366107104
 07/19  20:00:00,1.82507285435,0.828610551149,0.0,0.0,0.414402123141,0.138297401706,0.552699524847,0.138297401706,0.370362675226,0.0806925905763,0.282131328171,0.522074735527,0.792651236948
 07/19  21:00:00,1.91546889217,0.753794795097,0.0,0.0,0.349076549268,0.120192471161,0.46926902043,0.120192471161,0.535342423771,0.116637474316,0.267221753354,0.5098862203,0.718674997958
 07/19  22:00:00,1.58311198503,0.631999466226,0.0,0.0,0.269087402299,0.0936905424603,0.362777944759,0.0936905424603,0.447802162681,0.097564681836,0.216614016064,0.441241179685,0.601607782547
 07/19  23:00:00,1.15437194489,0.501603733527,0.0,0.0,0.169392813358,0.0601442552988,0.229537068657,0.0601442552988,0.309757866226,0.0674883468263,0.147046288352,0.383430374827,0.475193925918
 07/19  24:00:00,0.729125554666,0.362448939,0.0,0.0,0.0734806504864,0.0265725757235,0.10005322621,0.0265725757235,0.161612796136,0.0352113105958,0.0979808984401,0.317155323284,0.340604005421
 07/20  01:00:00,0.525169782349,0.299157823902,0.0,0.0,0.00993992351159,0.00362951371889,0.0135694372305,0.00362951371889,0.097641118319,0.0212734937012,0.0835572224677,0.29201651063,0.279044394266
 07/20  02:00:00,0.455369303979,0.282420059497,0.0,0.0,0.0,0.0,0.0,0.0,0.0639717363317,0.0139378114307,0.0717169442605,0.288630811956,0.262539829046
 07/20  03:00:00,0.443816999143,0.286960592773,0.0,0.0,0.0,0.0,0.0,0.0,0.0639717363317,0.0139378114307,0.0642274778329,0.284567973547,0.267360201342
 07/20  04:00:00,0.442440761886,0.335063659212,0.0,0.0,0.0,0.0,0.0,0.0,0.0639717363317,0.0139378114307,0.0736008338661,0.273818380258,0.316203675191
 07/20  05:00:00,0.490141717194,0.551150525613,0.0,0.0,0.0,0.0,0.0,0.0,0.0673386720226,0.0146713809326,0.0854603589124,0.305559305326,0.53010429924
 07/20  06:00:00,0.620801576869,0.953027797174,0.0,0.0,0.0,0.0,0.0,0.0,0.0942741659095,0.0205399387695,0.135831742961,0.353043729228,0.928710952243
 07/20  07:00:00,0.80516912235,1.0628057024,0.0,0.0,0.0,0.0,0.0,0.0,0.15487897491,0.0337441825195,0.209298551845,0.375135413076,1.03696723279
 07/20  08:00:00,0.747687701638,1.02874409457,0.0,0.0,0.0,0.0,0.0,0.0,0.11784266559,0.0256749143555,0.269902798408,0.317155323284,1.00689916099
 07/20  09:00:00,0.695800891999,0.936593963046,0.0,0.0,0.0,0.0,0.0,0.0,0.0639717363317,0.0139378114307,0.330854517454,0.269924826782,0.918002158087
 07/20  10:00:00,0.774577680853,0.832475365231,0.0,0.0,0.0521855479591,0.0166298276741,0.0688153756332,0.0166298276741,0.0538709459774,0.0117371047461,0.3467692427,0.276273011796,0.813446311802
 07/20  11:00:00,0.896701465711,0.739667274405,0.0,0.0,0.135528219931,0.0410264491876,0.176554669119,0.0410264491876,0.0538709459774,0.0117371047461,0.361069091606,0.276357654263,0.720632390996
 07/20  12:00:00,1.0666746386,0.667118093579,0.0,0.0,0.278408324508,0.0833168438745,0.361725168382,0.0833168438745,0.0538709459774,0.0117371047461,0.350527100905,0.271702318586,0.648403859048
 07/20  13:00:00,1.24873704513,0.625271600025,0.0,0.0,0.439087713313,0.126386478695,0.565474192009,0.126386478695,0.0538709459774,0.0117371047461,0.319445169994,0.281097632407,0.605910237758
 07/20  14:00:00,1.47870274545,0.583858613835,0.0,0.0,0.628155592528,0.176269982573,0.804425575101,0.176269982573,0.0538709459774,0.0117371047461,0.294631345917,0.296925773707,0.563407045382
 07/20  15:00:00,1.68337511525,0.590750902644,0.0,0.0,0.767335701114,0.218343565826,0.98567926694,0.218343565826,0.0538709459774,0.0117371047461,0.301544742847,0.313431054743,0.569162488168
 07/20  16:00:00,1.93063367683,0.646488598263,0.0,0.0,0.879381231181,0.250237764808,1.12961899599,0.250237764808,0.057237873309,0.0124706724268,0.343460130304,0.3707340048,0.620953287595
 07/20  17:00:00,2.41666058291,0.762660976121,0.0,0.0,1.12976265496,0.317070778111,1.44683343307,0.317070778111,0.0673386720226,0.0146713809326,0.420322530775,0.450382566105,0.731639654645
 07/20  18:00:00,2.30368245075,0.868353472154,0.0,0.0,0.973068128876,0.280152700811,1.25322082969,0.280152700811,0.107741891955,0.0234742131348,0.383153984987,0.488979530988,0.834673679979
 07/20  19:00:00,2.23421299242,0.886651451885,0.0,0.0,0.885493523493,0.261470178834,1.14696370233,0.261470178834,0.205382926681,0.044747706836,0.315283626754,0.504723029822,0.851887283502
 07/20  20:00:00,2.2995142905,0.826951482698,0.0,0.0,0.78843234361,0.238708617385,1.027140961,0.238708617385,0.370362675226,0.0806925905763,0.282131328171,0.522074735527,0.790992168497
 07/20  21:00:00,2.30082520856,0.752352366671,0.0,0.0,0.648157626897,0.206467709917,0.854625336814,0.206467709917,0.535342423771,0.116637474316,0.267221753354,0.5098862203,0.717232569533
 07/20  22:00:00,1.92518483174,0.630714573957,0.0,0.0,0.533171833054,0.171678958417,0.704850791471,0.171678958417,0.447802162681,0.097564681836,0.216614016064,0.441241179685,0.600322890278
 07/20  23:00:00,1.45381020078,0.500469019671,0.0,0.0,0.397872188594,0.131103135953,0.528975324547,0.131103135953,0.309757866226,0.0674883468263,0.147046288352,0.383430374827,0.474059212062
 07/20  24:00:00,1.0202743344,0.361407287562,0.0,0.0,0.294243688622,0.0969583173169,0.391202005939,0.0969583173169,0.161612796136,0.0352113105958,0.0979808984401,0.317155323284,0.339562353983
 07/21  01:00:00,0.752830908241,0.298209679279,0.0,0.0,0.179903410148,0.0613271529754,0.241230563123,0.0613271529754,0.097641118319,0.0212734937012,0.0835572224677,0.29201651063,0.278096249644
 07/21  02:00:00,0.5756988114,0.281635343376,0.0,0.0,0.0888125201815,0.0315169872394,0.120329507421,0.0315169872394,0.0639717363317,0.0139378114307,0.0717169442605,0.288630811956,0.261755112924
 07/21  03:00:00,0.507790604903,0.286029271134,0.0,0.0,0.0472174274041,0.0167561783559,0.06397360576,0.0167561783559,0.0639717363317,0.0139378114307,0.0642274778329,0.284567973547,0.266428879703
 07/21  04:00:00,0.444470149228,0.333769689425,0.0,0.0,0.00149380009338,0.000535587248662,0.00202938734204,0.000535587248662,0.0639717363317,0.0139378114307,0.0736008338661,0.273818380258,0.314909705404
 07/21  05:00:00,0.490141717194,0.549241946052,0.0,0.0,0.0,0.0,0.0,0.0,0.0673386720226,0.0146713809326,0.0854603589124,0.305559305326,0.52819571968
 07/21  06:00:00,0.620801576869,0.95032871107,0.0,0.0,0.0,0.0,0.0,0.0,0.0942741659095,0.0205399387695,0.135831742961,0.353043729228,0.926011866139
 07/21  07:00:00,0.820242548442,1.05983184032,0.0,0.0,0.0112137204502,0.00385970564209,0.0150734260923,0.00385970564209,0.15487897491,0.0337441825195,0.209298551845,0.375135413076,1.03399337071
 07/21  08:00:00,0.783745219268,1.02591320784,0.0,0.0,0.0269713519536,0.00908616567577,0.0360575176293,0.00908616567577,0.11784266559,0.0256749143555,0.269902798408,0.317155323284,1.00406827426
 07/21  09:00:00,0.834866342937,0.934142331049,0.0,0.0,0.104876438435,0.0341890125033,0.139065450939,0.0341890125033,0.0639717363317,0.0139378114307,0.330854517454,0.269924826782,0.91555052609
 07/21  10:00:00,1.14282939033,0.830404331744,0.0,0.0,0.334463120667,0.10260396444,0.437067085106,0.10260396444,0.0538709459774,0.0117371047461,0.3467692427,0.276273011796,0.811375278314
 07/21  11:00:00,1.09989502494,0.738505930608,0.0,0.0,0.288933801463,0.0908144268814,0.379748228345,0.0908144268814,0.0538709459774,0.0117371047461,0.361069091606,0.276357654263,0.719471047199
 07/21  12:00:00,1.17347280277,0.666254653862,0.0,0.0,0.356482033987,0.112041298572,0.468523332559,0.112041298572,0.0538709459774,0.0117371047461,0.350527100905,0.271702318586,0.647540419331
 07/21  13:00:00,1.32988808228,0.624283659545,0.0,0.0,0.49768827359,0.148936955563,0.646625229153,0.148936955563,0.0538709459774,0.0117371047461,0.319445169994,0.281097632407,0.604922297278
 07/21  14:00:00,1.28598316248,0.58351130721,0.0,0.0,0.462772055915,0.148933936214,0.611705992129,0.148933936214,0.0538709459774,0.0117371047461,0.294631345917,0.296925773707,0.563059738757
 07/21  15:00:00,1.20476066819,0.591176989409,0.0,0.0,0.374347240257,0.132717579616,0.507064819874,0.132717579616,0.0538709459774,0.0117371047461,0.301544742847,0.313431054743,0.569588574933
 07/21  16:00:00,1.42420594322,0.646793981077,0.0,0.0,0.470004471976,0.153186790404,0.623191262379,0.153186790404,0.057237873309,0.0124706724268,0.343460130304,0.3707340048,0.621258670409
 07/21  17:00:00,1.62071762961,0.762067413266,0.0,0.0,0.489646984547,0.161243495232,0.650890479779,0.161243495232,0.0673386720226,0.0146713809326,0.420322530775,0.450382566105,0.73104609179
 07/21  18:00:00,1.67647447475,0.867108888628,0.0,0.0,0.468335381939,0.157677471742,0.626012853681,0.157677471742,0.107741891955,0.0234742131348,0.383153984987,0.488979530988,0.833429096452
 07/21  19:00:00,1.65122367382,0.885537977543,0.0,0.0,0.419663699567,0.144310684156,0.563974383723,0.144310684156,0.205382926681,0.044747706836,0.315283626754,0.504723029822,0.850773809161
 07/21  20:00:00,1.75816074336,0.826095548747,0.0,0.0,0.359458764493,0.126328649367,0.48578741386,0.126328649367,0.370362675226,0.0806925905763,0.282131328171,0.522074735527,0.790136234545
 07/21  21:00:00,1.88710597024,0.751357890508,0.0,0.0,0.326252427827,0.11465367067,0.440906098497,0.11465367067,0.535342423771,0.116637474316,0.267221753354,0.5098862203,0.716238093369
 07/21  22:00:00,1.54357029133,0.630034897288,0.0,0.0,0.238016449872,0.0852198011881,0.32323625106,0.0852198011881,0.447802162681,0.097564681836,0.216614016064,0.441241179685,0.599643213609
 07/21  23:00:00,1.1213272789,0.500083981517,0.0,0.0,0.144381356242,0.0521110464263,0.196492402668,0.0521110464263,0.309757866226,0.0674883468263,0.147046288352,0.383430374827,0.473674173908
 07/21  24:00:00,0.707017321036,0.361329011471,0.0,0.0,0.0571329605088,0.0208120320716,0.0779449925803,0.0208120320716,0.161612796136,0.0352113105958,0.0979808984401,0.317155323284,0.339484077893
 07/22  01:00:00,0.515547369194,0.304364211765,0.0,0.0,0.0,0.0,0.0,0.0,0.097641118319,0.0212734937012,0.0875042465431,0.29201651063,0.284250782129
 07/22  02:00:00,0.457980542406,0.28609275185,0.0,0.0,0.0,0.0,0.0,0.0,0.0639717363317,0.0139378114307,0.0743281826877,0.288630811956,0.266212521398
 07/22  03:00:00,0.445182403315,0.290959979947,0.0,0.0,0.0,0.0,0.0,0.0,0.0639717363317,0.0139378114307,0.0655928820049,0.284567973547,0.271359588516
 07/22  04:00:00,0.445111917501,0.343825513869,0.0,0.0,0.0,0.0,0.0,0.0,0.0639717363317,0.0139378114307,0.0762719894816,0.273818380258,0.324965529848
 07/22  05:00:00,0.494238409794,0.577822199107,0.0,0.0,0.0,0.0,0.0,0.0,0.0673386720226,0.0146713809326,0.0895570515125,0.305559305326,0.556775972734
 07/22  06:00:00,0.631427089086,1.01558125904,0.0,0.0,0.0,0.0,0.0,0.0,0.0942741659095,0.0205399387695,0.146457255179,0.353043729228,0.991264414114
 07/22  07:00:00,0.82633048427,1.13923055018,0.0,0.0,0.0,0.0,0.0,0.0,0.15487897491,0.0337441825195,0.230459913765,0.375135413076,1.11339208057
 07/22  08:00:00,0.780125002531,1.10889991909,0.0,0.0,0.0,0.0,0.0,0.0,0.11784266559,0.0256749143555,0.3023400993,0.317155323284,1.08705498551
 07/22  09:00:00,0.740831950465,1.01027118813,0.0,0.0,0.0,0.0,0.0,0.0,0.0639717363317,0.0139378114307,0.37588557592,0.269924826782,0.991679383169
 07/22  10:00:00,0.756678534509,0.895501491632,0.0,0.0,0.0,0.0,0.0,0.0,0.0538709459774,0.0117371047461,0.39768547199,0.276273011796,0.876472438203
 07/22  11:00:00,0.803120698457,0.791836862647,0.0,0.0,0.0231232878859,0.0073618544595,0.0304851423454,0.0073618544595,0.0538709459774,0.0117371047461,0.413557851125,0.276357654263,0.772801979238
 07/22  12:00:00,0.89229600096,0.712384585233,0.0,0.0,0.105840079309,0.0336959453459,0.139536024654,0.0336959453459,0.0538709459774,0.0117371047461,0.398337606996,0.271702318586,0.693670350702
 07/22  13:00:00,1.0330859127,0.664545335914,0.0,0.0,0.233009891462,0.0732251356037,0.306235027066,0.0732251356037,0.0538709459774,0.0117371047461,0.363033202508,0.281097632407,0.645183973648
 07/22  14:00:00,1.11417574843,0.619403229257,0.0,0.0,0.305895631493,0.0948773744096,0.400773005903,0.0948773744096,0.0538709459774,0.0117371047461,0.333756918092,0.296925773707,0.598951660804
 07/22  15:00:00,1.24866227512,0.626052583592,0.0,0.0,0.393281193977,0.120626259971,0.513907453948,0.120626259971,0.0538709459774,0.0117371047461,0.338603715702,0.313431054743,0.604464169116
 07/22  16:00:00,1.47875778028,0.689657308735,0.0,0.0,0.492725011867,0.149100168328,0.641825180195,0.149100168328,0.057237873309,0.0124706724268,0.379378049552,0.3707340048,0.664121998067
 07/22  17:00:00,1.75000002886,0.815102782845,0.0,0.0,0.564942088168,0.179878860645,0.744820948814,0.179878860645,0.0673386720226,0.0146713809326,0.45567446099,0.450382566105,0.784081461369
 07/22  18:00:00,1.77274589969,0.936734343927,0.0,0.0,0.520469869527,0.167504093555,0.687973963082,0.167504093555,0.107741891955,0.0234742131348,0.417464300526,0.488979530988,0.903054551752
 07/22  19:00:00,1.75868606406,0.963573688799,0.0,0.0,0.479335203101,0.157856816669,0.63719201977,0.157856816669,0.205382926681,0.044747706836,0.349528380947,0.504723029822,0.928809520416
 07/22  20:00:00,1.86270182241,0.900437665052,0.0,0.0,0.414330969377,0.141142153209,0.555473122586,0.141142153209,0.370362675226,0.0806925905763,0.316986698499,0.522074735527,0.864478350851
 07/22  21:00:00,2.0057264823,0.813545412478,0.0,0.0,0.390794977087,0.133124775999,0.523919753086,0.133124775999,0.535342423771,0.116637474316,0.302828610822,0.5098862203,0.77842561534
 07/22  22:00:00,1.67466548017,0.678843370896,0.0,0.0,0.317017774132,0.109020453845,0.426038227977,0.109020453845,0.447802162681,0.097564681836,0.244907227988,0.441241179685,0.648451687217
 07/22  23:00:00,1.26129308432,0.530299507705,0.0,0.0,0.238800997151,0.0821223656055,0.320923362756,0.0821223656055,0.309757866226,0.0674883468263,0.162581133687,0.383430374827,0.503889700096
 07/22  24:00:00,0.848522116012,0.372295692745,0.0,0.0,0.158402972314,0.0544731321649,0.212876104479,0.0544731321649,0.161612796136,0.0352113105958,0.104554581517,0.317155323284,0.350450759167
 07/23  01:00:00,0.669996353395,0.303711492803,0.0,0.0,0.115205262876,0.0392437213258,0.154448984202,0.0392437213258,0.097641118319,0.0212734937012,0.0875042465431,0.29201651063,0.283598063167
 07/23  02:00:00,0.553963756951,0.285278383497,0.0,0.0,0.071421607315,0.0245616072299,0.0959832145449,0.0245616072299,0.0639717363317,0.0139378114307,0.0743281826877,0.288630811956,0.265398153045
 07/23  03:00:00,0.498699957225,0.289978527267,0.0,0.0,0.0398226821569,0.0136948717538,0.0535175539107,0.0136948717538,0.0639717363317,0.0139378114307,0.0655928820049,0.284567973547,0.270378135837
 07/23  04:00:00,0.450883186723,0.342621676641,0.0,0.0,0.00428227158936,0.00148899763204,0.00577126922139,0.00148899763204,0.0639717363317,0.0139378114307,0.0762719894816,0.273818380258,0.32376169262
 07/23  05:00:00,0.497492448975,0.576193052421,0.0,0.0,0.00242137886446,0.000832660317087,0.00325403918155,0.000832660317087,0.0673386720226,0.0146713809326,0.0895570515125,0.305559305326,0.555146826049
 07/23  06:00:00,0.705658550505,1.01290962424,0.0,0.0,0.0553682687573,0.018863192662,0.0742314614192,0.018863192662,0.0942741659095,0.0205399387695,0.146457255179,0.353043729228,0.988592779312
 07/23  07:00:00,0.934785589394,1.13623094335,0.0,0.0,0.0811305569256,0.0273245481985,0.108455105124,0.0273245481985,0.15487897491,0.0337441825195,0.230459913765,0.375135413076,1.11039247375
 07/23  08:00:00,0.929302898578,1.10588548336,0.0,0.0,0.112210212925,0.0369676831226,0.149177896047,0.0369676831226,0.11784266559,0.0256749143555,0.3023400993,0.317155323284,1.08404054978
 07/23  09:00:00,0.955263816903,1.00773669353,0.0,0.0,0.161702510513,0.0527293559258,0.214431866439,0.0527293559258,0.0639717363317,0.0139378114307,0.37588557592,0.269924826782,0.989144888575
 07/23  10:00:00,1.26852509308,0.893432757983,0.0,0.0,0.391666329029,0.120180229538,0.511846558567,0.120180229538,0.0538709459774,0.0117371047461,0.39768547199,0.276273011796,0.874403704553
 07/23  11:00:00,1.26045176018,0.790443669763,0.0,0.0,0.373277916325,0.114538287742,0.487816204068,0.114538287742,0.0538709459774,0.0117371047461,0.413557851125,0.276357654263,0.771408786354
 07/23  12:00:00,1.40600440798,0.71094933352,0.0,0.0,0.504360675389,0.148883756288,0.653244431677,0.148883756288,0.0538709459774,0.0117371047461,0.398337606996,0.271702318586,0.692235098989
 07/23  13:00:00,1.52360430707,0.663053033578,0.0,0.0,0.61871278907,0.178040632365,0.796753421435,0.178040632365,0.0538709459774,0.0117371047461,0.363033202508,0.281097632407,0.643691671311
 07/23  14:00:00,1.63657022055,0.618119323635,0.0,0.0,0.716881691254,0.206285786768,0.923167478022,0.206285786768,0.0538709459774,0.0117371047461,0.333756918092,0.296925773707,0.597667755182
 07/23  15:00:00,1.22233403407,0.626185225689,0.0,0.0,0.356644884538,0.130934328368,0.487579212905,0.130934328368,0.0538709459774,0.0117371047461,0.338603715702,0.313431054743,0.604596811213
 07/23  16:00:00,1.27227011623,0.690337004061,0.0,0.0,0.318435535986,0.116901980159,0.435337516145,0.116901980159,0.057237873309,0.0124706724268,0.379378049552,0.3707340048,0.664801693393
 07/23  17:00:00,1.36157571912,0.815055329277,0.0,0.0,0.2606951601,0.0957014789664,0.356396639066,0.0957014789664,0.0673386720226,0.0146713809326,0.45567446099,0.450382566105,0.7840340078
 07/23  18:00:00,1.46568931211,0.936126295915,0.0,0.0,0.279168365357,0.101749010149,0.380917375506,0.101749010149,0.107741891955,0.0234742131348,0.417464300526,0.488979530988,0.902446503739
 07/23  19:00:00,1.45084720587,0.962700083445,0.0,0.0,0.24137607522,0.0879770863605,0.329353161581,0.0879770863605,0.205382926681,0.044747706836,0.349528380947,0.504723029822,0.927935915063
 07/23  20:00:00,1.58489082954,0.899439640854,0.0,0.0,0.203490168537,0.0741719611722,0.277662129709,0.0741719611722,0.370362675226,0.0806925905763,0.316986698499,0.522074735527,0.863480326652
 07/23  21:00:00,1.72258208781,0.812703597049,0.0,0.0,0.176453903103,0.0643214554935,0.240775358597,0.0643214554935,0.535342423771,0.116637474316,0.302828610822,0.5098862203,0.777583799911
 07/23  22:00:00,1.41739200217,0.678190701984,0.0,0.0,0.123680758557,0.045083991423,0.16876474998,0.045083991423,0.447802162681,0.097564681836,0.244907227988,0.441241179685,0.647799018305
 07/23  23:00:00,1.01499265947,0.529970276751,0.0,0.0,0.0545828608617,0.020040077046,0.0746229379076,0.020040077046,0.309757866226,0.0674883468263,0.162581133687,0.383430374827,0.503560469142
 07/23  24:00:00,0.635646011533,0.372261784952,0.0,0.0,0.0,0.0,0.0,0.0,0.161612796136,0.0352113105958,0.104554581517,0.317155323284,0.350416851373
 07/24  01:00:00,0.511600345118,0.297698177415,0.0,0.0,0.0,0.0,0.0,0.0,0.097641118319,0.0212734937012,0.0835572224677,0.29201651063,0.277584747779
 07/24  02:00:00,0.455369303979,0.281180240141,0.0,0.0,0.0,0.0,0.0,0.0,0.0639717363317,0.0139378114307,0.0717169442605,0.288630811956,0.261300009689
 07/24  03:00:00,0.443816999143,0.285792886172,0.0,0.0,0.0,0.0,0.0,0.0,0.0639717363317,0.0139378114307,0.0642274778329,0.284567973547,0.266192494741
 07/24  04:00:00,0.442440761886,0.333690544172,0.0,0.0,0.0,0.0,0.0,0.0,0.0639717363317,0.0139378114307,0.0736008338661,0.273818380258,0.314830560151
 07/24  05:00:00,0.490141717194,0.54832347851,0.0,0.0,0.0,0.0,0.0,0.0,0.0673386720226,0.0146713809326,0.0854603589124,0.305559305326,0.527277252138
 07/24  06:00:00,0.620801576869,0.947878681047,0.0,0.0,0.0,0.0,0.0,0.0,0.0942741659095,0.0205399387695,0.135831742961,0.353043729228,0.923561836116
 07/24  07:00:00,0.80516912235,1.05706849882,0.0,0.0,0.0,0.0,0.0,0.0,0.15487897491,0.0337441825195,0.209298551845,0.375135413076,1.03123002922
 07/24  08:00:00,0.747687701638,1.02336775154,0.0,0.0,0.0,0.0,0.0,0.0,0.11784266559,0.0256749143555,0.269902798408,0.317155323284,1.00152281796
 07/24  09:00:00,0.695800891999,0.932044634246,0.0,0.0,0.0,0.0,0.0,0.0,0.0639717363317,0.0139378114307,0.330854517454,0.269924826782,0.913452829286
 07/24  10:00:00,0.70576230522,0.828916080872,0.0,0.0,0.0,0.0,0.0,0.0,0.0538709459774,0.0117371047461,0.3467692427,0.276273011796,0.809887027442
 07/24  11:00:00,0.720146796592,0.736665863866,0.0,0.0,0.0,0.0,0.0,0.0,0.0538709459774,0.0117371047461,0.361069091606,0.276357654263,0.717630980457
 07/24  12:00:00,0.704949470215,0.664403500655,0.0,0.0,0.0,0.0,0.0,0.0,0.0538709459774,0.0117371047461,0.350527100905,0.271702318586,0.645689266124
 07/24  13:00:00,0.706306458996,0.62278470653,0.0,0.0,0.0172372517676,0.00580635410449,0.0230436058721,0.00580635410449,0.0538709459774,0.0117371047461,0.319445169994,0.281097632407,0.603423344263
 07/24  14:00:00,0.823205079506,0.581633078523,0.0,0.0,0.1116851883,0.037242720858,0.148927909158,0.037242720858,0.0538709459774,0.0117371047461,0.294631345917,0.296925773707,0.56118151007
 07/24  15:00:00,0.995548305963,0.588368049339,0.0,0.0,0.224055160886,0.0737972967628,0.297852457649,0.0737972967628,0.0538709459774,0.0117371047461,0.301544742847,0.313431054743,0.566779634863
 07/24  16:00:00,1.23942970101,0.643388349866,0.0,0.0,0.330647309308,0.107767710867,0.438415020174,0.107767710867,0.057237873309,0.0124706724268,0.343460130304,0.3707340048,0.617853039198
 07/24  17:00:00,1.57945507064,0.758846540973,0.0,0.0,0.459779164945,0.149848755862,0.609627920807,0.149848755862,0.0673386720226,0.0146713809326,0.420322530775,0.450382566105,0.727825219497
 07/24  18:00:00,1.65884954818,0.863697814544,0.0,0.0,0.458853669561,0.149534257558,0.608387927119,0.149534257558,0.107741891955,0.0234742131348,0.383153984987,0.488979530988,0.830018022368
 07/24  19:00:00,1.67008256033,0.881973540614,0.0,0.0,0.437134159935,0.145699110303,0.582833270238,0.145699110303,0.205382926681,0.044747706836,0.315283626754,0.504723029822,0.847209372232
 07/24  20:00:00,1.69059380325,0.823155467678,0.0,0.0,0.308779485265,0.109440988481,0.418220473746,0.109440988481,0.370362675226,0.0806925905763,0.282131328171,0.522074735527,0.787196153476
 07/24  21:00:00,1.69256932096,0.749019657854,0.0,0.0,0.180594698866,0.0657747503517,0.246369449218,0.0657747503517,0.535342423771,0.116637474316,0.267221753354,0.5098862203,0.713899860716
 07/24  22:00:00,1.29460060094,0.628056158325,0.0,0.0,0.0543300552738,0.0199365053959,0.0742665606697,0.0199365053959,0.447802162681,0.097564681836,0.216614016064,0.441241179685,0.597664474646
 07/24  23:00:00,0.9274077244,0.498453298857,0.0,0.0,0.00189043049317,0.000682417675061,0.00257284816823,0.000682417675061,0.309757866226,0.0674883468263,0.147046288352,0.383430374827,0.472043491248
 07/24  24:00:00,0.629072328456,0.360541440239,0.0,0.0,0.0,0.0,0.0,0.0,0.161612796136,0.0352113105958,0.0979808984401,0.317155323284,0.338696506661
 07/25  01:00:00,0.511600345118,0.298014857491,0.0,0.0,0.0,0.0,0.0,0.0,0.097641118319,0.0212734937012,0.0835572224677,0.29201651063,0.277901427855
 07/25  02:00:00,0.455369303979,0.281605054135,0.0,0.0,0.0,0.0,0.0,0.0,0.0639717363317,0.0139378114307,0.0717169442605,0.288630811956,0.261724823683
 07/25  03:00:00,0.443816999143,0.286076589132,0.0,0.0,0.0,0.0,0.0,0.0,0.0639717363317,0.0139378114307,0.0642274778329,0.284567973547,0.266476197701
 07/25  04:00:00,0.442440761886,0.333481914174,0.0,0.0,0.0,0.0,0.0,0.0,0.0639717363317,0.0139378114307,0.0736008338661,0.273818380258,0.314621930153
 07/25  05:00:00,0.490141717194,0.547728622937,0.0,0.0,0.0,0.0,0.0,0.0,0.0673386720226,0.0146713809326,0.0854603589124,0.305559305326,0.526682396564
 07/25  06:00:00,0.620801576869,0.946420874625,0.0,0.0,0.0,0.0,0.0,0.0,0.0942741659095,0.0205399387695,0.135831742961,0.353043729228,0.922104029695
 07/25  07:00:00,0.80516912235,1.05560146892,0.0,0.0,0.0,0.0,0.0,0.0,0.15487897491,0.0337441825195,0.209298551845,0.375135413076,1.02976299932
 07/25  08:00:00,0.747687701638,1.02193373428,0.0,0.0,0.0,0.0,0.0,0.0,0.11784266559,0.0256749143555,0.269902798408,0.317155323284,1.0000888007
 07/25  09:00:00,0.695800891999,0.930899807819,0.0,0.0,0.0,0.0,0.0,0.0,0.0639717363317,0.0139378114307,0.330854517454,0.269924826782,0.91230800286
 07/25  10:00:00,0.70576230522,0.82787887281,0.0,0.0,0.0,0.0,0.0,0.0,0.0538709459774,0.0117371047461,0.3467692427,0.276273011796,0.808849819381
 07/25  11:00:00,0.720146796592,0.73599543958,0.0,0.0,0.0,0.0,0.0,0.0,0.0538709459774,0.0117371047461,0.361069091606,0.276357654263,0.716960556171
 07/25  12:00:00,0.704949470215,0.663911199437,0.0,0.0,0.0,0.0,0.0,0.0,0.0538709459774,0.0117371047461,0.350527100905,0.271702318586,0.645196964906
 07/25  13:00:00,0.683262853124,0.622341098474,0.0,0.0,0.0,0.0,0.0,0.0,0.0538709459774,0.0117371047461,0.319445169994,0.281097632407,0.602979736207
 07/25  14:00:00,0.699530962969,0.581045801095,0.0,0.0,0.0190466128221,0.00620717979885,0.025253792621,0.00620717979885,0.0538709459774,0.0117371047461,0.294631345917,0.296925773707,0.560594232642
 07/25  15:00:00,0.848838611957,0.587754295499,0.0,0.0,0.113704247225,0.0374385164184,0.151142763643,0.0374385164184,0.0538709459774,0.0117371047461,0.301544742847,0.313431054743,0.566165881023
 07/25  16:00:00,1.05733025174,0.642791291035,0.0,0.0,0.192825815983,0.0634897549172,0.256315570901,0.0634897549172,0.057237873309,0.0124706724268,0.343460130304,0.3707340048,0.617255980367
 07/25  17:00:00,1.36693881385,0.758222192306,0.0,0.0,0.297839328041,0.099272335969,0.39711166401,0.099272335969,0.0673386720226,0.0146713809326,0.420322530775,0.450382566105,0.72720087083
 07/25  18:00:00,1.4769451754,0.862941907948,0.0,0.0,0.319071690436,0.107411863901,0.426483554337,0.107411863901,0.107741891955,0.0234742131348,0.383153984987,0.488979530988,0.829262115772
 07/25  19:00:00,1.49004625908,0.881278385193,0.0,0.0,0.299738177474,0.103058791517,0.402796968991,0.103058791517,0.205382926681,0.044747706836,0.315283626754,0.504723029822,0.846514216811
 07/25  20:00:00,1.6311154738,0.822259390356,0.0,0.0,0.26546049264,0.0932816516555,0.358742144295,0.0932816516555,0.370362675226,0.0806925905763,0.282131328171,0.522074735527,0.786300076155
 07/25  21:00:00,1.7740243562,0.748073823471,0.0,0.0,0.242037011844,0.0857874726143,0.327824484459,0.0857874726143,0.535342423771,0.116637474316,0.267221753354,0.5098862203,0.712954026333
 07/25  22:00:00,1.46201801037,0.627488179112,0.0,0.0,0.177971396622,0.0637125734795,0.241683970101,0.0637125734795,0.447802162681,0.097564681836,0.216614016064,0.441241179685,0.597096495433
 07/25  23:00:00,1.07547108078,0.498360467759,0.0,0.0,0.110925746099,0.0397104584502,0.150636204549,0.0397104584502,0.309757866226,0.0674883468263,0.147046288352,0.383430374827,0.47195066015
 07/25  24:00:00,0.679488582077,0.360435942565,0.0,0.0,0.0370473934361,0.0133688601853,0.0504162536214,0.0133688601853,0.161612796136,0.0352113105958,0.0979808984401,0.317155323284,0.338591008987
 07/26  01:00:00,0.511600345118,0.297798594584,0.0,0.0,0.0,0.0,0.0,0.0,0.097641118319,0.0212734937012,0.0835572224677,0.29201651063,0.277685164948
 07/26  02:00:00,0.455369303979,0.281233311298,0.0,0.0,0.0,0.0,0.0,0.0,0.0639717363317,0.0139378114307,0.0717169442605,0.288630811956,0.261353080846
 07/26  03:00:00,0.443816999143,0.285701802505,0.0,0.0,0.0,0.0,0.0,0.0,0.0639717363317,0.0139378114307,0.0642274778329,0.284567973547,0.266101411074
 07/26  04:00:00,0.442440761886,0.333110767441,0.0,0.0,0.0,0.0,0.0,0.0,0.0639717363317,0.0139378114307,0.0736008338661,0.273818380258,0.314250783421
 07/26  05:00:00,0.490141717194,0.546947704533,0.0,0.0,0.0,0.0,0.0,0.0,0.0673386720226,0.0146713809326,0.0854603589124,0.305559305326,0.525901478161
 07/26  06:00:00,0.620801576869,0.945031583837,0.0,0.0,0.0,0.0,0.0,0.0,0.0942741659095,0.0205399387695,0.135831742961,0.353043729228,0.920714738906
 07/26  07:00:00,0.80516912235,1.05392064688,0.0,0.0,0.0,0.0,0.0,0.0,0.15487897491,0.0337441825195,0.209298551845,0.375135413076,1.02808217728
 07/26  08:00:00,0.747687701638,1.0205893373,0.0,0.0,0.0,0.0,0.0,0.0,0.11784266559,0.0256749143555,0.269902798408,0.317155323284,0.998744403724
 07/26  09:00:00,0.695800891999,0.929965698438,0.0,0.0,0.0,0.0,0.0,0.0,0.0639717363317,0.0139378114307,0.330854517454,0.269924826782,0.911373893479
 07/26  10:00:00,0.70576230522,0.827420489845,0.0,0.0,0.0,0.0,0.0,0.0,0.0538709459774,0.0117371047461,0.3467692427,0.276273011796,0.808391436415
 07/26  11:00:00,0.720146796592,0.735959104909,0.0,0.0,0.0,0.0,0.0,0.0,0.0538709459774,0.0117371047461,0.361069091606,0.276357654263,0.7169242215
 07/26  12:00:00,0.704949470215,0.664400923883,0.0,0.0,0.0,0.0,0.0,0.0,0.0538709459774,0.0117371047461,0.350527100905,0.271702318586,0.645686689352
 07/26  13:00:00,0.683262853124,0.623325078734,0.0,0.0,0.0,0.0,0.0,0.0,0.0538709459774,0.0117371047461,0.319445169994,0.281097632407,0.603963716468
 07/26  14:00:00,0.674277170348,0.582587430174,0.0,0.0,0.0,0.0,0.0,0.0,0.0538709459774,0.0117371047461,0.294631345917,0.296925773707,0.562135861721
 07/26  15:00:00,0.697695848314,0.58940491862,0.0,0.0,0.0,0.0,0.0,0.0,0.0538709459774,0.0117371047461,0.301544742847,0.313431054743,0.567816504145
 07/26  16:00:00,0.80101468084,0.644274498683,0.0,0.0,0.0,0.0,0.0,0.0,0.057237873309,0.0124706724268,0.343460130304,0.3707340048,0.618739188015
 07/26  17:00:00,0.969827149836,0.759251146091,0.0,0.0,0.0,0.0,0.0,0.0,0.0673386720226,0.0146713809326,0.420322530775,0.450382566105,0.728229824615
 07/26  18:00:00,1.05046162106,0.863459726287,0.0,0.0,0.0,0.0,0.0,0.0,0.107741891955,0.0234742131348,0.383153984987,0.488979530988,0.829779934111
 07/26  19:00:00,1.08724929009,0.881583449863,0.0,0.0,0.0,0.0,0.0,0.0,0.205382926681,0.044747706836,0.315283626754,0.504723029822,0.84681928148
 07/26  20:00:00,1.2723733295,0.822583539375,0.0,0.0,0.0,0.0,0.0,0.0,0.370362675226,0.0806925905763,0.282131328171,0.522074735527,0.786624225174
 07/26  21:00:00,1.44619987174,0.748555541854,0.0,0.0,0.0,0.0,0.0,0.0,0.535342423771,0.116637474316,0.267221753354,0.5098862203,0.713435744716
 07/26  22:00:00,1.22033404027,0.628163047278,0.0,0.0,0.0,0.0,0.0,0.0,0.447802162681,0.097564681836,0.216614016064,0.441241179685,0.5977713636
 07/26  23:00:00,0.924834876231,0.499419111402,0.0,0.0,0.0,0.0,0.0,0.0,0.309757866226,0.0674883468263,0.147046288352,0.383430374827,0.473009303793
 07/26  24:00:00,0.629072328456,0.361867727569,0.0,0.0,0.0,0.0,0.0,0.0,0.161612796136,0.0352113105958,0.0979808984401,0.317155323284,0.340022793991
 07/27  01:00:00,0.511600345118,0.299547187331,0.0,0.0,0.0,0.0,0.0,0.0,0.097641118319,0.0212734937012,0.0835572224677,0.29201651063,0.279433757695
 07/27  02:00:00,0.455369303979,0.283175918937,0.0,0.0,0.0,0.0,0.0,0.0,0.0639717363317,0.0139378114307,0.0717169442605,0.288630811956,0.263295688485
 07/27  03:00:00,0.443816999143,0.287819675048,0.0,0.0,0.0,0.0,0.0,0.0,0.0639717363317,0.0139378114307,0.0642274778329,0.284567973547,0.268219283617
 07/27  04:00:00,0.442440761886,0.335207130137,0.0,0.0,0.0,0.0,0.0,0.0,0.0639717363317,0.0139378114307,0.0736008338661,0.273818380258,0.316347146116
 07/27  05:00:00,0.490141717194,0.548761691951,0.0,0.0,0.0,0.0,0.0,0.0,0.0673386720226,0.0146713809326,0.0854603589124,0.305559305326,0.527715465578
 07/27  06:00:00,0.620801576869,0.946266984584,0.0,0.0,0.0,0.0,0.0,0.0,0.0942741659095,0.0205399387695,0.135831742961,0.353043729228,0.921950139653
 07/27  07:00:00,0.80516912235,1.0550704927,0.0,0.0,0.0,0.0,0.0,0.0,0.15487897491,0.0337441825195,0.209298551845,0.375135413076,1.02923202309
 07/27  08:00:00,0.747687701638,1.02160829061,0.0,0.0,0.0,0.0,0.0,0.0,0.11784266559,0.0256749143555,0.269902798408,0.317155323284,0.999763357035
 07/27  09:00:00,0.695800891999,0.930718392054,0.0,0.0,0.0,0.0,0.0,0.0,0.0639717363317,0.0139378114307,0.330854517454,0.269924826782,0.912126587095
 07/27  10:00:00,0.70576230522,0.827891624262,0.0,0.0,0.0,0.0,0.0,0.0,0.0538709459774,0.0117371047461,0.3467692427,0.276273011796,0.808862570833
 07/27  11:00:00,0.720146796592,0.736258096332,0.0,0.0,0.0,0.0,0.0,0.0,0.0538709459774,0.0117371047461,0.361069091606,0.276357654263,0.717223212923
 07/27  12:00:00,0.704949470215,0.664529642208,0.0,0.0,0.0,0.0,0.0,0.0,0.0538709459774,0.0117371047461,0.350527100905,0.271702318586,0.645815407677
 07/27  13:00:00,0.683262853124,0.623051196512,0.0,0.0,0.0,0.0,0.0,0.0,0.0538709459774,0.0117371047461,0.319445169994,0.281097632407,0.603689834245
 07/27  14:00:00,0.674277170348,0.581775810637,0.0,0.0,0.0,0.0,0.0,0.0,0.0538709459774,0.0117371047461,0.294631345917,0.296925773707,0.561324242184
 07/27  15:00:00,0.70487300734,0.588467475534,0.0,0.0,0.00536961263548,0.0018075463904,0.00717715902587,0.0018075463904,0.0538709459774,0.0117371047461,0.301544742847,0.313431054743,0.566879061058
 07/27  16:00:00,0.933113798291,0.642891692845,0.0,0.0,0.0990741671759,0.0330249502755,0.132099117451,0.0330249502755,0.057237873309,0.0124706724268,0.343460130304,0.3707340048,0.617356382176
 07/27  17:00:00,1.2846777361,0.757807406432,0.0,0.0,0.236112824183,0.0787377620856,0.314850586269,0.0787377620856,0.0673386720226,0.0146713809326,0.420322530775,0.450382566105,0.726786084956
 07/27  18:00:00,1.4015349676,0.862173985763,0.0,0.0,0.262622637957,0.0884507085806,0.351073346537,0.0884507085806,0.107741891955,0.0234742131348,0.383153984987,0.488979530988,0.828494193587
 07/27  19:00:00,1.41517975371,0.880545300932,0.0,0.0,0.242635620331,0.0852948432892,0.32793046362,0.0852948432892,0.205382926681,0.044747706836,0.315283626754,0.504723029822,0.845781132549
 07/27  20:00:00,1.52658941104,0.821922125001,0.0,0.0,0.185977063291,0.0682390182516,0.254216081543,0.0682390182516,0.370362675226,0.0806925905763,0.282131328171,0.522074735527,0.785962810799
 07/27  21:00:00,1.62382851302,0.748161386734,0.0,0.0,0.129177881293,0.048450759987,0.17762864128,0.048450759987,0.535342423771,0.116637474316,0.267221753354,0.5098862203,0.713041589596
 07/27  22:00:00,1.26604394521,0.628126125985,0.0,0.0,0.0330847717941,0.0126251331464,0.0457099049405,0.0126251331464,0.447802162681,0.097564681836,0.216614016064,0.441241179685,0.597734442306
 07/27  23:00:00,0.924834876231,0.499480265428,0.0,0.0,0.0,0.0,0.0,0.0,0.309757866226,0.0674883468263,0.147046288352,0.383430374827,0.473070457819
 07/27  24:00:00,0.629072328456,0.362143452861,0.0,0.0,0.0,0.0,0.0,0.0,0.161612796136,0.0352113105958,0.0979808984401,0.317155323284,0.340298519282
 07/28  01:00:00,0.511600345118,0.299982352424,0.0,0.0,0.0,0.0,0.0,0.0,0.097641118319,0.0212734937012,0.0835572224677,0.29201651063,0.279868922788
 07/28  02:00:00,0.455369303979,0.283660029001,0.0,0.0,0.0,0.0,0.0,0.0,0.0639717363317,0.0139378114307,0.0717169442605,0.288630811956,0.263779798549
 07/28  03:00:00,0.443816999143,0.288295460198,0.0,0.0,0.0,0.0,0.0,0.0,0.0639717363317,0.0139378114307,0.0642274778329,0.284567973547,0.268695068768
 07/28  04:00:00,0.442440761886,0.335907307608,0.0,0.0,0.0,0.0,0.0,0.0,0.0639717363317,0.0139378114307,0.0736008338661,0.273818380258,0.317047323587
 07/28  05:00:00,0.49110128946,0.583287237401,0.0,0.0340424784302,0.0,0.000959572266259,0.000959572266259,0.000959572266259,0.0673386720226,0.0146713809326,0.0854603589124,0.305559305326,0.528198532598
 07/28  06:00:00,0.62960363549,1.26294246618,0.0,0.316769797266,0.0,0.00880205862142,0.00880205862142,0.00880205862142,0.0942741659095,0.0205399387695,0.135831742961,0.353043729228,0.921855823987
 07/28  07:00:00,0.808042349812,1.15869557131,0.0,0.104354692339,0.0,0.00287322746222,0.00287322746222,0.00287322746222,0.15487897491,0.0337441825195,0.209298551845,0.375135413076,1.02850240936
 07/28  08:00:00,0.74903341719,1.06978076342,0.0,0.0488759536636,0.0,0.00134571555108,0.00134571555108,0.00134571555108,0.11784266559,0.0256749143555,0.269902798408,0.317155323284,0.999059876179
 07/28  09:00:00,0.695800891999,0.930256282329,0.0,0.0,0.0,0.0,0.0,0.0,0.0639717363317,0.0139378114307,0.330854517454,0.269924826782,0.911664477369
 07/28  10:00:00,0.70576230522,0.827674407775,0.0,0.0,0.0,0.0,0.0,0.0,0.0538709459774,0.0117371047461,0.3467692427,0.276273011796,0.808645354345
 07/28  11:00:00,0.720146796592,0.73600732591,0.0,0.0,0.0,0.0,0.0,0.0,0.0538709459774,0.0117371047461,0.361069091606,0.276357654263,0.716972442501
 07/28  12:00:00,0.704949470215,0.664073445513,0.0,0.0,0.0,0.0,0.0,0.0,0.0538709459774,0.0117371047461,0.350527100905,0.271702318586,0.645359210982
 07/28  13:00:00,0.683262853124,0.622743923284,0.0,0.0,0.0,0.0,0.0,0.0,0.0538709459774,0.0117371047461,0.319445169994,0.281097632407,0.603382561017
 07/28  14:00:00,0.674277170348,0.581697190458,0.0,0.0,0.0,0.0,0.0,0.0,0.0538709459774,0.0117371047461,0.294631345917,0.296925773707,0.561245622005
 07/28  15:00:00,0.720980446166,0.588154562686,0.0,0.0,0.0175614364018,0.00572316145018,0.023284597852,0.00572316145018,0.0538709459774,0.0117371047461,0.301544742847,0.313431054743,0.56656614821
 07/28  16:00:00,0.941829229088,0.642799761083,0.0,0.0,0.10561394353,0.0352006047186,0.140814548248,0.0352006047186,0.057237873309,0.0124706724268,0.343460130304,0.3707340048,0.617264450415
 07/28  17:00:00,1.35077124165,0.757551581829,0.0,0.0,0.286584675833,0.0943594159835,0.380944091816,0.0943594159835,0.0673386720226,0.0146713809326,0.420322530775,0.450382566105,0.726530260353
 07/28  18:00:00,1.42678397694,0.861885603407,0.0,0.0,0.281547137831,0.0947752180433,0.376322355875,0.0947752180433,0.107741891955,0.0234742131348,0.383153984987,0.488979530988,0.828205811231
 07/28  19:00:00,1.4452805865,0.880254498827,0.0,0.0,0.2649335286,0.0930977678077,0.358031296408,0.0930977678077,0.205382926681,0.044747706836,0.315283626754,0.504723029822,0.845490330445
 07/28  20:00:00,1.2723733295,0.821594186876,0.0,0.0,0.0,0.0,0.0,0.0,0.370362675226,0.0806925905763,0.282131328171,0.522074735527,0.785634872674
 07/28  21:00:00,1.44619987174,0.747341371818,0.0,0.0,0.0,0.0,0.0,0.0,0.535342423771,0.116637474316,0.267221753354,0.5098862203,0.71222157468
 07/28  22:00:00,1.22033404027,0.627161485566,0.0,0.0,0.0,0.0,0.0,0.0,0.447802162681,0.097564681836,0.216614016064,0.441241179685,0.596769801888
 07/28  23:00:00,0.924834876231,0.49876814084,0.0,0.0,0.0,0.0,0.0,0.0,0.309757866226,0.0674883468263,0.147046288352,0.383430374827,0.472358333231
 07/28  24:00:00,0.629072328456,0.361707029264,0.0,0.0,0.0,0.0,0.0,0.0,0.161612796136,0.0352113105958,0.0979808984401,0.317155323284,0.339862095685
 07/29  01:00:00,0.515547369194,0.305487489496,0.0,0.0,0.0,0.0,0.0,0.0,0.097641118319,0.0212734937012,0.0875042465431,0.29201651063,0.28537405986
 07/29  02:00:00,0.457980542406,0.287595770843,0.0,0.0,0.0,0.0,0.0,0.0,0.0639717363317,0.0139378114307,0.0743281826877,0.288630811956,0.267715540391
 07/29  03:00:00,0.445182403315,0.292639383046,0.0,0.0,0.0,0.0,0.0,0.0,0.0639717363317,0.0139378114307,0.0655928820049,0.284567973547,0.273038991616
 07/29  04:00:00,0.445111917501,0.345012522505,0.0,0.0,0.0,0.0,0.0,0.0,0.0639717363317,0.0139378114307,0.0762719894816,0.273818380258,0.326152538484
 07/29  05:00:00,0.494238409794,0.576706523159,0.0,0.0,0.0,0.0,0.0,0.0,0.0673386720226,0.0146713809326,0.0895570515125,0.305559305326,0.555660296786
 07/29  06:00:00,0.631427089086,1.00989067824,0.0,0.0,0.0,0.0,0.0,0.0,0.0942741659095,0.0205399387695,0.146457255179,0.353043729228,0.985573833309
 07/29  07:00:00,0.82633048427,1.13214752072,0.0,0.0,0.0,0.0,0.0,0.0,0.15487897491,0.0337441825195,0.230459913765,0.375135413076,1.10630905111
 07/29  08:00:00,0.780125002531,1.10206642461,0.0,0.0,0.0,0.0,0.0,0.0,0.11784266559,0.0256749143555,0.3023400993,0.317155323284,1.08022149103
 07/29  09:00:00,0.740831950465,1.00472798752,0.0,0.0,0.0,0.0,0.0,0.0,0.0639717363317,0.0139378114307,0.37588557592,0.269924826782,0.986136182559
 07/29  10:00:00,0.756678534509,0.891622985806,0.0,0.0,0.0,0.0,0.0,0.0,0.0538709459774,0.0117371047461,0.39768547199,0.276273011796,0.872593932376
 07/29  11:00:00,0.772635556111,0.789112380247,0.0,0.0,0.0,0.0,0.0,0.0,0.0538709459774,0.0117371047461,0.413557851125,0.276357654263,0.770077496838
 07/29  12:00:00,0.752759976306,0.710242484783,0.0,0.0,0.0,0.0,0.0,0.0,0.0538709459774,0.0117371047461,0.398337606996,0.271702318586,0.691528250252
 07/29  13:00:00,0.726850885638,0.662817226282,0.0,0.0,0.0,0.0,0.0,0.0,0.0538709459774,0.0117371047461,0.363033202508,0.281097632407,0.643455864015
 07/29  14:00:00,0.713402742523,0.618262922583,0.0,0.0,0.0,0.0,0.0,0.0,0.0538709459774,0.0117371047461,0.333756918092,0.296925773707,0.59781135413
 07/29  15:00:00,0.734754821169,0.624842901606,0.0,0.0,0.0,0.0,0.0,0.0,0.0538709459774,0.0117371047461,0.338603715702,0.313431054743,0.60325448713
 07/29  16:00:00,0.836932600088,0.687673300947,0.0,0.0,0.0,0.0,0.0,0.0,0.057237873309,0.0124706724268,0.379378049552,0.3707340048,0.662137990279
 07/29  17:00:00,1.00894218665,0.811695953592,0.0,0.0,0.00276411038133,0.000998996213832,0.00376310659516,0.000998996213832,0.0673386720226,0.0146713809326,0.45567446099,0.450382566105,0.780674632115
 07/29  18:00:00,1.18276562073,0.931864561219,0.0,0.0,0.0719881408621,0.0260055432665,0.0979936841286,0.0260055432665,0.107741891955,0.0234742131348,0.417464300526,0.488979530988,0.898184769043
 07/29  19:00:00,1.22691256508,0.958490767018,0.0,0.0,0.0770976627945,0.0283208579951,0.10541852079,0.0283208579951,0.205382926681,0.044747706836,0.349528380947,0.504723029822,0.923726598635
 07/29  20:00:00,1.36379297165,0.89619462352,0.0,0.0,0.0410363937474,0.0155278780784,0.0565642718258,0.0155278780784,0.370362675226,0.0806925905763,0.316986698499,0.522074735527,0.860235309319
 07/29  21:00:00,1.48948735405,0.810442109791,0.0,0.0,0.00555483227166,0.00212579256391,0.00768062483557,0.00212579256391,0.535342423771,0.116637474316,0.302828610822,0.5098862203,0.775322312653
 07/29  22:00:00,1.24862725219,0.677138954152,0.0,0.0,0.0,0.0,0.0,0.0,0.447802162681,0.097564681836,0.244907227988,0.441241179685,0.646747270474
 07/29  23:00:00,0.940369721567,0.5302897468,0.0,0.0,0.0,0.0,0.0,0.0,0.309757866226,0.0674883468263,0.162581133687,0.383430374827,0.503879939191
 07/29  24:00:00,0.635646011533,0.373993110788,0.0,0.0,0.0,0.0,0.0,0.0,0.161612796136,0.0352113105958,0.104554581517,0.317155323284,0.35214817721
 07/30  01:00:00,0.515547369194,0.306323258366,0.0,0.0,0.0,0.0,0.0,0.0,0.097641118319,0.0212734937012,0.0875042465431,0.29201651063,0.28620982873
 07/30  02:00:00,0.457980542406,0.288568267303,0.0,0.0,0.0,0.0,0.0,0.0,0.0639717363317,0.0139378114307,0.0743281826877,0.288630811956,0.268688036852
 07/30  03:00:00,0.445182403315,0.29352450272,0.0,0.0,0.0,0.0,0.0,0.0,0.0639717363317,0.0139378114307,0.0655928820049,0.284567973547,0.273924111289
 07/30  04:00:00,0.445111917501,0.346080426983,0.0,0.0,0.0,0.0,0.0,0.0,0.0639717363317,0.0139378114307,0.0762719894816,0.273818380258,0.327220442962
 07/30  05:00:00,0.494238409794,0.577508504736,0.0,0.0,0.0,0.0,0.0,0.0,0.0673386720226,0.0146713809326,0.0895570515125,0.305559305326,0.556462278364
 07/30  06:00:00,0.632591103898,1.05094654183,0.0,0.0408713562987,0.0,0.00116401481208,0.00116401481208,0.00116401481208,0.0942741659095,0.0205399387695,0.146457255179,0.353043729228,0.9857583406
 07/30  07:00:00,0.82633048427,1.13203255894,0.0,0.0,0.0,0.0,0.0,0.0,0.15487897491,0.0337441825195,0.230459913765,0.375135413076,1.10619408933
 07/30  08:00:00,0.780475030467,1.1143156299,0.0,0.0124058300877,0.0,0.000350027935941,0.000350027935941,0.000350027935941,0.11784266559,0.0256749143555,0.3023400993,0.317155323284,1.08006486623
 07/30  09:00:00,0.741256888496,1.01972046082,0.0,0.0150845115101,0.0,0.000424938031825,0.000424938031825,0.000424938031825,0.0639717363317,0.0139378114307,0.37588557592,0.269924826782,0.986044144356
 07/30  10:00:00,0.756678534509,0.891493075084,0.0,0.0,0.0,0.0,0.0,0.0,0.0538709459774,0.0117371047461,0.39768547199,0.276273011796,0.872464021654
 07/30  11:00:00,0.772635556111,0.789030930616,0.0,0.0,0.0,0.0,0.0,0.0,0.0538709459774,0.0117371047461,0.413557851125,0.276357654263,0.769996047207
 07/30  12:00:00,0.752759976306,0.710259735113,0.0,0.0,0.0,0.0,0.0,0.0,0.0538709459774,0.0117371047461,0.398337606996,0.271702318586,0.691545500583
 07/30  13:00:00,0.726850885638,0.662984203817,0.0,0.0,0.0,0.0,0.0,0.0,0.0538709459774,0.0117371047461,0.363033202508,0.281097632407,0.64362284155
 07/30  14:00:00,0.713402742523,0.61844037587,0.0,0.0,0.0,0.0,0.0,0.0,0.0538709459774,0.0117371047461,0.333756918092,0.296925773707,0.597988807417
 07/30  15:00:00,0.734754821169,0.625039190903,0.0,0.0,0.0,0.0,0.0,0.0,0.0538709459774,0.0117371047461,0.338603715702,0.313431054743,0.603450776427
 07/30  16:00:00,0.836932600088,0.687938323922,0.0,0.0,0.0,0.0,0.0,0.0,0.057237873309,0.0124706724268,0.379378049552,0.3707340048,0.662403013254
 07/30  17:00:00,1.00517908005,0.811531356,0.0,0.0,0.0,0.0,0.0,0.0,0.0673386720226,0.0146713809326,0.45567446099,0.450382566105,0.780510034524
 07/30  18:00:00,1.0847719366,0.93163836787,0.0,0.0,0.0,0.0,0.0,0.0,0.107741891955,0.0234742131348,0.417464300526,0.488979530988,0.897958575694
 07/30  19:00:00,1.12149404429,0.958102331906,0.0,0.0,0.0,0.0,0.0,0.0,0.205382926681,0.044747706836,0.349528380947,0.504723029822,0.923338163523
 07/30  20:00:00,1.31228461169,0.89553559275,0.0,0.0,0.00369674333485,0.00135916852901,0.00505591186386,0.00135916852901,0.370362675226,0.0806925905763,0.316986698499,0.522074735527,0.859576278549
 07/30  21:00:00,1.48642609214,0.809684060932,0.0,0.0,0.00336996144867,0.00124940148291,0.00461936293158,0.00124940148291,0.535342423771,0.116637474316,0.302828610822,0.5098862203,0.774564263794
 07/30  22:00:00,1.24862725219,0.676480590905,0.0,0.0,0.0,0.0,0.0,0.0,0.447802162681,0.097564681836,0.244907227988,0.441241179685,0.646088907226
 07/30  23:00:00,0.940369721567,0.52972402578,0.0,0.0,0.0,0.0,0.0,0.0,0.309757866226,0.0674883468263,0.162581133687,0.383430374827,0.503314218171
 07/30  24:00:00,0.635646011533,0.373515484403,0.0,0.0,0.0,0.0,0.0,0.0,0.161612796136,0.0352113105958,0.104554581517,0.317155323284,0.351670550824
 07/31  01:00:00,0.511600345118,0.299857438862,0.0,0.0,0.0,0.0,0.0,0.0,0.097641118319,0.0212734937012,0.0835572224677,0.29201651063,0.279744009226
 07/31  02:00:00,0.455369303979,0.283547959763,0.0,0.0,0.0,0.0,0.0,0.0,0.0639717363317,0.0139378114307,0.0717169442605,0.288630811956,0.263667729311
 07/31  03:00:00,0.443816999143,0.287992435478,0.0,0.0,0.0,0.0,0.0,0.0,0.0639717363317,0.0139378114307,0.0642274778329,0.284567973547,0.268392044047
 07/31  04:00:00,0.442440761886,0.335093855303,0.0,0.0,0.0,0.0,0.0,0.0,0.0639717363317,0.0139378114307,0.0736008338661,0.273818380258,0.316233871282
 07/31  05:00:00,0.490141717194,0.547591360206,0.0,0.0,0.0,0.0,0.0,0.0,0.0673386720226,0.0146713809326,0.0854603589124,0.305559305326,0.526545133833
 07/31  06:00:00,0.620801576869,0.943030732503,0.0,0.0,0.0,0.0,0.0,0.0,0.0942741659095,0.0205399387695,0.135831742961,0.353043729228,0.918713887572
 07/31  07:00:00,0.80516912235,1.05138659199,0.0,0.0,0.0,0.0,0.0,0.0,0.15487897491,0.0337441825195,0.209298551845,0.375135413076,1.02554812239
 07/31  08:00:00,0.747687701638,1.01804594369,0.0,0.0,0.0,0.0,0.0,0.0,0.11784266559,0.0256749143555,0.269902798408,0.317155323284,0.996201010113
 07/31  09:00:00,0.695800891999,0.927339648661,0.0,0.0,0.0,0.0,0.0,0.0,0.0639717363317,0.0139378114307,0.330854517454,0.269924826782,0.908747843702
 07/31  10:00:00,0.70576230522,0.82517823355,0.0,0.0,0.0,0.0,0.0,0.0,0.0538709459774,0.0117371047461,0.3467692427,0.276273011796,0.80614918012
 07/31  11:00:00,0.720146796592,0.733913743567,0.0,0.0,0.0,0.0,0.0,0.0,0.0538709459774,0.0117371047461,0.361069091606,0.276357654263,0.714878860158
 07/31  12:00:00,0.704949470215,0.662483559768,0.0,0.0,0.0,0.0,0.0,0.0,0.0538709459774,0.0117371047461,0.350527100905,0.271702318586,0.643769325237
 07/31  13:00:00,0.683262853124,0.621283853622,0.0,0.0,0.0,0.0,0.0,0.0,0.0538709459774,0.0117371047461,0.319445169994,0.281097632407,0.601922491356
 07/31  14:00:00,0.737366014227,0.580396412878,0.0,0.0,0.0473105080857,0.0157783357935,0.0630888438792,0.0157783357935,0.0538709459774,0.0117371047461,0.294631345917,0.296925773707,0.559944844425
 07/31  15:00:00,0.920161363892,0.587047838469,0.0,0.0,0.167352267127,0.0551132484507,0.222465515578,0.0551132484507,0.0538709459774,0.0117371047461,0.301544742847,0.313431054743,0.565459423993
 07/31  16:00:00,1.16396462701,0.641543598779,0.0,0.0,0.273739864974,0.0892100811989,0.362949946173,0.0892100811989,0.057237873309,0.0124706724268,0.343460130304,0.3707340048,0.616008288111
 07/31  17:00:00,1.48078755971,0.756089677047,0.0,0.0,0.384385122704,0.126575287175,0.510960409879,0.126575287175,0.0673386720226,0.0146713809326,0.420322530775,0.450382566105,0.725068355571
 07/31  18:00:00,1.56670738845,0.860007189737,0.0,0.0,0.38835447275,0.127891294632,0.516245767382,0.127891294632,0.107741891955,0.0234742131348,0.383153984987,0.488979530988,0.826327397562
 07/31  19:00:00,1.56315262058,0.878205355598,0.0,0.0,0.354974375141,0.120928955342,0.475903330483,0.120928955342,0.205382926681,0.044747706836,0.315283626754,0.504723029822,0.843441187216
 07/31  20:00:00,1.53324956747,0.819818464479,0.0,0.0,0.192071640214,0.0688045977593,0.260876237973,0.0688045977593,0.370362675226,0.0806925905763,0.282131328171,0.522074735527,0.783859150278
 07/31  21:00:00,1.58002085908,0.746102780082,0.0,0.0,0.0980674062168,0.0357535811242,0.133820987341,0.0357535811242,0.535342423771,0.116637474316,0.267221753354,0.5098862203,0.710982982944
 07/31  22:00:00,1.22033404027,0.626286321264,0.0,0.0,0.0,0.0,0.0,0.0,0.447802162681,0.097564681836,0.216614016064,0.441241179685,0.595894637585
 07/31  23:00:00,0.924834876231,0.498173567966,0.0,0.0,0.0,0.0,0.0,0.0,0.309757866226,0.0674883468263,0.147046288352,0.383430374827,0.471763760357
 07/31  24:00:00,0.629072328456,0.361622188492,0.0,0.0,0.0,0.0,0.0,0.0,0.161612796136,0.0352113105958,0.0979808984401,0.317155323284,0.339777254914
 08/01  01:00:00,0.507570490856,0.299703902138,0.0,0.0,0.0,0.0,0.0,0.0,0.0943321793405,0.020552578418,0.0835572224677,0.29201651063,0.279590472502
 08/01  02:00:00,0.455581405745,0.283567805339,0.0,0.0,0.0,0.0,0.0,0.0,0.0641458936545,0.013975755874,0.0717169442605,0.288630811956,0.263687574887
 08/01  03:00:00,0.444029100909,0.288501787285,0.0,0.0,0.0,0.0,0.0,0.0,0.0641458936545,0.013975755874,0.0642274778329,0.284567973547,0.268901395854
 08/01  04:00:00,0.442652863652,0.335808722568,0.0,0.0,0.0,0.0,0.0,0.0,0.0641458936545,0.013975755874,0.0736008338661,0.273818380258,0.316948738547
 08/01  05:00:00,0.490848706113,0.548001595916,0.0,0.0,0.0,0.0,0.0,0.0,0.0679191825,0.014797859375,0.0854603589124,0.305559305326,0.526955369543
 08/01  06:00:00,0.639253840056,0.94300089468,0.0,0.0,0.0,0.0,0.0,0.0,0.10942536816,0.023840999707,0.135831742961,0.353043729228,0.918684049749
 08/01  07:00:00,0.850910882965,1.05110690739,0.0,0.0,0.0,0.0,0.0,0.0,0.192437655886,0.0419272621582,0.209298551845,0.375135413076,1.02526843779
 08/01  08:00:00,0.787985797338,1.01786634089,0.0,0.0,0.0,0.0,0.0,0.0,0.150931553819,0.0328841218263,0.269902798408,0.317155323284,0.996021407312
 08/01  09:00:00,0.709799168983,0.927490372835,0.0,0.0,0.0,0.0,0.0,0.0,0.075465760191,0.0164420645557,0.330854517454,0.269924826782,0.908898567876
 08/01  10:00:00,0.713680511679,0.825436946037,0.0,0.0,0.0,0.0,0.0,0.0,0.060372604809,0.0131536523731,0.3467692427,0.276273011796,0.806407892608
 08/01  11:00:00,0.728065003051,0.734300954405,0.0,0.0,0.0,0.0,0.0,0.0,0.060372604809,0.0131536523731,0.361069091606,0.276357654263,0.715266070996
 08/01  12:00:00,0.712867676673,0.662819543959,0.0,0.0,0.0,0.0,0.0,0.0,0.060372604809,0.0131536523731,0.350527100905,0.271702318586,0.644105309428
 08/01  13:00:00,0.691181059582,0.621738920636,0.0,0.0,0.0,0.0,0.0,0.0,0.060372604809,0.0131536523731,0.319445169994,0.281097632407,0.602377558369
 08/01  14:00:00,0.682195376807,0.580895172851,0.0,0.0,0.0,0.0,0.0,0.0,0.060372604809,0.0131536523731,0.294631345917,0.296925773707,0.560443604398
 08/01  15:00:00,0.705614054772,0.587500642954,0.0,0.0,0.0,0.0,0.0,0.0,0.060372604809,0.0131536523731,0.301544742847,0.313431054743,0.565912228478
 08/01  16:00:00,0.809427784633,0.642075726606,0.0,0.0,0.0,0.0,0.0,0.0,0.0641458936545,0.013975755874,0.343460130304,0.3707340048,0.616540415938
 08/01  17:00:00,0.98891570632,0.756250053364,0.0,0.0,0.0,0.0,0.0,0.0,0.0830123378819,0.0180862715576,0.420322530775,0.450382566105,0.725228731888
 08/01  18:00:00,1.08927500225,0.85978524137,0.0,0.0,0.0,0.0,0.0,0.0,0.139611662205,0.0304178240723,0.383153984987,0.488979530988,0.826105449194
 08/01  19:00:00,1.16798682408,0.877728637191,0.0,0.0,0.0,0.0,0.0,0.0,0.27167673,0.0591914375,0.315283626754,0.504723029822,0.842964468809
 08/01  20:00:00,1.38655114924,0.819241090739,0.0,0.0,0.0,0.0,0.0,0.0,0.464114385886,0.101118699658,0.282131328171,0.522074735527,0.783281776538
 08/01  21:00:00,1.52029174042,0.745800558241,0.0,0.0,0.0,0.0,0.0,0.0,0.596179453681,0.129892313086,0.267221753354,0.5098862203,0.710680761103
 08/01  22:00:00,1.21722326866,0.626314848101,0.0,0.0,0.0,0.0,0.0,0.0,0.445247899862,0.097008173047,0.216614016064,0.441241179685,0.595923164422
 08/01  23:00:00,0.924410754143,0.498447899395,0.0,0.0,0.0,0.0,0.0,0.0,0.309409618455,0.0674124725097,0.147046288352,0.383430374827,0.472038091786
 08/01  24:00:00,0.625254618831,0.361895410209,0.0,0.0,0.0,0.0,0.0,0.0,0.158478064636,0.0345283324708,0.0979808984401,0.317155323284,0.34005047663
 08/02  01:00:00,0.507570490856,0.299883046453,0.0,0.0,0.0,0.0,0.0,0.0,0.0943321793405,0.020552578418,0.0835572224677,0.29201651063,0.279769616817
 08/02  02:00:00,0.455581405745,0.283541466875,0.0,0.0,0.0,0.0,0.0,0.0,0.0641458936545,0.013975755874,0.0717169442605,0.288630811956,0.263661236423
 08/02  03:00:00,0.444029100909,0.288170401543,0.0,0.0,0.0,0.0,0.0,0.0,0.0641458936545,0.013975755874,0.0642274778329,0.284567973547,0.268570010113
 08/02  04:00:00,0.442652863652,0.335348835145,0.0,0.0,0.0,0.0,0.0,0.0,0.0641458936545,0.013975755874,0.0736008338661,0.273818380258,0.316488851124
 08/02  05:00:00,0.490848706113,0.547457419372,0.0,0.0,0.0,0.0,0.0,0.0,0.0679191825,0.014797859375,0.0854603589124,0.305559305326,0.526411193
 08/02  06:00:00,0.639253840056,0.941994178512,0.0,0.0,0.0,0.0,0.0,0.0,0.10942536816,0.023840999707,0.135831742961,0.353043729228,0.917677333581
 08/02  07:00:00,0.850910882965,1.04980013224,0.0,0.0,0.0,0.0,0.0,0.0,0.192437655886,0.0419272621582,0.209298551845,0.375135413076,1.02396166264
 08/02  08:00:00,0.787985797338,1.01627685306,0.0,0.0,0.0,0.0,0.0,0.0,0.150931553819,0.0328841218263,0.269902798408,0.317155323284,0.994431919486
 08/02  09:00:00,0.709799168983,0.92564044693,0.0,0.0,0.0,0.0,0.0,0.0,0.075465760191,0.0164420645557,0.330854517454,0.269924826782,0.907048641971
 08/02  10:00:00,0.713680511679,0.823533909653,0.0,0.0,0.0,0.0,0.0,0.0,0.060372604809,0.0131536523731,0.3467692427,0.276273011796,0.804504856224
 08/02  11:00:00,0.728065003051,0.732424745984,0.0,0.0,0.0,0.0,0.0,0.0,0.060372604809,0.0131536523731,0.361069091606,0.276357654263,0.713389862575
 08/02  12:00:00,0.712867676673,0.661015763414,0.0,0.0,0.0,0.0,0.0,0.0,0.060372604809,0.0131536523731,0.350527100905,0.271702318586,0.642301528883
 08/02  13:00:00,0.691181059582,0.620573971539,0.0,0.0,0.0,0.0,0.0,0.0,0.060372604809,0.0131536523731,0.319445169994,0.281097632407,0.601212609272
 08/02  14:00:00,0.682195376807,0.579694623665,0.0,0.0,0.0,0.0,0.0,0.0,0.060372604809,0.0131536523731,0.294631345917,0.296925773707,0.559243055212
 08/02  15:00:00,0.705614054772,0.58623262473,0.0,0.0,0.0,0.0,0.0,0.0,0.060372604809,0.0131536523731,0.301544742847,0.313431054743,0.564644210254
 08/02  16:00:00,0.809427784633,0.640540237144,0.0,0.0,0.0,0.0,0.0,0.0,0.0641458936545,0.013975755874,0.343460130304,0.3707340048,0.615004926475
 08/02  17:00:00,0.98891570632,0.754605567719,0.0,0.0,0.0,0.0,0.0,0.0,0.0830123378819,0.0180862715576,0.420322530775,0.450382566105,0.723584246243
 08/02  18:00:00,1.09689551666,0.857973756134,0.0,0.0,0.0056238883029,0.00199662610741,0.00762051441031,0.00199662610741,0.139611662205,0.0304178240723,0.383153984987,0.488979530988,0.824293963958
 08/02  19:00:00,1.16798682408,0.876176265795,0.0,0.0,0.0,0.0,0.0,0.0,0.27167673,0.0591914375,0.315283626754,0.504723029822,0.841412097412
 08/02  20:00:00,1.38655114924,0.817742829112,0.0,0.0,0.0,0.0,0.0,0.0,0.464114385886,0.101118699658,0.282131328171,0.522074735527,0.781783514911
 08/02  21:00:00,1.52029174042,0.744069328791,0.0,0.0,0.0,0.0,0.0,0.0,0.596179453681,0.129892313086,0.267221753354,0.5098862203,0.708949531653
 08/02  22:00:00,1.21722326866,0.624568213825,0.0,0.0,0.0,0.0,0.0,0.0,0.445247899862,0.097008173047,0.216614016064,0.441241179685,0.594176530146
 08/02  23:00:00,0.924410754143,0.496830153131,0.0,0.0,0.0,0.0,0.0,0.0,0.309409618455,0.0674124725097,0.147046288352,0.383430374827,0.470420345522
 08/02  24:00:00,0.625254618831,0.360369303734,0.0,0.0,0.0,0.0,0.0,0.0,0.158478064636,0.0345283324708,0.0979808984401,0.317155323284,0.338524370155
 08/03  01:00:00,0.507570490856,0.298383311498,0.0,0.0,0.0,0.0,0.0,0.0,0.0943321793405,0.020552578418,0.0835572224677,0.29201651063,0.278269881862
 08/03  02:00:00,0.455581405745,0.282112728776,0.0,0.0,0.0,0.0,0.0,0.0,0.0641458936545,0.013975755874,0.0717169442605,0.288630811956,0.262232498325
 08/03  03:00:00,0.444029100909,0.286495444115,0.0,0.0,0.0,0.0,0.0,0.0,0.0641458936545,0.013975755874,0.0642274778329,0.284567973547,0.266895052684
 08/03  04:00:00,0.442652863652,0.333556542969,0.0,0.0,0.0,0.0,0.0,0.0,0.0641458936545,0.013975755874,0.0736008338661,0.273818380258,0.314696558948
 08/03  05:00:00,0.490848706113,0.545396402964,0.0,0.0,0.0,0.0,0.0,0.0,0.0679191825,0.014797859375,0.0854603589124,0.305559305326,0.524350176592
 08/03  06:00:00,0.639253840056,0.939616932422,0.0,0.0,0.0,0.0,0.0,0.0,0.10942536816,0.023840999707,0.135831742961,0.353043729228,0.915300087491
 08/03  07:00:00,0.850910882965,1.04737560133,0.0,0.0,0.0,0.0,0.0,0.0,0.192437655886,0.0419272621582,0.209298551845,0.375135413076,1.02153713172
 08/03  08:00:00,0.787985797338,1.0139026487,0.0,0.0,0.0,0.0,0.0,0.0,0.150931553819,0.0328841218263,0.269902798408,0.317155323284,0.992057715123
 08/03  09:00:00,0.709799168983,0.92341082097,0.0,0.0,0.0,0.0,0.0,0.0,0.075465760191,0.0164420645557,0.330854517454,0.269924826782,0.904819016011
 08/03  10:00:00,0.713680511679,0.82143098162,0.0,0.0,0.0,0.0,0.0,0.0,0.060372604809,0.0131536523731,0.3467692427,0.276273011796,0.802401928191
 08/03  11:00:00,0.728065003051,0.730493070222,0.0,0.0,0.0,0.0,0.0,0.0,0.060372604809,0.0131536523731,0.361069091606,0.276357654263,0.711458186813
 08/03  12:00:00,0.712867676673,0.65918900759,0.0,0.0,0.0,0.0,0.0,0.0,0.060372604809,0.0131536523731,0.350527100905,0.271702318586,0.640474773059
 08/03  13:00:00,0.691181059582,0.617875364814,0.0,0.0,0.0,0.0,0.0,0.0,0.060372604809,0.0131536523731,0.319445169994,0.281097632407,0.598514002547
 08/03  14:00:00,0.728467266493,0.57722833913,0.0,0.0,0.0348946529162,0.0113772367697,0.0462718896859,0.0113772367697,0.060372604809,0.0131536523731,0.294631345917,0.296925773707,0.556776770677
 08/03  15:00:00,0.935960515737,0.583770685996,0.0,0.0,0.174715907196,0.0556305537683,0.230346460964,0.0556305537683,0.060372604809,0.0131536523731,0.301544742847,0.313431054743,0.56218227152
 08/03  16:00:00,1.20496295523,0.637949939725,0.0,0.0,0.2999872927,0.0955478778937,0.395535170594,0.0955478778937,0.0641458936545,0.013975755874,0.343460130304,0.3707340048,0.612414629057
 08/03  17:00:00,1.57219377815,0.752193725419,0.0,0.0,0.441224552652,0.142053519176,0.583278071828,0.142053519176,0.0830123378819,0.0180862715576,0.420322530775,0.450382566105,0.721172403943
 08/03  18:00:00,1.65972778659,0.855891968571,0.0,0.0,0.430189995159,0.14026278918,0.57045278434,0.14026278918,0.139611662205,0.0304178240723,0.383153984987,0.488979530988,0.822212176395
 08/03  19:00:00,1.72982754698,0.873929988027,0.0,0.0,0.421331613316,0.140509109586,0.561840722902,0.140509109586,0.27167673,0.0591914375,0.315283626754,0.504723029822,0.839165819645
 08/03  20:00:00,1.89234471525,0.815470589473,0.0,0.0,0.376327246835,0.129466319178,0.505793566013,0.129466319178,0.464114385886,0.101118699658,0.282131328171,0.522074735527,0.779511275272
 08/03  21:00:00,1.94499257026,0.742159791616,0.0,0.0,0.313518640011,0.111182189828,0.424700829839,0.111182189828,0.596179453681,0.129892313086,0.267221753354,0.5098862203,0.707039994478
 08/03  22:00:00,1.54571560027,0.622677990398,0.0,0.0,0.243045478483,0.0854468531278,0.32849233161,0.0854468531278,0.445247899862,0.097008173047,0.216614016064,0.441241179685,0.592286306719
 08/03  23:00:00,1.13897519565,0.494885039353,0.0,0.0,0.158753539912,0.0558109015916,0.214564441504,0.0558109015916,0.309409618455,0.0674124725097,0.147046288352,0.383430374827,0.468475231744
 08/03  24:00:00,0.727459572872,0.358426591123,0.0,0.0,0.0754511485042,0.0267538055366,0.102204954041,0.0267538055366,0.158478064636,0.0345283324708,0.0979808984401,0.317155323284,0.336581657545
 08/04  01:00:00,0.51806635286,0.296402807411,0.0,0.0,0.00772832243923,0.00276753956476,0.010495862004,0.00276753956476,0.0943321793405,0.020552578418,0.0835572224677,0.29201651063,0.276289377775
 08/04  02:00:00,0.455581405745,0.27992790365,0.0,0.0,0.0,0.0,0.0,0.0,0.0641458936545,0.013975755874,0.0717169442605,0.288630811956,0.260047673199
 08/04  03:00:00,0.444029100909,0.284162803099,0.0,0.0,0.0,0.0,0.0,0.0,0.0641458936545,0.013975755874,0.0642274778329,0.284567973547,0.264562411668
 08/04  04:00:00,0.442652863652,0.331025420164,0.0,0.0,0.0,0.0,0.0,0.0,0.0641458936545,0.013975755874,0.0736008338661,0.273818380258,0.312165436144
 08/04  05:00:00,0.490848706113,0.542747115561,0.0,0.0,0.0,0.0,0.0,0.0,0.0679191825,0.014797859375,0.0854603589124,0.305559305326,0.521700889188
 08/04  06:00:00,0.639253840056,0.936529069592,0.0,0.0,0.0,0.0,0.0,0.0,0.10942536816,0.023840999707,0.135831742961,0.353043729228,0.912212224661
 08/04  07:00:00,0.850910882965,1.04409558961,0.0,0.0,0.0,0.0,0.0,0.0,0.192437655886,0.0419272621582,0.209298551845,0.375135413076,1.01825712
 08/04  08:00:00,0.787985797338,1.01074527248,0.0,0.0,0.0,0.0,0.0,0.0,0.150931553819,0.0328841218263,0.269902798408,0.317155323284,0.988900338906
 08/04  09:00:00,0.709799168983,0.920381375449,0.0,0.0,0.0,0.0,0.0,0.0,0.075465760191,0.0164420645557,0.330854517454,0.269924826782,0.901789570489
 08/04  10:00:00,0.773095120312,0.818465280098,0.0,0.0,0.0444445501367,0.0149700584964,0.0594146086331,0.0149700584964,0.060372604809,0.0131536523731,0.3467692427,0.276273011796,0.799436226669
 08/04  11:00:00,0.879096106897,0.727633256681,0.0,0.0,0.113873600558,0.0371575032878,0.151031103846,0.0371575032878,0.060372604809,0.0131536523731,0.361069091606,0.276357654263,0.708598373272
 08/04  12:00:00,0.995173717499,0.656551524413,0.0,0.0,0.213490715263,0.0688153255629,0.282306040826,0.0688153255629,0.060372604809,0.0131536523731,0.350527100905,0.271702318586,0.637837289882
 08/04  13:00:00,1.11519905065,0.615635860891,0.0,0.0,0.322512669568,0.101505321497,0.424017991064,0.101505321497,0.060372604809,0.0131536523731,0.319445169994,0.281097632407,0.596274498624
 08/04  14:00:00,1.28039690965,0.5750363332,0.0,0.0,0.457662059444,0.140539473399,0.598201532843,0.140539473399,0.060372604809,0.0131536523731,0.294631345917,0.296925773707,0.554584764747
 08/04  15:00:00,1.4422398111,0.581836127836,0.0,0.0,0.560291458317,0.176334298011,0.736625756328,0.176334298011,0.060372604809,0.0131536523731,0.301544742847,0.313431054743,0.56024771336
 08/04  16:00:00,1.63460199143,0.636394069131,0.0,0.0,0.627655748631,0.197518458169,0.8251742068,0.197518458169,0.0641458936545,0.013975755874,0.343460130304,0.3707340048,0.610858758463
 08/04  17:00:00,2.06347657079,0.750394721551,0.0,0.0,0.819975760861,0.254585103609,1.07456086447,0.254585103609,0.0830123378819,0.0180862715576,0.420322530775,0.450382566105,0.719373400074
 08/04  18:00:00,2.04762728076,0.854060862402,0.0,0.0,0.726701093842,0.231651184666,0.958352278507,0.231651184666,0.139611662205,0.0304178240723,0.383153984987,0.488979530988,0.820381070226
 08/04  19:00:00,2.01062559456,0.872200746425,0.0,0.0,0.633688995531,0.20894977495,0.842638770481,0.20894977495,0.27167673,0.0591914375,0.315283626754,0.504723029822,0.837436578042
 08/04  20:00:00,2.18477806042,0.81351559154,0.0,0.0,0.600311275041,0.197915636136,0.798226911176,0.197915636136,0.464114385886,0.101118699658,0.282131328171,0.522074735527,0.777556277339
 08/04  21:00:00,2.27470357383,0.740027138756,0.0,0.0,0.567364177441,0.187047655969,0.75441183341,0.187047655969,0.596179453681,0.129892313086,0.267221753354,0.5098862203,0.704907341617
 08/04  22:00:00,1.87835488392,0.620740686703,0.0,0.0,0.498493837422,0.162637777839,0.661131615261,0.162637777839,0.445247899862,0.097008173047,0.216614016064,0.441241179685,0.590349003024
 08/04  23:00:00,1.309585695,0.493430225494,0.0,0.0,0.284272710865,0.100902229993,0.385174940859,0.100902229993,0.309409618455,0.0674124725097,0.147046288352,0.383430374827,0.467020417885
 08/04  24:00:00,0.852220883411,0.357219317017,0.0,0.0,0.167069292774,0.0598969718064,0.22696626458,0.0598969718064,0.158478064636,0.0345283324708,0.0979808984401,0.317155323284,0.335374383439
 08/05  01:00:00,0.632371622314,0.301209407667,0.0,0.0,0.0887723987866,0.0320817085958,0.120854107382,0.0320817085958,0.0943321793405,0.020552578418,0.0875042465431,0.29201651063,0.281095978031
 08/05  02:00:00,0.515655344479,0.283190208342,0.0,0.0,0.0422087686107,0.0152539316957,0.0574627003064,0.0152539316957,0.0641458936545,0.013975755874,0.0743281826877,0.288630811956,0.26330997789
 08/05  03:00:00,0.448781183285,0.287618277951,0.0,0.0,0.0024877101459,0.000898968058173,0.00338667820408,0.000898968058173,0.0641458936545,0.013975755874,0.0655928820049,0.284567973547,0.26801788652
 08/05  04:00:00,0.445324019268,0.339344531815,0.0,0.0,0.0,0.0,0.0,0.0,0.0641458936545,0.013975755874,0.0762719894816,0.273818380258,0.320484547794
 08/05  05:00:00,0.494945398714,0.569210083468,0.0,0.0,0.0,0.0,0.0,0.0,0.0679191825,0.014797859375,0.0895570515125,0.305559305326,0.548163857096
 08/05  06:00:00,0.649879352274,0.999316113507,0.0,0.0,0.0,0.0,0.0,0.0,0.10942536816,0.023840999707,0.146457255179,0.353043729228,0.974999268577
 08/05  07:00:00,0.872072244885,1.12044278698,0.0,0.0,0.0,0.0,0.0,0.0,0.192437655886,0.0419272621582,0.230459913765,0.375135413076,1.09460431737
 08/05  08:00:00,0.82042309823,1.09037409524,0.0,0.0,0.0,0.0,0.0,0.0,0.150931553819,0.0328841218263,0.3023400993,0.317155323284,1.06852916166
 08/05  09:00:00,0.754830227449,0.993544327682,0.0,0.0,0.0,0.0,0.0,0.0,0.075465760191,0.0164420645557,0.37588557592,0.269924826782,0.974952522723
 08/05  10:00:00,0.829672445901,0.881002586746,0.0,0.0,0.0485170162695,0.0165586886635,0.065075704933,0.0165586886635,0.060372604809,0.0131536523731,0.39768547199,0.276273011796,0.861973533317
 08/05  11:00:00,0.916240847687,0.779348324059,0.0,0.0,0.101689639771,0.0339974453463,0.135687085117,0.0339974453463,0.060372604809,0.0131536523731,0.413557851125,0.276357654263,0.76031344065
 08/05  12:00:00,0.997855531948,0.701187553485,0.0,0.0,0.178738047179,0.0584393020047,0.237177349184,0.0584393020047,0.060372604809,0.0131536523731,0.398337606996,0.271702318586,0.682473318954
 08/05  13:00:00,1.05653297912,0.654308230273,0.0,0.0,0.242480041473,0.0792838455515,0.321763887024,0.0792838455515,0.060372604809,0.0131536523731,0.363033202508,0.281097632407,0.634946868006
 08/05  14:00:00,1.18895651823,0.610124359974,0.0,0.0,0.352420529764,0.115215039482,0.467635569246,0.115215039482,0.060372604809,0.0131536523731,0.333756918092,0.296925773707,0.589672791521
 08/05  15:00:00,1.44591893621,0.616553028593,0.0,0.0,0.5347782254,0.168467683178,0.703245908578,0.168467683178,0.060372604809,0.0131536523731,0.338603715702,0.313431054743,0.594964614118
 08/05  16:00:00,1.70835989098,0.679114382355,0.0,0.0,0.658399164987,0.204615022113,0.8630141871,0.204615022113,0.0641458936545,0.013975755874,0.379378049552,0.3707340048,0.653579071687
 08/05  17:00:00,2.19717759299,0.802322494528,0.0,0.0,0.900113114071,0.272796842386,1.17290995646,0.272796842386,0.0830123378819,0.0180862715576,0.45567446099,0.450382566105,0.771301173052
 08/05  18:00:00,2.09292491346,0.922280581052,0.0,0.0,0.732987591375,0.236352004298,0.969339595673,0.236352004298,0.139611662205,0.0304178240723,0.417464300526,0.488979530988,0.888600788876
 08/05  19:00:00,1.96885771034,0.949291495385,0.0,0.0,0.566916088638,0.199710043436,0.766626132074,0.199710043436,0.27167673,0.0591914375,0.349528380947,0.504723029822,0.914527327003
 08/05  20:00:00,1.99969644849,0.887468649678,0.0,0.0,0.421155213463,0.157134715459,0.578289928921,0.157134715459,0.464114385886,0.101118699658,0.316986698499,0.522074735527,0.851509335477
 08/05  21:00:00,2.03984216694,0.80198001871,0.0,0.0,0.352463117904,0.131480451145,0.483943569049,0.131480451145,0.596179453681,0.129892313086,0.302828610822,0.5098862203,0.766860221572
 08/05  22:00:00,1.59176560882,0.66936786381,0.0,0.0,0.252192862762,0.0940562654752,0.346249128237,0.0940562654752,0.445247899862,0.097008173047,0.244907227988,0.441241179685,0.638976180131
 08/05  23:00:00,1.13545175454,0.523380483825,0.0,0.0,0.14240308248,0.0531030725769,0.195506155057,0.0531030725769,0.309409618455,0.0674124725097,0.162581133687,0.383430374827,0.496970676216
 08/05  24:00:00,0.678233910079,0.367885980284,0.0,0.0,0.0337375690484,0.0126680391227,0.0464056081711,0.0126680391227,0.158478064636,0.0345283324708,0.104554581517,0.317155323284,0.346041046706
 08/06  01:00:00,0.511517514932,0.300499153491,0.0,0.0,0.0,0.0,0.0,0.0,0.0943321793405,0.020552578418,0.0875042465431,0.29201651063,0.280385723855
 08/06  02:00:00,0.458192644172,0.282515877441,0.0,0.0,0.0,0.0,0.0,0.0,0.0641458936545,0.013975755874,0.0743281826877,0.288630811956,0.262635646989
 08/06  03:00:00,0.445394505081,0.28723497008,0.0,0.0,0.0,0.0,0.0,0.0,0.0641458936545,0.013975755874,0.0655928820049,0.284567973547,0.267634578649
 08/06  04:00:00,0.445324019268,0.339065842613,0.0,0.0,0.0,0.0,0.0,0.0,0.0641458936545,0.013975755874,0.0762719894816,0.273818380258,0.320205858592
 08/06  05:00:00,0.494945398714,0.569036210394,0.0,0.0,0.0,0.0,0.0,0.0,0.0679191825,0.014797859375,0.0895570515125,0.305559305326,0.547989984021
 08/06  06:00:00,0.649879352274,0.998755327866,0.0,0.0,0.0,0.0,0.0,0.0,0.10942536816,0.023840999707,0.146457255179,0.353043729228,0.974438482935
 08/06  07:00:00,0.872072244885,1.11985234648,0.0,0.0,0.0,0.0,0.0,0.0,0.192437655886,0.0419272621582,0.230459913765,0.375135413076,1.09401387687
 08/06  08:00:00,0.82042309823,1.0896156597,0.0,0.0,0.0,0.0,0.0,0.0,0.150931553819,0.0328841218263,0.3023400993,0.317155323284,1.06777072612
 08/06  09:00:00,0.754830227449,0.992531322084,0.0,0.0,0.0,0.0,0.0,0.0,0.075465760191,0.0164420645557,0.37588557592,0.269924826782,0.973939517125
 08/06  10:00:00,0.764596740968,0.880064410164,0.0,0.0,0.0,0.0,0.0,0.0,0.060372604809,0.0131536523731,0.39768547199,0.276273011796,0.861035356735
 08/06  11:00:00,0.78055376257,0.778313667176,0.0,0.0,0.0,0.0,0.0,0.0,0.060372604809,0.0131536523731,0.413557851125,0.276357654263,0.759278783767
 08/06  12:00:00,0.87961359368,0.70012451013,0.0,0.0,0.0896558187697,0.0292795921456,0.118935410915,0.0292795921456,0.060372604809,0.0131536523731,0.398337606996,0.271702318586,0.6814102756
 08/06  13:00:00,1.04117489367,0.653172413727,0.0,0.0,0.232235881612,0.074169919957,0.306405801569,0.074169919957,0.060372604809,0.0131536523731,0.363033202508,0.281097632407,0.63381105146
 08/06  14:00:00,1.22006853566,0.608998063961,0.0,0.0,0.379213447626,0.119534139056,0.498747586683,0.119534139056,0.060372604809,0.0131536523731,0.333756918092,0.296925773707,0.588546495508
 08/06  15:00:00,1.42772224398,0.61560921848,0.0,0.0,0.520869935057,0.164179281292,0.685049216348,0.164179281292,0.060372604809,0.0131536523731,0.338603715702,0.313431054743,0.594020804004
 08/06  16:00:00,1.64041162695,0.678387919049,0.0,0.0,0.604536817621,0.190529105448,0.795065923069,0.190529105448,0.0641458936545,0.013975755874,0.379378049552,0.3707340048,0.652852608381
 08/06  17:00:00,1.89652846714,0.80171545149,0.0,0.0,0.655657081265,0.216603749337,0.872260830603,0.216603749337,0.0830123378819,0.0180862715576,0.45567446099,0.450382566105,0.770694130014
 08/06  18:00:00,1.78961803651,0.921937218197,0.0,0.0,0.4899849617,0.176047757015,0.666032718715,0.176047757015,0.139611662205,0.0304178240723,0.417464300526,0.488979530988,0.888257426021
 08/06  19:00:00,1.78301998782,0.948335602104,0.0,0.0,0.426418255645,0.154370153909,0.580788409554,0.154370153909,0.27167673,0.0591914375,0.349528380947,0.504723029822,0.913571433722
 08/06  20:00:00,1.9001371736,0.886028154878,0.0,0.0,0.34997471076,0.128755943273,0.478730654033,0.128755943273,0.464114385886,0.101118699658,0.316986698499,0.522074735527,0.850068840677
 08/06  21:00:00,1.94036771642,0.800660501838,0.0,0.0,0.2804534817,0.104015636834,0.384469118534,0.104015636834,0.596179453681,0.129892313086,0.302828610822,0.5098862203,0.7655407047
 08/06  22:00:00,1.50684807434,0.668244233188,0.0,0.0,0.190639521804,0.0706920719536,0.261331593758,0.0706920719536,0.445247899862,0.097008173047,0.244907227988,0.441241179685,0.637852549509
 08/06  23:00:00,1.04976848322,0.522471654141,0.0,0.0,0.0798235403791,0.0299993433643,0.109822883743,0.0299993433643,0.309409618455,0.0674124725097,0.162581133687,0.383430374827,0.496061846532
 08/06  24:00:00,0.631828301908,0.367204455611,0.0,0.0,0.0,0.0,0.0,0.0,0.158478064636,0.0345283324708,0.104554581517,0.317155323284,0.345359522032
 08/07  01:00:00,0.507570490856,0.293916806471,0.0,0.0,0.0,0.0,0.0,0.0,0.0943321793405,0.020552578418,0.0835572224677,0.29201651063,0.273803376835
 08/07  02:00:00,0.455581405745,0.277531431541,0.0,0.0,0.0,0.0,0.0,0.0,0.0641458936545,0.013975755874,0.0717169442605,0.288630811956,0.257651201089
 08/07  03:00:00,0.444029100909,0.281866130389,0.0,0.0,0.0,0.0,0.0,0.0,0.0641458936545,0.013975755874,0.0642274778329,0.284567973547,0.262265738958
 08/07  04:00:00,0.442652863652,0.328615602853,0.0,0.0,0.0,0.0,0.0,0.0,0.0641458936545,0.013975755874,0.0736008338661,0.273818380258,0.309755618832
 08/07  05:00:00,0.490848706113,0.539992169626,0.0,0.0,0.0,0.0,0.0,0.0,0.0679191825,0.014797859375,0.0854603589124,0.305559305326,0.518945943254
 08/07  06:00:00,0.639253840056,0.93318659293,0.0,0.0,0.0,0.0,0.0,0.0,0.10942536816,0.023840999707,0.135831742961,0.353043729228,0.908869748
 08/07  07:00:00,0.850910882965,1.04063593819,0.0,0.0,0.0,0.0,0.0,0.0,0.192437655886,0.0419272621582,0.209298551845,0.375135413076,1.01479746858
 08/07  08:00:00,0.787985797338,1.00759717488,0.0,0.0,0.0,0.0,0.0,0.0,0.150931553819,0.0328841218263,0.269902798408,0.317155323284,0.985752241305
 08/07  09:00:00,0.709799168983,0.917668032666,0.0,0.0,0.0,0.0,0.0,0.0,0.075465760191,0.0164420645557,0.330854517454,0.269924826782,0.899076227707
 08/07  10:00:00,0.713680511679,0.816487356291,0.0,0.0,0.0,0.0,0.0,0.0,0.060372604809,0.0131536523731,0.3467692427,0.276273011796,0.797458302861
 08/07  11:00:00,0.728065003051,0.726246525857,0.0,0.0,0.0,0.0,0.0,0.0,0.060372604809,0.0131536523731,0.361069091606,0.276357654263,0.707211642448
 08/07  12:00:00,0.712867676673,0.655477829931,0.0,0.0,0.0,0.0,0.0,0.0,0.060372604809,0.0131536523731,0.350527100905,0.271702318586,0.636763595401
 08/07  13:00:00,0.691181059582,0.61472068993,0.0,0.0,0.0,0.0,0.0,0.0,0.060372604809,0.0131536523731,0.319445169994,0.281097632407,0.595359327664
 08/07  14:00:00,0.682195376807,0.574283002272,0.0,0.0,0.0,0.0,0.0,0.0,0.060372604809,0.0131536523731,0.294631345917,0.296925773707,0.553831433819
 08/07  15:00:00,0.705614054772,0.581105815779,0.0,0.0,0.0,0.0,0.0,0.0,0.060372604809,0.0131536523731,0.301544742847,0.313431054743,0.559517401303
 08/07  16:00:00,0.809427784633,0.635603207912,0.0,0.0,0.0,0.0,0.0,0.0,0.0641458936545,0.013975755874,0.343460130304,0.3707340048,0.610067897244
 08/07  17:00:00,0.98891570632,0.749552243105,0.0,0.0,0.0,0.0,0.0,0.0,0.0830123378819,0.0180862715576,0.420322530775,0.450382566105,0.718530921629
 08/07  18:00:00,1.08927500225,0.852878686034,0.0,0.0,0.0,0.0,0.0,0.0,0.139611662205,0.0304178240723,0.383153984987,0.488979530988,0.819198893858
 08/07  19:00:00,1.16798682408,0.870962068642,0.0,0.0,0.0,0.0,0.0,0.0,0.27167673,0.0591914375,0.315283626754,0.504723029822,0.836197900259
 08/07  20:00:00,1.38655114924,0.812681682803,0.0,0.0,0.0,0.0,0.0,0.0,0.464114385886,0.101118699658,0.282131328171,0.522074735527,0.776722368602
 08/07  21:00:00,1.52029174042,0.739644026469,0.0,0.0,0.0,0.0,0.0,0.0,0.596179453681,0.129892313086,0.267221753354,0.5098862203,0.704524229331
 08/07  22:00:00,1.21722326866,0.620955919279,0.0,0.0,0.0,0.0,0.0,0.0,0.445247899862,0.097008173047,0.216614016064,0.441241179685,0.5905642356
 08/07  23:00:00,0.924410754143,0.493912834726,0.0,0.0,0.0,0.0,0.0,0.0,0.309409618455,0.0674124725097,0.147046288352,0.383430374827,0.467503027117
 08/07  24:00:00,0.625254618831,0.35830198433,0.0,0.0,0.0,0.0,0.0,0.0,0.158478064636,0.0345283324708,0.0979808984401,0.317155323284,0.336457050751
 08/08  01:00:00,0.507570490856,0.296923665528,0.0,0.0,0.0,0.0,0.0,0.0,0.0943321793405,0.020552578418,0.0835572224677,0.29201651063,0.276810235892
 08/08  02:00:00,0.455581405745,0.280834142355,0.0,0.0,0.0,0.0,0.0,0.0,0.0641458936545,0.013975755874,0.0717169442605,0.288630811956,0.260953911903
 08/08  03:00:00,0.444029100909,0.285461397092,0.0,0.0,0.0,0.0,0.0,0.0,0.0641458936545,0.013975755874,0.0642274778329,0.284567973547,0.265861005661
 08/08  04:00:00,0.442652863652,0.332426595419,0.0,0.0,0.0,0.0,0.0,0.0,0.0641458936545,0.013975755874,0.0736008338661,0.273818380258,0.313566611398
 08/08  05:00:00,0.490848706113,0.543848693956,0.0,0.0,0.0,0.0,0.0,0.0,0.0679191825,0.014797859375,0.0854603589124,0.305559305326,0.522802467583
 08/08  06:00:00,0.639253840056,0.93656739858,0.0,0.0,0.0,0.0,0.0,0.0,0.10942536816,0.023840999707,0.135831742961,0.353043729228,0.912250553649
 08/08  07:00:00,0.850910882965,1.04391491743,0.0,0.0,0.0,0.0,0.0,0.0,0.192437655886,0.0419272621582,0.209298551845,0.375135413076,1.01807644783
 08/08  08:00:00,0.787985797338,1.01055463341,0.0,0.0,0.0,0.0,0.0,0.0,0.150931553819,0.0328841218263,0.269902798408,0.317155323284,0.988709699836
 08/08  09:00:00,0.709799168983,0.920572576181,0.0,0.0,0.0,0.0,0.0,0.0,0.075465760191,0.0164420645557,0.330854517454,0.269924826782,0.901980771221
 08/08  10:00:00,0.713680511679,0.819077949651,0.0,0.0,0.0,0.0,0.0,0.0,0.060372604809,0.0131536523731,0.3467692427,0.276273011796,0.800048896221
 08/08  11:00:00,0.728065003051,0.728726363806,0.0,0.0,0.0,0.0,0.0,0.0,0.060372604809,0.0131536523731,0.361069091606,0.276357654263,0.709691480397
 08/08  12:00:00,0.712867676673,0.657883804561,0.0,0.0,0.0,0.0,0.0,0.0,0.060372604809,0.0131536523731,0.350527100905,0.271702318586,0.639169570031
 08/08  13:00:00,0.691181059582,0.61742238028,0.0,0.0,0.0,0.0,0.0,0.0,0.060372604809,0.0131536523731,0.319445169994,0.281097632407,0.598061018013
 08/08  14:00:00,0.682195376807,0.577083454666,0.0,0.0,0.0,0.0,0.0,0.0,0.060372604809,0.0131536523731,0.294631345917,0.296925773707,0.556631886213
 08/08  15:00:00,0.705614054772,0.583722085245,0.0,0.0,0.0,0.0,0.0,0.0,0.060372604809,0.0131536523731,0.301544742847,0.313431054743,0.562133670769
 08/08  16:00:00,0.809427784633,0.637847678276,0.0,0.0,0.0,0.0,0.0,0.0,0.0641458936545,0.013975755874,0.343460130304,0.3707340048,0.612312367608
 08/08  17:00:00,0.98891570632,0.751511663952,0.0,0.0,0.0,0.0,0.0,0.0,0.0830123378819,0.0180862715576,0.420322530775,0.450382566105,0.720490342475
 08/08  18:00:00,1.08927500225,0.854674601527,0.0,0.0,0.0,0.0,0.0,0.0,0.139611662205,0.0304178240723,0.383153984987,0.488979530988,0.820994809351
 08/08  19:00:00,1.16798682408,0.872651894604,0.0,0.0,0.0,0.0,0.0,0.0,0.27167673,0.0591914375,0.315283626754,0.504723029822,0.837887726222
 08/08  20:00:00,1.38655114924,0.814697404776,0.0,0.0,0.0,0.0,0.0,0.0,0.464114385886,0.101118699658,0.282131328171,0.522074735527,0.778738090575
 08/08  21:00:00,1.52029174042,0.74161210112,0.0,0.0,0.0,0.0,0.0,0.0,0.596179453681,0.129892313086,0.267221753354,0.5098862203,0.706492303982
 08/08  22:00:00,1.21722326866,0.622969120476,0.0,0.0,0.0,0.0,0.0,0.0,0.445247899862,0.097008173047,0.216614016064,0.441241179685,0.592577436797
 08/08  23:00:00,0.924410754143,0.496003426864,0.0,0.0,0.0,0.0,0.0,0.0,0.309409618455,0.0674124725097,0.147046288352,0.383430374827,0.469593619255
 08/08  24:00:00,0.625254618831,0.360315517697,0.0,0.0,0.0,0.0,0.0,0.0,0.158478064636,0.0345283324708,0.0979808984401,0.317155323284,0.338470584119
 08/09  01:00:00,0.507570490856,0.298984132051,0.0,0.0,0.0,0.0,0.0,0.0,0.0943321793405,0.020552578418,0.0835572224677,0.29201651063,0.278870702415
 08/09  02:00:00,0.455581405745,0.282912465785,0.0,0.0,0.0,0.0,0.0,0.0,0.0641458936545,0.013975755874,0.0717169442605,0.288630811956,0.263032235333
 08/09  03:00:00,0.444029100909,0.287426426254,0.0,0.0,0.0,0.0,0.0,0.0,0.0641458936545,0.013975755874,0.0642274778329,0.284567973547,0.267826034823
 08/09  04:00:00,0.442652863652,0.33456348839,0.0,0.0,0.0,0.0,0.0,0.0,0.0641458936545,0.013975755874,0.0736008338661,0.273818380258,0.315703504369
 08/09  05:00:00,0.490848706113,0.545509668988,0.0,0.0,0.0,0.0,0.0,0.0,0.0679191825,0.014797859375,0.0854603589124,0.305559305326,0.524463442615
 08/09  06:00:00,0.639253840056,0.938163808139,0.0,0.0,0.0,0.0,0.0,0.0,0.10942536816,0.023840999707,0.135831742961,0.353043729228,0.913846963208
 08/09  07:00:00,0.850910882965,1.04551070941,0.0,0.0,0.0,0.0,0.0,0.0,0.192437655886,0.0419272621582,0.209298551845,0.375135413076,1.0196722398
 08/09  08:00:00,0.787985797338,1.01203773387,0.0,0.0,0.0,0.0,0.0,0.0,0.150931553819,0.0328841218263,0.269902798408,0.317155323284,0.990192800292
 08/09  09:00:00,0.709799168983,0.921928191645,0.0,0.0,0.0,0.0,0.0,0.0,0.075465760191,0.0164420645557,0.330854517454,0.269924826782,0.903336386685
 08/09  10:00:00,0.713680511679,0.82048326379,0.0,0.0,0.0,0.0,0.0,0.0,0.060372604809,0.0131536523731,0.3467692427,0.276273011796,0.801454210361
 08/09  11:00:00,0.728065003051,0.729990721036,0.0,0.0,0.0,0.0,0.0,0.0,0.060372604809,0.0131536523731,0.361069091606,0.276357654263,0.710955837627
 08/09  12:00:00,0.712867676673,0.659120188758,0.0,0.0,0.0,0.0,0.0,0.0,0.060372604809,0.0131536523731,0.350527100905,0.271702318586,0.640405954227
 08/09  13:00:00,0.691181059582,0.618195065232,0.0,0.0,0.0,0.0,0.0,0.0,0.060372604809,0.0131536523731,0.319445169994,0.281097632407,0.598833702965
 08/09  14:00:00,0.682195376807,0.577623420755,0.0,0.0,0.0,0.0,0.0,0.0,0.060372604809,0.0131536523731,0.294631345917,0.296925773707,0.557171852302
 08/09  15:00:00,0.705614054772,0.58410337126,0.0,0.0,0.0,0.0,0.0,0.0,0.060372604809,0.0131536523731,0.301544742847,0.313431054743,0.562514956784
 08/09  16:00:00,0.809427784633,0.638133772862,0.0,0.0,0.0,0.0,0.0,0.0,0.0641458936545,0.013975755874,0.343460130304,0.3707340048,0.612598462193
 08/09  17:00:00,0.98891570632,0.751556752052,0.0,0.0,0.0,0.0,0.0,0.0,0.0830123378819,0.0180862715576,0.420322530775,0.450382566105,0.720535430576
 08/09  18:00:00,1.08927500225,0.85452049559,0.0,0.0,0.0,0.0,0.0,0.0,0.139611662205,0.0304178240723,0.383153984987,0.488979530988,0.820840703414
 08/09  19:00:00,1.16798682408,0.872546169875,0.0,0.0,0.0,0.0,0.0,0.0,0.27167673,0.0591914375,0.315283626754,0.504723029822,0.837782001493
 08/09  20:00:00,1.38655114924,0.814526551204,0.0,0.0,0.0,0.0,0.0,0.0,0.464114385886,0.101118699658,0.282131328171,0.522074735527,0.778567237003
 08/09  21:00:00,1.52029174042,0.741591093306,0.0,0.0,0.0,0.0,0.0,0.0,0.596179453681,0.129892313086,0.267221753354,0.5098862203,0.706471296168
 08/09  22:00:00,1.21722326866,0.623099282041,0.0,0.0,0.0,0.0,0.0,0.0,0.445247899862,0.097008173047,0.216614016064,0.441241179685,0.592707598362
 08/09  23:00:00,0.924410754143,0.496176547705,0.0,0.0,0.0,0.0,0.0,0.0,0.309409618455,0.0674124725097,0.147046288352,0.383430374827,0.469766740096
 08/09  24:00:00,0.625254618831,0.360532458588,0.0,0.0,0.0,0.0,0.0,0.0,0.158478064636,0.0345283324708,0.0979808984401,0.317155323284,0.338687525009
 08/10  01:00:00,0.507570490856,0.299031309581,0.0,0.0,0.0,0.0,0.0,0.0,0.0943321793405,0.020552578418,0.0835572224677,0.29201651063,0.278917879945
 08/10  02:00:00,0.455581405745,0.283136581075,0.0,0.0,0.0,0.0,0.0,0.0,0.0641458936545,0.013975755874,0.0717169442605,0.288630811956,0.263256350623
 08/10  03:00:00,0.444029100909,0.287799541623,0.0,0.0,0.0,0.0,0.0,0.0,0.0641458936545,0.013975755874,0.0642274778329,0.284567973547,0.268199150192
 08/10  04:00:00,0.442652863652,0.334529143099,0.0,0.0,0.0,0.0,0.0,0.0,0.0641458936545,0.013975755874,0.0736008338661,0.273818380258,0.315669159078
 08/10  05:00:00,0.490848706113,0.545635735676,0.0,0.0,0.0,0.0,0.0,0.0,0.0679191825,0.014797859375,0.0854603589124,0.305559305326,0.524589509304
 08/10  06:00:00,0.639253840056,0.937945759455,0.0,0.0,0.0,0.0,0.0,0.0,0.10942536816,0.023840999707,0.135831742961,0.353043729228,0.913628914524
 08/10  07:00:00,0.850910882965,1.04518567733,0.0,0.0,0.0,0.0,0.0,0.0,0.192437655886,0.0419272621582,0.209298551845,0.375135413076,1.01934720772
 08/10  08:00:00,0.787985797338,1.01172380127,0.0,0.0,0.0,0.0,0.0,0.0,0.150931553819,0.0328841218263,0.269902798408,0.317155323284,0.989878867691
 08/10  09:00:00,0.709799168983,0.921494120419,0.0,0.0,0.0,0.0,0.0,0.0,0.075465760191,0.0164420645557,0.330854517454,0.269924826782,0.90290231546
 08/10  10:00:00,0.713680511679,0.819815312163,0.0,0.0,0.0,0.0,0.0,0.0,0.060372604809,0.0131536523731,0.3467692427,0.276273011796,0.800786258734
 08/10  11:00:00,0.728065003051,0.729191148266,0.0,0.0,0.0,0.0,0.0,0.0,0.060372604809,0.0131536523731,0.361069091606,0.276357654263,0.710156264856
 08/10  12:00:00,0.712867676673,0.65829913828,0.0,0.0,0.0,0.0,0.0,0.0,0.060372604809,0.0131536523731,0.350527100905,0.271702318586,0.639584903749
 08/10  13:00:00,0.691181059582,0.617433158682,0.0,0.0,0.0,0.0,0.0,0.0,0.060372604809,0.0131536523731,0.319445169994,0.281097632407,0.598071796415
 08/10  14:00:00,0.682195376807,0.576944844427,0.0,0.0,0.0,0.0,0.0,0.0,0.060372604809,0.0131536523731,0.294631345917,0.296925773707,0.556493275974
 08/10  15:00:00,0.705614054772,0.583539909961,0.0,0.0,0.0,0.0,0.0,0.0,0.060372604809,0.0131536523731,0.301544742847,0.313431054743,0.561951495486
 08/10  16:00:00,0.809427784633,0.63747891399,0.0,0.0,0.0,0.0,0.0,0.0,0.0641458936545,0.013975755874,0.343460130304,0.3707340048,0.611943603322
 08/10  17:00:00,0.98891570632,0.750964727306,0.0,0.0,0.0,0.0,0.0,0.0,0.0830123378819,0.0180862715576,0.420322530775,0.450382566105,0.71994340583
 08/10  18:00:00,1.08927500225,0.854032017454,0.0,0.0,0.0,0.0,0.0,0.0,0.139611662205,0.0304178240723,0.383153984987,0.488979530988,0.820352225278
 08/10  19:00:00,1.16798682408,0.871977236769,0.0,0.0,0.0,0.0,0.0,0.0,0.27167673,0.0591914375,0.315283626754,0.504723029822,0.837213068387
 08/10  20:00:00,1.38655114924,0.813806707635,0.0,0.0,0.0,0.0,0.0,0.0,0.464114385886,0.101118699658,0.282131328171,0.522074735527,0.777847393434
 08/10  21:00:00,1.52029174042,0.740806711467,0.0,0.0,0.0,0.0,0.0,0.0,0.596179453681,0.129892313086,0.267221753354,0.5098862203,0.705686914329
 08/10  22:00:00,1.21722326866,0.622209332156,0.0,0.0,0.0,0.0,0.0,0.0,0.445247899862,0.097008173047,0.216614016064,0.441241179685,0.591817648477
 08/10  23:00:00,0.924410754143,0.49525871734,0.0,0.0,0.0,0.0,0.0,0.0,0.309409618455,0.0674124725097,0.147046288352,0.383430374827,0.468848909731
 08/10  24:00:00,0.625254618831,0.35970079722,0.0,0.0,0.0,0.0,0.0,0.0,0.158478064636,0.0345283324708,0.0979808984401,0.317155323284,0.337855863641
 08/11  01:00:00,0.507570490856,0.298232689021,0.0,0.0,0.0,0.0,0.0,0.0,0.0943321793405,0.020552578418,0.0835572224677,0.29201651063,0.278119259385
 08/11  02:00:00,0.455581405745,0.282099448407,0.0,0.0,0.0,0.0,0.0,0.0,0.0641458936545,0.013975755874,0.0717169442605,0.288630811956,0.262219217956
 08/11  03:00:00,0.444029100909,0.286689664467,0.0,0.0,0.0,0.0,0.0,0.0,0.0641458936545,0.013975755874,0.0642274778329,0.284567973547,0.267089273036
 08/11  04:00:00,0.442652863652,0.333571450231,0.0,0.0,0.0,0.0,0.0,0.0,0.0641458936545,0.013975755874,0.0736008338661,0.273818380258,0.31471146621
 08/11  05:00:00,0.490848706113,0.544226274596,0.0,0.0,0.0,0.0,0.0,0.0,0.0679191825,0.014797859375,0.0854603589124,0.305559305326,0.523180048223
 08/11  06:00:00,0.639253840056,0.936410865808,0.0,0.0,0.0,0.0,0.0,0.0,0.10942536816,0.023840999707,0.135831742961,0.353043729228,0.912094020877
 08/11  07:00:00,0.850910882965,1.04361462653,0.0,0.0,0.0,0.0,0.0,0.0,0.192437655886,0.0419272621582,0.209298551845,0.375135413076,1.01777615692
 08/11  08:00:00,0.787985797338,1.01042203856,0.0,0.0,0.0,0.0,0.0,0.0,0.150931553819,0.0328841218263,0.269902798408,0.317155323284,0.988577104977
 08/11  09:00:00,0.709799168983,0.920695061681,0.0,0.0,0.0,0.0,0.0,0.0,0.075465760191,0.0164420645557,0.330854517454,0.269924826782,0.902103256721
 08/11  10:00:00,0.713680511679,0.819607122475,0.0,0.0,0.0,0.0,0.0,0.0,0.060372604809,0.0131536523731,0.3467692427,0.276273011796,0.800578069046
 08/11  11:00:00,0.728065003051,0.729211472799,0.0,0.0,0.0,0.0,0.0,0.0,0.060372604809,0.0131536523731,0.361069091606,0.276357654263,0.71017658939
 08/11  12:00:00,0.712867676673,0.658173051804,0.0,0.0,0.0,0.0,0.0,0.0,0.060372604809,0.0131536523731,0.350527100905,0.271702318586,0.639458817273
 08/11  13:00:00,0.691181059582,0.617489405553,0.0,0.0,0.0,0.0,0.0,0.0,0.060372604809,0.0131536523731,0.319445169994,0.281097632407,0.598128043286
 08/11  14:00:00,0.682195376807,0.577265209174,0.0,0.0,0.0,0.0,0.0,0.0,0.060372604809,0.0131536523731,0.294631345917,0.296925773707,0.556813640721
 08/11  15:00:00,0.705614054772,0.58419892704,0.0,0.0,0.0,0.0,0.0,0.0,0.060372604809,0.0131536523731,0.301544742847,0.313431054743,0.562610512564
 08/11  16:00:00,0.809427784633,0.638575368616,0.0,0.0,0.0,0.0,0.0,0.0,0.0641458936545,0.013975755874,0.343460130304,0.3707340048,0.613040057948
 08/11  17:00:00,0.98891570632,0.7521939666,0.0,0.0,0.0,0.0,0.0,0.0,0.0830123378819,0.0180862715576,0.420322530775,0.450382566105,0.721172645124
 08/11  18:00:00,1.08927500225,0.855209926896,0.0,0.0,0.0,0.0,0.0,0.0,0.139611662205,0.0304178240723,0.383153984987,0.488979530988,0.82153013472
 08/11  19:00:00,1.16798682408,0.873160306878,0.0,0.0,0.0,0.0,0.0,0.0,0.27167673,0.0591914375,0.315283626754,0.504723029822,0.838396138496
 08/11  20:00:00,1.38655114924,0.814898288955,0.0,0.0,0.0,0.0,0.0,0.0,0.464114385886,0.101118699658,0.282131328171,0.522074735527,0.778938974753
 08/11  21:00:00,1.52029174042,0.74177836512,0.0,0.0,0.0,0.0,0.0,0.0,0.596179453681,0.129892313086,0.267221753354,0.5098862203,0.706658567982
 08/11  22:00:00,1.21722326866,0.623158739199,0.0,0.0,0.0,0.0,0.0,0.0,0.445247899862,0.097008173047,0.216614016064,0.441241179685,0.59276705552
 08/11  23:00:00,0.924410754143,0.496208269202,0.0,0.0,0.0,0.0,0.0,0.0,0.309409618455,0.0674124725097,0.147046288352,0.383430374827,0.469798461593
 08/11  24:00:00,0.625254618831,0.360669457471,0.0,0.0,0.0,0.0,0.0,0.0,0.158478064636,0.0345283324708,0.0979808984401,0.317155323284,0.338824523893
 08/12  01:00:00,0.488762044603,0.241643122581,0.0,0.0,0.0,0.0,0.0,0.0,0.0943321793405,0.020552578418,0.0647487762143,0.29201651063,0.221529692945
 08/12  02:00:00,0.443038230532,0.241564439265,0.0,0.0,0.0,0.0,0.0,0.0,0.0641458936545,0.013975755874,0.0591737690473,0.288630811956,0.221684208813
 08/12  03:00:00,0.437346884419,0.241363058586,0.0,0.0,0.0,0.0,0.0,0.0,0.0641458936545,0.013975755874,0.0575452613432,0.284567973547,0.221762667155
 08/12  04:00:00,0.430125854987,0.240718229198,0.0,0.0,0.0,0.0,0.0,0.0,0.0641458936545,0.013975755874,0.0610738252006,0.273818380258,0.221858245177
 08/12  05:00:00,0.470799907696,0.243024411622,0.0,0.0,0.0,0.0,0.0,0.0,0.0679191825,0.014797859375,0.0654115604945,0.305559305326,0.221978185249
 08/12  06:00:00,0.58826790668,0.246412202435,0.0,0.0,0.0,0.0,0.0,0.0,0.10942536816,0.023840999707,0.0848458095854,0.353043729228,0.222095357504
 08/12  07:00:00,0.751051584729,0.248046777024,0.0,0.0,0.0,0.0,0.0,0.0,0.192437655886,0.0419272621582,0.109439253609,0.375135413076,0.222208307417
 08/12  08:00:00,0.633084971503,0.244037817488,0.0,0.0,0.0,0.0,0.0,0.0,0.150931553819,0.0328841218263,0.115001972574,0.317155323284,0.222192883909
 08/12  09:00:00,0.49738547076,0.240734894805,0.0,0.0,0.0,0.0,0.0,0.0,0.075465760191,0.0164420645557,0.118440819231,0.269924826782,0.222143089846
 08/12  10:00:00,0.476350522587,0.241091065473,0.0,0.0,0.0,0.0,0.0,0.0,0.060372604809,0.0131536523731,0.109439253609,0.276273011796,0.222062012043
 08/12  11:00:00,0.485122923843,0.241039337127,0.0,0.0,0.0,0.0,0.0,0.0,0.060372604809,0.0131536523731,0.118127012398,0.276357654263,0.222004453718
 08/12  12:00:00,0.492008838332,0.240589885009,0.0,0.0,0.0,0.0,0.0,0.0,0.060372604809,0.0131536523731,0.129668262563,0.271702318586,0.221875650478
 08/12  13:00:00,0.488366369866,0.241180043979,0.0,0.0,0.0,0.0,0.0,0.0,0.060372604809,0.0131536523731,0.116630480278,0.281097632407,0.221818681712
 08/12  14:00:00,0.500782364285,0.242151955578,0.0,0.0,0.0,0.0,0.0,0.0,0.060372604809,0.0131536523731,0.113218333395,0.296925773707,0.221700387125
 08/12  15:00:00,0.533737574488,0.242962313244,0.0,0.0,0.0,0.0,0.0,0.0,0.060372604809,0.0131536523731,0.129668262563,0.313431054743,0.221373898768
 08/12  16:00:00,0.642372837596,0.246852674111,0.0,0.0,0.0,0.0,0.0,0.0,0.0641458936545,0.013975755874,0.176405183267,0.3707340048,0.221317363442
 08/12  17:00:00,0.822396971939,0.252215878246,0.0,0.0,0.0,0.0,0.0,0.0,0.0830123378819,0.0180862715576,0.253803796394,0.450382566105,0.22119455677
 08/12  18:00:00,0.921137561838,0.254771863964,0.0,0.0,0.0,0.0,0.0,0.0,0.139611662205,0.0304178240723,0.215016544572,0.488979530988,0.221092071788
 08/12  19:00:00,0.996146651864,0.255815838534,0.0,0.0,0.0,0.0,0.0,0.0,0.27167673,0.0591914375,0.143443454541,0.504723029822,0.221051670151
 08/12  20:00:00,1.21540353244,0.25697478625,0.0,0.0,0.0,0.0,0.0,0.0,0.464114385886,0.101118699658,0.110983711367,0.522074735527,0.221015472048
 08/12  21:00:00,1.3497765209,0.256145497304,0.0,0.0,0.0,0.0,0.0,0.0,0.596179453681,0.129892313086,0.0967065338375,0.5098862203,0.221025700166
 08/12  22:00:00,1.08315714925,0.251400555836,0.0,0.0,0.0,0.0,0.0,0.0,0.445247899862,0.097008173047,0.0825478966538,0.441241179685,0.221008872157
 08/12  23:00:00,0.849736815854,0.247434610401,0.0,0.0,0.0,0.0,0.0,0.0,0.309409618455,0.0674124725097,0.0723723500616,0.383430374827,0.221024802793
 08/12  24:00:00,0.593261891849,0.242991040478,0.0,0.0,0.0,0.0,0.0,0.0,0.158478064636,0.0345283324708,0.0659881714582,0.317155323284,0.221146106899
 08/13  01:00:00,0.488762044603,0.241245364451,0.0,0.0,0.0,0.0,0.0,0.0,0.0943321793405,0.020552578418,0.0647487762143,0.29201651063,0.221131934815
 08/13  02:00:00,0.443038230532,0.240979953478,0.0,0.0,0.0,0.0,0.0,0.0,0.0641458936545,0.013975755874,0.0591737690473,0.288630811956,0.221099723026
 08/13  03:00:00,0.437346884419,0.240732372061,0.0,0.0,0.0,0.0,0.0,0.0,0.0641458936545,0.013975755874,0.0575452613432,0.284567973547,0.22113198063
 08/13  04:00:00,0.430125854987,0.24004602101,0.0,0.0,0.0,0.0,0.0,0.0,0.0641458936545,0.013975755874,0.0610738252006,0.273818380258,0.221186036989
 08/13  05:00:00,0.470799907696,0.242308289604,0.0,0.0,0.0,0.0,0.0,0.0,0.0679191825,0.014797859375,0.0654115604945,0.305559305326,0.221262063232
 08/13  06:00:00,0.58826790668,0.245743145697,0.0,0.0,0.0,0.0,0.0,0.0,0.10942536816,0.023840999707,0.0848458095854,0.353043729228,0.221426300766
 08/13  07:00:00,0.751051584729,0.247264517492,0.0,0.0,0.0,0.0,0.0,0.0,0.192437655886,0.0419272621582,0.109439253609,0.375135413076,0.221426047884
 08/13  08:00:00,0.633084971503,0.243088365784,0.0,0.0,0.0,0.0,0.0,0.0,0.150931553819,0.0328841218263,0.115001972574,0.317155323284,0.221243432206
 08/13  09:00:00,0.49738547076,0.239711255328,0.0,0.0,0.0,0.0,0.0,0.0,0.075465760191,0.0164420645557,0.118440819231,0.269924826782,0.221119450369
 08/13  10:00:00,0.476350522587,0.239901811175,0.0,0.0,0.0,0.0,0.0,0.0,0.060372604809,0.0131536523731,0.109439253609,0.276273011796,0.220872757746
 08/13  11:00:00,0.485122923843,0.239629494372,0.0,0.0,0.0,0.0,0.0,0.0,0.060372604809,0.0131536523731,0.118127012398,0.276357654263,0.220594610963
 08/13  12:00:00,0.492008838332,0.239025277468,0.0,0.0,0.0,0.0,0.0,0.0,0.060372604809,0.0131536523731,0.129668262563,0.271702318586,0.220311042937
 08/13  13:00:00,0.488366369866,0.239438429408,0.0,0.0,0.0,0.0,0.0,0.0,0.060372604809,0.0131536523731,0.116630480278,0.281097632407,0.220077067141
 08/13  14:00:00,0.500782364285,0.240226418263,0.0,0.0,0.0,0.0,0.0,0.0,0.060372604809,0.0131536523731,0.113218333395,0.296925773707,0.21977484981
 08/13  15:00:00,0.533737574488,0.241143302439,0.0,0.0,0.0,0.0,0.0,0.0,0.060372604809,0.0131536523731,0.129668262563,0.313431054743,0.219554887963
 08/13  16:00:00,0.642372837596,0.2449483047,0.0,0.0,0.0,0.0,0.0,0.0,0.0641458936545,0.013975755874,0.176405183267,0.3707340048,0.219412994032
 08/13  17:00:00,0.90398453231,0.250245423535,0.0,0.0,0.061010827361,0.0205767330101,0.0815875603711,0.0205767330101,0.0830123378819,0.0180862715576,0.253803796394,0.450382566105,0.219224102058
 08/13  18:00:00,1.04899114262,0.252812470072,0.0,0.0,0.0953524307837,0.0325011499969,0.127853580781,0.0325011499969,0.139611662205,0.0304178240723,0.215016544572,0.488979530988,0.219132677896
 08/13  19:00:00,1.12363794404,0.254058632014,0.0,0.0,0.0941230344741,0.0333682577053,0.127491292179,0.0333682577053,0.27167673,0.0591914375,0.143443454541,0.504723029822,0.219294463631
 08/13  20:00:00,1.32079637708,0.255444496719,0.0,0.0,0.0772546819638,0.0281381626787,0.105392844642,0.0281381626787,0.464114385886,0.101118699658,0.110983711367,0.522074735527,0.219485182518
 08/13  21:00:00,1.40235196904,0.254756822242,0.0,0.0,0.038311180726,0.0142642674094,0.0525754481354,0.0142642674094,0.596179453681,0.129892313086,0.0967065338375,0.5098862203,0.219637025104
 08/13  22:00:00,1.08315714925,0.250018211732,0.0,0.0,0.0,0.0,0.0,0.0,0.445247899862,0.097008173047,0.0825478966538,0.441241179685,0.219626528053
 08/13  23:00:00,0.849736815854,0.245941056551,0.0,0.0,0.0,0.0,0.0,0.0,0.309409618455,0.0674124725097,0.0723723500616,0.383430374827,0.219531248942
 08/13  24:00:00,0.593261891849,0.241392754566,0.0,0.0,0.0,0.0,0.0,0.0,0.158478064636,0.0345283324708,0.0659881714582,0.317155323284,0.219547820988
 08/14  01:00:00,0.488762044603,0.239796239797,0.0,0.0,0.0,0.0,0.0,0.0,0.0943321793405,0.020552578418,0.0647487762143,0.29201651063,0.219682810161
 08/14  02:00:00,0.443038230532,0.239649605874,0.0,0.0,0.0,0.0,0.0,0.0,0.0641458936545,0.013975755874,0.0591737690473,0.288630811956,0.219769375422
 08/14  03:00:00,0.437346884419,0.239498103775,0.0,0.0,0.0,0.0,0.0,0.0,0.0641458936545,0.013975755874,0.0575452613432,0.284567973547,0.219897712344
 08/14  04:00:00,0.430125854987,0.239056114222,0.0,0.0,0.0,0.0,0.0,0.0,0.0641458936545,0.013975755874,0.0610738252006,0.273818380258,0.220196130201
 08/14  05:00:00,0.470799907696,0.241457871858,0.0,0.0,0.0,0.0,0.0,0.0,0.0679191825,0.014797859375,0.0654115604945,0.305559305326,0.220411645486
 08/14  06:00:00,0.58826790668,0.244803284038,0.0,0.0,0.0,0.0,0.0,0.0,0.10942536816,0.023840999707,0.0848458095854,0.353043729228,0.220486439107
 08/14  07:00:00,0.751051584729,0.246360062068,0.0,0.0,0.0,0.0,0.0,0.0,0.192437655886,0.0419272621582,0.109439253609,0.375135413076,0.22052159246
 08/14  08:00:00,0.633084971503,0.242052885146,0.0,0.0,0.0,0.0,0.0,0.0,0.150931553819,0.0328841218263,0.115001972574,0.317155323284,0.220207951568
 08/14  09:00:00,0.49738547076,0.238474598715,0.0,0.0,0.0,0.0,0.0,0.0,0.075465760191,0.0164420645557,0.118440819231,0.269924826782,0.219882793756
 08/14  10:00:00,0.476350522587,0.238438803907,0.0,0.0,0.0,0.0,0.0,0.0,0.060372604809,0.0131536523731,0.109439253609,0.276273011796,0.219409750477
 08/14  11:00:00,0.485122923843,0.237945832334,0.0,0.0,0.0,0.0,0.0,0.0,0.060372604809,0.0131536523731,0.118127012398,0.276357654263,0.218910948925
 08/14  12:00:00,0.492008838332,0.237306368832,0.0,0.0,0.0,0.0,0.0,0.0,0.060372604809,0.0131536523731,0.129668262563,0.271702318586,0.218592134301
 08/14  13:00:00,0.488366369866,0.237622626318,0.0,0.0,0.0,0.0,0.0,0.0,0.060372604809,0.0131536523731,0.116630480278,0.281097632407,0.218261264051
 08/14  14:00:00,0.607055951362,0.238640945942,0.0,0.0,0.0801508660497,0.0261227210276,0.106273587077,0.0261227210276,0.060372604809,0.0131536523731,0.113218333395,0.296925773707,0.218189377489
 08/14  15:00:00,0.802659721504,0.239759565518,0.0,0.0,0.202296041954,0.0666261050615,0.268922147016,0.0666261050615,0.060372604809,0.0131536523731,0.129668262563,0.313431054743,0.218171151042
 08/14  16:00:00,0.97702851036,0.243899041106,0.0,0.0,0.25034782065,0.0843078521145,0.334655672765,0.0843078521145,0.0641458936545,0.013975755874,0.176405183267,0.3707340048,0.218363730438
 08/14  17:00:00,1.18813664581,0.249705502404,0.0,0.0,0.270614641089,0.0951250327842,0.365739673874,0.0951250327842,0.0830123378819,0.0180862715576,0.253803796394,0.450382566105,0.218684180927
 08/14  18:00:00,1.27750319946,0.252410637222,0.0,0.0,0.263090631145,0.0932750064823,0.356365637627,0.0932750064823,0.139611662205,0.0304178240723,0.215016544572,0.488979530988,0.218730845046
 08/14  19:00:00,1.27973679482,0.253542003762,0.0,0.0,0.208379857842,0.0752102851136,0.283590142955,0.0752102851136,0.27167673,0.0591914375,0.143443454541,0.504723029822,0.21877783538
 08/14  20:00:00,1.42585674224,0.254772314999,0.0,0.0,0.153964752017,0.0564884577835,0.2104532098,0.0564884577835,0.464114385886,0.101118699658,0.110983711367,0.522074735527,0.218813000797
 08/14  21:00:00,1.4704515625,0.254038318833,0.0,0.0,0.0877600139709,0.0329150276288,0.1206750416,0.0329150276288,0.596179453681,0.129892313086,0.0967065338375,0.5098862203,0.218918521695
 08/14  22:00:00,1.09994552357,0.249294852929,0.0,0.0,0.0121867840395,0.00460159027763,0.0167883743172,0.00460159027763,0.445247899862,0.097008173047,0.0825478966538,0.441241179685,0.21890316925
 08/14  23:00:00,0.849736815854,0.245233131839,0.0,0.0,0.0,0.0,0.0,0.0,0.309409618455,0.0674124725097,0.0723723500616,0.383430374827,0.21882332423
 08/14  24:00:00,0.593261891849,0.240631779559,0.0,0.0,0.0,0.0,0.0,0.0,0.158478064636,0.0345283324708,0.0659881714582,0.317155323284,0.21878684598
 08/15  01:00:00,0.488762044603,0.23908276433,0.0,0.0,0.0,0.0,0.0,0.0,0.0943321793405,0.020552578418,0.0647487762143,0.29201651063,0.218969334694
 08/15  02:00:00,0.443038230532,0.239116422501,0.0,0.0,0.0,0.0,0.0,0.0,0.0641458936545,0.013975755874,0.0591737690473,0.288630811956,0.219236192049
 08/15  03:00:00,0.437346884419,0.238948888427,0.0,0.0,0.0,0.0,0.0,0.0,0.0641458936545,0.013975755874,0.0575452613432,0.284567973547,0.219348496997
 08/15  04:00:00,0.430125854987,0.23834859351,0.0,0.0,0.0,0.0,0.0,0.0,0.0641458936545,0.013975755874,0.0610738252006,0.273818380258,0.219488609489
 08/15  05:00:00,0.470799907696,0.240855544171,0.0,0.0,0.0,0.0,0.0,0.0,0.0679191825,0.014797859375,0.0654115604945,0.305559305326,0.219809317798
 08/15  06:00:00,0.58826790668,0.244209306783,0.0,0.0,0.0,0.0,0.0,0.0,0.10942536816,0.023840999707,0.0848458095854,0.353043729228,0.219892461853
 08/15  07:00:00,0.751051584729,0.245772414635,0.0,0.0,0.0,0.0,0.0,0.0,0.192437655886,0.0419272621582,0.109439253609,0.375135413076,0.219933945027
 08/15  08:00:00,0.633084971503,0.241342691216,0.0,0.0,0.0,0.0,0.0,0.0,0.150931553819,0.0328841218263,0.115001972574,0.317155323284,0.219497757638
 08/15  09:00:00,0.49738547076,0.237769995101,0.0,0.0,0.0,0.0,0.0,0.0,0.075465760191,0.0164420645557,0.118440819231,0.269924826782,0.219178190142
 08/15  10:00:00,0.476350522587,0.237969580505,0.0,0.0,0.0,0.0,0.0,0.0,0.060372604809,0.0131536523731,0.109439253609,0.276273011796,0.218940527075
 08/15  11:00:00,0.485122923843,0.237631114858,0.0,0.0,0.0,0.0,0.0,0.0,0.060372604809,0.0131536523731,0.118127012398,0.276357654263,0.218596231449
 08/15  12:00:00,0.492008838332,0.236973150274,0.0,0.0,0.0,0.0,0.0,0.0,0.060372604809,0.0131536523731,0.129668262563,0.271702318586,0.218258915743
 08/15  13:00:00,0.488366369866,0.237449749455,0.0,0.0,0.0,0.0,0.0,0.0,0.060372604809,0.0131536523731,0.116630480278,0.281097632407,0.218088387188
 08/15  14:00:00,0.532778698865,0.238156111514,0.0,0.0,0.024070484835,0.00792584974495,0.03199633458,0.00792584974495,0.060372604809,0.0131536523731,0.113218333395,0.296925773707,0.217704543061
 08/15  15:00:00,0.685641052389,0.239271783288,0.0,0.0,0.113926453806,0.0379770240951,0.151903477901,0.0379770240951,0.060372604809,0.0131536523731,0.129668262563,0.313431054743,0.217683368812
 08/15  16:00:00,0.888020137745,0.243345147463,0.0,0.0,0.183221161541,0.0624261386089,0.24564730015,0.0624261386089,0.0641458936545,0.013975755874,0.176405183267,0.3707340048,0.217809836795
 08/15  17:00:00,1.20715743634,0.248743745108,0.0,0.0,0.28782662906,0.0969338353364,0.384760464396,0.0969338353364,0.0830123378819,0.0180862715576,0.253803796394,0.450382566105,0.217722423632
 08/15  18:00:00,1.26389234235,0.251578113777,0.0,0.0,0.254306903597,0.0884478769182,0.342754780515,0.0884478769182,0.139611662205,0.0304178240723,0.215016544572,0.488979530988,0.217898321602
 08/15  19:00:00,1.2820606868,0.252810242722,0.0,0.0,0.211073650797,0.0748403841428,0.285914034939,0.0748403841428,0.27167673,0.0591914375,0.143443454541,0.504723029822,0.21804607434
 08/15  20:00:00,1.4605701177,0.253938180513,0.0,0.0,0.180519702185,0.0646468830724,0.245166585258,0.0646468830724,0.464114385886,0.101118699658,0.110983711367,0.522074735527,0.217978866312
 08/15  21:00:00,1.55001802871,0.253068524125,0.0,0.0,0.147130545801,0.0531109620011,0.200241507802,0.0531109620011,0.596179453681,0.129892313086,0.0967065338375,0.5098862203,0.217948726987
 08/15  22:00:00,1.19186492273,0.248317118581,0.0,0.0,0.0796814457165,0.0290263277651,0.108707773482,0.0290263277651,0.445247899862,0.097008173047,0.0825478966538,0.441241179685,0.217925434902
 08/15  23:00:00,0.875069617532,0.244240495816,0.0,0.0,0.0185689932539,0.00676380842417,0.0253328016781,0.00676380842417,0.309409618455,0.0674124725097,0.0723723500616,0.383430374827,0.217830688207
 08/15  24:00:00,0.593261891849,0.239485371499,0.0,0.0,0.0,0.0,0.0,0.0,0.158478064636,0.0345283324708,0.0659881714582,0.317155323284,0.21764043792
 08/16  01:00:00,0.488762044603,0.237752277369,0.0,0.0,0.0,0.0,0.0,0.0,0.0943321793405,0.020552578418,0.0647487762143,0.29201651063,0.217638847733
 08/16  02:00:00,0.443038230532,0.237484266901,0.0,0.0,0.0,0.0,0.0,0.0,0.0641458936545,0.013975755874,0.0591737690473,0.288630811956,0.21760403645
 08/16  03:00:00,0.437346884419,0.237278400393,0.0,0.0,0.0,0.0,0.0,0.0,0.0641458936545,0.013975755874,0.0575452613432,0.284567973547,0.217678008962
 08/16  04:00:00,0.430125854987,0.236709302515,0.0,0.0,0.0,0.0,0.0,0.0,0.0641458936545,0.013975755874,0.0610738252006,0.273818380258,0.217849318494
 08/16  05:00:00,0.470799907696,0.238908591195,0.0,0.0,0.0,0.0,0.0,0.0,0.0679191825,0.014797859375,0.0654115604945,0.305559305326,0.217862364822
 08/16  06:00:00,0.58826790668,0.242231892447,0.0,0.0,0.0,0.0,0.0,0.0,0.10942536816,0.023840999707,0.0848458095854,0.353043729228,0.217915047516
 08/16  07:00:00,0.751051584729,0.243884798262,0.0,0.0,0.0,0.0,0.0,0.0,0.192437655886,0.0419272621582,0.109439253609,0.375135413076,0.218046328655
 08/16  08:00:00,0.633084971503,0.23986481625,0.0,0.0,0.0,0.0,0.0,0.0,0.150931553819,0.0328841218263,0.115001972574,0.317155323284,0.218019882671
 08/16  09:00:00,0.49738547076,0.236397167995,0.0,0.0,0.0,0.0,0.0,0.0,0.075465760191,0.0164420645557,0.118440819231,0.269924826782,0.217805363036
 08/16  10:00:00,0.476350522587,0.236599213124,0.0,0.0,0.0,0.0,0.0,0.0,0.060372604809,0.0131536523731,0.109439253609,0.276273011796,0.217570159695
 08/16  11:00:00,0.485122923843,0.236226478327,0.0,0.0,0.0,0.0,0.0,0.0,0.060372604809,0.0131536523731,0.118127012398,0.276357654263,0.217191594918
 08/16  12:00:00,0.492008838332,0.236107272797,0.0,0.0,0.0,0.0,0.0,0.0,0.060372604809,0.0131536523731,0.129668262563,0.271702318586,0.217393038266
 08/16  13:00:00,0.488366369866,0.23695625934,0.0,0.0,0.0,0.0,0.0,0.0,0.060372604809,0.0131536523731,0.116630480278,0.281097632407,0.217594897073
 08/16  14:00:00,0.545580906713,0.237802622959,0.0,0.0,0.0329182856431,0.0118802567855,0.0447985424286,0.0118802567855,0.060372604809,0.0131536523731,0.113218333395,0.296925773707,0.217351054506
 08/16  15:00:00,0.630091195977,0.238927588325,0.0,0.0,0.0709437450772,0.0254098764112,0.0963536214883,0.0254098764112,0.060372604809,0.0131536523731,0.129668262563,0.313431054743,0.217339173849
 08/16  16:00:00,0.760450139926,0.242937312477,0.0,0.0,0.086531736154,0.0315455661765,0.118077302331,0.0315455661765,0.0641458936545,0.013975755874,0.176405183267,0.3707340048,0.217402001809
 08/16  17:00:00,1.01235899735,0.248457910722,0.0,0.0,0.140204488077,0.0497575373356,0.189962025412,0.0497575373356,0.0830123378819,0.0180862715576,0.253803796394,0.450382566105,0.217436589246
 08/16  18:00:00,1.10633158508,0.250889677777,0.0,0.0,0.13603763894,0.0491563842981,0.185194023238,0.0491563842981,0.139611662205,0.0304178240723,0.215016544572,0.488979530988,0.217209885601
 08/16  19:00:00,1.15608165843,0.252040776275,0.0,0.0,0.117198124376,0.042736882193,0.159935006569,0.042736882193,0.27167673,0.0591914375,0.143443454541,0.504723029822,0.217276607893
 08/16  20:00:00,1.31770170052,0.25350802762,0.0,0.0,0.0743735928277,0.0279245752589,0.102298168087,0.0279245752589,0.464114385886,0.101118699658,0.110983711367,0.522074735527,0.217548713418
 08/16  21:00:00,1.43533278102,0.252566571138,0.0,0.0,0.0623234113869,0.0232328487268,0.0855562601137,0.0232328487268,0.596179453681,0.129892313086,0.0967065338375,0.5098862203,0.217446773999
 08/16  22:00:00,1.08710148802,0.247787083623,0.0,0.0,0.00286777544808,0.00107656332226,0.00394433877034,0.00107656332226,0.445247899862,0.097008173047,0.0825478966538,0.441241179685,0.217395399945
 08/16  23:00:00,0.849736815854,0.243833831878,0.0,0.0,0.0,0.0,0.0,0.0,0.309409618455,0.0674124725097,0.0723723500616,0.383430374827,0.217424024269
 08/16  24:00:00,0.593261891849,0.239328433607,0.0,0.0,0.0,0.0,0.0,0.0,0.158478064636,0.0345283324708,0.0659881714582,0.317155323284,0.217483500028
 08/17  01:00:00,0.488762044603,0.237847397159,0.0,0.0,0.0,0.0,0.0,0.0,0.0943321793405,0.020552578418,0.0647487762143,0.29201651063,0.217733967523
 08/17  02:00:00,0.443038230532,0.237850339632,0.0,0.0,0.0,0.0,0.0,0.0,0.0641458936545,0.013975755874,0.0591737690473,0.288630811956,0.217970109181
 08/17  03:00:00,0.437346884419,0.237757602465,0.0,0.0,0.0,0.0,0.0,0.0,0.0641458936545,0.013975755874,0.0575452613432,0.284567973547,0.218157211034
 08/17  04:00:00,0.430125854987,0.237372307974,0.0,0.0,0.0,0.0,0.0,0.0,0.0641458936545,0.013975755874,0.0610738252006,0.273818380258,0.218512323953
 08/17  05:00:00,0.470799907696,0.239871603816,0.0,0.0,0.0,0.0,0.0,0.0,0.0679191825,0.014797859375,0.0654115604945,0.305559305326,0.218825377444
 08/17  06:00:00,0.58826790668,0.243182015746,0.0,0.0,0.0,0.0,0.0,0.0,0.10942536816,0.023840999707,0.0848458095854,0.353043729228,0.218865170816
 08/17  07:00:00,0.751051584729,0.244795805545,0.0,0.0,0.0,0.0,0.0,0.0,0.192437655886,0.0419272621582,0.109439253609,0.375135413076,0.218957335938
 08/17  08:00:00,0.633084971503,0.240556599499,0.0,0.0,0.0,0.0,0.0,0.0,0.150931553819,0.0328841218263,0.115001972574,0.317155323284,0.218711665921
 08/17  09:00:00,0.49738547076,0.236859138404,0.0,0.0,0.0,0.0,0.0,0.0,0.075465760191,0.0164420645557,0.118440819231,0.269924826782,0.218267333444
 08/17  10:00:00,0.476350522587,0.237113221798,0.0,0.0,0.0,0.0,0.0,0.0,0.060372604809,0.0131536523731,0.109439253609,0.276273011796,0.218084168368
 08/17  11:00:00,0.485122923843,0.237011653901,0.0,0.0,0.0,0.0,0.0,0.0,0.060372604809,0.0131536523731,0.118127012398,0.276357654263,0.217976770492
 08/17  12:00:00,0.492008838332,0.236521460957,0.0,0.0,0.0,0.0,0.0,0.0,0.060372604809,0.0131536523731,0.129668262563,0.271702318586,0.217807226426
 08/17  13:00:00,0.488366369866,0.236882222918,0.0,0.0,0.0,0.0,0.0,0.0,0.060372604809,0.0131536523731,0.116630480278,0.281097632407,0.217520860651
 08/17  14:00:00,0.500782364285,0.237827739373,0.0,0.0,0.0,0.0,0.0,0.0,0.060372604809,0.0131536523731,0.113218333395,0.296925773707,0.21737617092
 08/17  15:00:00,0.533737574488,0.238845083519,0.0,0.0,0.0,0.0,0.0,0.0,0.060372604809,0.0131536523731,0.129668262563,0.313431054743,0.217256669043
 08/17  16:00:00,0.709697244457,0.242568906188,0.0,0.0,0.0498002109484,0.017524195913,0.0673244068614,0.017524195913,0.0641458936545,0.013975755874,0.176405183267,0.3707340048,0.21703359552
 08/17  17:00:00,0.96513075195,0.24800605516,0.0,0.0,0.10534182152,0.0373919584907,0.142733780011,0.0373919584907,0.0830123378819,0.0180862715576,0.253803796394,0.450382566105,0.216984733684
 08/17  18:00:00,1.0954424006,0.250761066789,0.0,0.0,0.128046598711,0.046258240049,0.17430483876,0.046258240049,0.139611662205,0.0304178240723,0.215016544572,0.488979530988,0.217081274614
 08/17  19:00:00,1.0995441093,0.252248239729,0.0,0.0,0.0751835805759,0.0282138768599,0.103397457436,0.0282138768599,0.27167673,0.0591914375,0.143443454541,0.504723029822,0.217484071346
 08/17  20:00:00,1.26859179038,0.253614116641,0.0,0.0,0.0385516704939,0.0146365874456,0.0531882579395,0.0146365874456,0.464114385886,0.101118699658,0.110983711367,0.522074735527,0.21765480244
 08/17  21:00:00,1.3497765209,0.252819542704,0.0,0.0,0.0,0.0,0.0,0.0,0.596179453681,0.129892313086,0.0967065338375,0.5098862203,0.217699745566
 08/17  22:00:00,1.08315714925,0.248197852435,0.0,0.0,0.0,0.0,0.0,0.0,0.445247899862,0.097008173047,0.0825478966538,0.441241179685,0.217806168757
 08/17  23:00:00,0.849736815854,0.244452992684,0.0,0.0,0.0,0.0,0.0,0.0,0.309409618455,0.0674124725097,0.0723723500616,0.383430374827,0.218043185075
 08/17  24:00:00,0.593261891849,0.240253494796,0.0,0.0,0.0,0.0,0.0,0.0,0.158478064636,0.0345283324708,0.0659881714582,0.317155323284,0.218408561217
 08/18  01:00:00,0.488762044603,0.238681727767,0.0,0.0,0.0,0.0,0.0,0.0,0.0943321793405,0.020552578418,0.0647487762143,0.29201651063,0.218568298131
 08/18  02:00:00,0.443038230532,0.238689455669,0.0,0.0,0.0,0.0,0.0,0.0,0.0641458936545,0.013975755874,0.0591737690473,0.288630811956,0.218809225217
 08/18  03:00:00,0.437346884419,0.238652862051,0.0,0.0,0.0,0.0,0.0,0.0,0.0641458936545,0.013975755874,0.0575452613432,0.284567973547,0.21905247062
 08/18  04:00:00,0.430125854987,0.238386879379,0.0,0.0,0.0,0.0,0.0,0.0,0.0641458936545,0.013975755874,0.0610738252006,0.273818380258,0.219526895358
 08/18  05:00:00,0.470799907696,0.240678778313,0.0,0.0,0.0,0.0,0.0,0.0,0.0679191825,0.014797859375,0.0654115604945,0.305559305326,0.21963255194
 08/18  06:00:00,0.58826790668,0.24423743884,0.0,0.0,0.0,0.0,0.0,0.0,0.10942536816,0.023840999707,0.0848458095854,0.353043729228,0.219920593909
 08/18  07:00:00,0.751051584729,0.245948849462,0.0,0.0,0.0,0.0,0.0,0.0,0.192437655886,0.0419272621582,0.109439253609,0.375135413076,0.220110379854
 08/18  08:00:00,0.633084971503,0.241913944457,0.0,0.0,0.0,0.0,0.0,0.0,0.150931553819,0.0328841218263,0.115001972574,0.317155323284,0.220069010879
 08/18  09:00:00,0.49738547076,0.238411108548,0.0,0.0,0.0,0.0,0.0,0.0,0.075465760191,0.0164420645557,0.118440819231,0.269924826782,0.219819303589
 08/18  10:00:00,0.476350522587,0.238504420961,0.0,0.0,0.0,0.0,0.0,0.0,0.060372604809,0.0131536523731,0.109439253609,0.276273011796,0.219475367532
 08/18  11:00:00,0.485122923843,0.238055020621,0.0,0.0,0.0,0.0,0.0,0.0,0.060372604809,0.0131536523731,0.118127012398,0.276357654263,0.219020137212
 08/18  12:00:00,0.492008838332,0.237379524036,0.0,0.0,0.0,0.0,0.0,0.0,0.060372604809,0.0131536523731,0.129668262563,0.271702318586,0.218665289506
 08/18  13:00:00,0.488366369866,0.237823667574,0.0,0.0,0.0,0.0,0.0,0.0,0.060372604809,0.0131536523731,0.116630480278,0.281097632407,0.218462305307
 08/18  14:00:00,0.500782364285,0.238871052082,0.0,0.0,0.0,0.0,0.0,0.0,0.060372604809,0.0131536523731,0.113218333395,0.296925773707,0.218419483629
 08/18  15:00:00,0.533737574488,0.239740164207,0.0,0.0,0.0,0.0,0.0,0.0,0.060372604809,0.0131536523731,0.129668262563,0.313431054743,0.218151749731
 08/18  16:00:00,0.642372837596,0.243745405275,0.0,0.0,0.0,0.0,0.0,0.0,0.0641458936545,0.013975755874,0.176405183267,0.3707340048,0.218210094606
 08/18  17:00:00,0.822396971939,0.249239463403,0.0,0.0,0.0,0.0,0.0,0.0,0.0830123378819,0.0180862715576,0.253803796394,0.450382566105,0.218218141927
 08/18  18:00:00,0.921137561838,0.251889533534,0.0,0.0,0.0,0.0,0.0,0.0,0.139611662205,0.0304178240723,0.215016544572,0.488979530988,0.218209741359
 08/18  19:00:00,0.996146651864,0.253081492767,0.0,0.0,0.0,0.0,0.0,0.0,0.27167673,0.0591914375,0.143443454541,0.504723029822,0.218317324385
 08/18  20:00:00,1.21540353244,0.254355469787,0.0,0.0,0.0,0.0,0.0,0.0,0.464114385886,0.101118699658,0.110983711367,0.522074735527,0.218396155586
 08/18  21:00:00,1.3497765209,0.253545341757,0.0,0.0,0.0,0.0,0.0,0.0,0.596179453681,0.129892313086,0.0967065338375,0.5098862203,0.218425544619
 08/18  22:00:00,1.08315714925,0.248915506356,0.0,0.0,0.0,0.0,0.0,0.0,0.445247899862,0.097008173047,0.0825478966538,0.441241179685,0.218523822677
 08/18  23:00:00,0.849736815854,0.244943090512,0.0,0.0,0.0,0.0,0.0,0.0,0.309409618455,0.0674124725097,0.0723723500616,0.383430374827,0.218533282903
 08/18  24:00:00,0.593261891849,0.240393573735,0.0,0.0,0.0,0.0,0.0,0.0,0.158478064636,0.0345283324708,0.0659881714582,0.317155323284,0.218548640156
 08/19  01:00:00,0.511517514932,0.302274823305,0.0,0.0,0.0,0.0,0.0,0.0,0.0943321793405,0.020552578418,0.0875042465431,0.29201651063,0.282161393669
 08/19  02:00:00,0.458192644172,0.284598571667,0.0,0.0,0.0,0.0,0.0,0.0,0.0641458936545,0.013975755874,0.0743281826877,0.288630811956,0.264718341216
 08/19  03:00:00,0.445394505081,0.289296382107,0.0,0.0,0.0,0.0,0.0,0.0,0.0641458936545,0.013975755874,0.0655928820049,0.284567973547,0.269695990676
 08/19  04:00:00,0.445324019268,0.34089717795,0.0,0.0,0.0,0.0,0.0,0.0,0.0641458936545,0.013975755874,0.0762719894816,0.273818380258,0.322037193929
 08/19  05:00:00,0.494945398714,0.570078835943,0.0,0.0,0.0,0.0,0.0,0.0,0.0679191825,0.014797859375,0.0895570515125,0.305559305326,0.54903260957
 08/19  06:00:00,0.649879352274,0.99856675901,0.0,0.0,0.0,0.0,0.0,0.0,0.10942536816,0.023840999707,0.146457255179,0.353043729228,0.97424991408
 08/19  07:00:00,0.872072244885,1.11912113405,0.0,0.0,0.0,0.0,0.0,0.0,0.192437655886,0.0419272621582,0.230459913765,0.375135413076,1.09328266444
 08/19  08:00:00,0.82042309823,1.08924326136,0.0,0.0,0.0,0.0,0.0,0.0,0.150931553819,0.0328841218263,0.3023400993,0.317155323284,1.06739832779
 08/19  09:00:00,0.754830227449,0.993052050772,0.0,0.0,0.0,0.0,0.0,0.0,0.075465760191,0.0164420645557,0.37588557592,0.269924826782,0.974460245813
 08/19  10:00:00,0.764596740968,0.88115568975,0.0,0.0,0.0,0.0,0.0,0.0,0.060372604809,0.0131536523731,0.39768547199,0.276273011796,0.86212663632
 08/19  11:00:00,0.78055376257,0.779565825771,0.0,0.0,0.0,0.0,0.0,0.0,0.060372604809,0.0131536523731,0.413557851125,0.276357654263,0.760530942362
 08/19  12:00:00,0.760678182764,0.701982077787,0.0,0.0,0.0,0.0,0.0,0.0,0.060372604809,0.0131536523731,0.398337606996,0.271702318586,0.683267843256
 08/19  13:00:00,0.734769092097,0.655343745264,0.0,0.0,0.0,0.0,0.0,0.0,0.060372604809,0.0131536523731,0.363033202508,0.281097632407,0.635982382997
 08/19  14:00:00,0.721320948982,0.61130566227,0.0,0.0,0.0,0.0,0.0,0.0,0.060372604809,0.0131536523731,0.333756918092,0.296925773707,0.590854093817
 08/19  15:00:00,0.742673027628,0.61794727845,0.0,0.0,0.0,0.0,0.0,0.0,0.060372604809,0.0131536523731,0.338603715702,0.313431054743,0.596358863974
 08/19  16:00:00,0.84534570388,0.680354185037,0.0,0.0,0.0,0.0,0.0,0.0,0.0641458936545,0.013975755874,0.379378049552,0.3707340048,0.654818874369
 08/19  17:00:00,1.02426763654,0.803229790281,0.0,0.0,0.0,0.0,0.0,0.0,0.0830123378819,0.0180862715576,0.45567446099,0.450382566105,0.772208468805
 08/19  18:00:00,1.12358531779,0.922346455142,0.0,0.0,0.0,0.0,0.0,0.0,0.139611662205,0.0304178240723,0.417464300526,0.488979530988,0.888666662966
 08/19  19:00:00,1.20223157827,0.948529285552,0.0,0.0,0.0,0.0,0.0,0.0,0.27167673,0.0591914375,0.349528380947,0.504723029822,0.913765117169
 08/19  20:00:00,1.42140651957,0.886562428451,0.0,0.0,0.0,0.0,0.0,0.0,0.464114385886,0.101118699658,0.316986698499,0.522074735527,0.85060311425
 08/19  21:00:00,1.55589859789,0.801458075249,0.0,0.0,0.0,0.0,0.0,0.0,0.596179453681,0.129892313086,0.302828610822,0.5098862203,0.766338278111
 08/19  22:00:00,1.24551648058,0.669618350392,0.0,0.0,0.0,0.0,0.0,0.0,0.445247899862,0.097008173047,0.244907227988,0.441241179685,0.639226666713
 08/19  23:00:00,0.939945599479,0.524415035106,0.0,0.0,0.0,0.0,0.0,0.0,0.309409618455,0.0674124725097,0.162581133687,0.383430374827,0.498005227498
 08/19  24:00:00,0.631828301908,0.369829678511,0.0,0.0,0.0,0.0,0.0,0.0,0.158478064636,0.0345283324708,0.104554581517,0.317155323284,0.347984744933
 08/20  01:00:00,0.511517514932,0.302927388293,0.0,0.0,0.0,0.0,0.0,0.0,0.0943321793405,0.020552578418,0.0875042465431,0.29201651063,0.282813958657
 08/20  02:00:00,0.458192644172,0.285097304911,0.0,0.0,0.0,0.0,0.0,0.0,0.0641458936545,0.013975755874,0.0743281826877,0.288630811956,0.265217074459
 08/20  03:00:00,0.445394505081,0.289882471245,0.0,0.0,0.0,0.0,0.0,0.0,0.0641458936545,0.013975755874,0.0655928820049,0.284567973547,0.270282079814
 08/20  04:00:00,0.445324019268,0.341550911109,0.0,0.0,0.0,0.0,0.0,0.0,0.0641458936545,0.013975755874,0.0762719894816,0.273818380258,0.322690927088
 08/20  05:00:00,0.494945398714,0.570589856488,0.0,0.0,0.0,0.0,0.0,0.0,0.0679191825,0.014797859375,0.0895570515125,0.305559305326,0.549543630116
 08/20  06:00:00,0.649879352274,0.998865569904,0.0,0.0,0.0,0.0,0.0,0.0,0.10942536816,0.023840999707,0.146457255179,0.353043729228,0.974548724973
 08/20  07:00:00,0.872072244885,1.11957776089,0.0,0.0,0.0,0.0,0.0,0.0,0.192437655886,0.0419272621582,0.230459913765,0.375135413076,1.09373929129
 08/20  08:00:00,0.82042309823,1.08965900827,0.0,0.0,0.0,0.0,0.0,0.0,0.150931553819,0.0328841218263,0.3023400993,0.317155323284,1.06781407469
 08/20  09:00:00,0.754830227449,0.993150124282,0.0,0.0,0.0,0.0,0.0,0.0,0.075465760191,0.0164420645557,0.37588557592,0.269924826782,0.974558319323
 08/20  10:00:00,0.764596740968,0.881258293763,0.0,0.0,0.0,0.0,0.0,0.0,0.060372604809,0.0131536523731,0.39768547199,0.276273011796,0.862229240333
 08/20  11:00:00,0.78055376257,0.779999374173,0.0,0.0,0.0,0.0,0.0,0.0,0.060372604809,0.0131536523731,0.413557851125,0.276357654263,0.760964490764
 08/20  12:00:00,0.760678182764,0.702092842161,0.0,0.0,0.0,0.0,0.0,0.0,0.060372604809,0.0131536523731,0.398337606996,0.271702318586,0.68337860763
 08/20  13:00:00,0.734769092097,0.655198455787,0.0,0.0,0.0,0.0,0.0,0.0,0.060372604809,0.0131536523731,0.363033202508,0.281097632407,0.63583709352
 08/20  14:00:00,0.721320948982,0.611027924484,0.0,0.0,0.0,0.0,0.0,0.0,0.060372604809,0.0131536523731,0.333756918092,0.296925773707,0.590576356031
 08/20  15:00:00,0.742673027628,0.617530810072,0.0,0.0,0.0,0.0,0.0,0.0,0.060372604809,0.0131536523731,0.338603715702,0.313431054743,0.595942395596
 08/20  16:00:00,0.84534570388,0.679816697635,0.0,0.0,0.0,0.0,0.0,0.0,0.0641458936545,0.013975755874,0.379378049552,0.3707340048,0.654281386967
 08/20  17:00:00,1.02426763654,0.802306275073,0.0,0.0,0.0,0.0,0.0,0.0,0.0830123378819,0.0180862715576,0.45567446099,0.450382566105,0.771284953597
 08/20  18:00:00,1.12358531779,0.921285272234,0.0,0.0,0.0,0.0,0.0,0.0,0.139611662205,0.0304178240723,0.417464300526,0.488979530988,0.887605480058
 08/20  19:00:00,1.20223157827,0.94739390453,0.0,0.0,0.0,0.0,0.0,0.0,0.27167673,0.0591914375,0.349528380947,0.504723029822,0.912629736147
 08/20  20:00:00,1.44494220152,0.885290756067,0.0,0.0,0.017217251126,0.0063184308291,0.023535681955,0.0063184308291,0.464114385886,0.101118699658,0.316986698499,0.522074735527,0.849331441865
 08/20  21:00:00,1.59162139305,0.800185751106,0.0,0.0,0.026131125557,0.00959166960599,0.035722795163,0.00959166960599,0.596179453681,0.129892313086,0.302828610822,0.5098862203,0.765065953968
 08/20  22:00:00,1.24551648058,0.668377654568,0.0,0.0,0.0,0.0,0.0,0.0,0.445247899862,0.097008173047,0.244907227988,0.441241179685,0.63798597089
 08/20  23:00:00,0.939945599479,0.523223145861,0.0,0.0,0.0,0.0,0.0,0.0,0.309409618455,0.0674124725097,0.162581133687,0.383430374827,0.496813338252
 08/20  24:00:00,0.631828301908,0.368625533837,0.0,0.0,0.0,0.0,0.0,0.0,0.158478064636,0.0345283324708,0.104554581517,0.317155323284,0.346780600258
 08/21  01:00:00,0.507570490856,0.29569071528,0.0,0.0,0.0,0.0,0.0,0.0,0.0943321793405,0.020552578418,0.0835572224677,0.29201651063,0.275577285644
 08/21  02:00:00,0.455581405745,0.279538201998,0.0,0.0,0.0,0.0,0.0,0.0,0.0641458936545,0.013975755874,0.0717169442605,0.288630811956,0.259657971547
 08/21  03:00:00,0.444029100909,0.28407413302,0.0,0.0,0.0,0.0,0.0,0.0,0.0641458936545,0.013975755874,0.0642274778329,0.284567973547,0.26447374159
 08/21  04:00:00,0.442652863652,0.330574343253,0.0,0.0,0.0,0.0,0.0,0.0,0.0641458936545,0.013975755874,0.0736008338661,0.273818380258,0.311714359232
 08/21  05:00:00,0.490848706113,0.541060767624,0.0,0.0,0.0,0.0,0.0,0.0,0.0679191825,0.014797859375,0.0854603589124,0.305559305326,0.520014541251
 08/21  06:00:00,0.639253840056,0.933083918805,0.0,0.0,0.0,0.0,0.0,0.0,0.10942536816,0.023840999707,0.135831742961,0.353043729228,0.908767073875
 08/21  07:00:00,0.850910882965,1.04015151176,0.0,0.0,0.0,0.0,0.0,0.0,0.192437655886,0.0419272621582,0.209298551845,0.375135413076,1.01431304215
 08/21  08:00:00,0.787985797338,1.00686238292,0.0,0.0,0.0,0.0,0.0,0.0,0.150931553819,0.0328841218263,0.269902798408,0.317155323284,0.985017449339
 08/21  09:00:00,0.709799168983,0.917020310932,0.0,0.0,0.0,0.0,0.0,0.0,0.075465760191,0.0164420645557,0.330854517454,0.269924826782,0.898428505973
 08/21  10:00:00,0.713680511679,0.815687709874,0.0,0.0,0.0,0.0,0.0,0.0,0.060372604809,0.0131536523731,0.3467692427,0.276273011796,0.796658656445
 08/21  11:00:00,0.728065003051,0.725272320748,0.0,0.0,0.0,0.0,0.0,0.0,0.060372604809,0.0131536523731,0.361069091606,0.276357654263,0.706237437339
 08/21  12:00:00,0.712867676673,0.654387058492,0.0,0.0,0.0,0.0,0.0,0.0,0.060372604809,0.0131536523731,0.350527100905,0.271702318586,0.635672823962
 08/21  13:00:00,0.69641651035,0.613646177596,0.0,0.0,0.00391612631447,0.00131932445309,0.00523545076756,0.00131932445309,0.060372604809,0.0131536523731,0.319445169994,0.281097632407,0.594284815329
 08/21  14:00:00,0.799856000782,0.573295738504,0.0,0.0,0.0882176999996,0.0294429239762,0.117660623976,0.0294429239762,0.060372604809,0.0131536523731,0.294631345917,0.296925773707,0.552844170051
 08/21  15:00:00,0.919841465744,0.579915457791,0.0,0.0,0.16016664061,0.0540607703618,0.214227410972,0.0540607703618,0.060372604809,0.0131536523731,0.301544742847,0.313431054743,0.558327043315
 08/21  16:00:00,1.13325054627,0.6341267796,0.0,0.0,0.242694646339,0.081128115303,0.323822761642,0.081128115303,0.0641458936545,0.013975755874,0.343460130304,0.3707340048,0.608591468932
 08/21  17:00:00,1.43785118679,0.747592385872,0.0,0.0,0.335617182155,0.113318298319,0.448935480474,0.113318298319,0.0830123378819,0.0180862715576,0.420322530775,0.450382566105,0.716571064396
 08/21  18:00:00,1.52734440133,0.850802560202,0.0,0.0,0.325745008327,0.112324390755,0.438069399083,0.112324390755,0.139611662205,0.0304178240723,0.383153984987,0.488979530988,0.817122768026
 08/21  19:00:00,1.5555973327,0.86895090316,0.0,0.0,0.285966030863,0.101644477761,0.387610508624,0.101644477761,0.27167673,0.0591914375,0.315283626754,0.504723029822,0.834186734777
 08/21  20:00:00,1.74034499195,0.810718547009,0.0,0.0,0.260337095772,0.0934567469358,0.353793842708,0.0934567469358,0.464114385886,0.101118699658,0.282131328171,0.522074735527,0.774759232808
 08/21  21:00:00,1.80536722611,0.737777211884,0.0,0.0,0.208421423887,0.0766540618004,0.285075485688,0.0766540618004,0.596179453681,0.129892313086,0.267221753354,0.5098862203,0.702657414745
 08/21  22:00:00,1.40943716763,0.619076334114,0.0,0.0,0.140531997778,0.05168190119,0.192213898968,0.05168190119,0.445247899862,0.097008173047,0.216614016064,0.441241179685,0.588684650435
 08/21  23:00:00,1.00545579778,0.492066278255,0.0,0.0,0.0591261221623,0.0219189214703,0.0810450436326,0.0219189214703,0.309409618455,0.0674124725097,0.147046288352,0.383430374827,0.465656470646
 08/21  24:00:00,0.625254618831,0.35639777889,0.0,0.0,0.0,0.0,0.0,0.0,0.158478064636,0.0345283324708,0.0979808984401,0.317155323284,0.334552845312
 08/22  01:00:00,0.507570490856,0.294895662615,0.0,0.0,0.0,0.0,0.0,0.0,0.0943321793405,0.020552578418,0.0835572224677,0.29201651063,0.274782232979
 08/22  02:00:00,0.455581405745,0.278849862689,0.0,0.0,0.0,0.0,0.0,0.0,0.0641458936545,0.013975755874,0.0717169442605,0.288630811956,0.258969632238
 08/22  03:00:00,0.444029100909,0.283255041639,0.0,0.0,0.0,0.0,0.0,0.0,0.0641458936545,0.013975755874,0.0642274778329,0.284567973547,0.263654650208
 08/22  04:00:00,0.442652863652,0.33028419903,0.0,0.0,0.0,0.0,0.0,0.0,0.0641458936545,0.013975755874,0.0736008338661,0.273818380258,0.311424215009
 08/22  05:00:00,0.490848706113,0.541370229976,0.0,0.0,0.0,0.0,0.0,0.0,0.0679191825,0.014797859375,0.0854603589124,0.305559305326,0.520324003604
 08/22  06:00:00,0.639253840056,0.933517497724,0.0,0.0,0.0,0.0,0.0,0.0,0.10942536816,0.023840999707,0.135831742961,0.353043729228,0.909200652793
 08/22  07:00:00,0.850910882965,1.04057406412,0.0,0.0,0.0,0.0,0.0,0.0,0.192437655886,0.0419272621582,0.209298551845,0.375135413076,1.01473559451
 08/22  08:00:00,0.787985797338,1.00721424832,0.0,0.0,0.0,0.0,0.0,0.0,0.150931553819,0.0328841218263,0.269902798408,0.317155323284,0.985369314737
 08/22  09:00:00,0.709799168983,0.917155104614,0.0,0.0,0.0,0.0,0.0,0.0,0.075465760191,0.0164420645557,0.330854517454,0.269924826782,0.898563299655
 08/22  10:00:00,0.713680511679,0.815814988901,0.0,0.0,0.0,0.0,0.0,0.0,0.060372604809,0.0131536523731,0.3467692427,0.276273011796,0.796785935472
 08/22  11:00:00,0.728065003051,0.725446255149,0.0,0.0,0.0,0.0,0.0,0.0,0.060372604809,0.0131536523731,0.361069091606,0.276357654263,0.70641137174
 08/22  12:00:00,0.712867676673,0.654552254225,0.0,0.0,0.0,0.0,0.0,0.0,0.060372604809,0.0131536523731,0.350527100905,0.271702318586,0.635838019694
 08/22  13:00:00,0.691181059582,0.613644331274,0.0,0.0,0.0,0.0,0.0,0.0,0.060372604809,0.0131536523731,0.319445169994,0.281097632407,0.594282969007
 08/22  14:00:00,0.731718466072,0.573114886822,0.0,0.0,0.0369223385448,0.0126007507203,0.0495230892651,0.0126007507203,0.060372604809,0.0131536523731,0.294631345917,0.296925773707,0.552663318369
 08/22  15:00:00,0.929245991792,0.579789596353,0.0,0.0,0.167219684081,0.0564122529389,0.22363193702,0.0564122529389,0.060372604809,0.0131536523731,0.301544742847,0.313431054743,0.558201181877
 08/22  16:00:00,1.13386807095,0.633994207323,0.0,0.0,0.241873598576,0.0825666877378,0.324440286314,0.0825666877378,0.0641458936545,0.013975755874,0.343460130304,0.3707340048,0.608458896655
 08/22  17:00:00,1.4352928356,0.747613228195,0.0,0.0,0.331980711608,0.114396417668,0.446377129276,0.114396417668,0.0830123378819,0.0180862715576,0.420322530775,0.450382566105,0.716591906719
 08/22  18:00:00,1.55431228468,0.850756927392,0.0,0.0,0.344897669324,0.120139613104,0.465037282428,0.120139613104,0.139611662205,0.0304178240723,0.383153984987,0.488979530988,0.817077135216
 08/22  19:00:00,1.58619154635,0.868810997581,0.0,0.0,0.308623756343,0.109580965928,0.418204722271,0.109580965928,0.27167673,0.0591914375,0.315283626754,0.504723029822,0.834046829199
 08/22  20:00:00,1.76700250993,0.810546360649,0.0,0.0,0.280038112647,0.100413248044,0.380451360691,0.100413248044,0.464114385886,0.101118699658,0.282131328171,0.522074735527,0.774587046447
 08/22  21:00:00,1.83954813503,0.737504746345,0.0,0.0,0.233935705995,0.0853206886119,0.319256394607,0.0853206886119,0.596179453681,0.129892313086,0.267221753354,0.5098862203,0.702384949207
 08/22  22:00:00,1.45823218713,0.618722732217,0.0,0.0,0.17703285528,0.06397606319,0.24100891847,0.06397606319,0.445247899862,0.097008173047,0.216614016064,0.441241179685,0.588331048538
 08/22  23:00:00,1.05120491743,0.491684115239,0.0,0.0,0.0927323854249,0.0340617778593,0.126794163284,0.0340617778593,0.309409618455,0.0674124725097,0.147046288352,0.383430374827,0.46527430763
 08/22  24:00:00,0.637803832313,0.356000976261,0.0,0.0,0.00915835971356,0.00339085376886,0.0125492134824,0.00339085376886,0.158478064636,0.0345283324708,0.0979808984401,0.317155323284,0.334156042682
 08/23  01:00:00,0.507570490856,0.294322555496,0.0,0.0,0.0,0.0,0.0,0.0,0.0943321793405,0.020552578418,0.0835572224677,0.29201651063,0.27420912586
 08/23  02:00:00,0.455581405745,0.277978342563,0.0,0.0,0.0,0.0,0.0,0.0,0.0641458936545,0.013975755874,0.0717169442605,0.288630811956,0.258098112112
 08/23  03:00:00,0.444029100909,0.28231713838,0.0,0.0,0.0,0.0,0.0,0.0,0.0641458936545,0.013975755874,0.0642274778329,0.284567973547,0.262716746949
 08/23  04:00:00,0.442652863652,0.328952605484,0.0,0.0,0.0,0.0,0.0,0.0,0.0641458936545,0.013975755874,0.0736008338661,0.273818380258,0.310092621463
 08/23  05:00:00,0.490848706113,0.539722569861,0.0,0.0,0.0,0.0,0.0,0.0,0.0679191825,0.014797859375,0.0854603589124,0.305559305326,0.518676343489
 08/23  06:00:00,0.639253840056,0.931990592016,0.0,0.0,0.0,0.0,0.0,0.0,0.10942536816,0.023840999707,0.135831742961,0.353043729228,0.907673747085
 08/23  07:00:00,0.850910882965,1.03921563965,0.0,0.0,0.0,0.0,0.0,0.0,0.192437655886,0.0419272621582,0.209298551845,0.375135413076,1.01337717005
 08/23  08:00:00,0.787985797338,1.00586634911,0.0,0.0,0.0,0.0,0.0,0.0,0.150931553819,0.0328841218263,0.269902798408,0.317155323284,0.984021415535
 08/23  09:00:00,0.709799168983,0.915951157705,0.0,0.0,0.0,0.0,0.0,0.0,0.075465760191,0.0164420645557,0.330854517454,0.269924826782,0.897359352746
 08/23  10:00:00,0.713680511679,0.814533298369,0.0,0.0,0.0,0.0,0.0,0.0,0.060372604809,0.0131536523731,0.3467692427,0.276273011796,0.79550424494
 08/23  11:00:00,0.728065003051,0.72402347957,0.0,0.0,0.0,0.0,0.0,0.0,0.060372604809,0.0131536523731,0.361069091606,0.276357654263,0.704988596161
 08/23  12:00:00,0.745886361957,0.653067630946,0.0,0.0,0.0248330352406,0.00818565004291,0.0330186852835,0.00818565004291,0.060372604809,0.0131536523731,0.350527100905,0.271702318586,0.634353396415
 08/23  13:00:00,0.852152461866,0.612449029041,0.0,0.0,0.120655901092,0.0403155011922,0.160971402284,0.0403155011922,0.060372604809,0.0131536523731,0.319445169994,0.281097632407,0.593087666774
 08/23  14:00:00,0.960281189746,0.572108623159,0.0,0.0,0.209592483963,0.0684933289762,0.27808581294,0.0684933289762,0.060372604809,0.0131536523731,0.294631345917,0.296925773707,0.551657054706
 08/23  15:00:00,0.897508529506,0.579521917943,0.0,0.0,0.140528052349,0.0513664223842,0.191894474733,0.0513664223842,0.060372604809,0.0131536523731,0.301544742847,0.313431054743,0.557933503467
 08/23  16:00:00,1.0557567016,0.633781829816,0.0,0.0,0.180829358243,0.065499558722,0.246328916965,0.065499558722,0.0641458936545,0.013975755874,0.343460130304,0.3707340048,0.608246519148
 08/23  17:00:00,1.31751258673,0.747266522431,0.0,0.0,0.242913615879,0.0856832645321,0.328596880411,0.0856832645321,0.0830123378819,0.0180862715576,0.420322530775,0.450382566105,0.716245200955
 08/23  18:00:00,1.42681126386,0.850336445604,0.0,0.0,0.248308475104,0.0892277865028,0.337536261607,0.0892277865028,0.139611662205,0.0304178240723,0.383153984987,0.488979530988,0.816656653428
 08/23  19:00:00,1.16798682408,0.868573448301,0.0,0.0,0.0,0.0,0.0,0.0,0.27167673,0.0591914375,0.315283626754,0.504723029822,0.833809279918
 08/23  20:00:00,1.38655114924,0.809898880102,0.0,0.0,0.0,0.0,0.0,0.0,0.464114385886,0.101118699658,0.282131328171,0.522074735527,0.773939565901
 08/23  21:00:00,1.62167271644,0.736735030906,0.0,0.0,0.073690662472,0.027690313548,0.10138097602,0.027690313548,0.596179453681,0.129892313086,0.267221753354,0.5098862203,0.701615233768
 08/23  22:00:00,1.25564080903,0.61849806655,0.0,0.0,0.0278373753353,0.01058016504,0.0384175403753,0.01058016504,0.445247899862,0.097008173047,0.216614016064,0.441241179685,0.588106382872
 08/23  23:00:00,0.924410754143,0.491690881818,0.0,0.0,0.0,0.0,0.0,0.0,0.309409618455,0.0674124725097,0.147046288352,0.383430374827,0.465281074209
 08/23  24:00:00,0.625254618831,0.35606451707,0.0,0.0,0.0,0.0,0.0,0.0,0.158478064636,0.0345283324708,0.0979808984401,0.317155323284,0.334219583491
 08/24  01:00:00,0.507570490856,0.294606268777,0.0,0.0,0.0,0.0,0.0,0.0,0.0943321793405,0.020552578418,0.0835572224677,0.29201651063,0.274492839141
 08/24  02:00:00,0.455581405745,0.278739462109,0.0,0.0,0.0,0.0,0.0,0.0,0.0641458936545,0.013975755874,0.0717169442605,0.288630811956,0.258859231657
 08/24  03:00:00,0.444029100909,0.283401745001,0.0,0.0,0.0,0.0,0.0,0.0,0.0641458936545,0.013975755874,0.0642274778329,0.284567973547,0.26380135357
 08/24  04:00:00,0.442652863652,0.33013051904,0.0,0.0,0.0,0.0,0.0,0.0,0.0641458936545,0.013975755874,0.0736008338661,0.273818380258,0.311270535019
 08/24  05:00:00,0.490848706113,0.541314402679,0.0,0.0,0.0,0.0,0.0,0.0,0.0679191825,0.014797859375,0.0854603589124,0.305559305326,0.520268176307
 08/24  06:00:00,0.639253840056,0.934044650765,0.0,0.0,0.0,0.0,0.0,0.0,0.10942536816,0.023840999707,0.135831742961,0.353043729228,0.909727805834
 08/24  07:00:00,0.850910882965,1.04117659787,0.0,0.0,0.0,0.0,0.0,0.0,0.192437655886,0.0419272621582,0.209298551845,0.375135413076,1.01533812826
 08/24  08:00:00,0.787985797338,1.00789220696,0.0,0.0,0.0,0.0,0.0,0.0,0.150931553819,0.0328841218263,0.269902798408,0.317155323284,0.986047273383
 08/24  09:00:00,0.709799168983,0.917836386665,0.0,0.0,0.0,0.0,0.0,0.0,0.075465760191,0.0164420645557,0.330854517454,0.269924826782,0.899244581706
 08/24  10:00:00,0.713680511679,0.81642918298,0.0,0.0,0.0,0.0,0.0,0.0,0.060372604809,0.0131536523731,0.3467692427,0.276273011796,0.797400129551
 08/24  11:00:00,0.728065003051,0.725864874904,0.0,0.0,0.0,0.0,0.0,0.0,0.060372604809,0.0131536523731,0.361069091606,0.276357654263,0.706829991495
 08/24  12:00:00,0.712867676673,0.654845534522,0.0,0.0,0.0,0.0,0.0,0.0,0.060372604809,0.0131536523731,0.350527100905,0.271702318586,0.636131299991
 08/24  13:00:00,0.691181059582,0.614150810274,0.0,0.0,0.0,0.0,0.0,0.0,0.060372604809,0.0131536523731,0.319445169994,0.281097632407,0.594789448007
 08/24  14:00:00,0.682195376807,0.573612958489,0.0,0.0,0.0,0.0,0.0,0.0,0.060372604809,0.0131536523731,0.294631345917,0.296925773707,0.553161390036
 08/24  15:00:00,0.705614054772,0.58024435476,0.0,0.0,0.0,0.0,0.0,0.0,0.060372604809,0.0131536523731,0.301544742847,0.313431054743,0.558655940284
 08/24  16:00:00,0.811570575058,0.634312203903,0.0,0.0,0.00157391714968,0.000568873276253,0.00214279042593,0.000568873276253,0.0641458936545,0.013975755874,0.343460130304,0.3707340048,0.608776893235
 08/24  17:00:00,1.07206599527,0.747802333541,0.0,0.0,0.0612014241248,0.0219488648226,0.0831502889475,0.0219488648226,0.0830123378819,0.0180862715576,0.420322530775,0.450382566105,0.716781012064
 08/24  18:00:00,1.24823517353,0.850925473614,0.0,0.0,0.116473136783,0.0424870344933,0.158960171277,0.0424870344933,0.139611662205,0.0304178240723,0.383153984987,0.488979530988,0.817245681438
 08/24  19:00:00,1.26970933003,0.869312365542,0.0,0.0,0.0738219733617,0.0279005325959,0.101722505958,0.0279005325959,0.27167673,0.0591914375,0.315283626754,0.504723029822,0.83454819716
 08/24  20:00:00,1.436154895,0.811284176402,0.0,0.0,0.0358972685769,0.0137064771788,0.0496037457557,0.0137064771788,0.464114385886,0.101118699658,0.282131328171,0.522074735527,0.7753248622
 08/24  21:00:00,1.52029174042,0.73822242808,0.0,0.0,0.0,0.0,0.0,0.0,0.596179453681,0.129892313086,0.267221753354,0.5098862203,0.703102630942
 08/24  22:00:00,1.21722326866,0.619641511311,0.0,0.0,0.0,0.0,0.0,0.0,0.445247899862,0.097008173047,0.216614016064,0.441241179685,0.589249827632
 08/24  23:00:00,0.924410754143,0.492746985059,0.0,0.0,0.0,0.0,0.0,0.0,0.309409618455,0.0674124725097,0.147046288352,0.383430374827,0.466337177451
 08/24  24:00:00,0.625254618831,0.357346103855,0.0,0.0,0.0,0.0,0.0,0.0,0.158478064636,0.0345283324708,0.0979808984401,0.317155323284,0.335501170276
 08/25  01:00:00,0.507570490856,0.295908249289,0.0,0.0,0.0,0.0,0.0,0.0,0.0943321793405,0.020552578418,0.0835572224677,0.29201651063,0.275794819653
 08/25  02:00:00,0.455581405745,0.279868366881,0.0,0.0,0.0,0.0,0.0,0.0,0.0641458936545,0.013975755874,0.0717169442605,0.288630811956,0.259988136429
 08/25  03:00:00,0.444029100909,0.284714179437,0.0,0.0,0.0,0.0,0.0,0.0,0.0641458936545,0.013975755874,0.0642274778329,0.284567973547,0.265113788006
 08/25  04:00:00,0.442652863652,0.331756103148,0.0,0.0,0.0,0.0,0.0,0.0,0.0641458936545,0.013975755874,0.0736008338661,0.273818380258,0.312896119127
 08/25  05:00:00,0.490848706113,0.542872541788,0.0,0.0,0.0,0.0,0.0,0.0,0.0679191825,0.014797859375,0.0854603589124,0.305559305326,0.521826315416
 08/25  06:00:00,0.639253840056,0.935684584585,0.0,0.0,0.0,0.0,0.0,0.0,0.10942536816,0.023840999707,0.135831742961,0.353043729228,0.911367739654
 08/25  07:00:00,0.850910882965,1.0431668253,0.0,0.0,0.0,0.0,0.0,0.0,0.192437655886,0.0419272621582,0.209298551845,0.375135413076,1.01732835569
 08/25  08:00:00,0.787985797338,1.00990385228,0.0,0.0,0.0,0.0,0.0,0.0,0.150931553819,0.0328841218263,0.269902798408,0.317155323284,0.988058918701
 08/25  09:00:00,0.709799168983,0.919896888903,0.0,0.0,0.0,0.0,0.0,0.0,0.075465760191,0.0164420645557,0.330854517454,0.269924826782,0.901305083943
 08/25  10:00:00,0.713680511679,0.818465482341,0.0,0.0,0.0,0.0,0.0,0.0,0.060372604809,0.0131536523731,0.3467692427,0.276273011796,0.799436428912
 08/25  11:00:00,0.728065003051,0.728020764853,0.0,0.0,0.0,0.0,0.0,0.0,0.060372604809,0.0131536523731,0.361069091606,0.276357654263,0.708985881444
 08/25  12:00:00,0.712867676673,0.657103435913,0.0,0.0,0.0,0.0,0.0,0.0,0.060372604809,0.0131536523731,0.350527100905,0.271702318586,0.638389201382
 08/25  13:00:00,0.691181059582,0.616107533724,0.0,0.0,0.0,0.0,0.0,0.0,0.060372604809,0.0131536523731,0.319445169994,0.281097632407,0.596746171457
 08/25  14:00:00,0.682195376807,0.575490191264,0.0,0.0,0.0,0.0,0.0,0.0,0.060372604809,0.0131536523731,0.294631345917,0.296925773707,0.555038622811
 08/25  15:00:00,0.705614054772,0.582160696301,0.0,0.0,0.0,0.0,0.0,0.0,0.060372604809,0.0131536523731,0.301544742847,0.313431054743,0.560572281825
 08/25  16:00:00,0.809427784633,0.636177141192,0.0,0.0,0.0,0.0,0.0,0.0,0.0641458936545,0.013975755874,0.343460130304,0.3707340048,0.610641830523
 08/25  17:00:00,0.98891570632,0.749709372902,0.0,0.0,0.0,0.0,0.0,0.0,0.0830123378819,0.0180862715576,0.420322530775,0.450382566105,0.718688051426
 08/25  18:00:00,1.08927500225,0.852802120982,0.0,0.0,0.0,0.0,0.0,0.0,0.139611662205,0.0304178240723,0.383153984987,0.488979530988,0.819122328806
 08/25  19:00:00,1.16798682408,0.870803283751,0.0,0.0,0.0,0.0,0.0,0.0,0.27167673,0.0591914375,0.315283626754,0.504723029822,0.836039115369
 08/25  20:00:00,1.38655114924,0.81292941697,0.0,0.0,0.0,0.0,0.0,0.0,0.464114385886,0.101118699658,0.282131328171,0.522074735527,0.776970102769
 08/25  21:00:00,1.52029174042,0.740169284882,0.0,0.0,0.0,0.0,0.0,0.0,0.596179453681,0.129892313086,0.267221753354,0.5098862203,0.705049487744
 08/25  22:00:00,1.21722326866,0.62161248552,0.0,0.0,0.0,0.0,0.0,0.0,0.445247899862,0.097008173047,0.216614016064,0.441241179685,0.591220801841
 08/25  23:00:00,0.924410754143,0.494717288703,0.0,0.0,0.0,0.0,0.0,0.0,0.309409618455,0.0674124725097,0.147046288352,0.383430374827,0.468307481094
 08/25  24:00:00,0.625254618831,0.359129600378,0.0,0.0,0.0,0.0,0.0,0.0,0.158478064636,0.0345283324708,0.0979808984401,0.317155323284,0.3372846668
 08/26  01:00:00,0.511517514932,0.303698124867,0.0,0.0,0.0,0.0,0.0,0.0,0.0943321793405,0.020552578418,0.0875042465431,0.29201651063,0.283584695232
 08/26  02:00:00,0.458192644172,0.286055608227,0.0,0.0,0.0,0.0,0.0,0.0,0.0641458936545,0.013975755874,0.0743281826877,0.288630811956,0.266175377775
 08/26  03:00:00,0.445394505081,0.291140879978,0.0,0.0,0.0,0.0,0.0,0.0,0.0641458936545,0.013975755874,0.0655928820049,0.284567973547,0.271540488547
 08/26  04:00:00,0.445324019268,0.342993972664,0.0,0.0,0.0,0.0,0.0,0.0,0.0641458936545,0.013975755874,0.0762719894816,0.273818380258,0.324133988643
 08/26  05:00:00,0.494945398714,0.573025884764,0.0,0.0,0.0,0.0,0.0,0.0,0.0679191825,0.014797859375,0.0895570515125,0.305559305326,0.551979658391
 08/26  06:00:00,0.649879352274,1.00249486639,0.0,0.0,0.0,0.0,0.0,0.0,0.10942536816,0.023840999707,0.146457255179,0.353043729228,0.978178021461
 08/26  07:00:00,0.872072244885,1.12361965018,0.0,0.0,0.0,0.0,0.0,0.0,0.192437655886,0.0419272621582,0.230459913765,0.375135413076,1.09778118057
 08/26  08:00:00,0.82042309823,1.09340711885,0.0,0.0,0.0,0.0,0.0,0.0,0.150931553819,0.0328841218263,0.3023400993,0.317155323284,1.07156218527
 08/26  09:00:00,0.754830227449,0.996485384377,0.0,0.0,0.0,0.0,0.0,0.0,0.075465760191,0.0164420645557,0.37588557592,0.269924826782,0.977893579418
 08/26  10:00:00,0.764596740968,0.884119103876,0.0,0.0,0.0,0.0,0.0,0.0,0.060372604809,0.0131536523731,0.39768547199,0.276273011796,0.865090050447
 08/26  11:00:00,0.78055376257,0.782448494155,0.0,0.0,0.0,0.0,0.0,0.0,0.060372604809,0.0131536523731,0.413557851125,0.276357654263,0.763413610746
 08/26  12:00:00,0.760678182764,0.704364760032,0.0,0.0,0.0,0.0,0.0,0.0,0.060372604809,0.0131536523731,0.398337606996,0.271702318586,0.685650525501
 08/26  13:00:00,0.734769092097,0.657189765505,0.0,0.0,0.0,0.0,0.0,0.0,0.060372604809,0.0131536523731,0.363033202508,0.281097632407,0.637828403238
 08/26  14:00:00,0.721320948982,0.612848300691,0.0,0.0,0.0,0.0,0.0,0.0,0.060372604809,0.0131536523731,0.333756918092,0.296925773707,0.592396732238
 08/26  15:00:00,0.742673027628,0.619299783303,0.0,0.0,0.0,0.0,0.0,0.0,0.060372604809,0.0131536523731,0.338603715702,0.313431054743,0.597711368827
 08/26  16:00:00,0.84534570388,0.681455892781,0.0,0.0,0.0,0.0,0.0,0.0,0.0641458936545,0.013975755874,0.379378049552,0.3707340048,0.655920582113
 08/26  17:00:00,1.02426763654,0.80432353186,0.0,0.0,0.0,0.0,0.0,0.0,0.0830123378819,0.0180862715576,0.45567446099,0.450382566105,0.773302210384
 08/26  18:00:00,1.12358531779,0.923550580126,0.0,0.0,0.0,0.0,0.0,0.0,0.139611662205,0.0304178240723,0.417464300526,0.488979530988,0.88987078795
 08/26  19:00:00,1.20223157827,0.94989528374,0.0,0.0,0.0,0.0,0.0,0.0,0.27167673,0.0591914375,0.349528380947,0.504723029822,0.915131115358
 08/26  20:00:00,1.42140651957,0.888053023494,0.0,0.0,0.0,0.0,0.0,0.0,0.464114385886,0.101118699658,0.316986698499,0.522074735527,0.852093709293
 08/26  21:00:00,1.55589859789,0.803095577098,0.0,0.0,0.0,0.0,0.0,0.0,0.596179453681,0.129892313086,0.302828610822,0.5098862203,0.76797577996
 08/26  22:00:00,1.24551648058,0.671153297192,0.0,0.0,0.0,0.0,0.0,0.0,0.445247899862,0.097008173047,0.244907227988,0.441241179685,0.640761613513
 08/26  23:00:00,0.939945599479,0.525764547041,0.0,0.0,0.0,0.0,0.0,0.0,0.309409618455,0.0674124725097,0.162581133687,0.383430374827,0.499354739432
 08/26  24:00:00,0.631828301908,0.370932742376,0.0,0.0,0.0,0.0,0.0,0.0,0.158478064636,0.0345283324708,0.104554581517,0.317155323284,0.349087808797
 08/27  01:00:00,0.511517514932,0.304042420593,0.0,0.0,0.0,0.0,0.0,0.0,0.0943321793405,0.020552578418,0.0875042465431,0.29201651063,0.283928990957
 08/27  02:00:00,0.458192644172,0.286403290183,0.0,0.0,0.0,0.0,0.0,0.0,0.0641458936545,0.013975755874,0.0743281826877,0.288630811956,0.266523059731
 08/27  03:00:00,0.445394505081,0.291283665847,0.0,0.0,0.0,0.0,0.0,0.0,0.0641458936545,0.013975755874,0.0655928820049,0.284567973547,0.271683274417
 08/27  04:00:00,0.445324019268,0.343462741266,0.0,0.0,0.0,0.0,0.0,0.0,0.0641458936545,0.013975755874,0.0762719894816,0.273818380258,0.324602757245
 08/27  05:00:00,0.494945398714,0.573530823572,0.0,0.0,0.0,0.0,0.0,0.0,0.0679191825,0.014797859375,0.0895570515125,0.305559305326,0.5524845972
 08/27  06:00:00,0.649879352274,1.00322001829,0.0,0.0,0.0,0.0,0.0,0.0,0.10942536816,0.023840999707,0.146457255179,0.353043729228,0.978903173362
 08/27  07:00:00,0.872072244885,1.12429809137,0.0,0.0,0.0,0.0,0.0,0.0,0.192437655886,0.0419272621582,0.230459913765,0.375135413076,1.09845962176
 08/27  08:00:00,0.82042309823,1.0939875846,0.0,0.0,0.0,0.0,0.0,0.0,0.150931553819,0.0328841218263,0.3023400993,0.317155323284,1.07214265102
 08/27  09:00:00,0.754830227449,0.997144032102,0.0,0.0,0.0,0.0,0.0,0.0,0.075465760191,0.0164420645557,0.37588557592,0.269924826782,0.978552227142
 08/27  10:00:00,0.764596740968,0.884644137753,0.0,0.0,0.0,0.0,0.0,0.0,0.060372604809,0.0131536523731,0.39768547199,0.276273011796,0.865615084323
 08/27  11:00:00,0.78055376257,0.7830389548,0.0,0.0,0.0,0.0,0.0,0.0,0.060372604809,0.0131536523731,0.413557851125,0.276357654263,0.764004071391
 08/27  12:00:00,0.760678182764,0.704800376881,0.0,0.0,0.0,0.0,0.0,0.0,0.060372604809,0.0131536523731,0.398337606996,0.271702318586,0.686086142351
 08/27  13:00:00,0.734769092097,0.657614715025,0.0,0.0,0.0,0.0,0.0,0.0,0.060372604809,0.0131536523731,0.363033202508,0.281097632407,0.638253352758
 08/27  14:00:00,0.721320948982,0.613341624375,0.0,0.0,0.0,0.0,0.0,0.0,0.060372604809,0.0131536523731,0.333756918092,0.296925773707,0.592890055922
 08/27  15:00:00,0.742673027628,0.619787099117,0.0,0.0,0.0,0.0,0.0,0.0,0.060372604809,0.0131536523731,0.338603715702,0.313431054743,0.598198684641
 08/27  16:00:00,0.84534570388,0.682219703037,0.0,0.0,0.0,0.0,0.0,0.0,0.0641458936545,0.013975755874,0.379378049552,0.3707340048,0.656684392369
 08/27  17:00:00,1.02426763654,0.804985089133,0.0,0.0,0.0,0.0,0.0,0.0,0.0830123378819,0.0180862715576,0.45567446099,0.450382566105,0.773963767657
 08/27  18:00:00,1.12358531779,0.924230581246,0.0,0.0,0.0,0.0,0.0,0.0,0.139611662205,0.0304178240723,0.417464300526,0.488979530988,0.89055078907
 08/27  19:00:00,1.20223157827,0.950570124589,0.0,0.0,0.0,0.0,0.0,0.0,0.27167673,0.0591914375,0.349528380947,0.504723029822,0.915805956207
 08/27  20:00:00,1.42140651957,0.888332653445,0.0,0.0,0.0,0.0,0.0,0.0,0.464114385886,0.101118699658,0.316986698499,0.522074735527,0.852373339244
 08/27  21:00:00,1.55589859789,0.802957200842,0.0,0.0,0.0,0.0,0.0,0.0,0.596179453681,0.129892313086,0.302828610822,0.5098862203,0.767837403704
 08/27  22:00:00,1.24551648058,0.670649875209,0.0,0.0,0.0,0.0,0.0,0.0,0.445247899862,0.097008173047,0.244907227988,0.441241179685,0.64025819153
 08/27  23:00:00,0.939945599479,0.524934321345,0.0,0.0,0.0,0.0,0.0,0.0,0.309409618455,0.0674124725097,0.162581133687,0.383430374827,0.498524513736
 08/27  24:00:00,0.631828301908,0.369819527745,0.0,0.0,0.0,0.0,0.0,0.0,0.158478064636,0.0345283324708,0.104554581517,0.317155323284,0.347974594167
 08/28  01:00:00,0.507570490856,0.296702344761,0.0,0.0,0.0,0.0,0.0,0.0,0.0943321793405,0.020552578418,0.0835572224677,0.29201651063,0.276588915125
 08/28  02:00:00,0.455581405745,0.280499349367,0.0,0.0,0.0,0.0,0.0,0.0,0.0641458936545,0.013975755874,0.0717169442605,0.288630811956,0.260619118915
 08/28  03:00:00,0.444029100909,0.285015273091,0.0,0.0,0.0,0.0,0.0,0.0,0.0641458936545,0.013975755874,0.0642274778329,0.284567973547,0.26541488166
 08/28  04:00:00,0.442652863652,0.331913619394,0.0,0.0,0.0,0.0,0.0,0.0,0.0641458936545,0.013975755874,0.0736008338661,0.273818380258,0.313053635373
 08/28  05:00:00,0.490848706113,0.543475753711,0.0,0.0,0.0,0.0,0.0,0.0,0.0679191825,0.014797859375,0.0854603589124,0.305559305326,0.522429527338
 08/28  06:00:00,0.639253840056,0.936983645198,0.0,0.0,0.0,0.0,0.0,0.0,0.10942536816,0.023840999707,0.135831742961,0.353043729228,0.912666800267
 08/28  07:00:00,0.850910882965,1.04447392141,0.0,0.0,0.0,0.0,0.0,0.0,0.192437655886,0.0419272621582,0.209298551845,0.375135413076,1.01863545181
 08/28  08:00:00,0.787985797338,1.01111240609,0.0,0.0,0.0,0.0,0.0,0.0,0.150931553819,0.0328841218263,0.269902798408,0.317155323284,0.989267472513
 08/28  09:00:00,0.709799168983,0.920950985141,0.0,0.0,0.0,0.0,0.0,0.0,0.075465760191,0.0164420645557,0.330854517454,0.269924826782,0.902359180182
 08/28  10:00:00,0.713680511679,0.819151424741,0.0,0.0,0.0,0.0,0.0,0.0,0.060372604809,0.0131536523731,0.3467692427,0.276273011796,0.800122371312
 08/28  11:00:00,0.728065003051,0.728247560497,0.0,0.0,0.0,0.0,0.0,0.0,0.060372604809,0.0131536523731,0.361069091606,0.276357654263,0.709212677088
 08/28  12:00:00,0.712867676673,0.656956172862,0.0,0.0,0.0,0.0,0.0,0.0,0.060372604809,0.0131536523731,0.350527100905,0.271702318586,0.638241938331
 08/28  13:00:00,0.691181059582,0.616034620289,0.0,0.0,0.0,0.0,0.0,0.0,0.060372604809,0.0131536523731,0.319445169994,0.281097632407,0.596673258022
 08/28  14:00:00,0.682195376807,0.575501309341,0.0,0.0,0.0,0.0,0.0,0.0,0.060372604809,0.0131536523731,0.294631345917,0.296925773707,0.555049740888
 08/28  15:00:00,0.771153174791,0.582145185357,0.0,0.0,0.0490254755003,0.016513644518,0.0655391200183,0.016513644518,0.060372604809,0.0131536523731,0.301544742847,0.313431054743,0.560556770881
 08/28  16:00:00,1.00159938646,0.636359878682,0.0,0.0,0.143766709821,0.0484048920083,0.19217160183,0.0484048920083,0.0641458936545,0.013975755874,0.343460130304,0.3707340048,0.610824568014
 08/28  17:00:00,1.27231815751,0.750447867393,0.0,0.0,0.210870501372,0.072531949818,0.28340245119,0.072531949818,0.0830123378819,0.0180862715576,0.420322530775,0.450382566105,0.719426545917
 08/28  18:00:00,1.39349250774,0.853967142147,0.0,0.0,0.225700368694,0.0785171367893,0.304217505484,0.0785171367893,0.139611662205,0.0304178240723,0.383153984987,0.488979530988,0.820287349971
 08/28  19:00:00,1.43957320551,0.872096952896,0.0,0.0,0.199941229815,0.0716451516145,0.27158638143,0.0716451516145,0.27167673,0.0591914375,0.315283626754,0.504723029822,0.837332784514
 08/28  20:00:00,1.62082345496,0.813737918278,0.0,0.0,0.171679121343,0.062593184378,0.234272305721,0.062593184378,0.464114385886,0.101118699658,0.282131328171,0.522074735527,0.777778604077
 08/28  21:00:00,1.70694113714,0.740454417982,0.0,0.0,0.13620194687,0.0504474498483,0.186649396718,0.0504474498483,0.596179453681,0.129892313086,0.267221753354,0.5098862203,0.705334620844
 08/28  22:00:00,1.32045954911,0.621338493321,0.0,0.0,0.0751972495097,0.0280390309431,0.103236280453,0.0280390309431,0.445247899862,0.097008173047,0.216614016064,0.441241179685,0.590946809642
 08/28  23:00:00,0.934821186522,0.49382526459,0.0,0.0,0.00758238495273,0.00282804742605,0.0104104323788,0.00282804742605,0.309409618455,0.0674124725097,0.147046288352,0.383430374827,0.467415456981
 08/28  24:00:00,0.625254618831,0.357611142633,0.0,0.0,0.0,0.0,0.0,0.0,0.158478064636,0.0345283324708,0.0979808984401,0.317155323284,0.335766209054
 08/29  01:00:00,0.507570490856,0.295684840263,0.0,0.0,0.0,0.0,0.0,0.0,0.0943321793405,0.020552578418,0.0835572224677,0.29201651063,0.275571410628
 08/29  02:00:00,0.455581405745,0.27945378013,0.0,0.0,0.0,0.0,0.0,0.0,0.0641458936545,0.013975755874,0.0717169442605,0.288630811956,0.259573549678
 08/29  03:00:00,0.444029100909,0.283855660735,0.0,0.0,0.0,0.0,0.0,0.0,0.0641458936545,0.013975755874,0.0642274778329,0.284567973547,0.264255269305
 08/29  04:00:00,0.442652863652,0.330736053736,0.0,0.0,0.0,0.0,0.0,0.0,0.0641458936545,0.013975755874,0.0736008338661,0.273818380258,0.311876069715
 08/29  05:00:00,0.490848706113,0.542248387174,0.0,0.0,0.0,0.0,0.0,0.0,0.0679191825,0.014797859375,0.0854603589124,0.305559305326,0.521202160802
 08/29  06:00:00,0.639253840056,0.936081262036,0.0,0.0,0.0,0.0,0.0,0.0,0.10942536816,0.023840999707,0.135831742961,0.353043729228,0.911764417105
 08/29  07:00:00,0.850910882965,1.04379591677,0.0,0.0,0.0,0.0,0.0,0.0,0.192437655886,0.0419272621582,0.209298551845,0.375135413076,1.01795744716
 08/29  08:00:00,0.787985797338,1.01058121769,0.0,0.0,0.0,0.0,0.0,0.0,0.150931553819,0.0328841218263,0.269902798408,0.317155323284,0.988736284112
 08/29  09:00:00,0.709799168983,0.920524985249,0.0,0.0,0.0,0.0,0.0,0.0,0.075465760191,0.0164420645557,0.330854517454,0.269924826782,0.901933180289
 08/29  10:00:00,0.713680511679,0.818822737156,0.0,0.0,0.0,0.0,0.0,0.0,0.060372604809,0.0131536523731,0.3467692427,0.276273011796,0.799793683727
 08/29  11:00:00,0.728065003051,0.728148771834,0.0,0.0,0.0,0.0,0.0,0.0,0.060372604809,0.0131536523731,0.361069091606,0.276357654263,0.709113888425
 08/29  12:00:00,0.712867676673,0.657134449718,0.0,0.0,0.0,0.0,0.0,0.0,0.060372604809,0.0131536523731,0.350527100905,0.271702318586,0.638420215187
 08/29  13:00:00,0.691181059582,0.616277882376,0.0,0.0,0.0,0.0,0.0,0.0,0.060372604809,0.0131536523731,0.319445169994,0.281097632407,0.596916520109
 08/29  14:00:00,0.682195376807,0.575767300109,0.0,0.0,0.0,0.0,0.0,0.0,0.060372604809,0.0131536523731,0.294631345917,0.296925773707,0.555315731656
 08/29  15:00:00,0.705614054772,0.58249378359,0.0,0.0,0.0,0.0,0.0,0.0,0.060372604809,0.0131536523731,0.301544742847,0.313431054743,0.560905369114
 08/29  16:00:00,0.809427784633,0.636914779034,0.0,0.0,0.0,0.0,0.0,0.0,0.0641458936545,0.013975755874,0.343460130304,0.3707340048,0.611379468366
 08/29  17:00:00,0.98891570632,0.750930065214,0.0,0.0,0.0,0.0,0.0,0.0,0.0830123378819,0.0180862715576,0.420322530775,0.450382566105,0.719908743737
 08/29  18:00:00,1.09144888826,0.854143877837,0.0,0.0,0.00159273349421,0.000581152509515,0.00217388600373,0.000581152509515,0.139611662205,0.0304178240723,0.383153984987,0.488979530988,0.820464085661
 08/29  19:00:00,1.17972345913,0.87203157344,0.0,0.0,0.00858292063562,0.00315371441356,0.0117366350492,0.00315371441356,0.27167673,0.0591914375,0.315283626754,0.504723029822,0.837267405058
 08/29  20:00:00,1.42730580659,0.813455201967,0.0,0.0,0.0298116415141,0.0109430158343,0.0407546573484,0.0109430158343,0.464114385886,0.101118699658,0.282131328171,0.522074735527,0.777495887765
 08/29  21:00:00,1.56492331255,0.740111497443,0.0,0.0,0.0325782707936,0.0120533013392,0.0446315721328,0.0120533013392,0.596179453681,0.129892313086,0.267221753354,0.5098862203,0.704991700305
 08/29  22:00:00,1.21722326866,0.620970896226,0.0,0.0,0.0,0.0,0.0,0.0,0.445247899862,0.097008173047,0.216614016064,0.441241179685,0.590579212547
 08/29  23:00:00,0.924410754143,0.493412965223,0.0,0.0,0.0,0.0,0.0,0.0,0.309409618455,0.0674124725097,0.147046288352,0.383430374827,0.467003157614
 08/29  24:00:00,0.625254618831,0.357158553908,0.0,0.0,0.0,0.0,0.0,0.0,0.158478064636,0.0345283324708,0.0979808984401,0.317155323284,0.33531362033
 08/30  01:00:00,0.507570490856,0.295253981593,0.0,0.0,0.0,0.0,0.0,0.0,0.0943321793405,0.020552578418,0.0835572224677,0.29201651063,0.275140551957
 08/30  02:00:00,0.455581405745,0.278926598877,0.0,0.0,0.0,0.0,0.0,0.0,0.0641458936545,0.013975755874,0.0717169442605,0.288630811956,0.259046368425
 08/30  03:00:00,0.444029100909,0.283332895806,0.0,0.0,0.0,0.0,0.0,0.0,0.0641458936545,0.013975755874,0.0642274778329,0.284567973547,0.263732504376
 08/30  04:00:00,0.442652863652,0.330247972709,0.0,0.0,0.0,0.0,0.0,0.0,0.0641458936545,0.013975755874,0.0736008338661,0.273818380258,0.311387988688
 08/30  05:00:00,0.490848706113,0.542030871859,0.0,0.0,0.0,0.0,0.0,0.0,0.0679191825,0.014797859375,0.0854603589124,0.305559305326,0.520984645487
 08/30  06:00:00,0.639253840056,0.936230781672,0.0,0.0,0.0,0.0,0.0,0.0,0.10942536816,0.023840999707,0.135831742961,0.353043729228,0.911913936741
 08/30  07:00:00,0.850910882965,1.04399260133,0.0,0.0,0.0,0.0,0.0,0.0,0.192437655886,0.0419272621582,0.209298551845,0.375135413076,1.01815413173
 08/30  08:00:00,0.787985797338,1.01063705253,0.0,0.0,0.0,0.0,0.0,0.0,0.150931553819,0.0328841218263,0.269902798408,0.317155323284,0.988792118953
 08/30  09:00:00,0.709799168983,0.92036359619,0.0,0.0,0.0,0.0,0.0,0.0,0.075465760191,0.0164420645557,0.330854517454,0.269924826782,0.901771791231
 08/30  10:00:00,0.713680511679,0.818406187041,0.0,0.0,0.0,0.0,0.0,0.0,0.060372604809,0.0131536523731,0.3467692427,0.276273011796,0.799377133612
 08/30  11:00:00,0.728065003051,0.727338500013,0.0,0.0,0.0,0.0,0.0,0.0,0.060372604809,0.0131536523731,0.361069091606,0.276357654263,0.708303616604
 08/30  12:00:00,0.737847438929,0.655986964009,0.0,0.0,0.018792206296,0.00618755595971,0.0249797622557,0.00618755595971,0.060372604809,0.0131536523731,0.350527100905,0.271702318586,0.637272729478
 08/30  13:00:00,0.821891081838,0.615184912653,0.0,0.0,0.0977729868061,0.0329370354494,0.130710022256,0.0329370354494,0.060372604809,0.0131536523731,0.319445169994,0.281097632407,0.595823550386
 08/30  14:00:00,0.986883017567,0.574595976058,0.0,0.0,0.229149965127,0.0755376756339,0.304687640761,0.0755376756339,0.060372604809,0.0131536523731,0.294631345917,0.296925773707,0.554144407605
 08/30  15:00:00,1.09902897945,0.581351552116,0.0,0.0,0.29497408768,0.0984408369977,0.393414924677,0.0984408369977,0.060372604809,0.0131536523731,0.301544742847,0.313431054743,0.55976313764
 08/30  16:00:00,1.25810767919,0.635934318169,0.0,0.0,0.335572425897,0.113107468658,0.448679894555,0.113107468658,0.0641458936545,0.013975755874,0.343460130304,0.3707340048,0.610399007501
 08/30  17:00:00,1.5215820519,0.750151637089,0.0,0.0,0.397221828391,0.135444517192,0.532666345583,0.135444517192,0.0830123378819,0.0180862715576,0.420322530775,0.450382566105,0.719130315613
 08/30  18:00:00,1.54649788617,0.853957605,0.0,0.0,0.338276307966,0.118946575953,0.457222883919,0.118946575953,0.139611662205,0.0304178240723,0.383153984987,0.488979530988,0.820277812824
 08/30  19:00:00,1.16798682408,0.872231105147,0.0,0.0,0.0,0.0,0.0,0.0,0.27167673,0.0591914375,0.315283626754,0.504723029822,0.837466936765
 08/30  20:00:00,1.38655114924,0.813143285084,0.0,0.0,0.0,0.0,0.0,0.0,0.464114385886,0.101118699658,0.282131328171,0.522074735527,0.777183970883
 08/30  21:00:00,1.52029174042,0.739501040685,0.0,0.0,0.0,0.0,0.0,0.0,0.596179453681,0.129892313086,0.267221753354,0.5098862203,0.704381243547
 08/30  22:00:00,1.21722326866,0.620325491056,0.0,0.0,0.0,0.0,0.0,0.0,0.445247899862,0.097008173047,0.216614016064,0.441241179685,0.589933807377
 08/30  23:00:00,0.924410754143,0.492966113924,0.0,0.0,0.0,0.0,0.0,0.0,0.309409618455,0.0674124725097,0.147046288352,0.383430374827,0.466556306315
 08/30  24:00:00,0.625254618831,0.356736662708,0.0,0.0,0.0,0.0,0.0,0.0,0.158478064636,0.0345283324708,0.0979808984401,0.317155323284,0.33489172913
 08/31  01:00:00,0.507570490856,0.29529104334,0.0,0.0,0.0,0.0,0.0,0.0,0.0943321793405,0.020552578418,0.0835572224677,0.29201651063,0.275177613704
 08/31  02:00:00,0.455581405745,0.279319169455,0.0,0.0,0.0,0.0,0.0,0.0,0.0641458936545,0.013975755874,0.0717169442605,0.288630811956,0.259438939003
 08/31  03:00:00,0.444029100909,0.283771043503,0.0,0.0,0.0,0.0,0.0,0.0,0.0641458936545,0.013975755874,0.0642274778329,0.284567973547,0.264170652072
 08/31  04:00:00,0.442652863652,0.331095672178,0.0,0.0,0.0,0.0,0.0,0.0,0.0641458936545,0.013975755874,0.0736008338661,0.273818380258,0.312235688157
 08/31  05:00:00,0.490848706113,0.543231090352,0.0,0.0,0.0,0.0,0.0,0.0,0.0679191825,0.014797859375,0.0854603589124,0.305559305326,0.522184863979
 08/31  06:00:00,0.639253840056,0.937808150489,0.0,0.0,0.0,0.0,0.0,0.0,0.10942536816,0.023840999707,0.135831742961,0.353043729228,0.913491305558
 08/31  07:00:00,0.850910882965,1.04568114254,0.0,0.0,0.0,0.0,0.0,0.0,0.192437655886,0.0419272621582,0.209298551845,0.375135413076,1.01984267294
 08/31  08:00:00,0.787985797338,1.01232555411,0.0,0.0,0.0,0.0,0.0,0.0,0.150931553819,0.0328841218263,0.269902798408,0.317155323284,0.990480620534
 08/31  09:00:00,0.709799168983,0.921991727702,0.0,0.0,0.0,0.0,0.0,0.0,0.075465760191,0.0164420645557,0.330854517454,0.269924826782,0.903399922743
 08/31  10:00:00,0.713680511679,0.819964891099,0.0,0.0,0.0,0.0,0.0,0.0,0.060372604809,0.0131536523731,0.3467692427,0.276273011796,0.80093583767
 08/31  11:00:00,0.728065003051,0.728939595832,0.0,0.0,0.0,0.0,0.0,0.0,0.060372604809,0.0131536523731,0.361069091606,0.276357654263,0.709904712423
 08/31  12:00:00,0.712867676673,0.657599477588,0.0,0.0,0.0,0.0,0.0,0.0,0.060372604809,0.0131536523731,0.350527100905,0.271702318586,0.638885243057
 08/31  13:00:00,0.691181059582,0.616497081471,0.0,0.0,0.0,0.0,0.0,0.0,0.060372604809,0.0131536523731,0.319445169994,0.281097632407,0.597135719204
 08/31  14:00:00,0.682195376807,0.575647436722,0.0,0.0,0.0,0.0,0.0,0.0,0.060372604809,0.0131536523731,0.294631345917,0.296925773707,0.555195868269
 08/31  15:00:00,0.724367233633,0.582209353241,0.0,0.0,0.0139147713976,0.0048384074634,0.018753178861,0.0048384074634,0.060372604809,0.0131536523731,0.301544742847,0.313431054743,0.560620938765
 08/31  16:00:00,0.934559346913,0.636315140864,0.0,0.0,0.0931022753174,0.0320292869635,0.125131562281,0.0320292869635,0.0641458936545,0.013975755874,0.343460130304,0.3707340048,0.610779830196
 08/31  17:00:00,1.19973616662,0.750625064689,0.0,0.0,0.156393129274,0.0544273310244,0.210820460298,0.0544273310244,0.0830123378819,0.0180862715576,0.420322530775,0.450382566105,0.719603743213
 08/31  18:00:00,1.34062960635,0.854317356116,0.0,0.0,0.185930413767,0.0654241903327,0.251354604099,0.0654241903327,0.139611662205,0.0304178240723,0.383153984987,0.488979530988,0.82063756394
 08/31  19:00:00,1.35555244772,0.872810183566,0.0,0.0,0.136829248435,0.0507363752066,0.187565623641,0.0507363752066,0.27167673,0.0591914375,0.315283626754,0.504723029822,0.838046015184
 08/31  20:00:00,1.51639851077,0.814496584669,0.0,0.0,0.0941728192635,0.0356745422596,0.129847361523,0.0356745422596,0.464114385886,0.101118699658,0.282131328171,0.522074735527,0.778537270467
 08/31  21:00:00,1.61416973049,0.740927360756,0.0,0.0,0.0679849820515,0.0258930080185,0.09387799007,0.0258930080185,0.596179453681,0.129892313086,0.267221753354,0.5098862203,0.705807563617
 08/31  22:00:00,1.21722326866,0.621588623654,0.0,0.0,0.0,0.0,0.0,0.0,0.445247899862,0.097008173047,0.216614016064,0.441241179685,0.591196939975
 08/31  23:00:00,0.924410754143,0.493888922067,0.0,0.0,0.0,0.0,0.0,0.0,0.309409618455,0.0674124725097,0.147046288352,0.383430374827,0.467479114458
 08/31  24:00:00,0.625254618831,0.35769280494,0.0,0.0,0.0,0.0,0.0,0.0,0.158478064636,0.0345283324708,0.0979808984401,0.317155323284,0.335847871362
 09/01  01:00:00,0.51053643792,0.296224888424,0.0,0.0,0.0,0.0,0.0,0.0,0.0957370406095,0.0208586618945,0.0834923761498,0.293336359266,0.276020550632
 09/01  02:00:00,0.456462374508,0.280095091587,0.0,0.0,0.0,0.0,0.0,0.0,0.0638246798075,0.0139057697396,0.0716845669617,0.289935357999,0.260125006987
 09/01  03:00:00,0.44489170656,0.28497471889,0.0,0.0,0.0,0.0,0.0,0.0,0.0638246798075,0.0139057697396,0.0641951005342,0.285854156479,0.26528573812
 09/01  04:00:00,0.44543638174,0.403062837931,0.0,0.0707095095727,0.0,0.00200196718789,0.00200196718789,0.00200196718789,0.0638246798075,0.0139057697396,0.0735359875481,0.275055977456,0.313408101472
 09/01  05:00:00,0.501255625278,0.851683277389,0.0,0.30714006364,0.0,0.0085575028185,0.0085575028185,0.0085575028185,0.0683835825226,0.0148990403076,0.0853631352956,0.306940364333,0.52340186319
 09/01  06:00:00,0.683926548988,1.70456346069,0.0,0.765148619818,0.0,0.0211095041625,0.0211095041625,0.0211095041625,0.127649359615,0.0278115431218,0.135604734988,0.354639407101,0.914988089292
 09/01  07:00:00,0.930878067616,1.72835618557,0.0,0.681373620847,0.0,0.0187604539439,0.0187604539439,0.0187604539439,0.241622011085,0.0526432800032,0.208909382217,0.376830940367,1.02102731107
 09/01  08:00:00,0.866260483593,1.62285166569,0.0,0.609541892381,0.0,0.0167826905078,0.0167826905078,0.0167826905078,0.200591886649,0.0437038612825,0.269481251481,0.318588793672,0.991366105569
 09/01  09:00:00,0.749894188562,1.25196935396,0.0,0.329639365085,0.0,0.00907605451336,0.00907605451336,0.00907605451336,0.100295943325,0.0218519306412,0.330413434083,0.271144826,0.903654153157
 09/01  10:00:00,0.73540075056,0.820152756935,0.0,0.0,0.0,0.0,0.0,0.0,0.0775013963121,0.0168855778011,0.346380073072,0.277521703375,0.801037696485
 09/01  11:00:00,0.74972077818,0.729478456436,0.0,0.0,0.0,0.0,0.0,0.0,0.0775013963121,0.0168855778011,0.36061507566,0.277606728407,0.710357539656
 09/01  12:00:00,0.734437564419,0.658206605016,0.0,0.0,0.0,0.0,0.0,0.0,0.0775013963121,0.0168855778011,0.350008238641,0.272930351665,0.639407786375
 09/01  13:00:00,0.71289072736,0.61695697742,0.0,0.0,0.0,0.0,0.0,0.0,0.0775013963121,0.0168855778011,0.319023623067,0.28236813018,0.597508106171
 09/01  14:00:00,0.70399602893,0.576344430886,0.0,0.0,0.0,0.0,0.0,0.0,0.0775013963121,0.0168855778011,0.294229243714,0.298267811103,0.555800425966
 09/01  15:00:00,0.727372546975,0.583038183933,0.0,0.0,0.0,0.0,0.0,0.0,0.0775013963121,0.0168855778011,0.301025880583,0.314847692279,0.561352194703
 09/01  16:00:00,0.83762994303,0.637513080717,0.0,0.0,0.0,0.0,0.0,0.0,0.0866192351794,0.018872124401,0.34261694473,0.37240963872,0.611862356215
 09/01  17:00:00,1.0439385549,0.751718683229,0.0,0.0,0.0,0.0,0.0,0.0,0.127649359615,0.0278115431218,0.418947458642,0.452418193523,0.72055715239
 09/01  18:00:00,1.20909842731,0.855322548783,0.0,0.0,0.0,0.0,0.0,0.0,0.23706310837,0.0516500112565,0.382083699719,0.491189607965,0.821490531558
 09/01  19:00:00,1.36630515362,0.873269188385,0.0,0.0,0.0,0.0,0.0,0.0,0.433096008711,0.0943605855795,0.314732295471,0.507004263856,0.838347893818
 09/01  20:00:00,1.61176225682,0.814602902447,0.0,0.0,0.0,0.0,0.0,0.0,0.647364603506,0.141044253102,0.281807004861,0.524434395348,0.778481060272
 09/01  21:00:00,1.52918465994,0.741046830966,0.0,0.0,0.0,0.0,0.0,0.0,0.601775576355,0.131111547422,0.266994745381,0.512190790788,0.705768300282
 09/01  22:00:00,1.22648416109,0.621562573162,0.0,0.0,0.0,0.0,0.0,0.0,0.451331619571,0.0983336605665,0.216471390852,0.443235490102,0.591033525941
 09/01  23:00:00,0.932324576276,0.493785820592,0.0,0.0,0.0,0.0,0.0,0.0,0.314564538119,0.0685355799512,0.146949064735,0.385163393471,0.467256646621
 09/01  24:00:00,0.627942948764,0.357264721247,0.0,0.0,0.0,0.0,0.0,0.0,0.159561678621,0.034764424349,0.0979160521221,0.318588793672,0.335321053506
 09/02  01:00:00,0.514483461995,0.30152857457,0.0,0.0,0.0,0.0,0.0,0.0,0.0957370406095,0.0208586618945,0.0874394002251,0.293336359266,0.281324236777
 09/02  02:00:00,0.459073612935,0.283734309022,0.0,0.0,0.0,0.0,0.0,0.0,0.0638246798075,0.0139057697396,0.0742958053889,0.289935357999,0.263764224422
 09/02  03:00:00,0.446257110732,0.288498550567,0.0,0.0,0.0,0.0,0.0,0.0,0.0638246798075,0.0139057697396,0.0655605047062,0.285854156479,0.268809569797
 09/02  04:00:00,0.446105570167,0.340779216823,0.0,0.0,0.0,0.0,0.0,0.0,0.0638246798075,0.0139057697396,0.0762071431636,0.275055977456,0.321833989936
 09/02  05:00:00,0.496794815059,0.572000249196,0.0,0.0,0.0,0.0,0.0,0.0,0.0683835825226,0.0148990403076,0.0894598278958,0.306940364333,0.550858898637
 09/02  06:00:00,0.673442557043,1.00426149403,0.0,0.0,0.0,0.0,0.0,0.0,0.127649359615,0.0278115431218,0.146230247206,0.354639407101,0.979834742454
 09/02  07:00:00,0.933278975592,1.12632941201,0.0,0.0,0.0,0.0,0.0,0.0,0.241622011085,0.0526432800032,0.230070744137,0.376830940367,1.10037415836
 09/02  08:00:00,0.881915093977,1.09639928956,0.0,0.0,0.0,0.0,0.0,0.0,0.200591886649,0.0437038612825,0.301918552373,0.318588793672,1.07445562181
 09/02  09:00:00,0.785849192515,0.999366270594,0.0,0.0,0.0,0.0,0.0,0.0,0.100295943325,0.0218519306412,0.375444492549,0.271144826,0.980690434878
 09/02  10:00:00,0.78631697985,0.886767167717,0.0,0.0,0.0,0.0,0.0,0.0,0.0775013963121,0.0168855778011,0.397296302362,0.277521703375,0.867652107266
 09/02  11:00:00,0.802209537699,0.784855033841,0.0,0.0,0.0,0.0,0.0,0.0,0.0775013963121,0.0168855778011,0.413103835179,0.277606728407,0.765734117061
 09/02  12:00:00,0.78224807051,0.706439785883,0.0,0.0,0.0,0.0,0.0,0.0,0.0775013963121,0.0168855778011,0.397818744732,0.272930351665,0.687640967241
 09/02  13:00:00,0.756478759875,0.65927620291,0.0,0.0,0.0,0.0,0.0,0.0,0.0775013963121,0.0168855778011,0.362611655582,0.28236813018,0.639827331661
 09/02  14:00:00,0.743121601105,0.614825133718,0.0,0.0,0.0,0.0,0.0,0.0,0.0775013963121,0.0168855778011,0.333354815889,0.298267811103,0.594281128798
 09/02  15:00:00,0.76443151983,0.621414855288,0.0,0.0,0.0,0.0,0.0,0.0,0.0775013963121,0.0168855778011,0.338084853439,0.314847692279,0.599728866058
 09/02  16:00:00,0.873547862278,0.684333843077,0.0,0.0,0.0,0.0,0.0,0.0,0.0866192351794,0.018872124401,0.378534863978,0.37240963872,0.658683118575
 09/02  17:00:00,1.07929048512,0.808035373677,0.0,0.0,0.0,0.0,0.0,0.0,0.127649359615,0.0278115431218,0.454299388857,0.452418193523,0.776873842839
 09/02  18:00:00,1.24340874285,0.928046052279,0.0,0.0,0.0,0.0,0.0,0.0,0.23706310837,0.0516500112565,0.416394015259,0.491189607965,0.894214035054
 09/02  19:00:00,1.40054990781,0.954521580419,0.0,0.0,0.0,0.0,0.0,0.0,0.433096008711,0.0943605855795,0.348977049664,0.507004263856,0.919600285852
 09/02  20:00:00,1.64661762714,0.892199753934,0.0,0.0,0.0,0.0,0.0,0.0,0.647364603506,0.141044253102,0.316662375189,0.524434395348,0.856077911759
 09/02  21:00:00,1.56479151741,0.806685627706,0.0,0.0,0.0,0.0,0.0,0.0,0.601775576355,0.131111547422,0.302601602849,0.512190790788,0.771407097022
 09/02  22:00:00,1.25477737302,0.673973063942,0.0,0.0,0.0,0.0,0.0,0.0,0.451331619571,0.0983336605665,0.244764602777,0.443235490102,0.643444016721
 09/02  23:00:00,0.947859421612,0.527670970055,0.0,0.0,0.0,0.0,0.0,0.0,0.314564538119,0.0685355799512,0.162483910071,0.385163393471,0.501141796084
 09/02  24:00:00,0.644645309468,0.739727332201,0.0,0.367870296219,0.0,0.0101286776277,0.0101286776277,0.0101286776277,0.159561678621,0.034764424349,0.104489735199,0.318588793672,0.34991336824
 09/03  01:00:00,0.541152889825,1.27296540897,0.0,0.968624994942,0.0,0.0266694278301,0.0266694278301,0.0266694278301,0.0957370406095,0.0208586618945,0.0874394002251,0.293336359266,0.284136076235
 09/03  02:00:00,0.499729099121,1.76257678362,0.0,1.4765941119,0.0,0.0406554861865,0.0406554861865,0.0406554861865,0.0638246798075,0.0139057697396,0.0742958053889,0.289935357999,0.266012587116
 09/03  03:00:00,0.498964417286,2.2046198117,0.0,1.91431233057,0.0,0.0527073065542,0.0527073065542,0.0527073065542,0.0638246798075,0.0139057697396,0.0655605047062,0.285854156479,0.270618500357
 09/03  04:00:00,0.508706722113,2.61559165221,0.0,2.27365359591,0.0,0.0626011519456,0.0626011519456,0.0626011519456,0.0638246798075,0.0139057697396,0.0762071431636,0.275055977456,0.322992829411
 09/03  05:00:00,0.564542172371,3.03350905562,0.0,2.46056211073,0.0,0.0677473573119,0.0677473573119,0.0677473573119,0.0683835825226,0.0148990403076,0.0894598278958,0.306940364333,0.551805594326
 09/03  06:00:00,0.751621522024,3.84468150945,0.0,2.83943472811,0.0,0.0781789649813,0.0781789649813,0.0781789649813,0.127649359615,0.0278115431218,0.146230247206,0.354639407101,0.980820029759
 09/03  07:00:00,1.00126552168,3.59617279615,0.0,2.46924936968,0.0,0.0679865460866,0.0679865460866,0.0679865460866,0.241622011085,0.0526432800032,0.230070744137,0.376830940367,1.10096817282
 09/03  08:00:00,0.944296282478,3.36230966837,0.0,2.26566459473,0.0,0.0623811885011,0.0623811885011,0.0623811885011,0.200591886649,0.0437038612825,0.301918552373,0.318588793672,1.0747014059
 09/03  09:00:00,0.834616041652,2.77049556822,0.0,1.77119619137,0.0,0.0487668491371,0.0487668491371,0.0487668491371,0.100295943325,0.0218519306412,0.375444492549,0.271144826,0.980623541126
 09/03  10:00:00,0.826713264486,2.35369625678,0.0,1.4671799954,0.0,0.0403962846358,0.0403962846358,0.0403962846358,0.0775013963121,0.0168855778011,0.397296302362,0.277521703375,0.867401200936
 09/03  11:00:00,0.81526553208,1.25864191735,0.0,0.474189494139,0.0,0.0130559943815,0.0130559943815,0.0130559943815,0.0775013963121,0.0168855778011,0.413103835179,0.277606728407,0.765331506431
 09/03  12:00:00,0.78224807051,0.706559419542,0.0,0.0,0.0,0.0,0.0,0.0,0.0775013963121,0.0168855778011,0.397818744732,0.272930351665,0.687760600901
 09/03  13:00:00,0.756478759875,0.659816269903,0.0,0.0,0.0,0.0,0.0,0.0,0.0775013963121,0.0168855778011,0.362611655582,0.28236813018,0.640367398654
 09/03  14:00:00,0.743121601105,0.61525747582,0.0,0.0,0.0,0.0,0.0,0.0,0.0775013963121,0.0168855778011,0.333354815889,0.298267811103,0.594713470899
 09/03  15:00:00,0.76443151983,0.621778323554,0.0,0.0,0.0,0.0,0.0,0.0,0.0775013963121,0.0168855778011,0.338084853439,0.314847692279,0.600092334324
 09/03  16:00:00,0.873547862278,0.684676961165,0.0,0.0,0.0,0.0,0.0,0.0,0.0866192351794,0.018872124401,0.378534863978,0.37240963872,0.659026236664
 09/03  17:00:00,1.07929048512,0.808458159253,0.0,0.0,0.0,0.0,0.0,0.0,0.127649359615,0.0278115431218,0.454299388857,0.452418193523,0.777296628414
 09/03  18:00:00,1.24340874285,0.92864895699,0.0,0.0,0.0,0.0,0.0,0.0,0.23706310837,0.0516500112565,0.416394015259,0.491189607965,0.894816939765
 09/03  19:00:00,1.40054990781,0.955260679971,0.0,0.0,0.0,0.0,0.0,0.0,0.433096008711,0.0943605855795,0.348977049664,0.507004263856,0.920339385404
 09/03  20:00:00,1.64661762714,0.892747466351,0.0,0.0,0.0,0.0,0.0,0.0,0.647364603506,0.141044253102,0.316662375189,0.524434395348,0.856625624176
 09/03  21:00:00,1.56479151741,0.806969683707,0.0,0.0,0.0,0.0,0.0,0.0,0.601775576355,0.131111547422,0.302601602849,0.512190790788,0.771691153022
 09/03  22:00:00,1.25477737302,0.673907356125,0.0,0.0,0.0,0.0,0.0,0.0,0.451331619571,0.0983336605665,0.244764602777,0.443235490102,0.643378308904
 09/03  23:00:00,0.947859421612,0.527450794608,0.0,0.0,0.0,0.0,0.0,0.0,0.314564538119,0.0685355799512,0.162483910071,0.385163393471,0.500921620637
 09/03  24:00:00,0.634516631841,0.3715601495,0.0,0.0,0.0,0.0,0.0,0.0,0.159561678621,0.034764424349,0.104489735199,0.318588793672,0.349616481758
 09/04  01:00:00,0.51053643792,0.298129015089,0.0,0.0,0.0,0.0,0.0,0.0,0.0957370406095,0.0208586618945,0.0834923761498,0.293336359266,0.277924677297
 09/04  02:00:00,0.460188482856,0.417166651423,0.0,0.135331050338,0.0,0.00372610834845,0.00372610834845,0.00372610834845,0.0638246798075,0.0139057697396,0.0716845669617,0.289935357999,0.261865516484
 09/04  03:00:00,0.457370801362,0.739488102888,0.0,0.453236687955,0.0,0.0124790948019,0.0124790948019,0.0124790948019,0.0638246798075,0.0139057697396,0.0641951005342,0.285854156479,0.266562434162
 09/04  04:00:00,0.464159321196,1.08602789037,0.0,0.752721907709,0.0,0.0207249066446,0.0207249066446,0.0207249066446,0.0638246798075,0.0139057697396,0.0735359875481,0.275055977456,0.314360755773
 09/04  05:00:00,0.51684252527,1.42273626576,0.0,0.876916902757,0.0,0.0241444028114,0.0241444028114,0.0241444028114,0.0683835825226,0.0148990403076,0.0853631352956,0.306940364333,0.52467801244
 09/04  06:00:00,0.690595439929,1.95061130202,0.0,1.00890232772,0.0,0.0277783951037,0.0277783951037,0.0277783951037,0.127649359615,0.0278115431218,0.135604734988,0.354639407101,0.917282222717
 09/04  07:00:00,0.93295616209,1.80659420851,0.0,0.756849340168,0.0,0.0208385484179,0.0208385484179,0.0208385484179,0.241622011085,0.0526432800032,0.208909382217,0.376830940367,1.02378961469
 09/04  08:00:00,0.869167105123,1.73144699252,0.0,0.715109446465,0.0,0.0196893120379,0.0196893120379,0.0196893120379,0.200591886649,0.0437038612825,0.269481251481,0.318588793672,0.99439387831
 09/04  09:00:00,0.759184806378,1.59280783823,0.0,0.667071599928,0.0,0.018366672329,0.018366672329,0.018366672329,0.100295943325,0.0218519306412,0.330413434083,0.271144826,0.907060402585
 09/04  10:00:00,0.752694840955,1.45161414147,0.0,0.628115770902,0.0,0.0172940903946,0.0172940903946,0.0172940903946,0.0775013963121,0.0168855778011,0.346380073072,0.277521703375,0.804383310121
 09/04  11:00:00,0.753492247333,0.869200464504,0.0,0.136978540117,0.0,0.00377146915368,0.00377146915368,0.00377146915368,0.0775013963121,0.0168855778011,0.36061507566,0.277606728407,0.713101007607
 09/04  12:00:00,0.734437564419,0.661058550191,0.0,0.0,0.0,0.0,0.0,0.0,0.0775013963121,0.0168855778011,0.350008238641,0.272930351665,0.64225973155
 09/04  13:00:00,0.71289072736,0.620043453675,0.0,0.0,0.0,0.0,0.0,0.0,0.0775013963121,0.0168855778011,0.319023623067,0.28236813018,0.600594582427
 09/04  14:00:00,0.70399602893,0.57912497351,0.0,0.0,0.0,0.0,0.0,0.0,0.0775013963121,0.0168855778011,0.294229243714,0.298267811103,0.55858096859
 09/04  15:00:00,0.727372546975,0.585657637697,0.0,0.0,0.0,0.0,0.0,0.0,0.0775013963121,0.0168855778011,0.301025880583,0.314847692279,0.563971648467
 09/04  16:00:00,0.83762994303,0.640246762394,0.0,0.0,0.0,0.0,0.0,0.0,0.0866192351794,0.018872124401,0.34261694473,0.37240963872,0.614596037892
 09/04  17:00:00,1.0439385549,0.754919385889,0.0,0.0,0.0,0.0,0.0,0.0,0.127649359615,0.0278115431218,0.418947458642,0.452418193523,0.72375785505
 09/04  18:00:00,1.20909842731,0.858974705036,0.0,0.0,0.0,0.0,0.0,0.0,0.23706310837,0.0516500112565,0.382083699719,0.491189607965,0.825142687811
 09/04  19:00:00,1.36630515362,0.877097116264,0.0,0.0,0.0,0.0,0.0,0.0,0.433096008711,0.0943605855795,0.314732295471,0.507004263856,0.842175821697
 09/04  20:00:00,1.61176225682,0.818233694759,0.0,0.0,0.0,0.0,0.0,0.0,0.647364603506,0.141044253102,0.281807004861,0.524434395348,0.782111852584
 09/04  21:00:00,1.52918465994,0.744364219847,0.0,0.0,0.0,0.0,0.0,0.0,0.601775576355,0.131111547422,0.266994745381,0.512190790788,0.709085689162
 09/04  22:00:00,1.22648416109,0.624385843264,0.0,0.0,0.0,0.0,0.0,0.0,0.451331619571,0.0983336605665,0.216471390852,0.443235490102,0.593856796043
 09/04  23:00:00,0.932324576276,0.496035094871,0.0,0.0,0.0,0.0,0.0,0.0,0.314564538119,0.0685355799512,0.146949064735,0.385163393471,0.4695059209
 09/04  24:00:00,0.627942948764,0.359018051753,0.0,0.0,0.0,0.0,0.0,0.0,0.159561678621,0.034764424349,0.0979160521221,0.318588793672,0.337074384012
 09/05  01:00:00,0.51053643792,0.296965154774,0.0,0.0,0.0,0.0,0.0,0.0,0.0957370406095,0.0208586618945,0.0834923761498,0.293336359266,0.276760816981
 09/05  02:00:00,0.456462374508,0.280549684764,0.0,0.0,0.0,0.0,0.0,0.0,0.0638246798075,0.0139057697396,0.0716845669617,0.289935357999,0.260579600163
 09/05  03:00:00,0.44489170656,0.285003249573,0.0,0.0,0.0,0.0,0.0,0.0,0.0638246798075,0.0139057697396,0.0641951005342,0.285854156479,0.265314268802
 09/05  04:00:00,0.443434414552,0.332248974385,0.0,0.0,0.0,0.0,0.0,0.0,0.0638246798075,0.0139057697396,0.0735359875481,0.275055977456,0.313303747498
 09/05  05:00:00,0.492698122459,0.545459262562,0.0,0.0,0.0,0.0,0.0,0.0,0.0683835825226,0.0148990403076,0.0853631352956,0.306940364333,0.524317912002
 09/05  06:00:00,0.662817044826,0.942262354957,0.0,0.0,0.0,0.0,0.0,0.0,0.127649359615,0.0278115431218,0.135604734988,0.354639407101,0.917835603383
 09/05  07:00:00,0.912117613672,1.05083400686,0.0,0.0,0.0,0.0,0.0,0.0,0.241622011085,0.0526432800032,0.208909382217,0.376830940367,1.02487875321
 09/05  08:00:00,0.849477793085,1.01745711632,0.0,0.0,0.0,0.0,0.0,0.0,0.200591886649,0.0437038612825,0.269481251481,0.318588793672,0.995513448579
 09/05  09:00:00,0.740818134049,0.926831646995,0.0,0.0,0.0,0.0,0.0,0.0,0.100295943325,0.0218519306412,0.330413434083,0.271144826,0.908155811279
 09/05  10:00:00,0.73540075056,0.824566594696,0.0,0.0,0.0,0.0,0.0,0.0,0.0775013963121,0.0168855778011,0.346380073072,0.277521703375,0.805451534245
 09/05  11:00:00,0.74972077818,0.733235601257,0.0,0.0,0.0,0.0,0.0,0.0,0.0775013963121,0.0168855778011,0.36061507566,0.277606728407,0.714114684476
 09/05  12:00:00,0.734437564419,0.661658839086,0.0,0.0,0.0,0.0,0.0,0.0,0.0775013963121,0.0168855778011,0.350008238641,0.272930351665,0.642860020445
 09/05  13:00:00,0.71289072736,0.620450440526,0.0,0.0,0.0,0.0,0.0,0.0,0.0775013963121,0.0168855778011,0.319023623067,0.28236813018,0.601001569277
 09/05  14:00:00,0.70399602893,0.579458996695,0.0,0.0,0.0,0.0,0.0,0.0,0.0775013963121,0.0168855778011,0.294229243714,0.298267811103,0.558914991775
 09/05  15:00:00,0.727372546975,0.586110815627,0.0,0.0,0.0,0.0,0.0,0.0,0.0775013963121,0.0168855778011,0.301025880583,0.314847692279,0.564424826396
 09/05  16:00:00,0.83762994303,0.640705529274,0.0,0.0,0.0,0.0,0.0,0.0,0.0866192351794,0.018872124401,0.34261694473,0.37240963872,0.615054804772
 09/05  17:00:00,1.0439385549,0.755466053752,0.0,0.0,0.0,0.0,0.0,0.0,0.127649359615,0.0278115431218,0.418947458642,0.452418193523,0.724304522913
 09/05  18:00:00,1.20909842731,0.859777645439,0.0,0.0,0.0,0.0,0.0,0.0,0.23706310837,0.0516500112565,0.382083699719,0.491189607965,0.825945628214
 09/05  19:00:00,1.36630515362,0.878047315035,0.0,0.0,0.0,0.0,0.0,0.0,0.433096008711,0.0943605855795,0.314732295471,0.507004263856,0.843126020468
 09/05  20:00:00,1.61176225682,0.819354178439,0.0,0.0,0.0,0.0,0.0,0.0,0.647364603506,0.141044253102,0.281807004861,0.524434395348,0.783232336263
 09/05  21:00:00,1.52918465994,0.745704717803,0.0,0.0,0.0,0.0,0.0,0.0,0.601775576355,0.131111547422,0.266994745381,0.512190790788,0.710426187118
 09/05  22:00:00,1.22648416109,0.625905670371,0.0,0.0,0.0,0.0,0.0,0.0,0.451331619571,0.0983336605665,0.216471390852,0.443235490102,0.59537662315
 09/05  23:00:00,0.932324576276,0.497618090419,0.0,0.0,0.0,0.0,0.0,0.0,0.314564538119,0.0685355799512,0.146949064735,0.385163393471,0.471088916448
 09/05  24:00:00,0.627942948764,0.360580324968,0.0,0.0,0.0,0.0,0.0,0.0,0.159561678621,0.034764424349,0.0979160521221,0.318588793672,0.338636657226
 09/06  01:00:00,0.51053643792,0.298680033317,0.0,0.0,0.0,0.0,0.0,0.0,0.0957370406095,0.0208586618945,0.0834923761498,0.293336359266,0.278475695524
 09/06  02:00:00,0.465197015296,0.599590747373,0.0,0.317239328991,0.0,0.00873464078829,0.00873464078829,0.00873464078829,0.0638246798075,0.0139057697396,0.0716845669617,0.289935357999,0.262381333782
 09/06  03:00:00,0.467250816191,1.09883368799,0.0,0.812075631748,0.0,0.0223591096313,0.0223591096313,0.0223591096313,0.0638246798075,0.0139057697396,0.0641951005342,0.285854156479,0.267069075469
 09/06  04:00:00,0.477600150019,1.57475763567,0.0,1.2408884643,0.0,0.034165735467,0.034165735467,0.034165735467,0.0638246798075,0.0139057697396,0.0735359875481,0.275055977456,0.31492394448
 09/06  05:00:00,0.534754910291,2.0742226931,0.0,1.52748893453,0.0,0.0420567878317,0.0420567878317,0.0420567878317,0.0683835825226,0.0148990403076,0.0853631352956,0.306940364333,0.52559240801
 09/06  06:00:00,0.706383978588,2.52617933978,0.0,1.58233694643,0.0,0.0435669337629,0.0435669337629,0.0435669337629,0.127649359615,0.0278115431218,0.135604734988,0.354639407101,0.919415641771
 09/06  07:00:00,0.956537848849,2.66553645158,0.0,1.61332857786,0.0,0.0444202351768,0.0444202351768,0.0444202351768,0.241622011085,0.0526432800032,0.208909382217,0.376830940367,1.02625262007
 09/06  08:00:00,0.893264143971,2.6088393802,0.0,1.59030610539,0.0,0.0437863508859,0.0437863508859,0.0437863508859,0.200591886649,0.0437038612825,0.269481251481,0.318588793672,0.996589607075
 09/06  09:00:00,0.777529914259,2.26082567418,0.0,1.33335998609,0.0,0.0367117802103,0.0367117802103,0.0367117802103,0.100295943325,0.0218519306412,0.330413434083,0.271144826,0.908789852376
 09/06  10:00:00,0.770105414095,2.08548426398,0.0,1.26046215745,0.0,0.0347046635345,0.0347046635345,0.0347046635345,0.0775013963121,0.0168855778011,0.346380073072,0.277521703375,0.805907046081
 09/06  11:00:00,0.762137846062,1.18450128402,0.0,0.4509838903,0.0,0.0124170678825,0.0124170678825,0.0124170678825,0.0775013963121,0.0168855778011,0.36061507566,0.277606728407,0.714396476936
 09/06  12:00:00,0.734437564419,0.662424364132,0.0,0.0,0.0,0.0,0.0,0.0,0.0775013963121,0.0168855778011,0.350008238641,0.272930351665,0.643625545491
 09/06  13:00:00,0.71289072736,0.621775576531,0.0,0.0,0.0,0.0,0.0,0.0,0.0775013963121,0.0168855778011,0.319023623067,0.28236813018,0.602326705282
 09/06  14:00:00,0.70399602893,0.580908031315,0.0,0.0,0.0,0.0,0.0,0.0,0.0775013963121,0.0168855778011,0.294229243714,0.298267811103,0.560364026394
 09/06  15:00:00,0.727372546975,0.587639460134,0.0,0.0,0.0,0.0,0.0,0.0,0.0775013963121,0.0168855778011,0.301025880583,0.314847692279,0.565953470904
 09/06  16:00:00,0.83762994303,0.642404850216,0.0,0.0,0.0,0.0,0.0,0.0,0.0866192351794,0.018872124401,0.34261694473,0.37240963872,0.616754125714
 09/06  17:00:00,1.0439385549,0.757411869217,0.0,0.0,0.0,0.0,0.0,0.0,0.127649359615,0.0278115431218,0.418947458642,0.452418193523,0.726250338378
 09/06  18:00:00,1.20909842731,0.861819874002,0.0,0.0,0.0,0.0,0.0,0.0,0.23706310837,0.0516500112565,0.382083699719,0.491189607965,0.827987856777
 09/06  19:00:00,1.36630515362,0.880075619605,0.0,0.0,0.0,0.0,0.0,0.0,0.433096008711,0.0943605855795,0.314732295471,0.507004263856,0.845154325038
 09/06  20:00:00,1.61176225682,0.821334614802,0.0,0.0,0.0,0.0,0.0,0.0,0.647364603506,0.141044253102,0.281807004861,0.524434395348,0.785212772627
 09/06  21:00:00,1.52918465994,0.747586379026,0.0,0.0,0.0,0.0,0.0,0.0,0.601775576355,0.131111547422,0.266994745381,0.512190790788,0.712307848342
 09/06  22:00:00,1.22648416109,0.627602877879,0.0,0.0,0.0,0.0,0.0,0.0,0.451331619571,0.0983336605665,0.216471390852,0.443235490102,0.597073830658
 09/06  23:00:00,0.93267653151,0.511988595514,0.0,0.0127829003015,0.0,0.000351955234307,0.000351955234307,0.000351955234307,0.314564538119,0.0685355799512,0.146949064735,0.385163393471,0.472676521241
 09/06  24:00:00,0.642965943502,0.907740029841,0.0,0.545630311057,0.0,0.0150229947385,0.0150229947385,0.0150229947385,0.159561678621,0.034764424349,0.0979160521221,0.318588793672,0.340166051043
 09/07  01:00:00,0.542536947405,1.46188693751,0.0,1.16224815681,0.0,0.0320005094857,0.0320005094857,0.0320005094857,0.0957370406095,0.0208586618945,0.0834923761498,0.293336359266,0.279434442908
 09/07  02:00:00,0.503211043386,1.98067795297,0.0,1.69789653696,0.0,0.0467486688779,0.0467486688779,0.0467486688779,0.0638246798075,0.0139057697396,0.0716845669617,0.289935357999,0.262811331412
 09/07  03:00:00,0.503794663717,2.42615282822,0.0,2.13933635704,0.0,0.058902957157,0.058902957157,0.058902957157,0.0638246798075,0.0139057697396,0.0641951005342,0.285854156479,0.267127490416
 09/07  04:00:00,0.512504205781,2.84233592358,0.0,2.508592483,0.0,0.0690697912298,0.0690697912298,0.0690697912298,0.0638246798075,0.0139057697396,0.0735359875481,0.275055977456,0.314798213685
 09/07  05:00:00,0.565762824469,3.20055288794,0.0,2.65368635073,0.0,0.0730647020096,0.0730647020096,0.0730647020096,0.0683835825226,0.0148990403076,0.0853631352956,0.306940364333,0.525725186646
 09/07  06:00:00,0.743122038792,3.86094065407,0.0,2.91665141338,0.0,0.0803049939666,0.0803049939666,0.0803049939666,0.127649359615,0.0278115431218,0.135604734988,0.354639407101,0.919862489111
 09/07  07:00:00,0.980347368254,3.53083812011,0.0,2.4780826236,0.0,0.0682297545822,0.0682297545822,0.0682297545822,0.241622011085,0.0526432800032,0.208909382217,0.376830940367,1.02680024286
 09/07  08:00:00,0.909634445396,3.20405378705,0.0,2.18487015964,0.0,0.0601566523111,0.0601566523111,0.0601566523111,0.200591886649,0.0437038612825,0.269481251481,0.318588793672,0.997239959675
 09/07  09:00:00,0.787059145602,2.60764626288,0.0,1.6794585871,0.0,0.0462410115536,0.0462410115536,0.0462410115536,0.100295943325,0.0218519306412,0.330413434083,0.271144826,0.909511840067
 09/07  10:00:00,0.768479213096,2.02705552209,0.0,1.20139906303,0.0,0.033078462536,0.033078462536,0.033078462536,0.0775013963121,0.0168855778011,0.346380073072,0.277521703375,0.806541398608
 09/07  11:00:00,0.757551206735,1.01868361775,0.0,0.284398633088,0.0,0.00783042855565,0.00783042855565,0.00783042855565,0.0775013963121,0.0168855778011,0.36061507566,0.277606728407,0.715164067878
 09/07  12:00:00,0.734437564419,0.663144746339,0.0,0.0,0.0,0.0,0.0,0.0,0.0775013963121,0.0168855778011,0.350008238641,0.272930351665,0.644345927697
 09/07  13:00:00,0.71289072736,0.622027193727,0.0,0.0,0.0,0.0,0.0,0.0,0.0775013963121,0.0168855778011,0.319023623067,0.28236813018,0.602578322478
 09/07  14:00:00,0.70399602893,0.580907147059,0.0,0.0,0.0,0.0,0.0,0.0,0.0775013963121,0.0168855778011,0.294229243714,0.298267811103,0.560363142139
 09/07  15:00:00,0.727372546975,0.58755628389,0.0,0.0,0.0,0.0,0.0,0.0,0.0775013963121,0.0168855778011,0.301025880583,0.314847692279,0.565870294659
 09/07  16:00:00,0.83762994303,0.64229422124,0.0,0.0,0.0,0.0,0.0,0.0,0.0866192351794,0.018872124401,0.34261694473,0.37240963872,0.616643496739
 09/07  17:00:00,1.0439385549,0.757194841736,0.0,0.0,0.0,0.0,0.0,0.0,0.127649359615,0.0278115431218,0.418947458642,0.452418193523,0.726033310897
 09/07  18:00:00,1.20909842731,0.861485630931,0.0,0.0,0.0,0.0,0.0,0.0,0.23706310837,0.0516500112565,0.382083699719,0.491189607965,0.827653613706
 09/07  19:00:00,1.36630515362,0.879486116606,0.0,0.0,0.0,0.0,0.0,0.0,0.433096008711,0.0943605855795,0.314732295471,0.507004263856,0.844564822039
 09/07  20:00:00,1.61176225682,0.820464053913,0.0,0.0,0.0,0.0,0.0,0.0,0.647364603506,0.141044253102,0.281807004861,0.524434395348,0.784342211738
 09/07  21:00:00,1.52918465994,0.746475749114,0.0,0.0,0.0,0.0,0.0,0.0,0.601775576355,0.131111547422,0.266994745381,0.512190790788,0.71119721843
 09/07  22:00:00,1.22648416109,0.626201253405,0.0,0.0,0.0,0.0,0.0,0.0,0.451331619571,0.0983336605665,0.216471390852,0.443235490102,0.595672206184
 09/07  23:00:00,0.932324576276,0.497407264778,0.0,0.0,0.0,0.0,0.0,0.0,0.314564538119,0.0685355799512,0.146949064735,0.385163393471,0.470878090807
 09/07  24:00:00,0.627942948764,0.359867856993,0.0,0.0,0.0,0.0,0.0,0.0,0.159561678621,0.034764424349,0.0979160521221,0.318588793672,0.337924189252
 09/08  01:00:00,0.51053643792,0.297533758542,0.0,0.0,0.0,0.0,0.0,0.0,0.0957370406095,0.0208586618945,0.0834923761498,0.293336359266,0.27732942075
 09/08  02:00:00,0.456462374508,0.281206069732,0.0,0.0,0.0,0.0,0.0,0.0,0.0638246798075,0.0139057697396,0.0716845669617,0.289935357999,0.261235985131
 09/08  03:00:00,0.44489170656,0.28569093566,0.0,0.0,0.0,0.0,0.0,0.0,0.0638246798075,0.0139057697396,0.0641951005342,0.285854156479,0.266001954889
 09/08  04:00:00,0.443434414552,0.333384783487,0.0,0.0,0.0,0.0,0.0,0.0,0.0638246798075,0.0139057697396,0.0735359875481,0.275055977456,0.3144395566
 09/08  05:00:00,0.492698122459,0.547681111755,0.0,0.0,0.0,0.0,0.0,0.0,0.0683835825226,0.0148990403076,0.0853631352956,0.306940364333,0.526539761195
 09/08  06:00:00,0.662817044826,0.946221628304,0.0,0.0,0.0,0.0,0.0,0.0,0.127649359615,0.0278115431218,0.135604734988,0.354639407101,0.921794876729
 09/08  07:00:00,0.912117613672,1.05539758752,0.0,0.0,0.0,0.0,0.0,0.0,0.241622011085,0.0526432800032,0.208909382217,0.376830940367,1.02944233387
 09/08  08:00:00,0.849477793085,1.02182672255,0.0,0.0,0.0,0.0,0.0,0.0,0.200591886649,0.0437038612825,0.269481251481,0.318588793672,0.99988305481
 09/08  09:00:00,0.740818134049,0.930271088394,0.0,0.0,0.0,0.0,0.0,0.0,0.100295943325,0.0218519306412,0.330413434083,0.271144826,0.911595252678
 09/08  10:00:00,0.73540075056,0.826985010107,0.0,0.0,0.0,0.0,0.0,0.0,0.0775013963121,0.0168855778011,0.346380073072,0.277521703375,0.807869949657
 09/08  11:00:00,0.74972077818,0.734918994493,0.0,0.0,0.0,0.0,0.0,0.0,0.0775013963121,0.0168855778011,0.36061507566,0.277606728407,0.715798077712
 09/08  12:00:00,0.734437564419,0.662748335157,0.0,0.0,0.0,0.0,0.0,0.0,0.0775013963121,0.0168855778011,0.350008238641,0.272930351665,0.643949516515
 09/08  13:00:00,0.71289072736,0.621002035689,0.0,0.0,0.0,0.0,0.0,0.0,0.0775013963121,0.0168855778011,0.319023623067,0.28236813018,0.60155316444
 09/08  14:00:00,0.742960698517,0.579763560371,0.0,0.0,0.0292816096841,0.00968305990296,0.0389646695871,0.00968305990296,0.0775013963121,0.0168855778011,0.294229243714,0.298267811103,0.55921955545
 09/08  15:00:00,0.89109654248,0.586442848124,0.0,0.0,0.123200746189,0.0405232493162,0.163723995505,0.0405232493162,0.0775013963121,0.0168855778011,0.301025880583,0.314847692279,0.564756858893
 09/08  16:00:00,1.11705079457,0.641448940897,0.0,0.0,0.210540118152,0.0688807333832,0.279420851535,0.0688807333832,0.0866192351794,0.018872124401,0.34261694473,0.37240963872,0.615798216395
 09/08  17:00:00,1.42005296589,0.756932715431,0.0,0.0,0.281535550863,0.0945788601278,0.376114410991,0.0945788601278,0.127649359615,0.0278115431218,0.418947458642,0.452418193523,0.725771184593
 09/08  18:00:00,1.57752084258,0.861770463359,0.0,0.0,0.273996238041,0.0944261772281,0.368422415269,0.0944261772281,0.23706310837,0.0516500112565,0.382083699719,0.491189607965,0.827938446134
 09/08  19:00:00,1.70056597538,0.879993099109,0.0,0.0,0.247047248801,0.0872135729611,0.334260821762,0.0872135729611,0.433096008711,0.0943605855795,0.314732295471,0.507004263856,0.845071804541
 09/08  20:00:00,1.77269273394,0.820951780291,0.0,0.0,0.118036681762,0.0428937953601,0.160930477122,0.0428937953601,0.647364603506,0.141044253102,0.281807004861,0.524434395348,0.784829938116
 09/08  21:00:00,1.52981739519,0.746614759299,0.0,0.0,0.000460969883544,0.00017176535987,0.000632735243414,0.00017176535987,0.601775576355,0.131111547422,0.266994745381,0.512190790788,0.711336228614
 09/08  22:00:00,1.28468348783,0.625819486871,0.0,0.0,0.0421613719124,0.0160379548279,0.0581993267404,0.0160379548279,0.451331619571,0.0983336605665,0.216471390852,0.443235490102,0.59529043965
 09/08  23:00:00,0.932324576276,0.496926925846,0.0,0.0,0.0,0.0,0.0,0.0,0.314564538119,0.0685355799512,0.146949064735,0.385163393471,0.470397751875
 09/08  24:00:00,0.627942948764,0.359179059756,0.0,0.0,0.0,0.0,0.0,0.0,0.159561678621,0.034764424349,0.0979160521221,0.318588793672,0.337235392015
 09/09  01:00:00,0.514483461995,0.302872031659,0.0,0.0,0.0,0.0,0.0,0.0,0.0957370406095,0.0208586618945,0.0874394002251,0.293336359266,0.282667693866
 09/09  02:00:00,0.459073612935,0.285005526277,0.0,0.0,0.0,0.0,0.0,0.0,0.0638246798075,0.0139057697396,0.0742958053889,0.289935357999,0.265035441676
 09/09  03:00:00,0.446257110732,0.290076353702,0.0,0.0,0.0,0.0,0.0,0.0,0.0638246798075,0.0139057697396,0.0655605047062,0.285854156479,0.270387372932
 09/09  04:00:00,0.446105570167,0.342755751681,0.0,0.0,0.0,0.0,0.0,0.0,0.0638246798075,0.0139057697396,0.0762071431636,0.275055977456,0.323810524794
 09/09  05:00:00,0.496794815059,0.576047775687,0.0,0.0,0.0,0.0,0.0,0.0,0.0683835825226,0.0148990403076,0.0894598278958,0.306940364333,0.554906425127
 09/09  06:00:00,0.673442557043,1.01250146759,0.0,0.0,0.0,0.0,0.0,0.0,0.127649359615,0.0278115431218,0.146230247206,0.354639407101,0.988074716012
 09/09  07:00:00,0.933278975592,1.13580122465,0.0,0.0,0.0,0.0,0.0,0.0,0.241622011085,0.0526432800032,0.230070744137,0.376830940367,1.109845971
 09/09  08:00:00,0.881915093977,1.10539055765,0.0,0.0,0.0,0.0,0.0,0.0,0.200591886649,0.0437038612825,0.301918552373,0.318588793672,1.08344688991
 09/09  09:00:00,0.785849192515,1.00705820287,0.0,0.0,0.0,0.0,0.0,0.0,0.100295943325,0.0218519306412,0.375444492549,0.271144826,0.988382367155
 09/09  10:00:00,0.78631697985,0.892869962912,0.0,0.0,0.0,0.0,0.0,0.0,0.0775013963121,0.0168855778011,0.397296302362,0.277521703375,0.873754902462
 09/09  11:00:00,0.802209537699,0.789568000721,0.0,0.0,0.0,0.0,0.0,0.0,0.0775013963121,0.0168855778011,0.413103835179,0.277606728407,0.77044708394
 09/09  12:00:00,0.78224807051,0.710073938273,0.0,0.0,0.0,0.0,0.0,0.0,0.0775013963121,0.0168855778011,0.397818744732,0.272930351665,0.691275119632
 09/09  13:00:00,0.756478759875,0.662059293072,0.0,0.0,0.0,0.0,0.0,0.0,0.0775013963121,0.0168855778011,0.362611655582,0.28236813018,0.642610421823
 09/09  14:00:00,0.755688759804,0.616917935267,0.0,0.0,0.00937522855221,0.00319193014727,0.0125671586995,0.00319193014727,0.0775013963121,0.0168855778011,0.333354815889,0.298267811103,0.596373930346
 09/09  15:00:00,0.884079983924,0.623520001805,0.0,0.0,0.0893618486273,0.0302866154661,0.119648464093,0.0302866154661,0.0775013963121,0.0168855778011,0.338084853439,0.314847692279,0.601834012574
 09/09  16:00:00,1.09827844377,0.686965362136,0.0,0.0,0.16805436125,0.0566762202398,0.22473058149,0.0566762202398,0.0866192351794,0.018872124401,0.378534863978,0.37240963872,0.661314637634
 09/09  17:00:00,1.40236900857,0.811815607175,0.0,0.0,0.240550806226,0.0825277172247,0.32307852345,0.0825277172247,0.127649359615,0.0278115431218,0.454299388857,0.452418193523,0.780654076336
 09/09  18:00:00,1.58286041927,0.93301398462,0.0,0.0,0.251535499802,0.0879161766133,0.339451676415,0.0879161766133,0.23706310837,0.0516500112565,0.416394015259,0.491189607965,0.899181967395
 09/09  19:00:00,1.71642296859,0.959736751607,0.0,0.0,0.23309126789,0.0827817928921,0.315873060782,0.0827817928921,0.433096008711,0.0943605855795,0.348977049664,0.507004263856,0.92481545704
 09/09  20:00:00,1.92234955825,0.896721374636,0.0,0.0,0.20232015486,0.0734117762447,0.275731931105,0.0734117762447,0.647364603506,0.141044253102,0.316662375189,0.524434395348,0.860599532461
 09/09  21:00:00,1.76505867262,0.810275394979,0.0,0.0,0.146183500103,0.0540836551075,0.20026715521,0.0540836551075,0.601775576355,0.131111547422,0.302601602849,0.512190790788,0.774996864294
 09/09  22:00:00,1.35248918435,0.676077049178,0.0,0.0,0.0709902427575,0.0267215685798,0.0977118113372,0.0267215685798,0.451331619571,0.0983336605665,0.244764602777,0.443235490102,0.645548001957
 09/09  23:00:00,0.947859421612,0.528000825755,0.0,0.0,0.0,0.0,0.0,0.0,0.314564538119,0.0685355799512,0.162483910071,0.385163393471,0.501471651784
 09/09  24:00:00,0.634516631841,0.37042074968,0.0,0.0,0.0,0.0,0.0,0.0,0.159561678621,0.034764424349,0.104489735199,0.318588793672,0.348477081938
 09/10  01:00:00,0.514483461995,0.302296708667,0.0,0.0,0.0,0.0,0.0,0.0,0.0957370406095,0.0208586618945,0.0874394002251,0.293336359266,0.282092370875
 09/10  02:00:00,0.459073612935,0.284160876093,0.0,0.0,0.0,0.0,0.0,0.0,0.0638246798075,0.0139057697396,0.0742958053889,0.289935357999,0.264190791492
 09/10  03:00:00,0.446257110732,0.289022718921,0.0,0.0,0.0,0.0,0.0,0.0,0.0638246798075,0.0139057697396,0.0655605047062,0.285854156479,0.269333738151
 09/10  04:00:00,0.446105570167,0.34172375242,0.0,0.0,0.0,0.0,0.0,0.0,0.0638246798075,0.0139057697396,0.0762071431636,0.275055977456,0.322778525534
 09/10  05:00:00,0.496794815059,0.575370018069,0.0,0.0,0.0,0.0,0.0,0.0,0.0683835825226,0.0148990403076,0.0894598278958,0.306940364333,0.554228667509
 09/10  06:00:00,0.673442557043,1.01225242323,0.0,0.0,0.0,0.0,0.0,0.0,0.127649359615,0.0278115431218,0.146230247206,0.354639407101,0.987825671657
 09/10  07:00:00,0.933278975592,1.13564268091,0.0,0.0,0.0,0.0,0.0,0.0,0.241622011085,0.0526432800032,0.230070744137,0.376830940367,1.10968742726
 09/10  08:00:00,0.881915093977,1.10548885547,0.0,0.0,0.0,0.0,0.0,0.0,0.200591886649,0.0437038612825,0.301918552373,0.318588793672,1.08354518773
 09/10  09:00:00,0.785849192515,1.0076097069,0.0,0.0,0.0,0.0,0.0,0.0,0.100295943325,0.0218519306412,0.375444492549,0.271144826,0.988933871183
 09/10  10:00:00,0.78631697985,0.893904624854,0.0,0.0,0.0,0.0,0.0,0.0,0.0775013963121,0.0168855778011,0.397296302362,0.277521703375,0.874789564404
 09/10  11:00:00,0.802209537699,0.790882644467,0.0,0.0,0.0,0.0,0.0,0.0,0.0775013963121,0.0168855778011,0.413103835179,0.277606728407,0.771761727687
 09/10  12:00:00,0.78224807051,0.711742940052,0.0,0.0,0.0,0.0,0.0,0.0,0.0775013963121,0.0168855778011,0.397818744732,0.272930351665,0.69294412141
 09/10  13:00:00,0.756478759875,0.664175683943,0.0,0.0,0.0,0.0,0.0,0.0,0.0775013963121,0.0168855778011,0.362611655582,0.28236813018,0.644726812694
 09/10  14:00:00,0.743121601105,0.619251817062,0.0,0.0,0.0,0.0,0.0,0.0,0.0775013963121,0.0168855778011,0.333354815889,0.298267811103,0.598707812142
 09/10  15:00:00,0.76443151983,0.625872717057,0.0,0.0,0.0,0.0,0.0,0.0,0.0775013963121,0.0168855778011,0.338084853439,0.314847692279,0.604186727826
 09/10  16:00:00,0.873547862278,0.689443763695,0.0,0.0,0.0,0.0,0.0,0.0,0.0866192351794,0.018872124401,0.378534863978,0.37240963872,0.663793039193
 09/10  17:00:00,1.07929048512,0.814314748509,0.0,0.0,0.0,0.0,0.0,0.0,0.127649359615,0.0278115431218,0.454299388857,0.452418193523,0.78315321767
 09/10  18:00:00,1.24340874285,0.935425806592,0.0,0.0,0.0,0.0,0.0,0.0,0.23706310837,0.0516500112565,0.416394015259,0.491189607965,0.901593789366
 09/10  19:00:00,1.40054990781,0.961984880463,0.0,0.0,0.0,0.0,0.0,0.0,0.433096008711,0.0943605855795,0.348977049664,0.507004263856,0.927063585896
 09/10  20:00:00,1.64661762714,0.898912919063,0.0,0.0,0.0,0.0,0.0,0.0,0.647364603506,0.141044253102,0.316662375189,0.524434395348,0.862791076888
 09/10  21:00:00,1.56479151741,0.81245914089,0.0,0.0,0.0,0.0,0.0,0.0,0.601775576355,0.131111547422,0.302601602849,0.512190790788,0.777180610205
 09/10  22:00:00,1.25477737302,0.678205827501,0.0,0.0,0.0,0.0,0.0,0.0,0.451331619571,0.0983336605665,0.244764602777,0.443235490102,0.64767678028
 09/10  23:00:00,0.947859421612,0.530191931455,0.0,0.0,0.0,0.0,0.0,0.0,0.314564538119,0.0685355799512,0.162483910071,0.385163393471,0.503662757484
 09/10  24:00:00,0.634516631841,0.372894513894,0.0,0.0,0.0,0.0,0.0,0.0,0.159561678621,0.034764424349,0.104489735199,0.318588793672,0.350950846153
 09/11  01:00:00,0.516045026122,0.495828833957,0.0,0.196893465403,0.0,0.00550858820247,0.00550858820247,0.00550858820247,0.0957370406095,0.0208586618945,0.0834923761498,0.293336359266,0.278731030762
 09/11  02:00:00,0.47421172293,0.924993576756,0.0,0.642671568768,0.0,0.0177493484225,0.0177493484225,0.0177493484225,0.0638246798075,0.0139057697396,0.0716845669617,0.289935357999,0.262351923387
 09/11  03:00:00,0.475629314321,1.40296668048,0.0,1.11637997453,0.0,0.0307376077606,0.0307376077606,0.0307376077606,0.0638246798075,0.0139057697396,0.0641951005342,0.285854156479,0.266897725182
 09/11  04:00:00,0.485607447864,1.8657727025,0.0,1.53171093278,0.0,0.0421730333118,0.0421730333118,0.0421730333118,0.0638246798075,0.0139057697396,0.0735359875481,0.275055977456,0.315116542832
 09/11  05:00:00,0.541794277793,2.33200459958,0.0,1.78315648595,0.0,0.0490961553338,0.0490961553338,0.0490961553338,0.0683835825226,0.0148990403076,0.0853631352956,0.306940364333,0.527706763068
 09/11  06:00:00,0.712859353063,2.76621679394,0.0,1.81752045345,0.0,0.050042308237,0.050042308237,0.050042308237,0.127649359615,0.0278115431218,0.135604734988,0.354639407101,0.924269588917
 09/11  07:00:00,0.96272628251,2.89607307884,0.0,1.83809048735,0.0,0.0506086688382,0.0506086688382,0.0506086688382,0.241622011085,0.0526432800032,0.208909382217,0.376830940367,1.03202733785
 09/11  08:00:00,0.89967965601,2.8474601865,0.0,1.82331542813,0.0,0.0502018629251,0.0502018629251,0.0502018629251,0.200591886649,0.0437038612825,0.269481251481,0.318588793672,1.00220109063
 09/11  09:00:00,0.784724481767,2.52711342227,0.0,1.59466435154,0.0,0.0439063477183,0.0439063477183,0.0439063477183,0.100295943325,0.0218519306412,0.330413434083,0.271144826,0.913773235014
 09/11  10:00:00,0.780895231162,2.48154569919,0.0,1.65234482432,0.0,0.0454944806016,0.0454944806016,0.0454944806016,0.0775013963121,0.0168855778011,0.346380073072,0.277521703375,0.810085814422
 09/11  11:00:00,0.772740128422,1.57298571404,0.0,0.836055357234,0.0,0.023019350242,0.023019350242,0.023019350242,0.0775013963121,0.0168855778011,0.36061507566,0.277606728407,0.71780944003
 09/11  12:00:00,0.746480818274,1.10275278317,0.0,0.43740708571,0.0,0.0120432538553,0.0120432538553,0.0120432538553,0.0775013963121,0.0168855778011,0.350008238641,0.272930351665,0.646546878824
 09/11  13:00:00,0.717000684377,0.773383470398,0.0,0.149272309834,0.0,0.00410995701631,0.00410995701631,0.00410995701631,0.0775013963121,0.0168855778011,0.319023623067,0.28236813018,0.604662289316
 09/11  14:00:00,0.70399602893,0.583145400104,0.0,0.0,0.0,0.0,0.0,0.0,0.0775013963121,0.0168855778011,0.294229243714,0.298267811103,0.562601395183
 09/11  15:00:00,0.727372546975,0.590379411939,0.0,0.0,0.0,0.0,0.0,0.0,0.0775013963121,0.0168855778011,0.301025880583,0.314847692279,0.568693422708
 09/11  16:00:00,0.83762994303,0.645797858564,0.0,0.0,0.0,0.0,0.0,0.0,0.0866192351794,0.018872124401,0.34261694473,0.37240963872,0.620147134062
 09/11  17:00:00,1.0439385549,0.761661370843,0.0,0.0,0.0,0.0,0.0,0.0,0.127649359615,0.0278115431218,0.418947458642,0.452418193523,0.730499840004
 09/11  18:00:00,1.20909842731,0.866748391422,0.0,0.0,0.0,0.0,0.0,0.0,0.23706310837,0.0516500112565,0.382083699719,0.491189607965,0.832916374197
 09/11  19:00:00,1.36630515362,0.88503169022,0.0,0.0,0.0,0.0,0.0,0.0,0.433096008711,0.0943605855795,0.314732295471,0.507004263856,0.850110395653
 09/11  20:00:00,1.61176225682,0.825941895784,0.0,0.0,0.0,0.0,0.0,0.0,0.647364603506,0.141044253102,0.281807004861,0.524434395348,0.789820053609
 09/11  21:00:00,1.52918465994,0.751734407098,0.0,0.0,0.0,0.0,0.0,0.0,0.601775576355,0.131111547422,0.266994745381,0.512190790788,0.716455876413
 09/11  22:00:00,1.22854216965,0.705650978033,0.0,0.074746205214,0.0,0.00205800855433,0.00205800855433,0.00205800855433,0.451331619571,0.0983336605665,0.216471390852,0.443235490102,0.600375725599
 09/11  23:00:00,0.947008726279,1.03464739015,0.0,0.533323579837,0.0,0.0146841500032,0.0146841500032,0.0146841500032,0.314564538119,0.0685355799512,0.146949064735,0.385163393471,0.474794636341
 09/11  24:00:00,0.657765256133,1.44582502506,0.0,1.08313656029,0.0,0.0298223073693,0.0298223073693,0.0298223073693,0.159561678621,0.034764424349,0.0979160521221,0.318588793672,0.340744797025
 09/12  01:00:00,0.553647534146,1.86531362512,0.0,1.56578107449,0.0,0.043111096226,0.043111096226,0.043111096226,0.0957370406095,0.0208586618945,0.0834923761498,0.293336359266,0.27932821284
 09/12  02:00:00,0.51074342678,2.25364989596,0.0,1.97147026617,0.0,0.0542810522724,0.0542810522724,0.0542810522724,0.0638246798075,0.0139057697396,0.0716845669617,0.289935357999,0.26220954519
 09/12  03:00:00,0.508074983501,2.58120671606,0.0,2.29479618752,0.0,0.0631832769414,0.0631832769414,0.0631832769414,0.0638246798075,0.0139057697396,0.0641951005342,0.285854156479,0.266721547771
 09/12  04:00:00,0.514284796653,2.90704250947,0.0,2.57326296768,0.0,0.0708503821011,0.0708503821011,0.0708503821011,0.0638246798075,0.0139057697396,0.0735359875481,0.275055977456,0.314834314906
 09/12  05:00:00,0.566740088966,3.23813819921,0.0,2.68918028127,0.0,0.0740419665071,0.0740419665071,0.0740419665071,0.0683835825226,0.0148990403076,0.0853631352956,0.306940364333,0.52781656738
 09/12  06:00:00,0.734991665759,3.57104587768,0.0,2.62135889385,0.0,0.072174620933,0.072174620933,0.072174620933,0.127649359615,0.0278115431218,0.135604734988,0.354639407101,0.925260232259
 09/12  07:00:00,0.982405346507,3.6123163882,0.0,2.55282772826,0.0,0.0702877328346,0.0702877328346,0.0702877328346,0.241622011085,0.0526432800032,0.208909382217,0.376830940367,1.03353340629
 09/12  08:00:00,0.912977894763,3.33186594629,0.0,2.30630315949,0.0,0.0635001016777,0.0635001016777,0.0635001016777,0.200591886649,0.0437038612825,0.269481251481,0.318588793672,1.00361911906
 09/12  09:00:00,0.788844648174,2.67795675019,0.0,1.74430746314,0.0,0.0480265141252,0.0480265141252,0.0480265141252,0.100295943325,0.0218519306412,0.330413434083,0.271144826,0.914973451334
 09/12  10:00:00,0.766850670721,1.97251581139,0.0,1.14225093054,0.0,0.03144992016,0.03144992016,0.03144992016,0.0775013963121,0.0168855778011,0.346380073072,0.277521703375,0.811149820396
 09/12  11:00:00,0.757540042567,1.02224824232,0.0,0.283993154092,0.0,0.00781926438698,0.00781926438698,0.00781926438698,0.0775013963121,0.0168855778011,0.36061507566,0.277606728407,0.719134171452
 09/12  12:00:00,0.734437564419,0.66653101265,0.0,0.0,0.0,0.0,0.0,0.0,0.0775013963121,0.0168855778011,0.350008238641,0.272930351665,0.647732194008
 09/12  13:00:00,0.71289072736,0.625024883928,0.0,0.0,0.0,0.0,0.0,0.0,0.0775013963121,0.0168855778011,0.319023623067,0.28236813018,0.605576012679
 09/12  14:00:00,0.70399602893,0.583528967992,0.0,0.0,0.0,0.0,0.0,0.0,0.0775013963121,0.0168855778011,0.294229243714,0.298267811103,0.562984963072
 09/12  15:00:00,0.727372546975,0.590158987784,0.0,0.0,0.0,0.0,0.0,0.0,0.0775013963121,0.0168855778011,0.301025880583,0.314847692279,0.568472998553
 09/12  16:00:00,0.83762994303,0.645345112417,0.0,0.0,0.0,0.0,0.0,0.0,0.0866192351794,0.018872124401,0.34261694473,0.37240963872,0.619694387915
 09/12  17:00:00,1.0439385549,0.761157088518,0.0,0.0,0.0,0.0,0.0,0.0,0.127649359615,0.0278115431218,0.418947458642,0.452418193523,0.729995557679
 09/12  18:00:00,1.21460430281,0.866313609233,0.0,0.0,0.00403226048894,0.00147361500661,0.00550587549555,0.00147361500661,0.23706310837,0.0516500112565,0.382083699719,0.491189607965,0.832481592008
 09/12  19:00:00,1.37811294359,0.88458325433,0.0,0.0,0.00859702138897,0.00321076858346,0.0118077899724,0.00321076858346,0.433096008711,0.0943605855795,0.314732295471,0.507004263856,0.849661959763
 09/12  20:00:00,1.63565545472,0.825091295826,0.0,0.0,0.0173593246583,0.00653387324442,0.0238931979027,0.00653387324442,0.647364603506,0.141044253102,0.281807004861,0.524434395348,0.788969453651
 09/12  21:00:00,1.52918465994,0.750477613632,0.0,0.0,0.0,0.0,0.0,0.0,0.601775576355,0.131111547422,0.266994745381,0.512190790788,0.715199082947
 09/12  22:00:00,1.22648416109,0.629119151342,0.0,0.0,0.0,0.0,0.0,0.0,0.451331619571,0.0983336605665,0.216471390852,0.443235490102,0.598590104121
 09/12  23:00:00,0.932324576276,0.499381888367,0.0,0.0,0.0,0.0,0.0,0.0,0.314564538119,0.0685355799512,0.146949064735,0.385163393471,0.472852714396
 09/12  24:00:00,0.627942948764,0.361040147884,0.0,0.0,0.0,0.0,0.0,0.0,0.159561678621,0.034764424349,0.0979160521221,0.318588793672,0.339096480142
 09/13  01:00:00,0.51053643792,0.298528003701,0.0,0.0,0.0,0.0,0.0,0.0,0.0957370406095,0.0208586618945,0.0834923761498,0.293336359266,0.278323665909
 09/13  02:00:00,0.456462374508,0.28218671431,0.0,0.0,0.0,0.0,0.0,0.0,0.0638246798075,0.0139057697396,0.0716845669617,0.289935357999,0.26221662971
 09/13  03:00:00,0.44489170656,0.286825609137,0.0,0.0,0.0,0.0,0.0,0.0,0.0638246798075,0.0139057697396,0.0641951005342,0.285854156479,0.267136628367
 09/13  04:00:00,0.443434414552,0.334883456349,0.0,0.0,0.0,0.0,0.0,0.0,0.0638246798075,0.0139057697396,0.0735359875481,0.275055977456,0.315938229462
 09/13  05:00:00,0.497761340455,0.734778057683,0.0,0.183894440352,0.0,0.00506321799555,0.00506321799555,0.00506321799555,0.0683835825226,0.0148990403076,0.0853631352956,0.306940364333,0.529742266771
 09/13  06:00:00,0.672924395892,1.31988131564,0.0,0.367095722429,0.0,0.0101073510669,0.0101073510669,0.0101073510669,0.127649359615,0.0278115431218,0.135604734988,0.354639407101,0.928358841634
 09/13  07:00:00,0.927145329118,1.60848579873,0.0,0.545801765605,0.0,0.0150277154454,0.0150277154454,0.0150277154454,0.241622011085,0.0526432800032,0.208909382217,0.376830940367,1.03672877948
 09/13  08:00:00,0.865502138203,1.61058028747,0.0,0.581999033028,0.0,0.0160243451176,0.0160243451176,0.0160243451176,0.200591886649,0.0437038612825,0.269481251481,0.318588793672,1.0066375867
 09/13  09:00:00,0.75037726734,1.28333167994,0.0,0.347184630082,0.0,0.00955913329105,0.00955913329105,0.00955913329105,0.100295943325,0.0218519306412,0.330413434083,0.271144826,0.917471214143
 09/13  10:00:00,0.73540075056,0.832284170852,0.0,0.0,0.0,0.0,0.0,0.0,0.0775013963121,0.0168855778011,0.346380073072,0.277521703375,0.813169110401
 09/13  11:00:00,0.74972077818,0.739865943635,0.0,0.0,0.0,0.0,0.0,0.0,0.0775013963121,0.0168855778011,0.36061507566,0.277606728407,0.720745026855
 09/13  12:00:00,0.734437564419,0.667093503669,0.0,0.0,0.0,0.0,0.0,0.0,0.0775013963121,0.0168855778011,0.350008238641,0.272930351665,0.648294685027
 09/13  13:00:00,0.71289072736,0.624778926411,0.0,0.0,0.0,0.0,0.0,0.0,0.0775013963121,0.0168855778011,0.319023623067,0.28236813018,0.605330055162
 09/13  14:00:00,0.70399602893,0.583135417972,0.0,0.0,0.0,0.0,0.0,0.0,0.0775013963121,0.0168855778011,0.294229243714,0.298267811103,0.562591413051
 09/13  15:00:00,0.727372546975,0.589818837236,0.0,0.0,0.0,0.0,0.0,0.0,0.0775013963121,0.0168855778011,0.301025880583,0.314847692279,0.568132848006
 09/13  16:00:00,0.950759858049,0.644983309689,0.0,0.0,0.0850469624137,0.0280829526046,0.113129915018,0.0280829526046,0.0866192351794,0.018872124401,0.34261694473,0.37240963872,0.619332585187
 09/13  17:00:00,1.2858614389,0.761349694375,0.0,0.0,0.180210011207,0.0617128727888,0.241922883996,0.0617128727888,0.127649359615,0.0278115431218,0.418947458642,0.452418193523,0.730188163537
 09/13  18:00:00,1.46863475969,0.867025869638,0.0,0.0,0.191706967817,0.0678293645612,0.259536332378,0.0678293645612,0.23706310837,0.0516500112565,0.382083699719,0.491189607965,0.833193852413
 09/13  19:00:00,1.41010639486,0.885462951069,0.0,0.0,0.0320833151239,0.0117179261198,0.0438012412437,0.0117179261198,0.433096008711,0.0943605855795,0.314732295471,0.507004263856,0.850541656502
 09/13  20:00:00,1.61176225682,0.82555829552,0.0,0.0,0.0,0.0,0.0,0.0,0.647364603506,0.141044253102,0.281807004861,0.524434395348,0.789436453345
 09/13  21:00:00,1.52918465994,0.75063661631,0.0,0.0,0.0,0.0,0.0,0.0,0.601775576355,0.131111547422,0.266994745381,0.512190790788,0.715358085626
 09/13  22:00:00,1.22648416109,0.629206950369,0.0,0.0,0.0,0.0,0.0,0.0,0.451331619571,0.0983336605665,0.216471390852,0.443235490102,0.598677903148
 09/13  23:00:00,0.932324576276,0.499272580191,0.0,0.0,0.0,0.0,0.0,0.0,0.314564538119,0.0685355799512,0.146949064735,0.385163393471,0.47274340622
 09/13  24:00:00,0.627942948764,0.360656701939,0.0,0.0,0.0,0.0,0.0,0.0,0.159561678621,0.034764424349,0.0979160521221,0.318588793672,0.338713034198
 09/14  01:00:00,0.51053643792,0.297878187832,0.0,0.0,0.0,0.0,0.0,0.0,0.0957370406095,0.0208586618945,0.0834923761498,0.293336359266,0.27767385004
 09/14  02:00:00,0.456462374508,0.281383333632,0.0,0.0,0.0,0.0,0.0,0.0,0.0638246798075,0.0139057697396,0.0716845669617,0.289935357999,0.261413249031
 09/14  03:00:00,0.44489170656,0.286038249111,0.0,0.0,0.0,0.0,0.0,0.0,0.0638246798075,0.0139057697396,0.0641951005342,0.285854156479,0.26634926834
 09/14  04:00:00,0.443434414552,0.33410155376,0.0,0.0,0.0,0.0,0.0,0.0,0.0638246798075,0.0139057697396,0.0735359875481,0.275055977456,0.315156326873
 09/14  05:00:00,0.492698122459,0.55071539873,0.0,0.0,0.0,0.0,0.0,0.0,0.0683835825226,0.0148990403076,0.0853631352956,0.306940364333,0.52957404817
 09/14  06:00:00,0.662817044826,0.953409318349,0.0,0.0,0.0,0.0,0.0,0.0,0.127649359615,0.0278115431218,0.135604734988,0.354639407101,0.928982566774
 09/14  07:00:00,0.912117613672,1.06380581562,0.0,0.0,0.0,0.0,0.0,0.0,0.241622011085,0.0526432800032,0.208909382217,0.376830940367,1.03785056197
 09/14  08:00:00,0.849477793085,1.02992305761,0.0,0.0,0.0,0.0,0.0,0.0,0.200591886649,0.0437038612825,0.269481251481,0.318588793672,1.00797938987
 09/14  09:00:00,0.740818134049,0.937736680394,0.0,0.0,0.0,0.0,0.0,0.0,0.100295943325,0.0218519306412,0.330413434083,0.271144826,0.919060844678
 09/14  10:00:00,0.73540075056,0.83354326988,0.0,0.0,0.0,0.0,0.0,0.0,0.0775013963121,0.0168855778011,0.346380073072,0.277521703375,0.814428209429
 09/14  11:00:00,0.74972077818,0.740361773946,0.0,0.0,0.0,0.0,0.0,0.0,0.0775013963121,0.0168855778011,0.36061507566,0.277606728407,0.721240857165
 09/14  12:00:00,0.734437564419,0.667218304641,0.0,0.0,0.0,0.0,0.0,0.0,0.0775013963121,0.0168855778011,0.350008238641,0.272930351665,0.648419485999
 09/14  13:00:00,0.71289072736,0.624784710063,0.0,0.0,0.0,0.0,0.0,0.0,0.0775013963121,0.0168855778011,0.319023623067,0.28236813018,0.605335838814
 09/14  14:00:00,0.70399602893,0.583054682496,0.0,0.0,0.0,0.0,0.0,0.0,0.0775013963121,0.0168855778011,0.294229243714,0.298267811103,0.562510677576
 09/14  15:00:00,0.861194793106,0.589787150389,0.0,0.0,0.101101176392,0.0327210697389,0.133822246131,0.0327210697389,0.0775013963121,0.0168855778011,0.301025880583,0.314847692279,0.568101161158
 09/14  16:00:00,1.12666326622,0.645205504159,0.0,0.0,0.218610247505,0.0704230756852,0.28903332319,0.0704230756852,0.0866192351794,0.018872124401,0.34261694473,0.37240963872,0.619554779657
 09/14  17:00:00,1.43396582041,0.761855525932,0.0,0.0,0.292147045397,0.0978802201089,0.390027265506,0.0978802201089,0.127649359615,0.0278115431218,0.418947458642,0.452418193523,0.730693995094
 09/14  18:00:00,1.58094827103,0.867763958522,0.0,0.0,0.276077083828,0.0957727598898,0.371849843718,0.0957727598898,0.23706310837,0.0516500112565,0.382083699719,0.491189607965,0.833931941297
 09/14  19:00:00,1.68950024257,0.886197828862,0.0,0.0,0.237871993534,0.0853230954149,0.323195088949,0.0853230954149,0.433096008711,0.0943605855795,0.314732295471,0.507004263856,0.851276534295
 09/14  20:00:00,1.8792803297,0.826612016628,0.0,0.0,0.195512556944,0.0720055159361,0.26751807288,0.0720055159361,0.647364603506,0.141044253102,0.281807004861,0.524434395348,0.790490174453
 09/14  21:00:00,1.70392327891,0.751835514452,0.0,0.0,0.126965241837,0.047773377124,0.174738618961,0.047773377124,0.601775576355,0.131111547422,0.266994745381,0.512190790788,0.716556983767
 09/14  22:00:00,1.27964750499,0.630138419848,0.0,0.0,0.038431045132,0.0147322987662,0.0531633438982,0.0147322987662,0.451331619571,0.0983336605665,0.216471390852,0.443235490102,0.599609372627
 09/14  23:00:00,0.932324576276,0.4996198187,0.0,0.0,0.0,0.0,0.0,0.0,0.314564538119,0.0685355799512,0.146949064735,0.385163393471,0.473090644729
 09/14  24:00:00,0.627942948764,0.360446907823,0.0,0.0,0.0,0.0,0.0,0.0,0.159561678621,0.034764424349,0.0979160521221,0.318588793672,0.338503240081
 09/15  01:00:00,0.51053643792,0.297383371311,0.0,0.0,0.0,0.0,0.0,0.0,0.0957370406095,0.0208586618945,0.0834923761498,0.293336359266,0.277179033519
 09/15  02:00:00,0.456462374508,0.280723674513,0.0,0.0,0.0,0.0,0.0,0.0,0.0638246798075,0.0139057697396,0.0716845669617,0.289935357999,0.260753589912
 09/15  03:00:00,0.44489170656,0.28540498873,0.0,0.0,0.0,0.0,0.0,0.0,0.0638246798075,0.0139057697396,0.0641951005342,0.285854156479,0.26571600796
 09/15  04:00:00,0.443434414552,0.333460623304,0.0,0.0,0.0,0.0,0.0,0.0,0.0638246798075,0.0139057697396,0.0735359875481,0.275055977456,0.314515396417
 09/15  05:00:00,0.492698122459,0.550158146443,0.0,0.0,0.0,0.0,0.0,0.0,0.0683835825226,0.0148990403076,0.0853631352956,0.306940364333,0.529016795883
 09/15  06:00:00,0.662817044826,0.953506121514,0.0,0.0,0.0,0.0,0.0,0.0,0.127649359615,0.0278115431218,0.135604734988,0.354639407101,0.92907936994
 09/15  07:00:00,0.912117613672,1.0640975728,0.0,0.0,0.0,0.0,0.0,0.0,0.241622011085,0.0526432800032,0.208909382217,0.376830940367,1.03814231915
 09/15  08:00:00,0.849477793085,1.03038732551,0.0,0.0,0.0,0.0,0.0,0.0,0.200591886649,0.0437038612825,0.269481251481,0.318588793672,1.00844365777
 09/15  09:00:00,0.740818134049,0.938197965399,0.0,0.0,0.0,0.0,0.0,0.0,0.100295943325,0.0218519306412,0.330413434083,0.271144826,0.919522129683
 09/15  10:00:00,0.73540075056,0.833948553541,0.0,0.0,0.0,0.0,0.0,0.0,0.0775013963121,0.0168855778011,0.346380073072,0.277521703375,0.81483349309
 09/15  11:00:00,0.74972077818,0.740866383845,0.0,0.0,0.0,0.0,0.0,0.0,0.0775013963121,0.0168855778011,0.36061507566,0.277606728407,0.721745467065
 09/15  12:00:00,0.734437564419,0.667868369095,0.0,0.0,0.0,0.0,0.0,0.0,0.0775013963121,0.0168855778011,0.350008238641,0.272930351665,0.649069550453
 09/15  13:00:00,0.71289072736,0.625629766613,0.0,0.0,0.0,0.0,0.0,0.0,0.0775013963121,0.0168855778011,0.319023623067,0.28236813018,0.606180895364
 09/15  14:00:00,0.70399602893,0.58410156212,0.0,0.0,0.0,0.0,0.0,0.0,0.0775013963121,0.0168855778011,0.294229243714,0.298267811103,0.563557557199
 09/15  15:00:00,0.727372546975,0.590886454209,0.0,0.0,0.0,0.0,0.0,0.0,0.0775013963121,0.0168855778011,0.301025880583,0.314847692279,0.569200464979
 09/15  16:00:00,0.83762994303,0.646423041431,0.0,0.0,0.0,0.0,0.0,0.0,0.0866192351794,0.018872124401,0.34261694473,0.37240963872,0.620772316929
 09/15  17:00:00,1.0439385549,0.762959152835,0.0,0.0,0.0,0.0,0.0,0.0,0.127649359615,0.0278115431218,0.418947458642,0.452418193523,0.731797621996
 09/15  18:00:00,1.20909842731,0.868655173029,0.0,0.0,0.0,0.0,0.0,0.0,0.23706310837,0.0516500112565,0.382083699719,0.491189607965,0.834823155804
 09/15  19:00:00,1.38172795575,0.887010127259,0.0,0.0,0.0112483526564,0.00417444947304,0.0154228021294,0.00417444947304,0.433096008711,0.0943605855795,0.314732295471,0.507004263856,0.852088832692
 09/15  20:00:00,1.61387967849,0.827273275028,0.0,0.0,0.00154113621687,0.000576285451134,0.00211742166801,0.000576285451134,0.647364603506,0.141044253102,0.281807004861,0.524434395348,0.791151432853
 09/15  21:00:00,1.52918465994,0.752210947353,0.0,0.0,0.0,0.0,0.0,0.0,0.601775576355,0.131111547422,0.266994745381,0.512190790788,0.716932416669
 09/15  22:00:00,1.22648416109,0.630207165842,0.0,0.0,0.0,0.0,0.0,0.0,0.451331619571,0.0983336605665,0.216471390852,0.443235490102,0.599678118621
 09/15  23:00:00,0.932324576276,0.499631422209,0.0,0.0,0.0,0.0,0.0,0.0,0.314564538119,0.0685355799512,0.146949064735,0.385163393471,0.473102248238
 09/15  24:00:00,0.627942948764,0.36035045386,0.0,0.0,0.0,0.0,0.0,0.0,0.159561678621,0.034764424349,0.0979160521221,0.318588793672,0.338406786119
 09/16  01:00:00,0.514483461995,0.303362518302,0.0,0.0,0.0,0.0,0.0,0.0,0.0957370406095,0.0208586618945,0.0874394002251,0.293336359266,0.283158180509
 09/16  02:00:00,0.459073612935,0.285215404998,0.0,0.0,0.0,0.0,0.0,0.0,0.0638246798075,0.0139057697396,0.0742958053889,0.289935357999,0.265245320397
 09/16  03:00:00,0.446257110732,0.290292169102,0.0,0.0,0.0,0.0,0.0,0.0,0.0638246798075,0.0139057697396,0.0655605047062,0.285854156479,0.270603188331
 09/16  04:00:00,0.446105570167,0.343750387129,0.0,0.0,0.0,0.0,0.0,0.0,0.0638246798075,0.0139057697396,0.0762071431636,0.275055977456,0.324805160242
 09/16  05:00:00,0.496794815059,0.579888012425,0.0,0.0,0.0,0.0,0.0,0.0,0.0683835825226,0.0148990403076,0.0894598278958,0.306940364333,0.558746661866
 09/16  06:00:00,0.673442557043,1.02140439672,0.0,0.0,0.0,0.0,0.0,0.0,0.127649359615,0.0278115431218,0.146230247206,0.354639407101,0.996977645147
 09/16  07:00:00,0.933278975592,1.14627220966,0.0,0.0,0.0,0.0,0.0,0.0,0.241622011085,0.0526432800032,0.230070744137,0.376830940367,1.12031695601
 09/16  08:00:00,0.881915093977,1.11591028049,0.0,0.0,0.0,0.0,0.0,0.0,0.200591886649,0.0437038612825,0.301918552373,0.318588793672,1.09396661275
 09/16  09:00:00,0.785849192515,1.01695918154,0.0,0.0,0.0,0.0,0.0,0.0,0.100295943325,0.0218519306412,0.375444492549,0.271144826,0.998283345829
 09/16  10:00:00,0.78631697985,0.901831906706,0.0,0.0,0.0,0.0,0.0,0.0,0.0775013963121,0.0168855778011,0.397296302362,0.277521703375,0.882716846255
 09/16  11:00:00,0.802209537699,0.797529825235,0.0,0.0,0.0,0.0,0.0,0.0,0.0775013963121,0.0168855778011,0.413103835179,0.277606728407,0.778408908455
 09/16  12:00:00,0.78224807051,0.717252606819,0.0,0.0,0.0,0.0,0.0,0.0,0.0775013963121,0.0168855778011,0.397818744732,0.272930351665,0.698453788178
 09/16  13:00:00,0.756478759875,0.668897585468,0.0,0.0,0.0,0.0,0.0,0.0,0.0775013963121,0.0168855778011,0.362611655582,0.28236813018,0.649448714219
 09/16  14:00:00,0.743121601105,0.623372308761,0.0,0.0,0.0,0.0,0.0,0.0,0.0775013963121,0.0168855778011,0.333354815889,0.298267811103,0.602828303841
 09/16  15:00:00,0.76443151983,0.630044640152,0.0,0.0,0.0,0.0,0.0,0.0,0.0775013963121,0.0168855778011,0.338084853439,0.314847692279,0.608358650921
 09/16  16:00:00,0.873547862278,0.694259155876,0.0,0.0,0.0,0.0,0.0,0.0,0.0866192351794,0.018872124401,0.378534863978,0.37240963872,0.668608431374
 09/16  17:00:00,1.07929048512,0.820422362421,0.0,0.0,0.0,0.0,0.0,0.0,0.127649359615,0.0278115431218,0.454299388857,0.452418193523,0.789260831582
 09/16  18:00:00,1.24340874285,0.942724864116,0.0,0.0,0.0,0.0,0.0,0.0,0.23706310837,0.0516500112565,0.416394015259,0.491189607965,0.908892846891
 09/16  19:00:00,1.40054990781,0.969521731858,0.0,0.0,0.0,0.0,0.0,0.0,0.433096008711,0.0943605855795,0.348977049664,0.507004263856,0.934600437291
 09/16  20:00:00,1.64661762714,0.90561431953,0.0,0.0,0.0,0.0,0.0,0.0,0.647364603506,0.141044253102,0.316662375189,0.524434395348,0.869492477355
 09/16  21:00:00,1.56479151741,0.817993417907,0.0,0.0,0.0,0.0,0.0,0.0,0.601775576355,0.131111547422,0.302601602849,0.512190790788,0.782714887222
 09/16  22:00:00,1.25477737302,0.682025475822,0.0,0.0,0.0,0.0,0.0,0.0,0.451331619571,0.0983336605665,0.244764602777,0.443235490102,0.651496428601
 09/16  23:00:00,0.947859421612,0.532152565771,0.0,0.0,0.0,0.0,0.0,0.0,0.314564538119,0.0685355799512,0.162483910071,0.385163393471,0.5056233918
 09/16  24:00:00,0.634516631841,0.37283956997,0.0,0.0,0.0,0.0,0.0,0.0,0.159561678621,0.034764424349,0.104489735199,0.318588793672,0.350895902229
 09/17  01:00:00,0.514483461995,0.303989312097,0.0,0.0,0.0,0.0,0.0,0.0,0.0957370406095,0.0208586618945,0.0874394002251,0.293336359266,0.283784974304
 09/17  02:00:00,0.459073612935,0.285652170334,0.0,0.0,0.0,0.0,0.0,0.0,0.0638246798075,0.0139057697396,0.0742958053889,0.289935357999,0.265682085733
 09/17  03:00:00,0.446257110732,0.290584885411,0.0,0.0,0.0,0.0,0.0,0.0,0.0638246798075,0.0139057697396,0.0655605047062,0.285854156479,0.27089590464
 09/17  04:00:00,0.446105570167,0.343981777041,0.0,0.0,0.0,0.0,0.0,0.0,0.0638246798075,0.0139057697396,0.0762071431636,0.275055977456,0.325036550154
 09/17  05:00:00,0.496794815059,0.580501705759,0.0,0.0,0.0,0.0,0.0,0.0,0.0683835825226,0.0148990403076,0.0894598278958,0.306940364333,0.559360355199
 09/17  06:00:00,0.673442557043,1.02295411286,0.0,0.0,0.0,0.0,0.0,0.0,0.127649359615,0.0278115431218,0.146230247206,0.354639407101,0.998527361281
 09/17  07:00:00,0.933278975592,1.14809238259,0.0,0.0,0.0,0.0,0.0,0.0,0.241622011085,0.0526432800032,0.230070744137,0.376830940367,1.12213712894
 09/17  08:00:00,0.881915093977,1.11753133238,0.0,0.0,0.0,0.0,0.0,0.0,0.200591886649,0.0437038612825,0.301918552373,0.318588793672,1.09558766463
 09/17  09:00:00,0.785849192515,1.01811016014,0.0,0.0,0.0,0.0,0.0,0.0,0.100295943325,0.0218519306412,0.375444492549,0.271144826,0.999434324424
 09/17  10:00:00,0.78631697985,0.902328405002,0.0,0.0,0.0,0.0,0.0,0.0,0.0775013963121,0.0168855778011,0.397296302362,0.277521703375,0.883213344551
 09/17  11:00:00,0.802209537699,0.797601992727,0.0,0.0,0.0,0.0,0.0,0.0,0.0775013963121,0.0168855778011,0.413103835179,0.277606728407,0.778481075946
 09/17  12:00:00,0.78224807051,0.717090500183,0.0,0.0,0.0,0.0,0.0,0.0,0.0775013963121,0.0168855778011,0.397818744732,0.272930351665,0.698291681541
 09/17  13:00:00,0.756478759875,0.668542840869,0.0,0.0,0.0,0.0,0.0,0.0,0.0775013963121,0.0168855778011,0.362611655582,0.28236813018,0.64909396962
 09/17  14:00:00,0.743121601105,0.622861358183,0.0,0.0,0.0,0.0,0.0,0.0,0.0775013963121,0.0168855778011,0.333354815889,0.298267811103,0.602317353263
 09/17  15:00:00,0.76443151983,0.629488533348,0.0,0.0,0.0,0.0,0.0,0.0,0.0775013963121,0.0168855778011,0.338084853439,0.314847692279,0.607802544118
 09/17  16:00:00,0.873547862278,0.693774270216,0.0,0.0,0.0,0.0,0.0,0.0,0.0866192351794,0.018872124401,0.378534863978,0.37240963872,0.668123545714
 09/17  17:00:00,1.07929048512,0.820258976236,0.0,0.0,0.0,0.0,0.0,0.0,0.127649359615,0.0278115431218,0.454299388857,0.452418193523,0.789097445397
 09/17  18:00:00,1.2886994536,0.94293274722,0.0,0.0,0.0330961616386,0.012194549108,0.0452907107466,0.012194549108,0.23706310837,0.0516500112565,0.416394015259,0.491189607965,0.909100729994
 09/17  19:00:00,1.44520642363,0.970094524471,0.0,0.0,0.0324742545685,0.0121822612492,0.0446565158176,0.0121822612492,0.433096008711,0.0943605855795,0.348977049664,0.507004263856,0.935173229904
 09/17  20:00:00,1.68988664007,0.906195136108,0.0,0.0,0.0314276066017,0.0118414063273,0.043269012929,0.0118414063273,0.647364603506,0.141044253102,0.316662375189,0.524434395348,0.870073293933
 09/17  21:00:00,1.56479151741,0.81844705242,0.0,0.0,0.0,0.0,0.0,0.0,0.601775576355,0.131111547422,0.302601602849,0.512190790788,0.783168521736
 09/17  22:00:00,1.25477737302,0.682225571821,0.0,0.0,0.0,0.0,0.0,0.0,0.451331619571,0.0983336605665,0.244764602777,0.443235490102,0.6516965246
 09/17  23:00:00,0.947859421612,0.532157300494,0.0,0.0,0.0,0.0,0.0,0.0,0.314564538119,0.0685355799512,0.162483910071,0.385163393471,0.505628126523
 09/17  24:00:00,0.634516631841,0.372677819502,0.0,0.0,0.0,0.0,0.0,0.0,0.159561678621,0.034764424349,0.104489735199,0.318588793672,0.35073415176
 09/18  01:00:00,0.51053643792,0.297756017331,0.0,0.0,0.0,0.0,0.0,0.0,0.0957370406095,0.0208586618945,0.0834923761498,0.293336359266,0.277551679539
 09/18  02:00:00,0.456462374508,0.281023474065,0.0,0.0,0.0,0.0,0.0,0.0,0.0638246798075,0.0139057697396,0.0716845669617,0.289935357999,0.261053389464
 09/18  03:00:00,0.44489170656,0.285866158693,0.0,0.0,0.0,0.0,0.0,0.0,0.0638246798075,0.0139057697396,0.0641951005342,0.285854156479,0.266177177923
 09/18  04:00:00,0.443434414552,0.334421762747,0.0,0.0,0.0,0.0,0.0,0.0,0.0638246798075,0.0139057697396,0.0735359875481,0.275055977456,0.315476535861
 09/18  05:00:00,0.492698122459,0.552322331702,0.0,0.0,0.0,0.0,0.0,0.0,0.0683835825226,0.0148990403076,0.0853631352956,0.306940364333,0.531180981142
 09/18  06:00:00,0.662817044826,0.958036991577,0.0,0.0,0.0,0.0,0.0,0.0,0.127649359615,0.0278115431218,0.135604734988,0.354639407101,0.933610240003
 09/18  07:00:00,0.912117613672,1.06927916492,0.0,0.0,0.0,0.0,0.0,0.0,0.241622011085,0.0526432800032,0.208909382217,0.376830940367,1.04332391127
 09/18  08:00:00,0.849477793085,1.03553739659,0.0,0.0,0.0,0.0,0.0,0.0,0.200591886649,0.0437038612825,0.269481251481,0.318588793672,1.01359372885
 09/18  09:00:00,0.740818134049,0.943038211467,0.0,0.0,0.0,0.0,0.0,0.0,0.100295943325,0.0218519306412,0.330413434083,0.271144826,0.924362375751
 09/18  10:00:00,0.739100171429,0.969031267606,0.0,0.130568119066,0.0,0.00369942086887,0.00369942086887,0.00369942086887,0.0775013963121,0.0168855778011,0.346380073072,0.277521703375,0.819348088089
 09/18  11:00:00,0.74972077818,0.744821309384,0.0,0.0,0.0,0.0,0.0,0.0,0.0775013963121,0.0168855778011,0.36061507566,0.277606728407,0.725700392604
 09/18  12:00:00,0.734437564419,0.671532988936,0.0,0.0,0.0,0.0,0.0,0.0,0.0775013963121,0.0168855778011,0.350008238641,0.272930351665,0.652734170295
 09/18  13:00:00,0.71289072736,0.629182274578,0.0,0.0,0.0,0.0,0.0,0.0,0.0775013963121,0.0168855778011,0.319023623067,0.28236813018,0.60973340333
 09/18  14:00:00,0.70399602893,0.587247798462,0.0,0.0,0.0,0.0,0.0,0.0,0.0775013963121,0.0168855778011,0.294229243714,0.298267811103,0.566703793542
 09/18  15:00:00,0.727372546975,0.594084214306,0.0,0.0,0.0,0.0,0.0,0.0,0.0775013963121,0.0168855778011,0.301025880583,0.314847692279,0.572398225075
 09/18  16:00:00,0.83762994303,0.649904097304,0.0,0.0,0.0,0.0,0.0,0.0,0.0866192351794,0.018872124401,0.34261694473,0.37240963872,0.624253372803
 09/18  17:00:00,1.0439385549,0.767042144318,0.0,0.0,0.0,0.0,0.0,0.0,0.127649359615,0.0278115431218,0.418947458642,0.452418193523,0.735880613479
 09/18  18:00:00,1.20909842731,0.873245126844,0.0,0.0,0.0,0.0,0.0,0.0,0.23706310837,0.0516500112565,0.382083699719,0.491189607965,0.839413109619
 09/18  19:00:00,1.36630515362,0.891594363385,0.0,0.0,0.0,0.0,0.0,0.0,0.433096008711,0.0943605855795,0.314732295471,0.507004263856,0.856673068818
 09/18  20:00:00,1.61176225682,0.831406686782,0.0,0.0,0.0,0.0,0.0,0.0,0.647364603506,0.141044253102,0.281807004861,0.524434395348,0.795284844607
 09/18  21:00:00,1.52918465994,0.755930652502,0.0,0.0,0.0,0.0,0.0,0.0,0.601775576355,0.131111547422,0.266994745381,0.512190790788,0.720652121818
 09/18  22:00:00,1.22648416109,0.633177529732,0.0,0.0,0.0,0.0,0.0,0.0,0.451331619571,0.0983336605665,0.216471390852,0.443235490102,0.602648482511
 09/18  23:00:00,0.932324576276,0.501801063093,0.0,0.0,0.0,0.0,0.0,0.0,0.314564538119,0.0685355799512,0.146949064735,0.385163393471,0.475271889122
 09/18  24:00:00,0.627942948764,0.361676608582,0.0,0.0,0.0,0.0,0.0,0.0,0.159561678621,0.034764424349,0.0979160521221,0.318588793672,0.33973294084
 09/19  01:00:00,0.51053643792,0.298203319022,0.0,0.0,0.0,0.0,0.0,0.0,0.0957370406095,0.0208586618945,0.0834923761498,0.293336359266,0.27799898123
 09/19  02:00:00,0.456462374508,0.281362712041,0.0,0.0,0.0,0.0,0.0,0.0,0.0638246798075,0.0139057697396,0.0716845669617,0.289935357999,0.26139262744
 09/19  03:00:00,0.44489170656,0.285991121829,0.0,0.0,0.0,0.0,0.0,0.0,0.0638246798075,0.0139057697396,0.0641951005342,0.285854156479,0.266302141059
 09/19  04:00:00,0.443434414552,0.334520499246,0.0,0.0,0.0,0.0,0.0,0.0,0.0638246798075,0.0139057697396,0.0735359875481,0.275055977456,0.315575272359
 09/19  05:00:00,0.492698122459,0.553013692585,0.0,0.0,0.0,0.0,0.0,0.0,0.0683835825226,0.0148990403076,0.0853631352956,0.306940364333,0.531872342026
 09/19  06:00:00,0.662817044826,0.9598017666,0.0,0.0,0.0,0.0,0.0,0.0,0.127649359615,0.0278115431218,0.135604734988,0.354639407101,0.935375015025
 09/19  07:00:00,0.912117613672,1.07142977434,0.0,0.0,0.0,0.0,0.0,0.0,0.241622011085,0.0526432800032,0.208909382217,0.376830940367,1.04547452069
 09/19  08:00:00,0.849477793085,1.03743087079,0.0,0.0,0.0,0.0,0.0,0.0,0.200591886649,0.0437038612825,0.269481251481,0.318588793672,1.01548720305
 09/19  09:00:00,0.740818134049,0.944605862701,0.0,0.0,0.0,0.0,0.0,0.0,0.100295943325,0.0218519306412,0.330413434083,0.271144826,0.925930026985
 09/19  10:00:00,0.73540075056,0.839526749654,0.0,0.0,0.0,0.0,0.0,0.0,0.0775013963121,0.0168855778011,0.346380073072,0.277521703375,0.820411689203
 09/19  11:00:00,0.74972077818,0.745584715035,0.0,0.0,0.0,0.0,0.0,0.0,0.0775013963121,0.0168855778011,0.36061507566,0.277606728407,0.726463798255
 09/19  12:00:00,0.734437564419,0.671870087811,0.0,0.0,0.0,0.0,0.0,0.0,0.0775013963121,0.0168855778011,0.350008238641,0.272930351665,0.653071269169
 09/19  13:00:00,0.71289072736,0.629139803447,0.0,0.0,0.0,0.0,0.0,0.0,0.0775013963121,0.0168855778011,0.319023623067,0.28236813018,0.609690932199
 09/19  14:00:00,0.70399602893,0.587124140696,0.0,0.0,0.0,0.0,0.0,0.0,0.0775013963121,0.0168855778011,0.294229243714,0.298267811103,0.566580135776
 09/19  15:00:00,0.754981995506,0.593829247604,0.0,0.0,0.0204678708309,0.00714157770029,0.0276094485312,0.00714157770029,0.0775013963121,0.0168855778011,0.301025880583,0.314847692279,0.572143258373
 09/19  16:00:00,0.964540334387,0.649592791451,0.0,0.0,0.0941575606659,0.0327528306908,0.126910391357,0.0327528306908,0.0866192351794,0.018872124401,0.34261694473,0.37240963872,0.623942066949
 09/19  17:00:00,1.19493203998,0.767136028376,0.0,0.0,0.111068265052,0.0399252200274,0.150993485079,0.0399252200274,0.127649359615,0.0278115431218,0.418947458642,0.452418193523,0.735974497537
 09/19  18:00:00,1.38163092455,0.873838631664,0.0,0.0,0.12601082093,0.0465216763049,0.172532497235,0.0465216763049,0.23706310837,0.0516500112565,0.382083699719,0.491189607965,0.840006614439
 09/19  19:00:00,1.48923038911,0.892459222723,0.0,0.0,0.0892216600194,0.0337035754709,0.12292523549,0.0337035754709,0.433096008711,0.0943605855795,0.314732295471,0.507004263856,0.857537928156
 09/19  20:00:00,1.69999846762,0.832241200416,0.0,0.0,0.0639211598012,0.0243150510061,0.0882362108073,0.0243150510061,0.647364603506,0.141044253102,0.281807004861,0.524434395348,0.796119358241
 09/19  21:00:00,1.53713008009,0.756654943823,0.0,0.0,0.00575073852392,0.00219468162362,0.00794542014755,0.00219468162362,0.601775576355,0.131111547422,0.266994745381,0.512190790788,0.721376413139
 09/19  22:00:00,1.22648416109,0.633648998395,0.0,0.0,0.0,0.0,0.0,0.0,0.451331619571,0.0983336605665,0.216471390852,0.443235490102,0.603119951174
 09/19  23:00:00,0.932324576276,0.502139015775,0.0,0.0,0.0,0.0,0.0,0.0,0.314564538119,0.0685355799512,0.146949064735,0.385163393471,0.475609841804
 09/19  24:00:00,0.627942948764,0.361890236912,0.0,0.0,0.0,0.0,0.0,0.0,0.159561678621,0.034764424349,0.0979160521221,0.318588793672,0.339946569171
 09/20  01:00:00,0.51053643792,0.29866899596,0.0,0.0,0.0,0.0,0.0,0.0,0.0957370406095,0.0208586618945,0.0834923761498,0.293336359266,0.278464658167
 09/20  02:00:00,0.456462374508,0.281843950064,0.0,0.0,0.0,0.0,0.0,0.0,0.0638246798075,0.0139057697396,0.0716845669617,0.289935357999,0.261873865463
 09/20  03:00:00,0.44489170656,0.286658457575,0.0,0.0,0.0,0.0,0.0,0.0,0.0638246798075,0.0139057697396,0.0641951005342,0.285854156479,0.266969476804
 09/20  04:00:00,0.443434414552,0.335254947969,0.0,0.0,0.0,0.0,0.0,0.0,0.0638246798075,0.0139057697396,0.0735359875481,0.275055977456,0.316309721082
 09/20  05:00:00,0.497258323816,0.715464141053,0.0,0.161123831968,0.0,0.00456020135715,0.00456020135715,0.00456020135715,0.0683835825226,0.0148990403076,0.0853631352956,0.306940364333,0.533198958525
 09/20  06:00:00,0.675428514502,1.4154607271,0.0,0.453759495001,0.0,0.0126114696764,0.0126114696764,0.0126114696764,0.127649359615,0.0278115431218,0.135604734988,0.354639407101,0.937274480527
 09/20  07:00:00,0.922154096639,1.43764501848,0.0,0.364521815964,0.0,0.0100364829672,0.0100364829672,0.0100364829672,0.241622011085,0.0526432800032,0.208909382217,0.376830940367,1.04716794886
 09/20  08:00:00,0.859305981712,1.39591007503,0.0,0.356956632876,0.0,0.00982818862683,0.00982818862683,0.00982818862683,0.200591886649,0.0437038612825,0.269481251481,0.318588793672,1.01700977441
 09/20  09:00:00,0.74793699399,1.20425328225,0.0,0.25855469109,0.0,0.0071188599408,0.0071188599408,0.0071188599408,0.100295943325,0.0218519306412,0.330413434083,0.271144826,0.927022755442
 09/20  10:00:00,0.73540075056,0.840347077479,0.0,0.0,0.0,0.0,0.0,0.0,0.0775013963121,0.0168855778011,0.346380073072,0.277521703375,0.821232017028
 09/20  11:00:00,0.74972077818,0.746703759645,0.0,0.0,0.0,0.0,0.0,0.0,0.0775013963121,0.0168855778011,0.36061507566,0.277606728407,0.727582842864
 09/20  12:00:00,0.734437564419,0.673259281503,0.0,0.0,0.0,0.0,0.0,0.0,0.0775013963121,0.0168855778011,0.350008238641,0.272930351665,0.654460462861
 09/20  13:00:00,0.71289072736,0.630813745278,0.0,0.0,0.0,0.0,0.0,0.0,0.0775013963121,0.0168855778011,0.319023623067,0.28236813018,0.611364874029
 09/20  14:00:00,0.70399602893,0.58881775194,0.0,0.0,0.0,0.0,0.0,0.0,0.0775013963121,0.0168855778011,0.294229243714,0.298267811103,0.568273747019
 09/20  15:00:00,0.727372546975,0.595844292253,0.0,0.0,0.0,0.0,0.0,0.0,0.0775013963121,0.0168855778011,0.301025880583,0.314847692279,0.574158303022
 09/20  16:00:00,0.83762994303,0.652286650514,0.0,0.0,0.0,0.0,0.0,0.0,0.0866192351794,0.018872124401,0.34261694473,0.37240963872,0.626635926012
 09/20  17:00:00,1.0439385549,0.770055313824,0.0,0.0,0.0,0.0,0.0,0.0,0.127649359615,0.0278115431218,0.418947458642,0.452418193523,0.738893782985
 09/20  18:00:00,1.20909842731,0.876798677051,0.0,0.0,0.0,0.0,0.0,0.0,0.23706310837,0.0516500112565,0.382083699719,0.491189607965,0.842966659825
 09/20  19:00:00,1.36630515362,0.895244140729,0.0,0.0,0.0,0.0,0.0,0.0,0.433096008711,0.0943605855795,0.314732295471,0.507004263856,0.860322846162
 09/20  20:00:00,1.61176225682,0.834815834527,0.0,0.0,0.0,0.0,0.0,0.0,0.647364603506,0.141044253102,0.281807004861,0.524434395348,0.798693992352
 09/20  21:00:00,1.52918465994,0.759048626804,0.0,0.0,0.0,0.0,0.0,0.0,0.601775576355,0.131111547422,0.266994745381,0.512190790788,0.72377009612
 09/20  22:00:00,1.22648416109,0.635786624377,0.0,0.0,0.0,0.0,0.0,0.0,0.451331619571,0.0983336605665,0.216471390852,0.443235490102,0.605257577157
 09/20  23:00:00,0.932324576276,0.50387461149,0.0,0.0,0.0,0.0,0.0,0.0,0.314564538119,0.0685355799512,0.146949064735,0.385163393471,0.477345437519
 09/20  24:00:00,0.627942948764,0.363147673539,0.0,0.0,0.0,0.0,0.0,0.0,0.159561678621,0.034764424349,0.0979160521221,0.318588793672,0.341204005797
 09/21  01:00:00,0.51053643792,0.299393577965,0.0,0.0,0.0,0.0,0.0,0.0,0.0957370406095,0.0208586618945,0.0834923761498,0.293336359266,0.279189240172
 09/21  02:00:00,0.456462374508,0.282556445465,0.0,0.0,0.0,0.0,0.0,0.0,0.0638246798075,0.0139057697396,0.0716845669617,0.289935357999,0.262586360864
 09/21  03:00:00,0.44489170656,0.287248806477,0.0,0.0,0.0,0.0,0.0,0.0,0.0638246798075,0.0139057697396,0.0641951005342,0.285854156479,0.267559825706
 09/21  04:00:00,0.449090742962,0.541458827016,0.0,0.205436018829,0.0,0.00565632841034,0.00565632841034,0.00565632841034,0.0638246798075,0.0139057697396,0.0735359875481,0.275055977456,0.317077581301
 09/21  05:00:00,0.500895124069,0.853100302536,0.0,0.297712447884,0.0,0.00819700160992,0.00819700160992,0.00819700160992,0.0683835825226,0.0148990403076,0.0853631352956,0.306940364333,0.534246504092
 09/21  06:00:00,0.676192998401,1.44935802637,0.0,0.485810308593,0.0,0.0133759535752,0.0133759535752,0.0133759535752,0.127649359615,0.0278115431218,0.135604734988,0.354639407101,0.939120966199
 09/21  07:00:00,0.921288143093,1.40853320468,0.0,0.333070663167,0.0,0.0091705294206,0.0091705294206,0.0091705294206,0.241622011085,0.0526432800032,0.208909382217,0.376830940367,1.04950728787
 09/21  08:00:00,0.86119316898,1.46699528984,0.0,0.425498664216,0.0,0.0117153758951,0.0117153758951,0.0117153758951,0.200591886649,0.0437038612825,0.269481251481,0.318588793672,1.01955295788
 09/21  09:00:00,0.754859569956,1.45839922873,0.0,0.509980411714,0.0,0.0140414359076,0.0140414359076,0.0140414359076,0.100295943325,0.0218519306412,0.330413434083,0.271144826,0.929742981297
 09/21  10:00:00,0.758633879727,1.68686051488,0.0,0.843819738635,0.0,0.0232331291662,0.0232331291662,0.0232331291662,0.0775013963121,0.0168855778011,0.346380073072,0.277521703375,0.823925715794
 09/21  11:00:00,0.759353356225,1.09836366362,0.0,0.349852119794,0.0,0.00963257804494,0.00963257804494,0.00963257804494,0.0775013963121,0.0168855778011,0.36061507566,0.277606728407,0.729390627041
 09/21  12:00:00,0.738945175137,0.838901265103,0.0,0.163714963698,0.0,0.00450761071814,0.00450761071814,0.00450761071814,0.0775013963121,0.0168855778011,0.350008238641,0.272930351665,0.656387482763
 09/21  13:00:00,0.71289072736,0.633175053508,0.0,0.0,0.0,0.0,0.0,0.0,0.0775013963121,0.0168855778011,0.319023623067,0.28236813018,0.613726182259
 09/21  14:00:00,0.70399602893,0.59126390253,0.0,0.0,0.0,0.0,0.0,0.0,0.0775013963121,0.0168855778011,0.294229243714,0.298267811103,0.570719897609
 09/21  15:00:00,0.727372546975,0.598189435504,0.0,0.0,0.0,0.0,0.0,0.0,0.0775013963121,0.0168855778011,0.301025880583,0.314847692279,0.576503446273
 09/21  16:00:00,0.83762994303,0.654474099838,0.0,0.0,0.0,0.0,0.0,0.0,0.0866192351794,0.018872124401,0.34261694473,0.37240963872,0.628823375336
 09/21  17:00:00,1.0439385549,0.77242183871,0.0,0.0,0.0,0.0,0.0,0.0,0.127649359615,0.0278115431218,0.418947458642,0.452418193523,0.741260307872
 09/21  18:00:00,1.20909842731,0.879488548321,0.0,0.0,0.0,0.0,0.0,0.0,0.23706310837,0.0516500112565,0.382083699719,0.491189607965,0.845656531096
 09/21  19:00:00,1.36630515362,0.898086813751,0.0,0.0,0.0,0.0,0.0,0.0,0.433096008711,0.0943605855795,0.314732295471,0.507004263856,0.863165519184
 09/21  20:00:00,1.61176225682,0.837776527723,0.0,0.0,0.0,0.0,0.0,0.0,0.647364603506,0.141044253102,0.281807004861,0.524434395348,0.801654685548
 09/21  21:00:00,1.52918465994,0.762119581212,0.0,0.0,0.0,0.0,0.0,0.0,0.601775576355,0.131111547422,0.266994745381,0.512190790788,0.726841050527
 09/21  22:00:00,1.23175178346,0.830198760829,0.0,0.19131834121,0.0,0.00526762237205,0.00526762237205,0.00526762237205,0.451331619571,0.0983336605665,0.216471390852,0.443235490102,0.608351372398
 09/21  23:00:00,0.952288836896,1.23170945806,0.0,0.725095490084,0.0,0.0199642606207,0.0199642606207,0.0199642606207,0.314564538119,0.0685355799512,0.146949064735,0.385163393471,0.480084794004
 09/21  24:00:00,0.665738528313,1.73801709245,0.0,1.37272322762,0.0,0.0377955795492,0.0377955795492,0.0377955795492,0.159561678621,0.034764424349,0.0979160521221,0.318588793672,0.34335019709
 09/22  01:00:00,0.563276613052,2.21651844105,0.0,1.9155061067,0.0,0.0527401751323,0.0527401751323,0.0527401751323,0.0957370406095,0.0208586618945,0.0834923761498,0.293336359266,0.280807996558
 09/22  02:00:00,0.519938709711,2.58895970791,0.0,2.30543996884,0.0,0.0634763352036,0.0634763352036,0.0634763352036,0.0638246798075,0.0139057697396,0.0716845669617,0.289935357999,0.263549654469
 09/22  03:00:00,0.516396500693,2.88412450739,0.0,2.59703100105,0.0,0.0715047941326,0.0715047941326,0.0715047941326,0.0638246798075,0.0139057697396,0.0641951005342,0.285854156479,0.267404525569
 09/22  04:00:00,0.52092739682,3.15028254541,0.0,2.81452005781,0.0,0.0774929822688,0.0774929822688,0.0774929822688,0.0638246798075,0.0139057697396,0.0735359875481,0.275055977456,0.31681726071
 09/22  05:00:00,0.571897406881,3.43174009333,0.0,2.87649240027,0.0,0.0791992844222,0.0791992844222,0.0791992844222,0.0683835825226,0.0148990403076,0.0853631352956,0.306940364333,0.534106342495
 09/22  06:00:00,0.748866479813,4.08946290832,0.0,3.12528765375,0.0,0.0860494349879,0.0860494349879,0.0860494349879,0.127649359615,0.0278115431218,0.135604734988,0.354639407101,0.939748502995
 09/22  07:00:00,0.986409997333,3.77440530475,0.0,2.69827535133,0.0,0.0742923836613,0.0742923836613,0.0742923836613,0.241622011085,0.0526432800032,0.208909382217,0.376830940367,1.05017469977
 09/22  08:00:00,0.921208102175,3.64728981373,0.0,2.60522163137,0.0,0.0717303090896,0.0717303090896,0.0717303090896,0.200591886649,0.0437038612825,0.269481251481,0.318588793672,1.02012451462
 09/22  09:00:00,0.805860643721,3.31116714158,0.0,2.36232291911,0.0,0.0650425096726,0.0650425096726,0.0650425096726,0.100295943325,0.0218519306412,0.330413434083,0.271144826,0.930168386752
 09/22  10:00:00,0.800110642729,3.19365587687,0.0,2.35024235892,0.0,0.0647098921686,0.0647098921686,0.0647098921686,0.0775013963121,0.0168855778011,0.346380073072,0.277521703375,0.824298457497
 09/22  11:00:00,0.789205299314,2.18312704923,0.0,1.43406503986,0.0,0.0394845211345,0.0394845211345,0.0394845211345,0.0775013963121,0.0168855778011,0.36061507566,0.277606728407,0.729941092592
 09/22  12:00:00,0.757402824321,1.50991505578,0.0,0.834090813603,0.0,0.0229652599027,0.0229652599027,0.0229652599027,0.0775013963121,0.0168855778011,0.350008238641,0.272930351665,0.657025423535
 09/22  13:00:00,0.723877831877,1.03287001546,0.0,0.399048083256,0.0,0.0109871045169,0.0109871045169,0.0109871045169,0.0775013963121,0.0168855778011,0.319023623067,0.28236813018,0.614373060953
 09/22  14:00:00,0.70652560175,0.683958161816,0.0,0.0918732668798,0.0,0.00252957282061,0.00252957282061,0.00252957282061,0.0775013963121,0.0168855778011,0.294229243714,0.298267811103,0.571540890016
 09/22  15:00:00,0.727372546975,0.59927010933,0.0,0.0,0.0,0.0,0.0,0.0,0.0775013963121,0.0168855778011,0.301025880583,0.314847692279,0.577584120099
 09/22  16:00:00,0.83762994303,0.656429110781,0.0,0.0,0.0,0.0,0.0,0.0,0.0866192351794,0.018872124401,0.34261694473,0.37240963872,0.630778386279
 09/22  17:00:00,1.05113553024,1.03607482762,0.0,0.261391817212,0.0,0.00719697534227,0.00719697534227,0.00719697534227,0.127649359615,0.0278115431218,0.418947458642,0.452418193523,0.743521479571
 09/22  18:00:00,1.20909842731,0.881635561376,0.0,0.0,0.0,0.0,0.0,0.0,0.23706310837,0.0516500112565,0.382083699719,0.491189607965,0.84780354415
 09/22  19:00:00,1.36630515362,0.900430832557,0.0,0.0,0.0,0.0,0.0,0.0,0.433096008711,0.0943605855795,0.314732295471,0.507004263856,0.86550953799
 09/22  20:00:00,1.61268354448,0.873591284378,0.0,0.0334608700338,0.0,0.000921287663604,0.000921287663604,0.000921287663604,0.647364603506,0.141044253102,0.281807004861,0.524434395348,0.804008572169
 09/22  21:00:00,1.53938955789,1.13491937845,0.0,0.370638593416,0.0,0.0102048979427,0.0102048979427,0.0102048979427,0.601775576355,0.131111547422,0.266994745381,0.512190790788,0.72900225435
 09/22  22:00:00,1.25166405418,1.55499797635,0.0,0.914525574797,0.0,0.0251798930888,0.0251798930888,0.0251798930888,0.451331619571,0.0983336605665,0.216471390852,0.443235490102,0.609943354336
 09/22  23:00:00,0.974113097833,2.02531699897,0.0,1.51774559019,0.0,0.0417885215572,0.0417885215572,0.0417885215572,0.314564538119,0.0685355799512,0.146949064735,0.385163393471,0.481042234813
 09/22  24:00:00,0.68773177681,2.53721102273,0.0,2.17151090129,0.0,0.0597888280465,0.0597888280465,0.0597888280465,0.159561678621,0.034764424349,0.0979160521221,0.318588793672,0.343756453699
 09/23  01:00:00,0.589284107932,3.02414097519,0.0,2.71673527284,0.0,0.074800645937,0.074800645937,0.074800645937,0.0957370406095,0.0208586618945,0.0874394002251,0.293336359266,0.287201364558
 09/23  02:00:00,0.544645396885,3.39607513819,0.0,3.10793952251,0.0,0.0855717839502,0.0855717839502,0.0855717839502,0.0638246798075,0.0139057697396,0.0742958053889,0.289935357999,0.268165531079
 09/23  03:00:00,0.539958339452,3.69594618335,0.0,3.40319832781,0.0,0.09370122872,0.09370122872,0.09370122872,0.0638246798075,0.0139057697396,0.0655605047062,0.285854156479,0.273058874774
 09/23  04:00:00,0.546038163234,3.97589928667,0.0,3.62951946591,0.0,0.0999325930669,0.0999325930669,0.0999325930669,0.0638246798075,0.0139057697396,0.0762071431636,0.275055977456,0.327434593868
 09/23  05:00:00,0.59933813028,4.31006603009,0.0,3.72434005032,0.0,0.102543315221,0.102543315221,0.102543315221,0.0683835825226,0.0148990403076,0.0894598278958,0.306940364333,0.564584629205
 09/23  06:00:00,0.772732734088,4.63983547757,0.0,3.60618712373,0.0,0.0992901770452,0.0992901770452,0.0992901770452,0.127649359615,0.0278115431218,0.146230247206,0.354639407101,1.00922160226
 09/23  07:00:00,1.02926541122,4.64670481888,0.0,3.48619630385,0.0,0.0959864356306,0.0959864356306,0.0959864356306,0.241622011085,0.0526432800032,0.230070744137,0.376830940367,1.13455326137
 09/23  08:00:00,0.970408443608,4.34376201329,0.0,3.2140498433,0.0,0.0884933496303,0.0884933496303,0.0884933496303,0.200591886649,0.0437038612825,0.301918552373,0.318588793672,1.10776850225
 09/23  09:00:00,0.855836782888,3.57113464163,0.0,2.54192665113,0.0,0.0699875903738,0.0699875903738,0.0699875903738,0.100295943325,0.0218519306412,0.375444492549,0.271144826,1.01053215478
 09/23  10:00:00,0.84528130325,3.0540539939,0.0,2.14156515913,0.0,0.0589643233997,0.0589643233997,0.0589643233997,0.0775013963121,0.0168855778011,0.397296302362,0.277521703375,0.893373774319
 09/23  11:00:00,0.825795942817,1.66325931123,0.0,0.856650606965,0.0,0.0235864051179,0.0235864051179,0.0235864051179,0.0775013963121,0.0168855778011,0.413103835179,0.277606728407,0.787487787482
 09/23  12:00:00,0.782748988389,0.74410274645,0.0,0.0181931754034,0.0,0.000500917879422,0.000500917879422,0.000500917879422,0.0775013963121,0.0168855778011,0.397818744732,0.272930351665,0.707110752404
 09/23  13:00:00,0.756478759875,0.677509025,0.0,0.0,0.0,0.0,0.0,0.0,0.0775013963121,0.0168855778011,0.362611655582,0.28236813018,0.658060153751
 09/23  14:00:00,0.743121601105,0.6312350128,0.0,0.0,0.0,0.0,0.0,0.0,0.0775013963121,0.0168855778011,0.333354815889,0.298267811103,0.610691007879
 09/23  15:00:00,0.76443151983,0.637894699567,0.0,0.0,0.0,0.0,0.0,0.0,0.0775013963121,0.0168855778011,0.338084853439,0.314847692279,0.616208710337
 09/23  16:00:00,0.873547862278,0.702912970495,0.0,0.0,0.0,0.0,0.0,0.0,0.0866192351794,0.018872124401,0.378534863978,0.37240963872,0.677262245993
 09/23  17:00:00,1.07929048512,0.830708802328,0.0,0.0,0.0,0.0,0.0,0.0,0.127649359615,0.0278115431218,0.454299388857,0.452418193523,0.799547271489
 09/23  18:00:00,1.24340874285,0.9547335198,0.0,0.0,0.0,0.0,0.0,0.0,0.23706310837,0.0516500112565,0.416394015259,0.491189607965,0.920901502574
 09/23  19:00:00,1.40054990781,0.981904794356,0.0,0.0,0.0,0.0,0.0,0.0,0.433096008711,0.0943605855795,0.348977049664,0.507004263856,0.946983499789
 09/23  20:00:00,1.64661762714,0.917173797908,0.0,0.0,0.0,0.0,0.0,0.0,0.647364603506,0.141044253102,0.316662375189,0.524434395348,0.881051955733
 09/23  21:00:00,1.56479151741,0.828434067681,0.0,0.0,0.0,0.0,0.0,0.0,0.601775576355,0.131111547422,0.302601602849,0.512190790788,0.793155536996
 09/23  22:00:00,1.25477737302,0.690609851546,0.0,0.0,0.0,0.0,0.0,0.0,0.451331619571,0.0983336605665,0.244764602777,0.443235490102,0.660080804325
 09/23  23:00:00,0.947859421612,0.53870208969,0.0,0.0,0.0,0.0,0.0,0.0,0.314564538119,0.0685355799512,0.162483910071,0.385163393471,0.512172915719
 09/23  24:00:00,0.634516631841,0.377317697808,0.0,0.0,0.0,0.0,0.0,0.0,0.159561678621,0.034764424349,0.104489735199,0.318588793672,0.355374030066
 09/24  01:00:00,0.514483461995,0.30780184268,0.0,0.0,0.0,0.0,0.0,0.0,0.0957370406095,0.0208586618945,0.0874394002251,0.293336359266,0.287597504887
 09/24  02:00:00,0.459516982243,0.305507824254,0.0,0.0161030298837,0.0,0.000443369307598,0.000443369307598,0.000443369307598,0.0638246798075,0.0139057697396,0.0742958053889,0.289935357999,0.26943470977
 09/24  03:00:00,0.45639783845,0.662899833728,0.0,0.368307951619,0.0,0.0101407277184,0.0101407277184,0.0101407277184,0.0638246798075,0.0139057697396,0.0655605047062,0.285854156479,0.274902901338
 09/24  04:00:00,0.468051673703,1.14586887792,0.0,0.797075383923,0.0,0.0219461035361,0.0219461035361,0.0219461035361,0.0638246798075,0.0139057697396,0.0762071431636,0.275055977456,0.329848267106
 09/24  05:00:00,0.526973882282,1.68473658857,0.0,1.09609396279,0.0,0.0301790672224,0.0301790672224,0.0301790672224,0.0683835825226,0.0148990403076,0.0894598278958,0.306940364333,0.567501275218
 09/24  06:00:00,0.717654677868,2.6434549721,0.0,1.60576993189,0.0,0.0442121208248,0.0442121208248,0.0442121208248,0.127649359615,0.0278115431218,0.146230247206,0.354639407101,1.01325828864
 09/24  07:00:00,0.974138004276,2.64865400428,0.0,1.48398670959,0.0,0.0408590286839,0.0408590286839,0.0408590286839,0.241622011085,0.0526432800032,0.230070744137,0.376830940367,1.13871204104
 09/24  08:00:00,0.923579271659,2.64691239064,0.0,1.51322946085,0.0,0.0416641776821,0.0416641776821,0.0416641776821,0.200591886649,0.0437038612825,0.301918552373,0.318588793672,1.11173926204
 09/24  09:00:00,0.823108480114,2.38615990146,0.0,1.35324527743,0.0,0.0372592875998,0.0372592875998,0.0372592875998,0.100295943325,0.0218519306412,0.375444492549,0.271144826,1.01423878831
 09/24  10:00:00,0.828516241307,2.44825285395,0.0,1.53266353055,0.0,0.0421992614574,0.0421992614574,0.0421992614574,0.0775013963121,0.0168855778011,0.397296302362,0.277521703375,0.896474262957
 09/24  11:00:00,0.820657472019,1.47911242388,0.0,0.670023009192,0.0,0.0184479343208,0.0184479343208,0.0184479343208,0.0775013963121,0.0168855778011,0.413103835179,0.277606728407,0.789968497904
 09/24  12:00:00,0.786526305115,0.883391310586,0.0,0.155384097454,0.0,0.00427823460537,0.00427823460537,0.00427823460537,0.0775013963121,0.0168855778011,0.397818744732,0.272930351665,0.709208394491
 09/24  13:00:00,0.756478759875,0.679569036139,0.0,0.0,0.0,0.0,0.0,0.0,0.0775013963121,0.0168855778011,0.362611655582,0.28236813018,0.66012016489
 09/24  14:00:00,0.743121601105,0.63336668882,0.0,0.0,0.0,0.0,0.0,0.0,0.0775013963121,0.0168855778011,0.333354815889,0.298267811103,0.612822683899
 09/24  15:00:00,0.76443151983,0.6401544007,0.0,0.0,0.0,0.0,0.0,0.0,0.0775013963121,0.0168855778011,0.338084853439,0.314847692279,0.618468411469
 09/24  16:00:00,0.873547862278,0.705438622622,0.0,0.0,0.0,0.0,0.0,0.0,0.0866192351794,0.018872124401,0.378534863978,0.37240963872,0.679787898121
 09/24  17:00:00,1.07929048512,0.833774214035,0.0,0.0,0.0,0.0,0.0,0.0,0.127649359615,0.0278115431218,0.454299388857,0.452418193523,0.802612683197
 09/24  18:00:00,1.24340874285,0.958355003117,0.0,0.0,0.0,0.0,0.0,0.0,0.23706310837,0.0516500112565,0.416394015259,0.491189607965,0.924522985892
 09/24  19:00:00,1.40054990781,0.985811343775,0.0,0.0,0.0,0.0,0.0,0.0,0.433096008711,0.0943605855795,0.348977049664,0.507004263856,0.950890049207
 09/24  20:00:00,1.64661762714,0.921111972607,0.0,0.0,0.0,0.0,0.0,0.0,0.647364603506,0.141044253102,0.316662375189,0.524434395348,0.884990130432
 09/24  21:00:00,1.56562065985,0.862447193799,0.0,0.0301141852662,0.0,0.000829142438831,0.000829142438831,0.000829142438831,0.601775576355,0.131111547422,0.302601602849,0.512190790788,0.797054477848
 09/24  22:00:00,1.26959251145,1.23233496672,0.0,0.538081037221,0.0,0.0148151384322,0.0148151384322,0.0148151384322,0.451331619571,0.0983336605665,0.244764602777,0.443235490102,0.663724882282
 09/24  23:00:00,0.980490845861,1.72677373614,0.0,1.18516277702,0.0,0.0326314242495,0.0326314242495,0.0326314242495,0.314564538119,0.0685355799512,0.162483910071,0.385163393471,0.51508178515
 09/24  24:00:00,0.686873219168,2.280637417,0.0,1.90157432167,0.0,0.0523565873277,0.0523565873277,0.0523565873277,0.159561678621,0.034764424349,0.104489735199,0.318588793672,0.357119427582
 09/25  01:00:00,0.579399376686,2.80339610544,0.0,2.50107966841,0.0,0.068862938766,0.068862938766,0.068862938766,0.0957370406095,0.0208586618945,0.0834923761498,0.293336359266,0.282112099241
 09/25  02:00:00,0.537304449184,3.22026039292,0.0,2.9361580111,0.0,0.0808420746767,0.0808420746767,0.0808420746767,0.0638246798075,0.0139057697396,0.0716845669617,0.289935357999,0.264132297219
 09/25  03:00:00,0.534878424869,3.5564748922,0.0,3.2682885108,0.0,0.0899867183088,0.0899867183088,0.0899867183088,0.0638246798075,0.0139057697396,0.0641951005342,0.285854156479,0.268497400631
 09/25  04:00:00,0.541157248677,3.88636979374,0.0,3.54926173568,0.0,0.0977228341248,0.0977228341248,0.0977228341248,0.0638246798075,0.0139057697396,0.0735359875481,0.275055977456,0.318162831169
 09/25  05:00:00,0.595183172215,4.28051082723,0.0,3.72222386749,0.0,0.102485049756,0.102485049756,0.102485049756,0.0683835825226,0.0148990403076,0.0853631352956,0.306940364333,0.537145609179
 09/25  06:00:00,0.778289400149,5.16400001349,0.0,4.19391860611,0.0,0.115472355323,0.115472355323,0.115472355323,0.127649359615,0.0278115431218,0.135604734988,0.354639407101,0.945654655801
 09/25  07:00:00,1.02957725121,5.34920358941,0.0,4.2660960536,0.0,0.117459637539,0.117459637539,0.117459637539,0.241622011085,0.0526432800032,0.208909382217,0.376830940367,1.05715228216
 09/25  08:00:00,0.947910901411,4.62321260314,0.0,3.57505866498,0.0,0.0984331083256,0.0984331083256,0.0984331083256,0.200591886649,0.0437038612825,0.269481251481,0.318588793672,1.02621027041
 09/25  09:00:00,0.81855749894,3.77785490939,0.0,2.82346859498,0.0,0.0777393648909,0.0777393648909,0.0777393648909,0.100295943325,0.0218519306412,0.330413434083,0.271144826,0.935710478697
 09/25  10:00:00,0.804306253888,3.3511049886,0.0,2.50262559952,0.0,0.0689055033275,0.0689055033275,0.0689055033275,0.0775013963121,0.0168855778011,0.346380073072,0.277521703375,0.829364328633
 09/25  11:00:00,0.78130799627,1.90080956355,0.0,1.14723754697,0.0,0.0315872180901,0.0315872180901,0.0315872180901,0.0775013963121,0.0168855778011,0.36061507566,0.277606728407,0.734451099803
 09/25  12:00:00,0.742208024916,0.96225775648,0.0,0.282220612595,0.0,0.00777046049717,0.00777046049717,0.00777046049717,0.0775013963121,0.0168855778011,0.350008238641,0.272930351665,0.661238325244
 09/25  13:00:00,0.71289072736,0.637908166588,0.0,0.0,0.0,0.0,0.0,0.0,0.0775013963121,0.0168855778011,0.319023623067,0.28236813018,0.618459295339
 09/25  14:00:00,0.70399602893,0.595845711006,0.0,0.0,0.0,0.0,0.0,0.0,0.0775013963121,0.0168855778011,0.294229243714,0.298267811103,0.575301706085
 09/25  15:00:00,0.727372546975,0.602864083052,0.0,0.0,0.0,0.0,0.0,0.0,0.0775013963121,0.0168855778011,0.301025880583,0.314847692279,0.581178093821
 09/25  16:00:00,0.83762994303,0.659412064888,0.0,0.0,0.0,0.0,0.0,0.0,0.0866192351794,0.018872124401,0.34261694473,0.37240963872,0.633761340386
 09/25  17:00:00,1.0439385549,0.778395632829,0.0,0.0,0.0,0.0,0.0,0.0,0.127649359615,0.0278115431218,0.418947458642,0.452418193523,0.74723410199
 09/25  18:00:00,1.20909842731,0.886538980589,0.0,0.0,0.0,0.0,0.0,0.0,0.23706310837,0.0516500112565,0.382083699719,0.491189607965,0.852706963364
 09/25  19:00:00,1.36630515362,0.905500518126,0.0,0.0,0.0,0.0,0.0,0.0,0.433096008711,0.0943605855795,0.314732295471,0.507004263856,0.870579223558
 09/25  20:00:00,1.61176225682,0.844469661235,0.0,0.0,0.0,0.0,0.0,0.0,0.647364603506,0.141044253102,0.281807004861,0.524434395348,0.80834781906
 09/25  21:00:00,1.52918465994,0.76785318666,0.0,0.0,0.0,0.0,0.0,0.0,0.601775576355,0.131111547422,0.266994745381,0.512190790788,0.732574655975
 09/25  22:00:00,1.22648416109,0.643168028097,0.0,0.0,0.0,0.0,0.0,0.0,0.451331619571,0.0983336605665,0.216471390852,0.443235490102,0.612638980876
 09/25  23:00:00,0.936258899298,0.652780198665,0.0,0.14289333997,0.0,0.00393432302245,0.00393432302245,0.00393432302245,0.314564538119,0.0685355799512,0.146949064735,0.385163393471,0.483357684725
 09/25  24:00:00,0.647358903659,1.07285269892,0.0,0.705181203435,0.0,0.0194159548952,0.0194159548952,0.0194159548952,0.159561678621,0.034764424349,0.0979160521221,0.318588793672,0.345727827746
 09/26  01:00:00,0.545352761374,1.56754256503,0.0,1.26451760962,0.0,0.034816323454,0.034816323454,0.034816323454,0.0957370406095,0.0208586618945,0.0834923761498,0.293336359266,0.282820617625
 09/26  02:00:00,0.501776211778,1.93134613448,0.0,1.64578391695,0.0,0.0453138372706,0.0453138372706,0.0453138372706,0.0638246798075,0.0139057697396,0.0716845669617,0.289935357999,0.265592132932
 09/26  03:00:00,0.498151287454,2.22415976893,0.0,1.93437075602,0.0,0.0532595808941,0.0532595808941,0.0532595808941,0.0638246798075,0.0139057697396,0.0641951005342,0.285854156479,0.270100032143
 09/26  04:00:00,0.502839211687,2.49574113746,0.0,2.15756302276,0.0,0.0594047971348,0.0594047971348,0.0594047971348,0.0638246798075,0.0139057697396,0.0735359875481,0.275055977456,0.319232887817
 09/26  05:00:00,0.554259898083,2.79574087906,0.0,2.23590378399,0.0,0.0615617756237,0.0615617756237,0.0615617756237,0.0683835825226,0.0148990403076,0.0853631352956,0.306940364333,0.538695744515
 09/26  06:00:00,0.721236996089,3.09440816479,0.0,2.12179373918,0.0,0.0584199512636,0.0584199512636,0.0584199512636,0.127649359615,0.0278115431218,0.135604734988,0.354639407101,0.948187674043
 09/26  07:00:00,0.977811838659,3.47190948826,0.0,2.38599300857,0.0,0.0656942249865,0.0656942249865,0.0656942249865,0.241622011085,0.0526432800032,0.208909382217,0.376830940367,1.05996122604
 09/26  08:00:00,0.907308611059,3.15185382245,0.0,2.10039660859,0.0,0.0578308179739,0.0578308179739,0.0578308179739,0.200591886649,0.0437038612825,0.269481251481,0.318588793672,1.02951354611
 09/26  09:00:00,0.796764736573,2.98937658802,0.0,2.03196251275,0.0,0.0559466025244,0.0559466025244,0.0559466025244,0.100295943325,0.0218519306412,0.330413434083,0.271144826,0.938738239551
 09/26  10:00:00,0.801472319477,3.25058386334,0.0,2.3996980181,0.0,0.0660715689167,0.0660715689167,0.0660715689167,0.0775013963121,0.0168855778011,0.346380073072,0.277521703375,0.831770784783
 09/26  11:00:00,0.794680780728,2.38822377425,0.0,1.63293275426,0.0,0.0449600025485,0.0449600025485,0.0449600025485,0.0775013963121,0.0168855778011,0.36061507566,0.277606728407,0.736170103209
 09/26  12:00:00,0.76756816093,1.88452556328,0.0,1.20329255215,0.0,0.0331305965113,0.0331305965113,0.0331305965113,0.0775013963121,0.0168855778011,0.350008238641,0.272930351665,0.662434192488
 09/26  13:00:00,0.736841816276,1.50852755514,0.0,0.869895804577,0.0,0.0239510889157,0.0239510889157,0.0239510889157,0.0775013963121,0.0168855778011,0.319023623067,0.28236813018,0.619182879311
 09/26  14:00:00,0.720358838858,1.19057545183,0.0,0.594291965505,0.0,0.0163628099283,0.0163628099283,0.0163628099283,0.0775013963121,0.0168855778011,0.294229243714,0.298267811103,0.5757394814
 09/26  15:00:00,0.738573084819,1.01027576961,0.0,0.406799912686,0.0,0.0112005378442,0.0112005378442,0.0112005378442,0.0775013963121,0.0168855778011,0.301025880583,0.314847692279,0.581789867691
 09/26  16:00:00,0.844022620867,0.892874994293,0.0,0.232179991874,0.0,0.00639267783633,0.00639267783633,0.00639267783633,0.0866192351794,0.018872124401,0.34261694473,0.37240963872,0.635044277917
 09/26  17:00:00,1.05386569657,1.14070490016,0.0,0.36055057549,0.0,0.0099271416723,0.0099271416723,0.0099271416723,0.127649359615,0.0278115431218,0.418947458642,0.452418193523,0.748992793835
 09/26  18:00:00,1.20909842731,0.888047346141,0.0,0.0,0.0,0.0,0.0,0.0,0.23706310837,0.0516500112565,0.382083699719,0.491189607965,0.854215328916
 09/26  19:00:00,1.36630515362,0.906746815534,0.0,0.0,0.0,0.0,0.0,0.0,0.433096008711,0.0943605855795,0.314732295471,0.507004263856,0.871825520967
 09/26  20:00:00,1.61176225682,0.845665476717,0.0,0.0,0.0,0.0,0.0,0.0,0.647364603506,0.141044253102,0.281807004861,0.524434395348,0.809543634542
 09/26  21:00:00,1.52918465994,0.768956590084,0.0,0.0,0.0,0.0,0.0,0.0,0.601775576355,0.131111547422,0.266994745381,0.512190790788,0.7336780594
 09/26  22:00:00,1.22648416109,0.644122008886,0.0,0.0,0.0,0.0,0.0,0.0,0.451331619571,0.0983336605665,0.216471390852,0.443235490102,0.613592961666
 09/26  23:00:00,0.933637125625,0.558016463486,0.0,0.0476713679497,0.0,0.00131254934958,0.00131254934958,0.00131254934958,0.314564538119,0.0685355799512,0.146949064735,0.385163393471,0.483815921566
 09/26  24:00:00,0.637899245041,0.729285356765,0.0,0.361609461305,0.0,0.009956296277,0.009956296277,0.009956296277,0.159561678621,0.034764424349,0.0979160521221,0.318588793672,0.345732227719
 09/27  01:00:00,0.524984466548,0.827692212742,0.0,0.524747727868,0.0,0.0144480286287,0.0144480286287,0.0144480286287,0.0957370406095,0.0208586618945,0.0834923761498,0.293336359266,0.282740147082
 09/27  02:00:00,0.474894116882,0.954766702097,0.0,0.669434922948,0.0,0.0184317423747,0.0184317423747,0.0184317423747,0.0638246798075,0.0139057697396,0.0716845669617,0.289935357999,0.265361694548
 09/27  03:00:00,0.465501113818,1.03812584319,0.0,0.74852700732,0.0,0.0206094072575,0.0206094072575,0.0206094072575,0.0638246798075,0.0139057697396,0.0641951005342,0.285854156479,0.269909855104
 09/27  04:00:00,0.465222690073,1.13009782679,0.0,0.791343121464,0.0,0.0217882755214,0.0217882755214,0.0217882755214,0.0638246798075,0.0139057697396,0.0735359875481,0.275055977456,0.319809478443
 09/27  05:00:00,0.513487815189,1.31611254497,0.0,0.755074917381,0.0,0.02078969273,0.02078969273,0.02078969273,0.0683835825226,0.0148990403076,0.0853631352956,0.306940364333,0.539896277028
 09/27  06:00:00,0.678503387449,1.54477608964,0.0,0.569722891745,0.0,0.0156863426237,0.0156863426237,0.0156863426237,0.127649359615,0.0278115431218,0.135604734988,0.354639407101,0.950626446316
 09/27  07:00:00,0.92891775724,1.69895756194,0.0,0.610175781883,0.0,0.016800143568,0.016800143568,0.016800143568,0.241622011085,0.0526432800032,0.208909382217,0.376830940367,1.06282652641
 09/27  08:00:00,0.863828034382,1.57581983848,0.0,0.521196123587,0.0,0.0143502412966,0.0143502412966,0.0143502412966,0.200591886649,0.0437038612825,0.269481251481,0.318588793672,1.03268004716
 09/27  09:00:00,0.754898549957,1.47185876468,0.0,0.511396152723,0.0,0.0140804159079,0.0140804159079,0.0140804159079,0.100295943325,0.0218519306412,0.330413434083,0.271144826,0.941786776243
 09/27  10:00:00,0.753785842052,1.52150396092,0.0,0.667740577943,0.0,0.0183850914912,0.0183850914912,0.0183850914912,0.0775013963121,0.0168855778011,0.346380073072,0.277521703375,0.834648322523
 09/27  11:00:00,0.756680480186,1.01100247236,0.0,0.252774126366,0.0,0.00695970200606,0.00695970200606,0.00695970200606,0.0775013963121,0.0168855778011,0.36061507566,0.277606728407,0.739107429212
 09/27  12:00:00,0.7355552906,0.724437660016,0.0,0.0405954534861,0.0,0.00111772618158,0.00111772618158,0.00111772618158,0.0775013963121,0.0168855778011,0.350008238641,0.272930351665,0.665043387889
 09/27  13:00:00,0.71289072736,0.640990114036,0.0,0.0,0.0,0.0,0.0,0.0,0.0775013963121,0.0168855778011,0.319023623067,0.28236813018,0.621541242787
 09/27  14:00:00,0.70399602893,0.598440288926,0.0,0.0,0.0,0.0,0.0,0.0,0.0775013963121,0.0168855778011,0.294229243714,0.298267811103,0.577896284005
 09/27  15:00:00,0.727372546975,0.605411338246,0.0,0.0,0.0,0.0,0.0,0.0,0.0775013963121,0.0168855778011,0.301025880583,0.314847692279,0.583725349015
 09/27  16:00:00,0.83762994303,0.662393929649,0.0,0.0,0.0,0.0,0.0,0.0,0.0866192351794,0.018872124401,0.34261694473,0.37240963872,0.636743205147
 09/27  17:00:00,1.0439385549,0.781844700242,0.0,0.0,0.0,0.0,0.0,0.0,0.127649359615,0.0278115431218,0.418947458642,0.452418193523,0.750683169403
 09/27  18:00:00,1.20909842731,0.890067070216,0.0,0.0,0.0,0.0,0.0,0.0,0.23706310837,0.0516500112565,0.382083699719,0.491189607965,0.85623505299
 09/27  19:00:00,1.36630515362,0.908691290551,0.0,0.0,0.0,0.0,0.0,0.0,0.433096008711,0.0943605855795,0.314732295471,0.507004263856,0.873769995983
 09/27  20:00:00,1.61176225682,0.847445796673,0.0,0.0,0.0,0.0,0.0,0.0,0.647364603506,0.141044253102,0.281807004861,0.524434395348,0.811323954498
 09/27  21:00:00,1.52918465994,0.770607320199,0.0,0.0,0.0,0.0,0.0,0.0,0.601775576355,0.131111547422,0.266994745381,0.512190790788,0.735328789514
 09/27  22:00:00,1.22648416109,0.645491986346,0.0,0.0,0.0,0.0,0.0,0.0,0.451331619571,0.0983336605665,0.216471390852,0.443235490102,0.614962939125
 09/27  23:00:00,0.932324576276,0.511595004635,0.0,0.0,0.0,0.0,0.0,0.0,0.314564538119,0.0685355799512,0.146949064735,0.385163393471,0.485065830664
 09/27  24:00:00,0.635898483565,0.657614328148,0.0,0.288942451454,0.0,0.0079555348007,0.0079555348007,0.0079555348007,0.159561678621,0.034764424349,0.0979160521221,0.318588793672,0.346728208953
 09/28  01:00:00,0.53056832143,1.0314232232,0.0,0.727551531568,0.0,0.0200318835103,0.0200318835103,0.0200318835103,0.0957370406095,0.0208586618945,0.0834923761498,0.293336359266,0.283667353836
 09/28  02:00:00,0.48728631875,1.40574010837,0.0,1.11951568764,0.0,0.0308239442426,0.0308239442426,0.0308239442426,0.0638246798075,0.0139057697396,0.0716845669617,0.289935357999,0.266254336133
 09/28  03:00:00,0.484543049343,1.73083046521,0.0,1.44012394818,0.0,0.0396513427826,0.0396513427826,0.0396513427826,0.0638246798075,0.0139057697396,0.0641951005342,0.285854156479,0.27101753626
 09/28  04:00:00,0.490753933562,2.05838290756,0.0,1.71862962917,0.0,0.0473195190101,0.0473195190101,0.0473195190101,0.0638246798075,0.0139057697396,0.0735359875481,0.275055977456,0.320808051498
 09/28  05:00:00,0.542694786762,2.37825763853,0.0,1.81586268053,0.0,0.0499966643031,0.0499966643031,0.0499966643031,0.0683835825226,0.0148990403076,0.0853631352956,0.306940364333,0.541253607437
 09/28  06:00:00,0.719082622578,3.02056044012,0.0,2.0435475899,0.0,0.0562655777527,0.0562655777527,0.0562655777527,0.127649359615,0.0278115431218,0.135604734988,0.354639407101,0.95258609865
 09/28  07:00:00,0.968996511324,3.15677523267,0.0,2.0658231703,0.0,0.0568788976515,0.0568788976515,0.0568788976515,0.241622011085,0.0526432800032,0.208909382217,0.376830940367,1.06499680872
 09/28  08:00:00,0.89959558192,2.8765769927,0.0,1.82026188436,0.0,0.050117788835,0.050117788835,0.050117788835,0.200591886649,0.0437038612825,0.269481251481,0.318588793672,1.0343714406
 09/28  09:00:00,0.79077783474,2.7764049357,0.0,1.81452017411,0.0,0.0499597006915,0.0499597006915,0.0499597006915,0.100295943325,0.0218519306412,0.330413434083,0.271144826,0.943208925881
 09/28  10:00:00,0.795459904086,3.03618327721,0.0,2.18132903529,0.0,0.0600591535259,0.0600591535259,0.0600591535259,0.0775013963121,0.0168855778011,0.346380073072,0.277521703375,0.835739181476
 09/28  11:00:00,0.793233953382,2.33922131571,0.0,1.5803844529,0.0,0.0435131752025,0.0435131752025,0.0435131752025,0.0775013963121,0.0168855778011,0.36061507566,0.277606728407,0.739715946028
 09/28  12:00:00,0.770455011544,1.99242554418,0.0,1.30814203298,0.0,0.0360174471257,0.0360174471257,0.0360174471257,0.0775013963121,0.0168855778011,0.350008238641,0.272930351665,0.665484692556
 09/28  13:00:00,0.742779073484,1.72701432586,0.0,1.08553506648,0.0,0.0298883461234,0.0298883461234,0.0298883461234,0.0775013963121,0.0168855778011,0.319023623067,0.28236813018,0.622030388123
 09/28  14:00:00,0.729832263143,1.53709131948,0.0,0.938363672195,0.0,0.0258362342131,0.0258362342131,0.0258362342131,0.0775013963121,0.0168855778011,0.294229243714,0.298267811103,0.578183642364
 09/28  15:00:00,0.751809282985,1.49351610985,0.0,0.887534350011,0.0,0.0244367360103,0.0244367360103,0.0244367360103,0.0775013963121,0.0168855778011,0.301025880583,0.314847692279,0.584295770607
 09/28  16:00:00,0.858804455253,1.43247907836,0.0,0.769051436926,0.0,0.0211745122228,0.0211745122228,0.0211745122228,0.0866192351794,0.018872124401,0.34261694473,0.37240963872,0.637776916932
 09/28  17:00:00,1.08060262494,2.11516435956,0.0,1.33162716796,0.0,0.0366640700352,0.0366640700352,0.0366640700352,0.127649359615,0.0278115431218,0.418947458642,0.452418193523,0.752375660759
 09/28  18:00:00,1.2329006496,1.75623902459,0.0,0.86448901684,0.0,0.0238022222892,0.0238022222892,0.0238022222892,0.23706310837,0.0516500112565,0.382083699719,0.491189607965,0.857917990522
 09/28  19:00:00,1.39165602232,1.83155248856,0.0,0.92073535389,0.0,0.025350868705,0.025350868705,0.025350868705,0.433096008711,0.0943605855795,0.314732295471,0.507004263856,0.875895840107
 09/28  20:00:00,1.64195192824,1.94634843085,0.0,1.0964791038,0.0,0.0301896714195,0.0301896714195,0.0301896714195,0.647364603506,0.141044253102,0.281807004861,0.524434395348,0.813747484877
 09/28  21:00:00,1.5688770443,2.21437787109,0.0,1.44161456495,0.0,0.0396923843586,0.0396923843586,0.0396923843586,0.601775576355,0.131111547422,0.266994745381,0.512190790788,0.737484775461
 09/28  22:00:00,1.28019859039,2.59790467041,0.0,1.95089070294,0.0,0.0537144292972,0.0537144292972,0.0537144292972,0.451331619571,0.0983336605665,0.216471390852,0.443235490102,0.616484920253
 09/28  23:00:00,1.0006245468,2.99253756404,0.0,2.48063284373,0.0,0.0682999705194,0.0682999705194,0.0682999705194,0.314564538119,0.0685355799512,0.146949064735,0.385163393471,0.485375546333
 09/28  24:00:00,0.710938139231,3.38250534649,0.0,3.01435848037,0.0,0.0829951904669,0.0829951904669,0.0829951904669,0.159561678621,0.034764424349,0.0979160521221,0.318588793672,0.346203198379
 09/29  01:00:00,0.605392862385,3.74756536934,0.0,3.44515466373,0.0,0.0948564244653,0.0948564244653,0.0948564244653,0.0957370406095,0.0208586618945,0.0834923761498,0.293336359266,0.282206367819
 09/29  02:00:00,0.561070569065,4.0842800053,0.0,3.79933580014,0.0,0.104608194558,0.104608194558,0.104608194558,0.0638246798075,0.0139057697396,0.0716845669617,0.289935357999,0.264974120558
 09/29  03:00:00,0.557160218483,4.36674574577,0.0,4.07755604982,0.0,0.112268511923,0.112268511923,0.112268511923,0.0638246798075,0.0139057697396,0.0641951005342,0.285854156479,0.269500715177
 09/29  04:00:00,0.562501752582,4.66311516138,0.0,4.32448721554,0.0,0.11906733803,0.11906733803,0.11906733803,0.0638246798075,0.0139057697396,0.0735359875481,0.275055977456,0.319682718959
 09/29  05:00:00,0.614055737114,4.96970977987,0.0,4.40766932197,0.0,0.121357614655,0.121357614655,0.121357614655,0.0683835825226,0.0148990403076,0.0853631352956,0.306940364333,0.540899107343
 09/29  06:00:00,0.781416237135,5.28544110955,0.0,4.30748431436,0.0,0.11859919231,0.11859919231,0.11859919231,0.127649359615,0.0278115431218,0.135604734988,0.354639407101,0.953530043611
 09/29  07:00:00,1.02859012393,5.32248589723,0.0,4.23024390995,0.0,0.116472510259,0.116472510259,0.116472510259,0.241622011085,0.0526432800032,0.208909382217,0.376830940367,1.06628673363
 09/29  08:00:00,0.961590431543,5.12951988574,0.0,4.07189477597,0.0,0.112112638458,0.112112638458,0.112112638458,0.200591886649,0.0437038612825,0.269481251481,0.318588793672,1.03568144203
 09/29  09:00:00,0.838802828453,4.52150999288,0.0,3.55877241635,0.0,0.0979846944041,0.0979846944041,0.0979846944041,0.100295943325,0.0218519306412,0.330413434083,0.271144826,0.944061740815
 09/29  10:00:00,0.830370785525,4.30484642067,0.0,3.44928096032,0.0,0.0949700349642,0.0949700349642,0.0949700349642,0.0775013963121,0.0168855778011,0.346380073072,0.277521703375,0.836450399904
 09/29  11:00:00,0.805574944104,2.7880689921,0.0,2.02860524534,0.0,0.0558541659248,0.0558541659248,0.0558541659248,0.0775013963121,0.0168855778011,0.36061507566,0.277606728407,0.740342829975
 09/29  12:00:00,0.766054880733,1.83347715964,0.0,1.14833070474,0.0,0.0316173163143,0.0316173163143,0.0316173163143,0.0775013963121,0.0168855778011,0.350008238641,0.272930351665,0.666347636258
 09/29  13:00:00,0.725727440595,1.10864542613,0.0,0.466225273788,0.0,0.0128367132345,0.0128367132345,0.0128367132345,0.0775013963121,0.0168855778011,0.319023623067,0.28236813018,0.622971281095
 09/29  14:00:00,0.704803778881,0.629480692948,0.0,0.0293372170489,0.0,0.00080774995164,0.00080774995164,0.00080774995164,0.0775013963121,0.0168855778011,0.294229243714,0.298267811103,0.579599470978
 09/29  15:00:00,0.727372546975,0.607366381791,0.0,0.0,0.0,0.0,0.0,0.0,0.0775013963121,0.0168855778011,0.301025880583,0.314847692279,0.58568039256
 09/29  16:00:00,0.83762994303,0.665145065748,0.0,0.0,0.0,0.0,0.0,0.0,0.0866192351794,0.018872124401,0.34261694473,0.37240963872,0.639494341246
 09/29  17:00:00,1.0440197577,0.788142135399,0.0,0.0029492592759,0.0,8.12027955314e-05,8.12027955314e-05,8.12027955314e-05,0.127649359615,0.0278115431218,0.418947458642,0.452418193523,0.754031345284
 09/29  18:00:00,1.20909842731,0.894220743424,0.0,0.0,0.0,0.0,0.0,0.0,0.23706310837,0.0516500112565,0.382083699719,0.491189607965,0.860388726199
 09/29  19:00:00,1.36630515362,0.913209350413,0.0,0.0,0.0,0.0,0.0,0.0,0.433096008711,0.0943605855795,0.314732295471,0.507004263856,0.878288055846
 09/29  20:00:00,1.61176225682,0.851786109278,0.0,0.0,0.0,0.0,0.0,0.0,0.647364603506,0.141044253102,0.281807004861,0.524434395348,0.815664267103
 09/29  21:00:00,1.53156919807,0.861287915077,0.0,0.0866056536737,0.0,0.00238453812609,0.00238453812609,0.00238453812609,0.601775576355,0.131111547422,0.266994745381,0.512190790788,0.739403730719
 09/29  22:00:00,1.24205547223,1.21445343211,0.0,0.565544985273,0.0,0.015571311135,0.015571311135,0.015571311135,0.451331619571,0.0983336605665,0.216471390852,0.443235490102,0.61837939962
 09/29  23:00:00,0.963257938861,1.63727341152,0.0,1.12348972646,0.0,0.0309333625853,0.0309333625853,0.0309333625853,0.314564538119,0.0685355799512,0.146949064735,0.385163393471,0.48725451109
 09/29  24:00:00,0.674941811121,2.07664310903,0.0,1.70698348322,0.0,0.0469988623569,0.0469988623569,0.0469988623569,0.159561678621,0.034764424349,0.0979160521221,0.318588793672,0.347715958075
 09/30  01:00:00,0.574715126439,2.49793280922,0.0,2.18759457604,0.0,0.0602316644439,0.0602316644439,0.0602316644439,0.0957370406095,0.0208586618945,0.0874394002251,0.293336359266,0.290133895379
 09/30  02:00:00,0.530145089969,2.87206927397,0.0,2.58129306417,0.0,0.0710714770345,0.0710714770345,0.0710714770345,0.0638246798075,0.0139057697396,0.0742958053889,0.289935357999,0.270806125198
 09/30  03:00:00,0.525952612277,3.18995992751,0.0,2.89451484571,0.0,0.0796955015449,0.0796955015449,0.0796955015449,0.0638246798075,0.0139057697396,0.0655605047062,0.285854156479,0.275756101024
 09/30  04:00:00,0.533304498319,3.51695318672,0.0,3.16703687376,0.0,0.0871989281516,0.0871989281516,0.0871989281516,0.0638246798075,0.0139057697396,0.0762071431636,0.275055977456,0.330971086079
 09/30  05:00:00,0.586004309795,3.83356609399,0.0,3.24006000194,0.0,0.0892094947355,0.0892094947355,0.0892094947355,0.0683835825226,0.0148990403076,0.0894598278958,0.306940364333,0.57236474149
 09/30  06:00:00,0.77015262784,4.56175438799,0.0,3.5124784991,0.0,0.0967100707969,0.0967100707969,0.0967100707969,0.127649359615,0.0278115431218,0.146230247206,0.354639407101,1.02484913731
 09/30  07:00:00,1.0181297834,4.26005605803,0.0,3.08175390221,0.0,0.0848508078092,0.0848508078092,0.0848508078092,0.241622011085,0.0526432800032,0.230070744137,0.376830940367,1.15234690217
 09/30  08:00:00,0.965687935689,4.19004687561,0.0,3.04260252211,0.0,0.0837728417115,0.0837728417115,0.0837728417115,0.200591886649,0.0437038612825,0.301918552373,0.318588793672,1.12550068576
 09/30  09:00:00,0.867502787238,4.0112720961,0.0,2.96563215677,0.0,0.081653594723,0.081653594723,0.081653594723,0.100295943325,0.0218519306412,0.375444492549,0.271144826,1.02696410361
 09/30  10:00:00,0.884807795724,4.50387428496,0.0,3.57715458449,0.0,0.0984908158743,0.0984908158743,0.0984908158743,0.0775013963121,0.0168855778011,0.397296302362,0.277521703375,0.907604640021
 09/30  11:00:00,0.873976066393,3.42487474547,0.0,2.60653711571,0.0,0.0717665286947,0.0717665286947,0.0717665286947,0.0775013963121,0.0168855778011,0.413103835179,0.277606728407,0.799216712973
 09/30  12:00:00,0.844675106659,3.00342470362,0.0,2.26732976648,0.0,0.0624270361491,0.0624270361491,0.0624270361491,0.0775013963121,0.0168855778011,0.397818744732,0.272930351665,0.7172961185
 09/30  13:00:00,0.811971803551,2.70176345741,0.0,2.01548940204,0.0,0.0554930436759,0.0554930436759,0.0554930436759,0.0775013963121,0.0168855778011,0.362611655582,0.28236813018,0.666825184121
 09/30  14:00:00,0.78914610534,2.31098684385,0.0,1.67159511129,0.0,0.0460245042349,0.0460245042349,0.0460245042349,0.0775013963121,0.0168855778011,0.333354815889,0.298267811103,0.618847727635
 09/30  15:00:00,0.805447415591,2.13603685345,0.0,1.48968407111,0.0,0.0410158957612,0.0410158957612,0.0410158957612,0.0775013963121,0.0168855778011,0.338084853439,0.314847692279,0.624666793106
 09/30  16:00:00,0.909282599842,2.01076164242,0.0,1.29787411309,0.0,0.0357347375635,0.0357347375635,0.0357347375635,0.0866192351794,0.018872124401,0.378534863978,0.37240963872,0.687236804828
 09/30  17:00:00,1.12651808667,2.55843162959,0.0,1.71529121694,0.0,0.0472276015556,0.0472276015556,0.0472276015556,0.127649359615,0.0278115431218,0.454299388857,0.452418193523,0.811978881804
 09/30  18:00:00,1.27313163492,2.04841783736,0.0,1.07952582873,0.0,0.0297228920692,0.0297228920692,0.0297228920692,0.23706310837,0.0516500112565,0.416394015259,0.491189607965,0.935059991399
 09/30  19:00:00,1.4265621301,1.94147938423,0.0,0.944755502057,0.0,0.0260122222849,0.0260122222849,0.0260122222849,0.433096008711,0.0943605855795,0.348977049664,0.507004263856,0.961802587606
 09/30  20:00:00,1.67152251968,1.83608753824,0.0,0.904537643672,0.0,0.0249048925368,0.0249048925368,0.0249048925368,0.647364603506,0.141044253102,0.316662375189,0.524434395348,0.895428052389
 09/30  21:00:00,1.5926059716,1.85151905789,0.0,1.01021198192,0.0,0.0278144541855,0.0278144541855,0.0278144541855,0.601775576355,0.131111547422,0.302601602849,0.512190790788,0.806028545294
 09/30  22:00:00,1.28876120385,1.93523421815,0.0,1.23428174691,0.0,0.0339838308356,0.0339838308356,0.0339838308356,0.451331619571,0.0983336605665,0.244764602777,0.443235490102,0.670423424016
 09/30  23:00:00,0.989271229676,2.04991302831,0.0,1.50406347795,0.0,0.0414118080644,0.0414118080644,0.0414118080644,0.314564538119,0.0685355799512,0.162483910071,0.385163393471,0.519320376388
 09/30  24:00:00,0.684351528588,2.19127942682,0.0,1.80998733523,0.0,0.0498348967477,0.0498348967477,0.0498348967477,0.159561678621,0.034764424349,0.104489735199,0.318588793672,0.35934842385
 10/01  01:00:00,0.596768131161,2.36167109097,0.0,2.04979469424,0.0,0.0564375810556,0.0564375810556,0.0564375810556,0.098221587,0.02139998125,0.0808939904472,0.322702991408,0.289649352456
 10/01  02:00:00,0.543263154383,2.4881382836,0.0,2.1957201576,0.0,0.0604553883948,0.0604553883948,0.0604553883948,0.0654810552136,0.0142666535596,0.0669865497656,0.31896150745,0.270448786584
 10/01  03:00:00,0.532691218247,2.58043610571,0.0,2.2831777703,0.0,0.0628633837513,0.0628633837513,0.0628633837513,0.0654810552136,0.0142666535596,0.0584963990226,0.3144717267,0.275598241835
 10/01  04:00:00,0.534343915403,2.70116153466,0.0,2.34903841531,0.0,0.0646767436463,0.0646767436463,0.0646767436463,0.0654810552136,0.0142666535596,0.0702149478515,0.302592515132,0.331281238705
 10/01  05:00:00,0.592754089437,3.03617795995,0.0,2.43946933469,0.0,0.0671666039024,0.0671666039024,0.0671666039024,0.0709378119045,0.0154555418115,0.0844132045768,0.337668927242,0.573450761536
 10/01  06:00:00,0.797343297554,3.45093552361,0.0,2.39672899892,0.0,0.0659898220661,0.0659898220661,0.0659898220661,0.1473323805,0.032099971875,0.144665883356,0.390143239758,1.02733435029
 10/01  07:00:00,1.10053791287,3.20138480445,0.0,2.01750669559,0.0,0.0555485863938,0.0555485863938,0.0555485863938,0.30012153441,0.0653888174317,0.232810552045,0.414556422586,1.15532441024
 10/01  08:00:00,1.04359517617,2.78483632957,0.0,1.63233915762,0.0,0.0449436588831,0.0449436588831,0.0449436588831,0.267380977545,0.0582555024903,0.305419527453,0.350483509799,1.12835666908
 10/01  09:00:00,0.885468882878,2.18265465155,0.0,1.13242029601,0.0,0.0311792505,0.0311792505,0.0311792505,0.130962143864,0.0285333144043,0.379392365529,0.29828980858,1.02968883547
 10/01  10:00:00,0.861667981444,1.40130872389,0.0,0.470250706446,0.0,0.0129475466182,0.0129475466182,0.0129475466182,0.10367836041,0.0225888731445,0.40003611027,0.305305091002,0.910029300774
 10/01  11:00:00,0.866515327402,0.823296009393,0.0,0.0,0.0,0.0,0.0,0.0,0.10367836041,0.0225888731445,0.417737465747,0.305398628101,0.8022608501
 10/01  12:00:00,0.847549964411,0.740521963904,0.0,0.0,0.0,0.0,0.0,0.0,0.10367836041,0.0225888731445,0.403916643199,0.300254087658,0.719841148796
 10/01  13:00:00,0.819883419918,0.690120483821,0.0,0.0,0.0,0.0,0.0,0.0,0.10367836041,0.0225888731445,0.365867480721,0.310636705643,0.668724537723
 10/01  14:00:00,0.807671629035,0.642870971214,0.0,0.0,0.0,0.0,0.0,0.0,0.10367836041,0.0225888731445,0.336164252333,0.328128143148,0.620270254889
 10/01  15:00:00,0.840575509996,0.649665005815,0.0,0.0,0.0,0.0,0.0,0.0,0.109135133819,0.0237777468263,0.344182751906,0.346367877445,0.625807978292
 10/01  16:00:00,0.986555430812,0.716525525926,0.0,0.0,0.0,0.0,0.0,0.0,0.136418833681,0.029722188086,0.393609915605,0.40969249344,0.688306843628
 10/01  17:00:00,1.27127814338,0.847469940062,0.0,0.0,0.0,0.0,0.0,0.0,0.223726957455,0.0487444037597,0.4839838786,0.49771090356,0.813188750905
 10/01  18:00:00,1.5227681939,0.974128000889,0.0,0.0,0.0,0.0,0.0,0.0,0.409256584636,0.0891665824708,0.436869206105,0.540363820686,0.936908976315
 10/01  19:00:00,1.71366384462,1.00186930529,0.0,0.0,0.0,0.0,0.0,0.0,0.643897005317,0.140288751807,0.354604366405,0.557761721092,0.963451953111
 10/01  20:00:00,1.77395040135,0.936105167142,0.0,0.0,0.0,0.0,0.0,0.0,0.709378119045,0.154555418115,0.315968037806,0.576936826379,0.89636707755
 10/01  21:00:00,1.60420630715,0.845514570155,0.0,0.0,0.0,0.0,0.0,0.0,0.59478629541,0.129588761182,0.299251766429,0.563467484128,0.806704218063
 10/01  22:00:00,1.28904354194,0.704447694354,0.0,0.0,0.0,0.0,0.0,0.0,0.44745391491,0.0974887893068,0.239379940853,0.487608896873,0.670862308323
 10/01  23:00:00,0.97602609061,0.549036524824,0.0,0.0,0.0,0.0,0.0,0.0,0.311034997636,0.0677666012207,0.156389433469,0.423723058284,0.519851449297
 10/01  24:00:00,0.658076842107,0.383795549658,0.0,0.0,0.0,0.0,0.0,0.0,0.158245843726,0.0344777374512,0.0977577511306,0.350483509799,0.359655046788
 10/02  01:00:00,0.53638352603,0.306290245165,0.0,0.0,0.0,0.0,0.0,0.0,0.098221587,0.02139998125,0.0769469663719,0.322702991408,0.284063200889
 10/02  02:00:00,0.480196527561,0.289197327364,0.0,0.0,0.0,0.0,0.0,0.0,0.0654810552136,0.0142666535596,0.0643753113384,0.31896150745,0.26722798795
 10/02  03:00:00,0.468462430324,0.294215945347,0.0,0.0,0.0,0.0,0.0,0.0,0.0654810552136,0.0142666535596,0.0571309948506,0.3144717267,0.272555851766
 10/02  04:00:00,0.471842762875,0.520486431205,0.0,0.176032274116,0.0,0.00484674673358,0.00484674673358,0.00484674673358,0.0654810552136,0.0142666535596,0.067543792236,0.302592515132,0.323612276443
 10/02  05:00:00,0.535481055376,1.07821832002,0.0,0.508121807995,0.0,0.0139902624421,0.0139902624421,0.0139902624421,0.0709378119045,0.0154555418115,0.0803165119766,0.337668927242,0.546838648305
 10/02  06:00:00,0.745857390822,1.9024737624,0.0,0.912692682784,0.0,0.0251294275511,0.0251294275511,0.0251294275511,0.1473323805,0.032099971875,0.134040371138,0.390143239758,0.962908905221
 10/02  07:00:00,1.04481584632,1.86733700392,0.0,0.762273079126,0.0,0.0209878817672,0.0209878817672,0.0209878817672,0.30012153441,0.0653888174317,0.211649190125,0.414556422586,1.07651022618
 10/02  08:00:00,0.992723464804,2.03243376286,0.0,0.962807330175,0.0,0.0265092484093,0.0265092484093,0.0265092484093,0.267380977545,0.0582555024903,0.272982226561,0.350483509799,1.04548592982
 10/02  09:00:00,0.842579829869,2.18437396266,0.0,1.21021724157,0.0,0.033321255957,0.033321255957,0.033321255957,0.130962143864,0.0285333144043,0.334361307064,0.29828980858,0.953611201038
 10/02  10:00:00,0.847799964752,2.68172638922,0.0,1.81582980806,0.0,0.0499957592161,0.0499957592161,0.0499957592161,0.10367836041,0.0225888731445,0.34911988098,0.305305091002,0.844867864489
 10/02  11:00:00,0.872435688177,2.89036503183,0.0,2.12140036185,0.0,0.0584091202937,0.0584091202937,0.0584091202937,0.10367836041,0.0225888731445,0.365248706228,0.305398628101,0.74792951069
 10/02  12:00:00,0.837069131121,2.04827449597,0.0,1.35580164515,0.0,0.0373296728003,0.0373296728003,0.0373296728003,0.10367836041,0.0225888731445,0.356106137108,0.300254087658,0.671792035711
 10/02  13:00:00,0.805945761772,1.72601095685,0.0,1.07689200931,0.0,0.029650374369,0.029650374369,0.029650374369,0.10367836041,0.0225888731445,0.322279448206,0.310636705643,0.627723001438
 10/02  14:00:00,0.793553788192,1.51464226823,0.0,0.908272715458,0.0,0.025007731332,0.025007731332,0.025007731332,0.10367836041,0.0225888731445,0.297038680158,0.328128143148,0.583768836445
 10/02  15:00:00,0.826106393842,1.43418937538,0.0,0.820456290718,0.0,0.0225898567013,0.0225898567013,0.0225898567013,0.109135133819,0.0237777468263,0.307123779051,0.346367877445,0.589876057141
 10/02  16:00:00,0.972379418312,1.46220428638,0.0,0.789659022606,0.0,0.0217419067479,0.0217419067479,0.0217419067479,0.136418833681,0.029722188086,0.357691996357,0.40969249344,0.644326581473
 10/02  17:00:00,1.27149259063,2.08583782802,0.0,1.29175932882,0.0,0.0355663774666,0.0355663774666,0.0355663774666,0.223726957455,0.0487444037597,0.448631948385,0.49771090356,0.759797310048
 10/02  18:00:00,1.50675758535,1.56808091923,0.0,0.664639440587,0.0,0.0182997069932,0.0182997069932,0.0182997069932,0.409256584636,0.0891665824708,0.402558890565,0.540363820686,0.866222454071
 10/02  19:00:00,1.69400531619,1.45243576209,0.0,0.529767003137,0.0,0.014586225764,0.014586225764,0.014586225764,0.643897005317,0.140288751807,0.320359612211,0.557761721092,0.88425140677
 10/02  20:00:00,1.75474920569,1.42954565605,0.0,0.568554562052,0.0,0.0156541746695,0.0156541746695,0.0156541746695,0.709378119045,0.154555418115,0.281112667479,0.576936826379,0.821253004407
 10/02  21:00:00,1.58942221536,1.53943899693,0.0,0.756276116078,0.0,0.0208227656758,0.0208227656758,0.0208227656758,0.59478629541,0.129588761182,0.263644908961,0.563467484128,0.744352528757
 10/02  22:00:00,1.28905992594,1.68400417488,0.0,1.02819536968,0.0,0.0283095959222,0.0283095959222,0.0283095959222,0.44745391491,0.0974887893068,0.211086728929,0.487608896873,0.622223419168
 10/02  23:00:00,0.998021409027,1.8822690763,0.0,1.36308341174,0.0,0.0375301637533,0.0375301637533,0.0375301637533,0.311034997636,0.0677666012207,0.140854588134,0.423723058284,0.490000589036
 10/02  24:00:00,0.698697121647,2.0878632415,0.0,1.71406946156,0.0,0.0471939626167,0.0471939626167,0.0471939626167,0.158245843726,0.0344777374512,0.0911840680538,0.350483509799,0.349653277073
 10/03  01:00:00,0.59026237151,2.26446505796,0.0,1.95686224553,0.0,0.05387884548,0.05387884548,0.05387884548,0.098221587,0.02139998125,0.0769469663719,0.322702991408,0.285375768153
 10/03  02:00:00,0.540337278617,2.47382474185,0.0,2.18429263119,0.0,0.0601407510558,0.0601407510558,0.0601407510558,0.0654810552136,0.0142666535596,0.0643753113384,0.31896150745,0.267562771251
 10/03  03:00:00,0.533566362606,2.65853816448,0.0,2.36455376845,0.0,0.0651039322828,0.0651039322828,0.0651039322828,0.0654810552136,0.0142666535596,0.0571309948506,0.3144717267,0.272324302442
 10/03  04:00:00,0.534500281724,2.79566031782,0.0,2.45173309775,0.0,0.067504265583,0.067504265583,0.067504265583,0.0654810552136,0.0142666535596,0.067543792236,0.302592515132,0.32308533943
 10/03  05:00:00,0.588734856176,3.01218904128,0.0,2.44228263286,0.0,0.067244063242,0.067244063242,0.067244063242,0.0709378119045,0.0154555418115,0.0803165119766,0.337668927242,0.5466485447
 10/03  06:00:00,0.783161306473,3.25830096348,0.0,2.26755883661,0.0,0.0624333432023,0.0624333432023,0.0624333432023,0.1473323805,0.032099971875,0.134040371138,0.390143239758,0.963869952467
 10/03  07:00:00,1.09126266878,3.55576116092,0.0,2.44920665179,0.0,0.067434704227,0.067434704227,0.067434704227,0.30012153441,0.0653888174317,0.211649190125,0.414556422586,1.07800081051
 10/03  08:00:00,1.0281605337,3.32146357591,0.0,2.2498702135,0.0,0.0619463173048,0.0619463173048,0.0619463173048,0.267380977545,0.0582555024903,0.272982226561,0.350483509799,1.04745285954
 10/03  09:00:00,0.870969489442,3.21713160311,0.0,2.24132049714,0.0,0.0617109155295,0.0617109155295,0.0617109155295,0.130962143864,0.0285333144043,0.334361307064,0.29828980858,0.955265585914
 10/03  10:00:00,0.878707050411,3.80596903423,0.0,2.93836516504,0.0,0.0809028448747,0.0809028448747,0.0809028448747,0.10367836041,0.0225888731445,0.34911988098,0.305305091002,0.846575152516
 10/03  11:00:00,0.874186634646,2.95497109855,0.0,2.1849941714,0.0,0.0601600667624,0.0601600667624,0.0601600667624,0.10367836041,0.0225888731445,0.365248706228,0.305398628101,0.748941767858
 10/03  12:00:00,0.844759161864,2.32943604629,0.0,1.6351010751,0.0,0.0450197035438,0.0450197035438,0.0450197035438,0.10367836041,0.0225888731445,0.356106137108,0.300254087658,0.673654156075
 10/03  13:00:00,0.811408099214,1.92625126901,0.0,1.2752823389,0.0,0.0351127118109,0.0351127118109,0.0351127118109,0.10367836041,0.0225888731445,0.322279448206,0.310636705643,0.629572984012
 10/03  14:00:00,0.79743997051,1.65732838851,0.0,1.04941760059,0.0,0.0288939136495,0.0288939136495,0.0288939136495,0.10367836041,0.0225888731445,0.297038680158,0.328128143148,0.585310071597
 10/03  15:00:00,0.827517714726,1.48708449065,0.0,0.871715008874,0.0,0.0240011775857,0.0240011775857,0.0240011775857,0.109135133819,0.0237777468263,0.307123779051,0.346367877445,0.591512454251
 10/03  16:00:00,0.971863240505,1.44490036712,0.0,0.770911611574,0.0,0.0212257289411,0.0212257289411,0.0212257289411,0.136418833681,0.029722188086,0.357691996357,0.40969249344,0.645770073243
 10/03  17:00:00,1.26765829214,1.9486468381,0.0,1.1524988477,0.0,0.0317320789816,0.0317320789816,0.0317320789816,0.223726957455,0.0487444037597,0.448631948385,0.49771090356,0.761866801235
 10/03  18:00:00,1.5050201488,1.50756970225,0.0,0.601536307044,0.0,0.0165622704469,0.0165622704469,0.0165622704469,0.409256584636,0.0891665824708,0.402558890565,0.540363820686,0.868814370628
 10/03  19:00:00,1.69190733333,1.37882858687,0.0,0.453568943909,0.0,0.0124882428997,0.0124882428997,0.0124882428997,0.643897005317,0.140288751807,0.320359612211,0.557761721092,0.886842290784
 10/03  20:00:00,1.75167966594,1.3204355463,0.0,0.457069870891,0.0,0.0125846349193,0.0125846349193,0.0125846349193,0.709378119045,0.154555418115,0.281112667479,0.576936826379,0.823627585821
 10/03  21:00:00,1.58542255505,1.39652369792,0.0,0.611009746952,0.0,0.0168231053658,0.0168231053658,0.0168231053658,0.59478629541,0.129588761182,0.263644908961,0.563467484128,0.746703598881
 10/03  22:00:00,1.28527894167,1.54864593922,0.0,0.890871243476,0.0,0.0245286116483,0.0245286116483,0.0245286116483,0.44745391491,0.0974887893068,0.211086728929,0.487608896873,0.624189309715
 10/03  23:00:00,0.993777025109,1.72965982033,0.0,1.20892876029,0.0,0.0332857798349,0.0332857798349,0.0332857798349,0.311034997636,0.0677666012207,0.140854588134,0.423723058284,0.491545984513
 10/03  24:00:00,0.693919356748,1.91548543732,0.0,1.54054258537,0.0,0.0424161977177,0.0424161977177,0.0424161977177,0.158245843726,0.0344777374512,0.0911840680538,0.350483509799,0.350802349075
 10/04  01:00:00,0.584731019249,2.06456064113,0.0,1.75596532002,0.0,0.0483474932188,0.0483474932188,0.0483474932188,0.098221587,0.02139998125,0.0769469663719,0.322702991408,0.286368276833
 10/04  02:00:00,0.532674061584,2.19647222465,0.0,1.90596706654,0.0,0.0524775340229,0.0524775340229,0.0524775340229,0.0654810552136,0.0142666535596,0.0643753113384,0.31896150745,0.268535818698
 10/04  03:00:00,0.524926213917,2.34562737851,0.0,2.05074636192,0.0,0.056463783593,0.056463783593,0.056463783593,0.0654810552136,0.0142666535596,0.0571309948506,0.3144717267,0.273220923
 10/04  04:00:00,0.524383039155,2.4293830574,0.0,2.08427811914,0.0,0.0573870230135,0.0573870230135,0.0573870230135,0.0654810552136,0.0142666535596,0.067543792236,0.302592515132,0.324263057611
 10/04  05:00:00,0.57752165192,2.60666385863,0.0,2.03502268019,0.0,0.0560308589861,0.0560308589861,0.0560308589861,0.0709378119045,0.0154555418115,0.0803165119766,0.337668927242,0.548383314713
 10/04  06:00:00,0.771003632406,2.81960976654,0.0,1.82599604583,0.0,0.0502756691357,0.0502756691357,0.0502756691357,0.1473323805,0.032099971875,0.134040371138,0.390143239758,0.966741546313
 10/04  07:00:00,1.07645937208,3.0213548811,0.0,1.91155570264,0.0,0.0526314075323,0.0526314075323,0.0526314075323,0.30012153441,0.0653888174317,0.211649190125,0.414556422586,1.08124547985
 10/04  08:00:00,1.00990836069,2.66164567825,0.0,1.58695719172,0.0,0.0436941442923,0.0436941442923,0.0436941442923,0.267380977545,0.0582555024903,0.272982226561,0.350483509799,1.05054798366
 10/04  09:00:00,0.848043190337,2.38725784695,0.0,1.40864472714,0.0,0.0387846164251,0.0387846164251,0.0387846164251,0.130962143864,0.0285333144043,0.334361307064,0.29828980858,0.958067599755
 10/04  10:00:00,0.83975288619,2.39367090336,0.0,1.52356251679,0.0,0.0419486806538,0.0419486806538,0.0419486806538,0.10367836041,0.0225888731445,0.34911988098,0.305305091002,0.849079669894
 10/04  11:00:00,0.83946802867,1.6967611389,0.0,0.924025628991,0.0,0.0254414607864,0.0254414607864,0.0254414607864,0.10367836041,0.0225888731445,0.365248706228,0.305398628101,0.751700350613
 10/04  12:00:00,0.816330812836,1.29966725439,0.0,0.602592631018,0.0,0.0165913545157,0.0165913545157,0.0165913545157,0.10367836041,0.0225888731445,0.356106137108,0.300254087658,0.676393808264
 10/04  13:00:00,0.782649675604,0.884319592136,0.0,0.230785692728,0.0,0.00635428820088,0.00635428820088,0.00635428820088,0.10367836041,0.0225888731445,0.322279448206,0.310636705643,0.632137953309
 10/04  14:00:00,0.769715113371,0.652832523038,0.0,0.0424597544522,0.0,0.00116905651099,0.00116905651099,0.00116905651099,0.10367836041,0.0225888731445,0.297038680158,0.328128143148,0.587772052261
 10/04  15:00:00,0.803516537141,0.617896011979,0.0,0.0,0.0,0.0,0.0,0.0,0.109135133819,0.0237777468263,0.307123779051,0.346367877445,0.594038984457
 10/04  16:00:00,0.950637511564,0.67647835847,0.0,0.0,0.0,0.0,0.0,0.0,0.136418833681,0.029722188086,0.357691996357,0.40969249344,0.648259676172
 10/04  17:00:00,1.23592621316,0.798597958688,0.0,0.0,0.0,0.0,0.0,0.0,0.223726957455,0.0487444037597,0.448631948385,0.49771090356,0.764316769531
 10/04  18:00:00,1.48845787836,0.909000437443,0.0,0.0,0.0,0.0,0.0,0.0,0.409256584636,0.0891665824708,0.402558890565,0.540363820686,0.871781412869
 10/04  19:00:00,1.67941909043,0.92806466341,0.0,0.0,0.0,0.0,0.0,0.0,0.643897005317,0.140288751807,0.320359612211,0.557761721092,0.889647311232
 10/04  20:00:00,1.73909503102,0.865675631571,0.0,0.0,0.0,0.0,0.0,0.0,0.709378119045,0.154555418115,0.281112667479,0.576936826379,0.825937541979
 10/04  21:00:00,1.56859944968,0.787323754091,0.0,0.0,0.0,0.0,0.0,0.0,0.59478629541,0.129588761182,0.263644908961,0.563467484128,0.748513402
 10/04  22:00:00,1.26075033002,0.659426677499,0.0,0.0,0.0,0.0,0.0,0.0,0.44745391491,0.0974887893068,0.211086728929,0.487608896873,0.625841291467
 10/04  23:00:00,0.96302992452,0.614707700557,0.0,0.0922040093193,0.0,0.00253867924638,0.00253867924638,0.00253867924638,0.311034997636,0.0677666012207,0.140854588134,0.423723058284,0.49331861571
 10/04  24:00:00,0.662494167609,0.775692404463,0.0,0.399189877519,0.0,0.0109910085787,0.0109910085787,0.0109910085787,0.158245843726,0.0344777374512,0.0911840680538,0.350483509799,0.352362024075
 10/05  01:00:00,0.552276059283,0.887113661837,0.0,0.577211668724,0.0,0.0158925332529,0.0158925332529,0.0158925332529,0.098221587,0.02139998125,0.0769469663719,0.322702991408,0.287674948837
 10/05  02:00:00,0.503734613501,1.14648950331,0.0,0.854895670051,0.0,0.0235380859401,0.0235380859401,0.0235380859401,0.0654810552136,0.0142666535596,0.0643753113384,0.31896150745,0.269624493848
 10/05  03:00:00,0.493920813876,1.22055881077,0.0,0.924640258396,0.0,0.0254583835528,0.0254583835528,0.0254583835528,0.0654810552136,0.0142666535596,0.0571309948506,0.3144717267,0.27425845879
 10/05  04:00:00,0.492308270314,1.26536747348,0.0,0.919332886569,0.0,0.0253122541729,0.0253122541729,0.0253122541729,0.0654810552136,0.0142666535596,0.067543792236,0.302592515132,0.325192706263
 10/05  05:00:00,0.546139938654,1.46852525335,0.0,0.895249001977,0.0,0.0246491457198,0.0246491457198,0.0246491457198,0.0709378119045,0.0154555418115,0.0803165119766,0.337668927242,0.550018387652
 10/05  06:00:00,0.745003619465,1.87837844637,0.0,0.881683983173,0.0,0.024275656194,0.024275656194,0.024275656194,0.1473323805,0.032099971875,0.134040371138,0.390143239758,0.969822288799
 10/05  07:00:00,1.04442344654,1.86145173957,0.0,0.748021245894,0.0,0.0205954819842,0.0205954819842,0.0205954819842,0.30012153441,0.0653888174317,0.211649190125,0.414556422586,1.08487679506
 10/05  08:00:00,0.993896890409,2.08420930796,0.0,1.00542576869,0.0,0.0276826740137,0.0276826740137,0.0276826740137,0.267380977545,0.0582555024903,0.272982226561,0.350483509799,1.05464303641
 10/05  09:00:00,0.839524613957,2.08216942321,0.0,1.09925278758,0.0,0.030266040045,0.030266040045,0.030266040045,0.130962143864,0.0285333144043,0.334361307064,0.29828980858,0.962371115571
 10/05  10:00:00,0.841342407155,2.45481568276,0.0,1.58129340426,0.0,0.043538201619,0.043538201619,0.043538201619,0.10367836041,0.0225888731445,0.34911988098,0.305305091002,0.852493561834
 10/05  11:00:00,0.844366379345,1.87749065697,0.0,1.10193214159,0.0,0.0303398114618,0.0303398114618,0.0303398114618,0.10367836041,0.0225888731445,0.365248706228,0.305398628101,0.754523356093
 10/05  12:00:00,0.82807937957,1.7279690352,0.0,1.02929677576,0.0,0.0283399212493,0.0283399212493,0.0283399212493,0.10367836041,0.0225888731445,0.356106137108,0.300254087658,0.67799144434
 10/05  13:00:00,0.799864588065,1.51142261151,0.0,0.856025746703,0.0,0.0235692006624,0.0235692006624,0.0235692006624,0.10367836041,0.0225888731445,0.322279448206,0.310636705643,0.634000918713
 10/05  14:00:00,0.785104715726,1.21344606697,0.0,0.601405135585,0.0,0.0165586588658,0.0165586588658,0.0165586588658,0.10367836041,0.0225888731445,0.297038680158,0.328128143148,0.589440215058
 10/05  15:00:00,0.813013272408,0.964109675957,0.0,0.344918354018,0.0,0.00949673526678,0.00949673526678,0.00949673526678,0.109135133819,0.0237777468263,0.307123779051,0.346367877445,0.595334294416
 10/05  16:00:00,0.956791307295,0.901353435325,0.0,0.223503871053,0.0,0.00615379573097,0.00615379573097,0.00615379573097,0.136418833681,0.029722188086,0.357691996357,0.40969249344,0.649630881975
 10/05  17:00:00,1.24898118606,1.27468408146,0.0,0.4741523942,0.0,0.0130549728983,0.0130549728983,0.0130549728983,0.223726957455,0.0487444037597,0.448631948385,0.49771090356,0.766250498101
 10/05  18:00:00,1.49236279034,1.05314094305,0.0,0.141825140408,0.0,0.0039049119797,0.0039049119797,0.0039049119797,0.409256584636,0.0891665824708,0.402558890565,0.540363820686,0.874096778073
 10/05  19:00:00,1.68273837962,1.05130732735,0.0,0.120555510346,0.0,0.00331928919806,0.00331928919806,0.00331928919806,0.643897005317,0.140288751807,0.320359612211,0.557761721092,0.892334464823
 10/05  20:00:00,1.74746615076,1.17241864207,0.0,0.304036362078,0.0,0.00837111974036,0.00837111974036,0.00837111974036,0.709378119045,0.154555418115,0.281112667479,0.576936826379,0.8286441904
 10/05  21:00:00,1.58548145623,1.4030001747,0.0,0.613149018898,0.0,0.0168820065495,0.0168820065495,0.0168820065495,0.59478629541,0.129588761182,0.263644908961,0.563467484128,0.751040803706
 10/05  22:00:00,1.28989534112,1.71989833983,0.0,1.05853737895,0.0,0.0291450111043,0.0291450111043,0.0291450111043,0.44745391491,0.0974887893068,0.211086728929,0.487608896873,0.627775574841
 10/05  23:00:00,1.00182181679,2.02465506233,0.0,1.50111299275,0.0,0.0413305715152,0.0413305715152,0.0413305715152,0.311034997636,0.0677666012207,0.140854588134,0.423723058284,0.494356994056
 10/05  24:00:00,0.709362440225,2.47825223722,0.0,2.10143038357,0.0,0.0578592811947,0.0578592811947,0.0578592811947,0.158245843726,0.0344777374512,0.0911840680538,0.350483509799,0.352681350783
 10/06  01:00:00,0.604955053068,2.80005603239,0.0,2.49049568867,0.0,0.0685715270378,0.0685715270378,0.0685715270378,0.098221587,0.02139998125,0.0769469663719,0.322702991408,0.28733329944
 10/06  02:00:00,0.559096149604,3.1569471426,0.0,2.86560875955,0.0,0.0788996220428,0.0788996220428,0.0788996220428,0.0654810552136,0.0142666535596,0.0643753113384,0.31896150745,0.269369043633
 10/06  03:00:00,0.552932483387,3.36393041362,0.0,3.06792501296,0.0,0.0844700530632,0.0844700530632,0.0844700530632,0.0654810552136,0.0142666535596,0.0571309948506,0.3144717267,0.274345307086
 10/06  04:00:00,0.555965806574,3.57761741431,0.0,3.23135401917,0.0,0.0889697904325,0.0889697904325,0.0889697904325,0.0654810552136,0.0142666535596,0.067543792236,0.302592515132,0.325421514498
 10/06  05:00:00,0.610647367909,3.81211377627,0.0,3.23813797333,0.0,0.0891565749745,0.0891565749745,0.0891565749745,0.0709378119045,0.0154555418115,0.0803165119766,0.337668927242,0.550717939216
 10/06  06:00:00,0.80065763607,3.90128367283,0.0,2.90301986995,0.0,0.0799296727993,0.0799296727993,0.0799296727993,0.1473323805,0.032099971875,0.134040371138,0.390143239758,0.971391628479
 10/06  07:00:00,1.10933449595,4.22058969728,0.0,3.10556957095,0.0,0.0855065313989,0.0855065313989,0.0855065313989,0.30012153441,0.0653888174317,0.211649190125,0.414556422586,1.08646642772
 10/06  08:00:00,1.04172134443,3.82230420028,0.0,2.74239447427,0.0,0.0755071280373,0.0755071280373,0.0755071280373,0.267380977545,0.0582555024903,0.272982226561,0.350483509799,1.05576922314
 10/06  09:00:00,0.883294957486,3.6723576439,0.0,2.68897751096,0.0,0.0740363835743,0.0740363835743,0.0740363835743,0.130962143864,0.0285333144043,0.334361307064,0.29828980858,0.962834612888
 10/06  10:00:00,0.875712211481,3.70374556817,0.0,2.82959358351,0.0,0.0779080059444,0.0779080059444,0.0779080059444,0.10367836041,0.0225888731445,0.34911988098,0.305305091002,0.853123267991
 10/06  11:00:00,0.85925293008,2.4185999737,0.0,1.64260685056,0.0,0.0452263621969,0.0452263621969,0.0452263621969,0.10367836041,0.0225888731445,0.365248706228,0.305398628101,0.754957963848
 10/06  12:00:00,0.835767332369,2.00874977192,0.0,1.30852073546,0.0,0.036027874049,0.036027874049,0.036027874049,0.10367836041,0.0225888731445,0.356106137108,0.300254087658,0.679548221351
 10/06  13:00:00,0.806508216259,1.75346835428,0.0,1.09732017442,0.0,0.0302128288564,0.0302128288564,0.0302128288564,0.10367836041,0.0225888731445,0.322279448206,0.310636705643,0.634752233756
 10/06  14:00:00,0.788192362732,1.32646620735,0.0,0.713547476431,0.0,0.0196463058721,0.0196463058721,0.0196463058721,0.10367836041,0.0225888731445,0.297038680158,0.328128143148,0.590318014593
 10/06  15:00:00,0.82169691068,1.28066664059,0.0,0.660305288141,0.0,0.0181803735397,0.0181803735397,0.0181803735397,0.109135133819,0.0237777468263,0.307123779051,0.346367877445,0.596504324924
 10/06  16:00:00,0.971356763174,1.43235144439,0.0,0.75251651868,0.0,0.0207192516099,0.0207192516099,0.0207192516099,0.136418833681,0.029722188086,0.357691996357,0.40969249344,0.651616243412
 10/06  17:00:00,1.27024496866,2.04912671456,0.0,1.2464461026,0.0,0.0343187555049,0.0343187555049,0.0343187555049,0.223726957455,0.0487444037597,0.448631948385,0.49771090356,0.768399422805
 10/06  18:00:00,1.50885470839,1.65394346626,0.0,0.74080627131,0.0,0.0203968300343,0.0203968300343,0.0203968300343,0.409256584636,0.0891665824708,0.402558890565,0.540363820686,0.875918170379
 10/06  19:00:00,1.70322992783,1.79758216439,0.0,0.864801915053,0.0,0.0238108374049,0.0238108374049,0.0238108374049,0.643897005317,0.140288751807,0.320359612211,0.557761721092,0.894362897159
 10/06  20:00:00,1.76732700685,1.895839254,0.0,1.02537623322,0.0,0.0282319758351,0.0282319758351,0.0282319758351,0.709378119045,0.154555418115,0.281112667479,0.576936826379,0.830724931192
 10/06  21:00:00,1.60455915495,2.09759079776,0.0,1.30604486734,0.0,0.0359597052671,0.0359597052671,0.0359597052671,0.59478629541,0.129588761182,0.263644908961,0.563467484128,0.752735578323
 10/06  22:00:00,1.30805902979,2.38085098972,0.0,1.71823667783,0.0,0.0473086997689,0.0473086997689,0.0473086997689,0.44745391491,0.0974887893068,0.211086728929,0.487608896873,0.629028925855
 10/06  23:00:00,1.02315499506,2.80037727461,0.0,2.27592712932,0.0,0.0626637497885,0.0626637497885,0.0626637497885,0.311034997636,0.0677666012207,0.140854588134,0.423723058284,0.49526506976
 10/06  24:00:00,0.73154247724,3.28410993086,0.0,2.9070021558,0.0,0.0800393182097,0.0800393182097,0.0800393182097,0.158245843726,0.0344777374512,0.0911840680538,0.350483509799,0.352967272191
 10/07  01:00:00,0.633428196292,3.69759987379,0.0,3.38127640537,0.0,0.0930976461867,0.0930976461867,0.0930976461867,0.098221587,0.02139998125,0.0808939904472,0.322702991408,0.294096424141
 10/07  02:00:00,0.584596577683,3.99349869295,0.0,3.69693672624,0.0,0.101788811695,0.101788811695,0.101788811695,0.0654810552136,0.0142666535596,0.0669865497656,0.31896150745,0.274592627295
 10/07  03:00:00,0.577345983723,4.20638575906,0.0,3.9050244128,0.0,0.107518149228,0.107518149228,0.107518149228,0.0654810552136,0.0142666535596,0.0584963990226,0.3144717267,0.279701252684
 10/07  04:00:00,0.586182550371,4.5891077228,0.0,4.23180087479,0.0,0.116515378615,0.116515378615,0.116515378615,0.0654810552136,0.0142666535596,0.0702149478515,0.302592515132,0.336464967366
 10/07  05:00:00,0.644453583981,4.92289984233,0.0,4.31717825895,0.0,0.118866098447,0.118866098447,0.118866098447,0.0709378119045,0.0154555418115,0.0844132045768,0.337668927242,0.582463719661
 10/07  06:00:00,0.864504402417,5.90687907063,0.0,4.83599861028,0.0,0.133150926929,0.133150926929,0.133150926929,0.1473323805,0.032099971875,0.144665883356,0.390143239758,1.04400828595
 10/07  07:00:00,1.15765233882,5.29456811034,0.0,4.09188417777,0.0,0.11266301235,0.11266301235,0.11266301235,0.30012153441,0.0653888174317,0.232810552045,0.414556422586,1.17413023395
 10/07  08:00:00,1.10326223985,4.97043578693,0.0,3.79942761655,0.0,0.104610722565,0.104610722565,0.104610722565,0.267380977545,0.0582555024903,0.305419527453,0.350483509799,1.14686766752
 10/07  09:00:00,0.943585879843,4.3102652563,0.0,3.24321083303,0.0,0.0892962474652,0.0892962474652,0.0892962474652,0.130962143864,0.0285333144043,0.379392365529,0.29828980858,1.04650890321
 10/07  10:00:00,0.932727878072,3.99710794549,0.0,3.05112317401,0.0,0.0840074432468,0.0840074432468,0.0840074432468,0.10367836041,0.0225888731445,0.40003611027,0.305305091002,0.92495605481
 10/07  11:00:00,0.913730131914,2.55078754263,0.0,1.71482643244,0.0,0.0472148045115,0.0472148045115,0.0472148045115,0.10367836041,0.0225888731445,0.417737465747,0.305398628101,0.814925950897
 10/07  12:00:00,0.872007173939,1.64050351159,0.0,0.888277941545,0.0,0.0244572095277,0.0244572095277,0.0244572095277,0.10367836041,0.0225888731445,0.403916643199,0.300254087658,0.731544754938
 10/07  13:00:00,0.829822702757,1.06310788284,0.0,0.360991538733,0.0,0.00993928283884,0.00993928283884,0.00993928283884,0.10367836041,0.0225888731445,0.365867480721,0.310636705643,0.680720398006
 10/07  14:00:00,0.807934968381,0.664089451563,0.0,0.00956439990089,0.0,0.000263339346214,0.000263339346214,0.000263339346214,0.10367836041,0.0225888731445,0.336164252333,0.328128143148,0.631924335337
 10/07  15:00:00,0.840575509996,0.6617850859,0.0,0.0,0.0,0.0,0.0,0.0,0.109135133819,0.0237777468263,0.344182751906,0.346367877445,0.637928058377
 10/07  16:00:00,0.986555430812,0.730138480833,0.0,0.0,0.0,0.0,0.0,0.0,0.136418833681,0.029722188086,0.393609915605,0.40969249344,0.701919798535
 10/07  17:00:00,1.27805836405,1.109549728,0.0,0.246255422609,0.0,0.00678022067914,0.00678022067914,0.00678022067914,0.223726957455,0.0487444037597,0.4839838786,0.49771090356,0.829013116237
 10/07  18:00:00,1.5227681939,0.991813339143,0.0,0.0,0.0,0.0,0.0,0.0,0.409256584636,0.0891665824708,0.436869206105,0.540363820686,0.954594314569
 10/07  19:00:00,1.71638484558,1.11938335704,0.0,0.0988258750296,0.0,0.00272100096075,0.00272100096075,0.00272100096075,0.643897005317,0.140288751807,0.354604366405,0.557761721092,0.982140129831
 10/07  20:00:00,1.78579958189,1.38428855579,0.0,0.430358405829,0.0,0.0118491805448,0.0118491805448,0.0118491805448,0.709378119045,0.154555418115,0.315968037806,0.576936826379,0.914192060367
 10/07  21:00:00,1.62996016983,1.79716745685,0.0,0.935371964814,0.0,0.0257538626818,0.0257538626818,0.0257538626818,0.59478629541,0.129588761182,0.299251766429,0.563467484128,0.822985139948
 10/07  22:00:00,1.33270870983,2.3038390615,0.0,1.58590477819,0.0,0.0436651678907,0.0436651678907,0.0436651678907,0.44745391491,0.0974887893068,0.239379940853,0.487608896873,0.684348897284
 10/07  23:00:00,1.03884858443,2.84094041494,0.0,2.28169266111,0.0,0.0628224938173,0.0628224938173,0.0628224938173,0.311034997636,0.0677666012207,0.156389433469,0.423723058284,0.530062678298
 10/07  24:00:00,0.740701879403,3.39145990062,0.0,3.00091463688,0.0,0.0826250372957,0.0826250372957,0.0826250372957,0.158245843726,0.0344777374512,0.0977577511306,0.350483509799,0.366404760867
 10/08  01:00:00,0.634279991607,3.72891493789,0.0,3.41221333576,0.0,0.0939494415013,0.0939494415013,0.0939494415013,0.098221587,0.02139998125,0.0808939904472,0.322702991408,0.29447455785
 10/08  02:00:00,0.586716679536,4.07090657946,0.0,3.77393813998,0.0,0.103908913547,0.103908913547,0.103908913547,0.0654810552136,0.0142666535596,0.0669865497656,0.31896150745,0.274999100071
 10/08  03:00:00,0.581660293235,4.36333403417,0.0,4.0617187392,0.0,0.11183245874,0.11183245874,0.11183245874,0.0654810552136,0.0142666535596,0.0584963990226,0.3144717267,0.279955201392
 10/08  04:00:00,0.586893750233,4.61542975066,0.0,4.25763142378,0.0,0.117226578476,0.117226578476,0.117226578476,0.0654810552136,0.0142666535596,0.0702149478515,0.302592515132,0.336956446226
 10/08  05:00:00,0.647808122915,5.04590808208,0.0,4.43901402832,0.0,0.122220637381,0.122220637381,0.122220637381,0.0709378119045,0.0154555418115,0.0844132045768,0.337668927242,0.583636190044
 10/08  06:00:00,0.850842235789,5.41317200993,0.0,4.33979313616,0.0,0.119488760301,0.119488760301,0.119488760301,0.1473323805,0.032099971875,0.144665883356,0.390143239758,1.04650669938
 10/08  07:00:00,1.16799268483,5.67335439802,0.0,4.46744220093,0.0,0.123003358353,0.123003358353,0.123003358353,0.30012153441,0.0653888174317,0.232810552045,0.414556422586,1.17735849847
 10/08  08:00:00,1.09801471048,4.78249995648,0.0,3.60883904675,0.0,0.0993631931967,0.0993631931967,0.0993631931967,0.267380977545,0.0582555024903,0.305419527453,0.350483509799,1.14952040686
 10/08  09:00:00,0.926135493961,3.67886708959,0.0,2.60941846057,0.0,0.0718458615833,0.0718458615833,0.0718458615833,0.130962143864,0.0285333144043,0.379392365529,0.29828980858,1.04890310896
 10/08  10:00:00,0.904850042293,2.98699024777,0.0,2.03860919311,0.0,0.0561296074677,0.0561296074677,0.0561296074677,0.10367836041,0.0225888731445,0.40003611027,0.305305091002,0.927352337989
 10/08  11:00:00,0.88554635883,1.52928496198,0.0,0.691200907578,0.0,0.0190310314281,0.0190310314281,0.0190310314281,0.10367836041,0.0225888731445,0.417737465747,0.305398628101,0.817048895109
 10/08  12:00:00,0.848804243151,0.799866302058,0.0,0.0455549982426,0.0,0.00125427873973,0.00125427873973,0.00125427873973,0.10367836041,0.0225888731445,0.403916643199,0.300254087658,0.733630488707
 10/08  13:00:00,0.819883419918,0.704087825555,0.0,0.0,0.0,0.0,0.0,0.0,0.10367836041,0.0225888731445,0.365867480721,0.310636705643,0.682691879457
 10/08  14:00:00,0.807671629035,0.65596058661,0.0,0.0,0.0,0.0,0.0,0.0,0.10367836041,0.0225888731445,0.336164252333,0.328128143148,0.633359870285
 10/08  15:00:00,0.840575509996,0.662874093076,0.0,0.0,0.0,0.0,0.0,0.0,0.109135133819,0.0237777468263,0.344182751906,0.346367877445,0.639017065553
 10/08  16:00:00,0.986555430812,0.730926114275,0.0,0.0,0.0,0.0,0.0,0.0,0.136418833681,0.029722188086,0.393609915605,0.40969249344,0.702707431977
 10/08  17:00:00,1.27127814338,0.864408081321,0.0,0.0,0.0,0.0,0.0,0.0,0.223726957455,0.0487444037597,0.4839838786,0.49771090356,0.830126892165
 10/08  18:00:00,1.5227681939,0.993676407933,0.0,0.0,0.0,0.0,0.0,0.0,0.409256584636,0.0891665824708,0.436869206105,0.540363820686,0.956457383359
 10/08  19:00:00,1.71366384462,1.02201921725,0.0,0.0,0.0,0.0,0.0,0.0,0.643897005317,0.140288751807,0.354604366405,0.557761721092,0.98360186507
 10/08  20:00:00,1.77395040135,0.954912737093,0.0,0.0,0.0,0.0,0.0,0.0,0.709378119045,0.154555418115,0.315968037806,0.576936826379,0.915174647501
 10/08  21:00:00,1.60420630715,0.862865517807,0.0,0.0,0.0,0.0,0.0,0.0,0.59478629541,0.129588761182,0.299251766429,0.563467484128,0.824055165715
 10/08  22:00:00,1.29040634963,0.768437741274,0.0,0.0494967346513,0.0,0.0013628076908,0.0013628076908,0.0013628076908,0.44745391491,0.0974887893068,0.239379940853,0.487608896873,0.685355620591
 10/08  23:00:00,0.990782430178,1.09626195571,0.0,0.535945481491,0.0,0.0147563395681,0.0147563395681,0.0147563395681,0.311034997636,0.0677666012207,0.156389433469,0.423723058284,0.531131398694
 10/08  24:00:00,0.691627466231,1.61020807665,0.0,1.21854781924,0.0,0.0335506241244,0.0335506241244,0.0335506241244,0.158245843726,0.0344777374512,0.0977577511306,0.350483509799,0.367519754542
 10/09  01:00:00,0.578541763661,1.84318209154,0.0,1.53117355843,0.0,0.0421582376309,0.0421582376309,0.0421582376309,0.098221587,0.02139998125,0.0769469663719,0.322702991408,0.289781488835
 10/09  02:00:00,0.531721197945,2.16429490286,0.0,1.87135936729,0.0,0.051524670384,0.051524670384,0.051524670384,0.0654810552136,0.0142666535596,0.0643753113384,0.31896150745,0.270966196159
 10/09  03:00:00,0.527002474298,2.42374764498,0.0,2.12615546759,0.0,0.0585400439744,0.0585400439744,0.0585400439744,0.0654810552136,0.0142666535596,0.0571309948506,0.3144717267,0.275932083807
 10/09  04:00:00,0.531087093026,2.67605620556,0.0,2.32776718793,0.0,0.0640910768853,0.0640910768853,0.0640910768853,0.0654810552136,0.0142666535596,0.067543792236,0.302592515132,0.327447136984
 10/09  05:00:00,0.586052274965,2.92298088755,0.0,2.3448521507,0.0,0.0645614820306,0.0645614820306,0.0645614820306,0.0709378119045,0.0154555418115,0.0803165119766,0.337668927242,0.55487087313
 10/09  06:00:00,0.787398208062,3.42742311076,0.0,2.42144173229,0.0,0.0666702447917,0.0666702447917,0.0666702447917,0.1473323805,0.032099971875,0.134040371138,0.390143239758,0.979109204072
 10/09  07:00:00,1.0798096781,3.15701396842,0.0,2.03323773359,0.0,0.0559817135431,0.0559817135431,0.0559817135431,0.30012153441,0.0653888174317,0.211649190125,0.414556422586,1.09522253621
 10/09  08:00:00,1.01751620128,2.95158022334,0.0,1.86327150183,0.0,0.051301984881,0.051301984881,0.051301984881,0.267380977545,0.0582555024903,0.272982226561,0.350483509799,1.06416821864
 10/09  09:00:00,0.857183417039,2.7315734508,0.0,1.74061480535,0.0,0.0479248431268,0.0479248431268,0.0479248431268,0.130962143864,0.0285333144043,0.334361307064,0.29828980858,0.970413125391
 10/09  10:00:00,0.830914277536,2.08315877313,0.0,1.20254710852,0.0,0.0331100719993,0.0331100719993,0.0331100719993,0.10367836041,0.0225888731445,0.34911988098,0.305305091002,0.859582947943
 10/09  11:00:00,0.81846411868,0.943301139422,0.0,0.161170409995,0.0,0.00443755079639,0.00443755079639,0.00443755079639,0.10367836041,0.0225888731445,0.365248706228,0.305398628101,0.761095570134
 10/09  12:00:00,0.79973945832,0.705797170069,0.0,0.0,0.0,0.0,0.0,0.0,0.10367836041,0.0225888731445,0.356106137108,0.300254087658,0.68511635496
 10/09  13:00:00,0.776295387403,0.661348985954,0.0,0.0,0.0,0.0,0.0,0.0,0.10367836041,0.0225888731445,0.322279448206,0.310636705643,0.639953039855
 10/09  14:00:00,0.76854605686,0.61695662676,0.0,0.0,0.0,0.0,0.0,0.0,0.10367836041,0.0225888731445,0.297038680158,0.328128143148,0.594355910436
 10/09  15:00:00,0.803516537141,0.623979112656,0.0,0.0,0.0,0.0,0.0,0.0,0.109135133819,0.0237777468263,0.307123779051,0.346367877445,0.600122085133
 10/09  16:00:00,0.950637511564,0.682791735373,0.0,0.0,0.0,0.0,0.0,0.0,0.136418833681,0.029722188086,0.357691996357,0.40969249344,0.654573053075
 10/09  17:00:00,1.23592621316,0.806517762128,0.0,0.0,0.0,0.0,0.0,0.0,0.223726957455,0.0487444037597,0.448631948385,0.49771090356,0.772236572972
 10/09  18:00:00,1.48845787836,0.918477730989,0.0,0.0,0.0,0.0,0.0,0.0,0.409256584636,0.0891665824708,0.402558890565,0.540363820686,0.881258706414
 10/09  19:00:00,1.67941909043,0.937919596173,0.0,0.0,0.0,0.0,0.0,0.0,0.643897005317,0.140288751807,0.320359612211,0.557761721092,0.899502243994
 10/09  20:00:00,1.73909503102,0.87499165729,0.0,0.0,0.0,0.0,0.0,0.0,0.709378119045,0.154555418115,0.281112667479,0.576936826379,0.835253567698
 10/09  21:00:00,1.56859944968,0.795629464473,0.0,0.0,0.0,0.0,0.0,0.0,0.59478629541,0.129588761182,0.263644908961,0.563467484128,0.756819112381
 10/09  22:00:00,1.26075033002,0.665978026923,0.0,0.0,0.0,0.0,0.0,0.0,0.44745391491,0.0974887893068,0.211086728929,0.487608896873,0.632392640892
 10/09  23:00:00,0.960491245274,0.527083939218,0.0,0.0,0.0,0.0,0.0,0.0,0.311034997636,0.0677666012207,0.140854588134,0.423723058284,0.497898863691
 10/09  24:00:00,0.653631126698,0.456585105818,0.0,0.0772870975826,0.0,0.00212796766751,0.00212796766751,0.00212796766751,0.158245843726,0.0344777374512,0.0911840680538,0.350483509799,0.355157505365
 10/10  01:00:00,0.554077096577,0.955130642461,0.0,0.642624760854,0.0,0.0176935705468,0.0176935705468,0.0176935705468,0.098221587,0.02139998125,0.0769469663719,0.322702991408,0.290278837331
 10/10  02:00:00,0.512671754311,1.47386211138,0.0,1.17948973433,0.0,0.0324752267496,0.0324752267496,0.0324752267496,0.0654810552136,0.0142666535596,0.0643753113384,0.31896150745,0.272403037636
 10/10  03:00:00,0.512491821287,1.8978797646,0.0,1.59913324241,0.0,0.0440293909632,0.0440293909632,0.0440293909632,0.0654810552136,0.0142666535596,0.0571309948506,0.3144717267,0.277086428616
 10/10  04:00:00,0.521553099708,2.33057766676,0.0,1.98149563354,0.0,0.0545570835672,0.0545570835672,0.0545570835672,0.0654810552136,0.0142666535596,0.067543792236,0.302592515132,0.328240152573
 10/10  05:00:00,0.584322060872,2.8613750863,0.0,2.28201133435,0.0,0.0628312679381,0.0628312679381,0.0628312679381,0.0709378119045,0.0154555418115,0.0803165119766,0.337668927242,0.556105888238
 10/10  06:00:00,0.781593785941,3.2192998215,0.0,2.21062699777,0.0,0.0608658226705,0.0608658226705,0.0608658226705,0.1473323805,0.032099971875,0.134040371138,0.390143239758,0.981800649327
 10/10  07:00:00,1.08323397492,3.28428630266,0.0,2.1576070869,0.0,0.0594060103654,0.0594060103654,0.0594060103654,0.30012153441,0.0653888174317,0.211649190125,0.414556422586,1.09812551714
 10/10  08:00:00,1.02315741319,3.1591042746,0.0,2.06815849428,0.0,0.0569431967917,0.0569431967917,0.0569431967917,0.267380977545,0.0582555024903,0.272982226561,0.350483509799,1.06680527745
 10/10  09:00:00,0.852703451687,2.57097385278,0.0,1.5779039124,0.0,0.0434448777746,0.0434448777746,0.0434448777746,0.130962143864,0.0285333144043,0.334361307064,0.29828980858,0.972524420318
 10/10  10:00:00,0.823461770989,1.81425295194,0.0,0.931874480599,0.0,0.0256575654529,0.0256575654529,0.0256575654529,0.10367836041,0.0225888731445,0.34911988098,0.305305091002,0.861349754671
 10/10  11:00:00,0.817471373386,0.908905084397,0.0,0.125114221939,0.0,0.00344480550258,0.00344480550258,0.00344480550258,0.10367836041,0.0225888731445,0.365248706228,0.305398628101,0.762755703166
 10/10  12:00:00,0.79973945832,0.706992852635,0.0,0.0,0.0,0.0,0.0,0.0,0.10367836041,0.0225888731445,0.356106137108,0.300254087658,0.686312037526
 10/10  13:00:00,0.776295387403,0.662224447197,0.0,0.0,0.0,0.0,0.0,0.0,0.10367836041,0.0225888731445,0.322279448206,0.310636705643,0.640828501099
 10/10  14:00:00,0.76854605686,0.617829706412,0.0,0.0,0.0,0.0,0.0,0.0,0.10367836041,0.0225888731445,0.297038680158,0.328128143148,0.595228990088
 10/10  15:00:00,0.803516537141,0.624858709599,0.0,0.0,0.0,0.0,0.0,0.0,0.109135133819,0.0237777468263,0.307123779051,0.346367877445,0.601001682076
 10/10  16:00:00,0.950637511564,0.684317207424,0.0,0.0,0.0,0.0,0.0,0.0,0.136418833681,0.029722188086,0.357691996357,0.40969249344,0.656098525126
 10/10  17:00:00,1.23592621316,0.808394125623,0.0,0.0,0.0,0.0,0.0,0.0,0.223726957455,0.0487444037597,0.448631948385,0.49771090356,0.774112936466
 10/10  18:00:00,1.48845787836,0.920402457301,0.0,0.0,0.0,0.0,0.0,0.0,0.409256584636,0.0891665824708,0.402558890565,0.540363820686,0.883183432727
 10/10  19:00:00,1.67941909043,0.939503560055,0.0,0.0,0.0,0.0,0.0,0.0,0.643897005317,0.140288751807,0.320359612211,0.557761721092,0.901086207876
 10/10  20:00:00,1.73909503102,0.87634399558,0.0,0.0,0.0,0.0,0.0,0.0,0.709378119045,0.154555418115,0.281112667479,0.576936826379,0.836605905988
 10/10  21:00:00,1.56859944968,0.796839732566,0.0,0.0,0.0,0.0,0.0,0.0,0.59478629541,0.129588761182,0.263644908961,0.563467484128,0.758029380474
 10/10  22:00:00,1.26075033002,0.666706085456,0.0,0.0,0.0,0.0,0.0,0.0,0.44745391491,0.0974887893068,0.211086728929,0.487608896873,0.633120699424
 10/10  23:00:00,0.960491245274,0.527930476199,0.0,0.0,0.0,0.0,0.0,0.0,0.311034997636,0.0677666012207,0.140854588134,0.423723058284,0.498745400672
 10/10  24:00:00,0.655468302691,0.523994972748,0.0,0.144012735589,0.0,0.00396514366081,0.00396514366081,0.00396514366081,0.158245843726,0.0344777374512,0.0911840680538,0.350483509799,0.35584173429
 10/11  01:00:00,0.553524058331,0.93527286402,0.0,0.622538590577,0.0,0.0171405323005,0.0171405323005,0.0171405323005,0.098221587,0.02139998125,0.0769469663719,0.322702991408,0.290507229168
 10/11  02:00:00,0.51262332998,1.47234080001,0.0,1.17773097827,0.0,0.0324268024182,0.0324268024182,0.0324268024182,0.0654810552136,0.0142666535596,0.0643753113384,0.31896150745,0.272640482325
 10/11  03:00:00,0.513736047519,1.94343661176,0.0,1.64432313681,0.0,0.045273617195,0.045273617195,0.045273617195,0.0654810552136,0.0142666535596,0.0571309948506,0.3144717267,0.277453381365
 10/11  04:00:00,0.523116744572,2.38798621597,0.0,2.03828670935,0.0,0.0561207284304,0.0561207284304,0.0561207284304,0.0654810552136,0.0142666535596,0.067543792236,0.302592515132,0.328857625976
 10/11  05:00:00,0.584125085797,2.85565772371,0.0,2.27485726331,0.0,0.0626342928628,0.0626342928628,0.0626342928628,0.0709378119045,0.0154555418115,0.0803165119766,0.337668927242,0.557542596681
 10/11  06:00:00,0.794555555203,3.69243417061,0.0,2.68139426603,0.0,0.0738275919323,0.0738275919323,0.0738275919323,0.1473323805,0.032099971875,0.134040371138,0.390143239758,0.984167730182
 10/11  07:00:00,1.09121171094,3.57655494365,0.0,2.44735587955,0.0,0.067383746388,0.067383746388,0.067383746388,0.30012153441,0.0653888174317,0.211649190125,0.414556422586,1.10064536548
 10/11  08:00:00,1.03491803502,3.58883844776,0.0,2.49530047643,0.0,0.0687038186274,0.0687038186274,0.0687038186274,0.267380977545,0.0582555024903,0.272982226561,0.350483509799,1.06939746846
 10/11  09:00:00,0.876397627036,3.43413931598,0.0,2.43846869933,0.0,0.0671390531241,0.0671390531241,0.0671390531241,0.130962143864,0.0285333144043,0.334361307064,0.29828980858,0.975125096592
 10/11  10:00:00,0.879813135373,3.86323676978,0.0,2.9785378132,0.0,0.0820089298368,0.0820089298368,0.0820089298368,0.10367836041,0.0225888731445,0.34911988098,0.305305091002,0.863670239907
 10/11  11:00:00,0.877318643242,3.08382081175,0.0,2.29874771085,0.0,0.0632920753585,0.0632920753585,0.0632920753585,0.10367836041,0.0225888731445,0.365248706228,0.305398628101,0.764037941608
 10/11  12:00:00,0.846133797875,2.39251882689,0.0,1.68502741051,0.0,0.0463943395544,0.0463943395544,0.0463943395544,0.10367836041,0.0225888731445,0.356106137108,0.300254087658,0.68681060127
 10/11  13:00:00,0.813192103773,2.00317489772,0.0,1.34007680759,0.0,0.0368967163696,0.0368967163696,0.0368967163696,0.10367836041,0.0225888731445,0.322279448206,0.310636705643,0.641702144027
 10/11  14:00:00,0.791871920004,1.46638674414,0.0,0.847187806733,0.0,0.0233258631443,0.0233258631443,0.0233258631443,0.10367836041,0.0225888731445,0.297038680158,0.328128143148,0.59659822108
 10/11  15:00:00,0.81980882517,1.21850948558,0.0,0.591730632933,0.0,0.0162922880292,0.0162922880292,0.0162922880292,0.109135133819,0.0237777468263,0.307123779051,0.346367877445,0.602921825125
 10/11  16:00:00,0.967159149886,1.28660168583,0.0,0.600060561397,0.0,0.0165216383218,0.0165216383218,0.0165216383218,0.136418833681,0.029722188086,0.357691996357,0.40969249344,0.658322442132
 10/11  17:00:00,1.2722425939,2.13040531865,0.0,1.3189992051,0.0,0.0363163807378,0.0363163807378,0.0363163807378,0.223726957455,0.0487444037597,0.448631948385,0.49771090356,0.777124924393
 10/11  18:00:00,1.51364796317,1.83841251181,0.0,0.914895734738,0.0,0.0251900848079,0.0251900848079,0.0251900848079,0.409256584636,0.0891665824708,0.402558890565,0.540363820686,0.8862977525
 10/11  19:00:00,1.70761051404,1.96689456867,0.0,1.02390338948,0.0,0.0281914236091,0.0281914236091,0.0281914236091,0.643897005317,0.140288751807,0.320359612211,0.557761721092,0.904573827008
 10/11  20:00:00,1.77618519045,2.22703137585,0.0,1.34710259715,0.0,0.0370901594342,0.0370901594342,0.0370901594342,0.709378119045,0.154555418115,0.281112667479,0.576936826379,0.840190689114
 10/11  21:00:00,1.61879038939,2.62282985698,0.0,1.82291870046,0.0,0.0501909397092,0.0501909397092,0.0501909397092,0.59478629541,0.129588761182,0.263644908961,0.563467484128,0.761100804425
 10/11  22:00:00,1.32689506838,3.0713696684,0.0,2.40235550873,0.0,0.0661447383629,0.0661447383629,0.0661447383629,0.44745391491,0.0974887893068,0.211086728929,0.487608896873,0.635428773645
 10/11  23:00:00,1.044921261,3.59493647645,0.0,3.06647086988,0.0,0.0844300157279,0.0844300157279,0.0844300157279,0.311034997636,0.0677666012207,0.140854588134,0.423723058284,0.49928053104
 10/11  24:00:00,0.754714931641,4.12742485158,0.0,3.74861820658,0.0,0.103211772611,0.103211772611,0.103211772611,0.158245843726,0.0344777374512,0.0911840680538,0.350483509799,0.35466614213
 10/12  01:00:00,0.652187878192,4.51688392515,0.0,4.20597662393,0.0,0.115804352162,0.115804352162,0.115804352162,0.098221587,0.02139998125,0.0769469663719,0.322702991408,0.288680256942
 10/12  02:00:00,0.608880174238,4.96602517017,0.0,4.67374843605,0.0,0.128683646677,0.128683646677,0.128683646677,0.0654810552136,0.0142666535596,0.0643753113384,0.31896150745,0.270307394712
 10/12  03:00:00,0.605261347604,5.26527733585,0.0,4.96849244023,0.0,0.136798917281,0.136798917281,0.136798917281,0.0654810552136,0.0142666535596,0.0571309948506,0.3144717267,0.275124802041
 10/12  04:00:00,0.613111585178,5.65506539101,0.0,5.30687021937,0.0,0.146115569037,0.146115569037,0.146115569037,0.0654810552136,0.0142666535596,0.067543792236,0.302592515132,0.327353290995
 10/12  05:00:00,0.669144245712,5.94251332679,0.0,5.36272565955,0.0,0.147653452778,0.147653452778,0.147653452778,0.0709378119045,0.0154555418115,0.0803165119766,0.337668927242,0.556529803518
 10/12  06:00:00,0.885575171438,6.99898637663,0.0,5.98719729551,0.0,0.164847208167,0.164847208167,0.164847208167,0.1473323805,0.032099971875,0.134040371138,0.390143239758,0.984916906722
 10/12  07:00:00,1.19187440606,7.23432199017,0.0,6.10339241603,0.0,0.16804644151,0.16804644151,0.16804644151,0.30012153441,0.0653888174317,0.211649190125,0.414556422586,1.10237587552
 10/12  08:00:00,1.10836155167,6.25701274326,0.0,5.16274525241,0.0,0.142147335278,0.142147335278,0.142147335278,0.267380977545,0.0582555024903,0.272982226561,0.350483509799,1.07012698798
 10/12  09:00:00,0.921941612897,5.08882050227,0.0,4.09261153868,0.0,0.112683038985,0.112683038985,0.112683038985,0.130962143864,0.0285333144043,0.334361307064,0.29828980858,0.975663443535
 10/12  10:00:00,0.905957455459,4.81358159204,0.0,3.92809106469,0.0,0.108153249923,0.108153249923,0.108153249923,0.10367836041,0.0225888731445,0.34911988098,0.305305091002,0.864461810683
 10/12  11:00:00,0.87287629173,2.92306484774,0.0,2.13740294042,0.0,0.0588497238466,0.0588497238466,0.0588497238466,0.10367836041,0.0225888731445,0.365248706228,0.305398628101,0.764626748027
 10/12  12:00:00,0.832346614746,1.89304857989,0.0,1.18428137751,0.0,0.0326071564257,0.0326071564257,0.0326071564257,0.10367836041,0.0225888731445,0.356106137108,0.300254087658,0.688086387279
 10/12  13:00:00,0.795497784704,1.36222028325,0.0,0.697424860654,0.0,0.0192023973006,0.0192023973006,0.0192023973006,0.10367836041,0.0225888731445,0.322279448206,0.310636705643,0.6433994765
 10/12  14:00:00,0.782917354226,1.14250766841,0.0,0.521960873225,0.0,0.0143712973662,0.0143712973662,0.0143712973662,0.10367836041,0.0225888731445,0.297038680158,0.328128143148,0.597946078862
 10/12  15:00:00,0.811633293866,0.923216588956,0.0,0.294797979611,0.0,0.008116756725,0.008116756725,0.008116756725,0.109135133819,0.0237777468263,0.307123779051,0.346367877445,0.604561581822
 10/12  16:00:00,0.958849915538,0.986739928141,0.0,0.298271856762,0.0,0.00821240397389,0.00821240397389,0.00821240397389,0.136418833681,0.029722188086,0.357691996357,0.40969249344,0.660249389081
 10/12  17:00:00,1.25949635825,1.66948143556,0.0,0.856060048067,0.0,0.0235701450916,0.0235701450916,0.0235701450916,0.223726957455,0.0487444037597,0.448631948385,0.49771090356,0.779140198334
 10/12  18:00:00,1.50064908831,1.36865077836,0.0,0.442780803355,0.0,0.0121912099536,0.0121912099536,0.0121912099536,0.409256584636,0.0891665824708,0.402558890565,0.540363820686,0.888650950432
 10/12  19:00:00,1.69251268728,1.42099910727,0.0,0.475555203852,0.0,0.0130935968559,0.0130935968559,0.0130935968559,0.643897005317,0.140288751807,0.320359612211,0.557761721092,0.907026551244
 10/12  20:00:00,1.7590404749,1.60656669111,0.0,0.724412072347,0.0,0.0199454438855,0.0199454438855,0.0199454438855,0.709378119045,0.154555418115,0.281112667479,0.576936826379,0.842416529175
 10/12  21:00:00,1.60327493876,2.06161514158,0.0,1.25940255066,0.0,0.0346754890792,0.0346754890792,0.0346754890792,0.59478629541,0.129588761182,0.263644908961,0.563467484128,0.763402238824
 10/12  22:00:00,1.30655743386,2.3345101838,0.0,1.66369919916,0.0,0.0458071038375,0.0458071038375,0.0458071038375,0.44745391491,0.0974887893068,0.211086728929,0.487608896873,0.637225598611
 10/12  23:00:00,1.02014900005,2.69684454797,0.0,2.16675036263,0.0,0.0596577547801,0.0596577547801,0.0596577547801,0.311034997636,0.0677666012207,0.140854588134,0.423723058284,0.500909109805
 10/12  24:00:00,0.725787390896,3.07782503224,0.0,2.69797928076,0.0,0.0742842318659,0.0742842318659,0.0742842318659,0.158245843726,0.0344777374512,0.0911840680538,0.350483509799,0.355705248611
 10/13  01:00:00,0.617959485833,3.2747506209,0.0,2.96281248157,0.0,0.0815759598028,0.0815759598028,0.0815759598028,0.098221587,0.02139998125,0.0769469663719,0.322702991408,0.289711095056
 10/13  02:00:00,0.565866729919,3.40457530002,0.0,3.11151404726,0.0,0.085670202358,0.085670202358,0.085670202358,0.0654810552136,0.0142666535596,0.0643753113384,0.31896150745,0.271091913342
 10/13  03:00:00,0.558730327145,3.57613747235,0.0,3.27850082347,0.0,0.0902678968218,0.0902678968218,0.0902678968218,0.0654810552136,0.0142666535596,0.0571309948506,0.3144717267,0.275976555295
 10/13  04:00:00,0.559415187118,3.70570421008,0.0,3.35663440513,0.0,0.0924191709764,0.0924191709764,0.0924191709764,0.0654810552136,0.0142666535596,0.067543792236,0.302592515132,0.328227924301
 10/13  05:00:00,0.611941257205,3.86671478579,0.0,3.28513161417,0.0,0.0904504642705,0.0904504642705,0.0904504642705,0.0709378119045,0.0154555418115,0.0803165119766,0.337668927242,0.5583253079
 10/13  06:00:00,0.812385386556,4.34367857722,0.0,3.32896797531,0.0,0.0916574232855,0.0916574232855,0.0916574232855,0.1473323805,0.032099971875,0.134040371138,0.390143239758,0.98783842751
 10/13  07:00:00,1.1037485605,4.03683207582,0.0,2.90269020154,0.0,0.0799205959451,0.0799205959451,0.0799205959451,0.30012153441,0.0653888174317,0.211649190125,0.414556422586,1.10558817566
 10/13  08:00:00,1.04201200771,3.85141126832,0.0,2.75295127039,0.0,0.0757977913112,0.0757977913112,0.0757977913112,0.267380977545,0.0582555024903,0.272982226561,0.350483509799,1.07431949506
 10/13  09:00:00,0.880335168631,3.58159547964,0.0,2.58147893681,0.0,0.0710765947189,0.0710765947189,0.0710765947189,0.130962143864,0.0285333144043,0.334361307064,0.29828980858,0.979571022777
 10/13  10:00:00,0.877568037669,3.78565896501,0.0,2.89699659057,0.0,0.0797638321328,0.0797638321328,0.0797638321328,0.10367836041,0.0225888731445,0.34911988098,0.305305091002,0.867633657767
 10/13  11:00:00,0.87748969755,3.09357488799,0.0,2.30496034802,0.0,0.063463129667,0.063463129667,0.063463129667,0.10367836041,0.0225888731445,0.365248706228,0.305398628101,0.767579380681
 10/13  12:00:00,0.851606695266,2.59443037737,0.0,1.88380127405,0.0,0.0518672369461,0.0518672369461,0.0518672369461,0.10367836041,0.0225888731445,0.356106137108,0.300254087658,0.689948288213
 10/13  13:00:00,0.825025331085,2.43544633939,0.0,1.76985579718,0.0,0.048729943682,0.048729943682,0.048729943682,0.10367836041,0.0225888731445,0.322279448206,0.310636705643,0.644194596114
 10/13  14:00:00,0.80811636646,2.05826152097,0.0,1.43718084917,0.0,0.0395703095996,0.0395703095996,0.0395703095996,0.10367836041,0.0225888731445,0.297038680158,0.328128143148,0.598479955468
 10/13  15:00:00,0.83613033676,1.81312667985,0.0,1.18452265615,0.0,0.0326137996192,0.0326137996192,0.0326137996192,0.109135133819,0.0237777468263,0.307123779051,0.346367877445,0.604746996176
 10/13  16:00:00,0.978565145256,1.70292397377,0.0,1.01432262497,0.0,0.0279276336913,0.0279276336913,0.0279276336913,0.136418833681,0.029722188086,0.357691996357,0.40969249344,0.660382666506
 10/13  17:00:00,1.25662621665,1.56577106669,0.0,0.751817433251,0.0,0.0207000034918,0.0207000034918,0.0207000034918,0.223726957455,0.0487444037597,0.448631948385,0.49771090356,0.779672444284
 10/13  18:00:00,1.50381097232,1.48495279771,0.0,0.557619408272,0.0,0.0153530939664,0.0153530939664,0.0153530939664,0.409256584636,0.0891665824708,0.402558890565,0.540363820686,0.890114364867
 10/13  19:00:00,1.69112322975,1.37201770408,0.0,0.425090555464,0.0,0.0117041393206,0.0117041393206,0.0117041393206,0.643897005317,0.140288751807,0.320359612211,0.557761721092,0.908509796439
 10/13  20:00:00,1.74842247478,1.22188567843,0.0,0.338769741187,0.0,0.00932744375872,0.00932744375872,0.00932744375872,0.709378119045,0.154555418115,0.281112667479,0.576936826379,0.843377847653
 10/13  21:00:00,1.58303023836,1.32720806267,0.0,0.524121578605,0.0,0.0144307886827,0.0144307886827,0.0144307886827,0.59478629541,0.129588761182,0.263644908961,0.563467484128,0.764276131973
 10/13  22:00:00,1.28443665613,1.53217875279,0.0,0.860279705191,0.0,0.0236863261129,0.0236863261129,0.0236863261129,0.44745391491,0.0974887893068,0.211086728929,0.487608896873,0.638313661571
 10/13  23:00:00,0.99216214853,1.68132111902,0.0,1.15027696512,0.0,0.0316709032557,0.0316709032557,0.0316709032557,0.311034997636,0.0677666012207,0.140854588134,0.423723058284,0.501859078372
 10/13  24:00:00,0.6920780257,1.85414521693,0.0,1.47366603713,0.0,0.0405748666699,0.0405748666699,0.0405748666699,0.158245843726,0.0344777374512,0.0911840680538,0.350483509799,0.356338676935
 10/14  01:00:00,0.588503998338,2.06865226223,0.0,1.74964406241,0.0,0.0481734482326,0.0481734482326,0.0481734482326,0.098221587,0.02139998125,0.0808939904472,0.322702991408,0.296781155549
 10/14  02:00:00,0.533520523475,2.14090293576,0.0,1.84187095338,0.0,0.0507127574861,0.0507127574861,0.0507127574861,0.0654810552136,0.0142666535596,0.0669865497656,0.31896150745,0.277062642965
 10/14  03:00:00,0.525200219017,2.31487916529,0.0,2.01110710056,0.0,0.0553723845213,0.0553723845213,0.0553723845213,0.0654810552136,0.0142666535596,0.0584963990226,0.3144717267,0.282111971152
 10/14  04:00:00,0.526199017506,2.41428251484,0.0,2.05321835745,0.0,0.0565318457497,0.0565318457497,0.0565318457497,0.0654810552136,0.0142666535596,0.0702149478515,0.302592515132,0.340222276742
 10/14  05:00:00,0.580595854812,2.61265049536,0.0,1.9978861846,0.0,0.0550083692773,0.0550083692773,0.0550083692773,0.0709378119045,0.0154555418115,0.0844132045768,0.337668927242,0.591506447031
 10/14  06:00:00,0.780771546707,2.88457273696,0.0,1.79484836679,0.0,0.0494180712184,0.0494180712184,0.0494180712184,0.1473323805,0.032099971875,0.144665883356,0.390143239758,1.06285219577
 10/14  07:00:00,1.0967787722,3.1060282634,0.0,1.88097592224,0.0,0.0517894457301,0.0517894457301,0.0517894457301,0.30012153441,0.0653888174317,0.232810552045,0.414556422586,1.19649864254
 10/14  08:00:00,1.043258056,2.8131994672,0.0,1.62009506216,0.0,0.0446065387161,0.0446065387161,0.0446065387161,0.267380977545,0.0582555024903,0.305419527453,0.350483509799,1.16896390216
 10/14  09:00:00,0.89380829438,2.52246967367,0.0,1.43530502513,0.0,0.0395186620021,0.0395186620021,0.0395186620021,0.130962143864,0.0285333144043,0.379392365529,0.29828980858,1.06661912849
 10/14  10:00:00,0.892012886363,2.53592348606,0.0,1.57236784077,0.0,0.0432924515378,0.0432924515378,0.0432924515378,0.10367836041,0.0225888731445,0.40003611027,0.305305091002,0.942526928611
 10/14  11:00:00,0.89350072698,1.83104970726,0.0,0.980100986635,0.0,0.0269853995775,0.0269853995775,0.0269853995775,0.10367836041,0.0225888731445,0.417737465747,0.305398628101,0.829913561328
 10/14  12:00:00,0.86461666679,1.38476927044,0.0,0.619857111685,0.0,0.0170667023785,0.0170667023785,0.0170667023785,0.10367836041,0.0225888731445,0.403916643199,0.300254087658,0.744231343645
 10/14  13:00:00,0.827410935554,0.986418126556,0.0,0.273396933807,0.0,0.00752751563629,0.00752751563629,0.00752751563629,0.10367836041,0.0225888731445,0.365867480721,0.310636705643,0.691625246651
 10/14  14:00:00,0.807845973876,0.670424689388,0.0,0.00633214822597,0.0,0.00017434484037,0.00017434484037,0.00017434484037,0.10367836041,0.0225888731445,0.336164252333,0.328128143148,0.641491824838
 10/14  15:00:00,0.840575509996,0.671329022029,0.0,0.0,0.0,0.0,0.0,0.0,0.109135133819,0.0237777468263,0.344182751906,0.346367877445,0.647471994507
 10/14  16:00:00,0.986555430812,0.740951245135,0.0,0.0,0.0,0.0,0.0,0.0,0.136418833681,0.029722188086,0.393609915605,0.40969249344,0.712732562838
 10/14  17:00:00,1.27127814338,0.876636772243,0.0,0.0,0.0,0.0,0.0,0.0,0.223726957455,0.0487444037597,0.4839838786,0.49771090356,0.842355583086
 10/14  18:00:00,1.5227681939,1.00767980966,0.0,0.0,0.0,0.0,0.0,0.0,0.409256584636,0.0891665824708,0.436869206105,0.540363820686,0.970460785087
 10/14  19:00:00,1.71366384462,1.03623743835,0.0,0.0,0.0,0.0,0.0,0.0,0.643897005317,0.140288751807,0.354604366405,0.557761721092,0.997820086172
 10/14  20:00:00,1.77395040135,0.967927007025,0.0,0.0,0.0,0.0,0.0,0.0,0.709378119045,0.154555418115,0.315968037806,0.576936826379,0.928188917433
 10/14  21:00:00,1.60420630715,0.874053627557,0.0,0.0,0.0,0.0,0.0,0.0,0.59478629541,0.129588761182,0.299251766429,0.563467484128,0.835243275465
 10/14  22:00:00,1.28904354194,0.727523990505,0.0,0.0,0.0,0.0,0.0,0.0,0.44745391491,0.0974887893068,0.239379940853,0.487608896873,0.693938604473
 10/14  23:00:00,0.97602609061,0.565888474961,0.0,0.0,0.0,0.0,0.0,0.0,0.311034997636,0.0677666012207,0.156389433469,0.423723058284,0.536703399434
 10/14  24:00:00,0.66714386163,0.723723356494,0.0,0.329311217153,0.0,0.00906701952288,0.00906701952288,0.00906701952288,0.158245843726,0.0344777374512,0.0977577511306,0.350483509799,0.370271636472
 10/15  01:00:00,0.556943701632,0.923835426005,0.0,0.603384291393,0.0,0.0166131515263,0.0166131515263,0.0166131515263,0.098221587,0.02139998125,0.0808939904472,0.322702991408,0.298224090336
 10/15  02:00:00,0.506223675363,1.15063724052,0.0,0.850458256708,0.0,0.0234159093749,0.0234159093749,0.0234159093749,0.0654810552136,0.0142666535596,0.0669865497656,0.31896150745,0.278209644393
 10/15  03:00:00,0.499700562035,1.39001216955,0.0,1.08496780458,0.0,0.0298727275398,0.0298727275398,0.0298727275398,0.0654810552136,0.0142666535596,0.0584963990226,0.3144717267,0.283384271388
 10/15  04:00:00,0.500810655313,1.49317647066,0.0,1.13112125217,0.0,0.031143483556,0.031143483556,0.031143483556,0.0654810552136,0.0142666535596,0.0702149478515,0.302592515132,0.341213337842
 10/15  05:00:00,0.557773974421,1.78539631857,0.0,1.1690028685,0.0,0.0321864888862,0.0321864888862,0.0321864888862,0.0709378119045,0.0154555418115,0.0844132045768,0.337668927242,0.593135586347
 10/15  06:00:00,0.75754183945,2.04413404484,0.0,0.951152910816,0.0,0.0261883639622,0.0261883639622,0.0261883639622,0.1473323805,0.032099971875,0.144665883356,0.390143239758,1.06610895963
 10/15  07:00:00,1.06338293266,1.89659266168,0.0,0.668049828983,0.0,0.0183936061881,0.0183936061881,0.0183936061881,0.30012153441,0.0653888174317,0.232810552045,0.414556422586,1.19998913408
 10/15  08:00:00,1.01614544797,1.83199642137,0.0,0.635373905532,0.0,0.0174939306823,0.0174939306823,0.0174939306823,0.267380977545,0.0582555024903,0.305419527453,0.350483509799,1.17248201296
 10/15  09:00:00,0.869690102848,1.64982431174,0.0,0.559340107558,0.0,0.0154004704699,0.0154004704699,0.0154004704699,0.130962143864,0.0285333144043,0.379392365529,0.29828980858,1.06993868413
 10/15  10:00:00,0.861111483878,1.41638344826,0.0,0.450038894786,0.0,0.0123910490519,0.0123910490519,0.0123910490519,0.10367836041,0.0225888731445,0.40003611027,0.305305091002,0.945315836801
 10/15  11:00:00,0.868760680346,0.935071593365,0.0,0.0815504928724,0.0,0.00224535294415,0.00224535294415,0.00224535294415,0.10367836041,0.0225888731445,0.417737465747,0.305398628101,0.832485941199
 10/15  12:00:00,0.847549964411,0.767018941304,0.0,0.0,0.0,0.0,0.0,0.0,0.10367836041,0.0225888731445,0.403916643199,0.300254087658,0.746338126196
 10/15  13:00:00,0.819883419918,0.714573106704,0.0,0.0,0.0,0.0,0.0,0.0,0.10367836041,0.0225888731445,0.365867480721,0.310636705643,0.693177160605
 10/15  14:00:00,0.807671629035,0.665573240524,0.0,0.0,0.0,0.0,0.0,0.0,0.10367836041,0.0225888731445,0.336164252333,0.328128143148,0.6429725242
 10/15  15:00:00,0.840575509996,0.672678174557,0.0,0.0,0.0,0.0,0.0,0.0,0.109135133819,0.0237777468263,0.344182751906,0.346367877445,0.648821147035
 10/15  16:00:00,0.986555430812,0.742071106192,0.0,0.0,0.0,0.0,0.0,0.0,0.136418833681,0.029722188086,0.393609915605,0.40969249344,0.713852423894
 10/15  17:00:00,1.27127814338,0.877951114857,0.0,0.0,0.0,0.0,0.0,0.0,0.223726957455,0.0487444037597,0.4839838786,0.49771090356,0.8436699257
 10/15  18:00:00,1.5227681939,1.00931955227,0.0,0.0,0.0,0.0,0.0,0.0,0.409256584636,0.0891665824708,0.436869206105,0.540363820686,0.972100527699
 10/15  19:00:00,1.71366384462,1.03801547896,0.0,0.0,0.0,0.0,0.0,0.0,0.643897005317,0.140288751807,0.354604366405,0.557761721092,0.999598126777
 10/15  20:00:00,1.77395040135,0.969577635839,0.0,0.0,0.0,0.0,0.0,0.0,0.709378119045,0.154555418115,0.315968037806,0.576936826379,0.929839546247
 10/15  21:00:00,1.60420630715,0.875637523864,0.0,0.0,0.0,0.0,0.0,0.0,0.59478629541,0.129588761182,0.299251766429,0.563467484128,0.836827171772
 10/15  22:00:00,1.28904354194,0.728898563726,0.0,0.0,0.0,0.0,0.0,0.0,0.44745391491,0.0974887893068,0.239379940853,0.487608896873,0.695313177694
 10/15  23:00:00,0.97602609061,0.567057744464,0.0,0.0,0.0,0.0,0.0,0.0,0.311034997636,0.0677666012207,0.156389433469,0.423723058284,0.537872668937
 10/15  24:00:00,0.66913304421,0.797055969479,0.0,0.401557685227,0.0,0.0110562021027,0.0110562021027,0.0110562021027,0.158245843726,0.0344777374512,0.0977577511306,0.350483509799,0.371357781382
 10/16  01:00:00,0.562537814621,1.26432518167,0.0,0.949915304361,0.0,0.0261542885912,0.0261542885912,0.0261542885912,0.098221587,0.02139998125,0.0769469663719,0.322702991408,0.292182833036
 10/16  02:00:00,0.52225448345,1.82327453812,0.0,1.52753135798,0.0,0.0420579558886,0.0420579558886,0.0420579558886,0.0654810552136,0.0142666535596,0.0643753113384,0.31896150745,0.273773840724
 10/16  03:00:00,0.524387297035,2.33126615129,0.0,2.03117307506,0.0,0.0559248667116,0.0559248667116,0.0559248667116,0.0654810552136,0.0142666535596,0.0571309948506,0.3144717267,0.278432982654
 10/16  04:00:00,0.534175447453,2.79186214982,0.0,2.43993522204,0.0,0.0671794313116,0.0671794313116,0.0671794313116,0.0654810552136,0.0142666535596,0.067543792236,0.302592515132,0.331085047132
 10/16  05:00:00,0.594017421532,3.22040926258,0.0,2.63414369842,0.0,0.0725266285981,0.0725266285981,0.0725266285981,0.0709378119045,0.0154555418115,0.0803165119766,0.337668927242,0.563007700437
 10/16  06:00:00,0.801256790438,3.94799009083,0.0,2.92478096284,0.0,0.080528827167,0.080528827167,0.080528827167,0.1473323805,0.032099971875,0.134040371138,0.390143239758,0.996336953585
 10/16  07:00:00,1.09332493437,3.66732495521,0.0,2.52410747105,0.0,0.0694969698139,0.0694969698139,0.0694969698139,0.30012153441,0.0653888174317,0.211649190125,0.414556422586,1.11466378554
 10/16  08:00:00,1.0294195004,3.40289847067,0.0,2.29559547699,0.0,0.063205284006,0.063205284006,0.063205284006,0.267380977545,0.0582555024903,0.272982226561,0.350483509799,1.08316249081
 10/16  09:00:00,0.856872298904,2.73728540474,0.0,1.7293150953,0.0,0.0476137249921,0.0476137249921,0.0476137249921,0.130962143864,0.0285333144043,0.334361307064,0.29828980858,0.987424789381
 10/16  10:00:00,0.834209964872,2.21775049482,0.0,1.32224540689,0.0,0.036405759336,0.036405759336,0.036405759336,0.10367836041,0.0225888731445,0.34911988098,0.305305091002,0.874476371261
 10/16  11:00:00,0.823425340998,1.13629743039,0.0,0.341360400314,0.0,0.00939877311422,0.00939877311422,0.00939877311422,0.10367836041,0.0225888731445,0.365248706228,0.305398628101,0.773901870787
 10/16  12:00:00,0.801046602521,0.764383514584,0.0,0.0474750546947,0.0,0.00130714420082,0.00130714420082,0.00130714420082,0.10367836041,0.0225888731445,0.356106137108,0.300254087658,0.69622764478
 10/16  13:00:00,0.777807956267,0.726201689173,0.0,0.0549360120189,0.0,0.00151256886355,0.00151256886355,0.00151256886355,0.10367836041,0.0225888731445,0.322279448206,0.310636705643,0.649869731056
 10/16  14:00:00,0.770111012031,0.683617057089,0.0,0.0568386657778,0.0,0.00156495517133,0.00156495517133,0.00156495517133,0.10367836041,0.0225888731445,0.297038680158,0.328128143148,0.604177674987
 10/16  15:00:00,0.803516537141,0.634547222691,0.0,0.0,0.0,0.0,0.0,0.0,0.109135133819,0.0237777468263,0.307123779051,0.346367877445,0.610690195168
 10/16  16:00:00,0.950637511564,0.694817533775,0.0,0.0,0.0,0.0,0.0,0.0,0.136418833681,0.029722188086,0.357691996357,0.40969249344,0.666598851477
 10/16  17:00:00,1.25115889945,1.37441469685,0.0,0.553246240503,0.0,0.0152326862929,0.0152326862929,0.0152326862929,0.223726957455,0.0487444037597,0.448631948385,0.49771090356,0.786887267186
 10/16  18:00:00,1.50060975787,1.3764773223,0.0,0.441352334571,0.0,0.0121518795158,0.0121518795158,0.0121518795158,0.409256584636,0.0891665824708,0.402558890565,0.540363820686,0.897905963153
 10/16  19:00:00,1.69415664956,1.49000439283,0.0,0.535263382044,0.0,0.0147375591298,0.0147375591298,0.0147375591298,0.643897005317,0.140288751807,0.320359612211,0.557761721092,0.916323658606
 10/16  20:00:00,1.76236229288,1.73543944056,0.0,0.845059427009,0.0,0.0232672618593,0.0232672618593,0.0232672618593,0.709378119045,0.154555418115,0.281112667479,0.576936826379,0.850641923955
 10/16  21:00:00,1.60762661912,2.22680236062,0.0,1.4174541742,0.0,0.0390271694399,0.0390271694399,0.0390271694399,0.59478629541,0.129588761182,0.263644908961,0.563467484128,0.770537834325
 10/16  22:00:00,1.31583509563,2.67705512606,0.0,2.00066087462,0.0,0.0550847656078,0.0550847656078,0.0550847656078,0.44745391491,0.0974887893068,0.211086728929,0.487608896873,0.642808865407
 10/16  23:00:00,1.03412799944,3.20806743435,0.0,2.67446309997,0.0,0.0736367541633,0.0736367541633,0.0736367541633,0.311034997636,0.0677666012207,0.140854588134,0.423723058284,0.504419258848
 10/16  24:00:00,0.746005924977,3.81432411878,0.0,3.43230990071,0.0,0.0945027659469,0.0945027659469,0.0945027659469,0.158245843726,0.0344777374512,0.0911840680538,0.350483509799,0.357873715204
 10/17  01:00:00,0.645853740622,4.28844586978,0.0,3.9759227956,0.0,0.109470214592,0.109470214592,0.109470214592,0.098221587,0.02139998125,0.0769469663719,0.322702991408,0.290296029909
 10/17  02:00:00,0.602029429321,4.71887669543,0.0,4.42493159595,0.0,0.12183290176,0.12183290176,0.12183290176,0.0654810552136,0.0142666535596,0.0643753113384,0.31896150745,0.271975760068
 10/17  03:00:00,0.601183727739,5.11893030179,0.0,4.82039460528,0.0,0.132721297416,0.132721297416,0.132721297416,0.0654810552136,0.0142666535596,0.0571309948506,0.3144717267,0.276875602926
 10/17  04:00:00,0.610908869721,5.57730463799,0.0,5.22686830626,0.0,0.14391285358,0.14391285358,0.14391285358,0.0654810552136,0.0142666535596,0.067543792236,0.302592515132,0.329594451081
 10/17  05:00:00,0.667658264173,5.89439206335,0.0,5.30875529057,0.0,0.146167471239,0.146167471239,0.146167471239,0.0709378119045,0.0154555418115,0.0803165119766,0.337668927242,0.562378909053
 10/17  06:00:00,0.882058812032,6.883697044,0.0,5.85948425895,0.0,0.161330848761,0.161330848761,0.161330848761,0.1473323805,0.032099971875,0.134040371138,0.390143239758,0.997340610648
 10/17  07:00:00,1.18633862058,7.04768097831,0.0,5.90233447751,0.0,0.162510656032,0.162510656032,0.162510656032,0.30012153441,0.0653888174317,0.211649190125,0.414556422586,1.11679280218
 10/17  08:00:00,1.11354826538,6.45974382797,0.0,5.35112501699,0.0,0.147334048982,0.147334048982,0.147334048982,0.267380977545,0.0582555024903,0.272982226561,0.350483509799,1.08447830811
 10/17  09:00:00,0.946607429626,5.99757914497,0.0,4.98846602632,0.0,0.137348855714,0.137348855714,0.137348855714,0.130962143864,0.0285333144043,0.334361307064,0.29828980858,0.988567598601
 10/17  10:00:00,0.920374118771,5.34763884672,0.0,4.45169961439,0.0,0.122569913235,0.122569913235,0.122569913235,0.10367836041,0.0225888731445,0.34911988098,0.305305091002,0.874910515662
 10/17  11:00:00,0.885754545439,3.39987471344,0.0,2.60513695083,0.0,0.0717279775562,0.0717279775562,0.0717279775562,0.10367836041,0.0225888731445,0.365248706228,0.305398628101,0.773702603319
 10/17  12:00:00,0.841783326957,2.24369740487,0.0,1.52701971356,0.0,0.042043868637,0.042043868637,0.042043868637,0.10367836041,0.0225888731445,0.356106137108,0.300254087658,0.6959968762
 10/17  13:00:00,0.800956832533,1.56760385795,0.0,0.895695712568,0.0,0.0246614451297,0.0246614451297,0.0246614451297,0.10367836041,0.0225888731445,0.322279448206,0.310636705643,0.650512199288
 10/17  14:00:00,0.77985096699,1.03798053892,0.0,0.410590680355,0.0,0.0113049101299,0.0113049101299,0.0113049101299,0.10367836041,0.0225888731445,0.297038680158,0.328128143148,0.604789142239
 10/17  15:00:00,0.806149246167,0.730544705286,0.0,0.0956191405164,0.0,0.00263270902619,0.00263270902619,0.00263270902619,0.109135133819,0.0237777468263,0.307123779051,0.346367877445,0.611068537247
 10/17  16:00:00,0.952769660963,0.77330038356,0.0,0.0774389767109,0.0,0.0021321493988,0.0021321493988,0.0021321493988,0.136418833681,0.029722188086,0.357691996357,0.40969249344,0.667642724551
 10/17  17:00:00,1.25422819183,1.48760997008,0.0,0.664721947047,0.0,0.0183019786671,0.0183019786671,0.0183019786671,0.223726957455,0.0487444037597,0.448631948385,0.49771090356,0.788606833878
 10/17  18:00:00,1.50173481131,1.41942912687,0.0,0.482213911492,0.0,0.0132769329496,0.0132769329496,0.0132769329496,0.409256584636,0.0891665824708,0.402558890565,0.540363820686,0.8999961908
 10/17  19:00:00,1.69883474561,1.66215995972,0.0,0.705170317999,0.0,0.0194156551834,0.0194156551834,0.0194156551834,0.643897005317,0.140288751807,0.320359612211,0.557761721092,0.91857228954
 10/17  20:00:00,1.76784076548,1.9364807073,0.0,1.04403578045,0.0,0.028745734463,0.028745734463,0.028745734463,0.709378119045,0.154555418115,0.281112667479,0.576936826379,0.852706837255
 10/17  21:00:00,1.61038131641,2.32845432458,0.0,1.51750388901,0.0,0.0417818667297,0.0417818667297,0.0417818667297,0.59478629541,0.129588761182,0.263644908961,0.563467484128,0.772140083483
 10/17  22:00:00,1.32396558696,2.97372878046,0.0,2.29595769087,0.0,0.0632152569438,0.0632152569438,0.0632152569438,0.44745391491,0.0974887893068,0.211086728929,0.487608896873,0.644185703557
 10/17  23:00:00,1.03700581705,3.31357697908,0.0,2.77898450498,0.0,0.076514571773,0.076514571773,0.076514571773,0.311034997636,0.0677666012207,0.140854588134,0.423723058284,0.505407398566
 10/17  24:00:00,0.754445244106,4.12126030066,0.0,3.73882324251,0.0,0.102942085075,0.102942085075,0.102942085075,0.158245843726,0.0344777374512,0.0911840680538,0.350483509799,0.358296555282
 10/18  01:00:00,0.643920621221,4.21864051324,0.0,3.90571252405,0.0,0.107537095191,0.107537095191,0.107537095191,0.098221587,0.02139998125,0.0769469663719,0.322702991408,0.290700944923
 10/18  02:00:00,0.593065532249,4.39318573674,0.0,4.09936575286,0.0,0.112869004688,0.112869004688,0.112869004688,0.0654810552136,0.0142666535596,0.0643753113384,0.31896150745,0.271850644465
 10/18  03:00:00,0.593203794786,4.82916494768,0.0,4.53056602082,0.0,0.124741364463,0.124741364463,0.124741364463,0.0654810552136,0.0142666535596,0.0571309948506,0.3144717267,0.276938833281
 10/18  04:00:00,0.59564430753,5.02351134273,0.0,4.67246434343,0.0,0.128648291389,0.128648291389,0.128648291389,0.0654810552136,0.0142666535596,0.067543792236,0.302592515132,0.330205118647
 10/18  05:00:00,0.654090349529,5.40286552477,0.0,4.81597301801,0.0,0.132599556594,0.132599556594,0.132599556594,0.0709378119045,0.0154555418115,0.0803165119766,0.337668927242,0.563634643043
 10/18  06:00:00,0.856693703843,5.96497660279,0.0,4.93823173159,0.0,0.135965740572,0.135965740572,0.135965740572,0.1473323805,0.032099971875,0.134040371138,0.390143239758,0.999872696801
 10/18  07:00:00,1.15638121303,5.96226862922,0.0,4.81429112237,0.0,0.132553248483,0.132553248483,0.132553248483,0.30012153441,0.0653888174317,0.211649190125,0.414556422586,1.11942380823
 10/18  08:00:00,1.07616951305,5.10498886891,0.0,3.99354081928,0.0,0.109955296655,0.109955296655,0.109955296655,0.267380977545,0.0582555024903,0.272982226561,0.350483509799,1.08730754676
 10/18  09:00:00,0.899401717205,4.28573726354,0.0,3.27396981565,0.0,0.0901431432932,0.0901431432932,0.0901431432932,0.130962143864,0.0285333144043,0.334361307064,0.29828980858,0.991221927825
 10/18  10:00:00,0.894248876956,4.40167418573,0.0,3.50283927955,0.0,0.09644467142,0.09644467142,0.09644467142,0.10367836041,0.0225888731445,0.34911988098,0.305305091002,0.87780618951
 10/18  11:00:00,0.888379348672,3.49758570331,0.0,2.70046895547,0.0,0.0743527807885,0.0743527807885,0.0743527807885,0.10367836041,0.0225888731445,0.365248706228,0.305398628101,0.776081588551
 10/18  12:00:00,0.85769694059,2.82304703733,0.0,2.10499701485,0.0,0.0579574822693,0.0579574822693,0.0579574822693,0.10367836041,0.0225888731445,0.356106137108,0.300254087658,0.697369207379
 10/18  13:00:00,0.824608771868,2.42719222299,0.0,1.75472650113,0.0,0.0483133844654,0.0483133844654,0.0483133844654,0.10367836041,0.0225888731445,0.322279448206,0.310636705643,0.651069775759
 10/18  14:00:00,0.793755725604,1.54275367958,0.0,0.915607016949,0.0,0.0252096687436,0.0252096687436,0.0252096687436,0.10367836041,0.0225888731445,0.297038680158,0.328128143148,0.604545946304
 10/18  15:00:00,0.820973869364,1.26921389871,0.0,0.63404466135,0.0,0.0174573322237,0.0174573322237,0.0174573322237,0.109135133819,0.0237777468263,0.307123779051,0.346367877445,0.611312209833
 10/18  16:00:00,0.965597480157,1.23945324865,0.0,0.543341221821,0.0,0.0149599685927,0.0149599685927,0.0149599685927,0.136418833681,0.029722188086,0.357691996357,0.40969249344,0.667893344535
 10/18  17:00:00,1.25873845145,1.6521172051,0.0,0.82853311804,0.0,0.0228122382881,0.0228122382881,0.0228122382881,0.223726957455,0.0487444037597,0.448631948385,0.49771090356,0.789302897902
 10/18  18:00:00,1.49879194326,1.313520449,0.0,0.375329895705,0.0,0.0103340649046,0.0103340649046,0.0103340649046,0.409256584636,0.0891665824708,0.402558890565,0.540363820686,0.900971528717
 10/18  19:00:00,1.69017397971,1.34883013598,0.0,0.390614101121,0.0,0.010754889285,0.010754889285,0.010754889285,0.643897005317,0.140288751807,0.320359612211,0.557761721092,0.919798682679
 10/18  20:00:00,1.75081332972,1.31902702775,0.0,0.425604819547,0.0,0.0117182987,0.0117182987,0.0117182987,0.709378119045,0.154555418115,0.281112667479,0.576936826379,0.85368411861
 10/18  21:00:00,1.58545125854,1.42421228091,0.0,0.612052248404,0.0,0.0168518088551,0.0168518088551,0.0168518088551,0.59478629541,0.129588761182,0.263644908961,0.563467484128,0.773349680411
 10/18  22:00:00,1.28535594419,1.57235118486,0.0,0.893667950108,0.0,0.0246056141685,0.0246056141685,0.0246056141685,0.44745391491,0.0974887893068,0.211086728929,0.487608896873,0.645097848718
 10/18  23:00:00,0.995736852627,1.81572236227,0.0,1.28010906203,0.0,0.0352456073536,0.0352456073536,0.0352456073536,0.311034997636,0.0677666012207,0.140854588134,0.423723058284,0.506428224705
 10/18  24:00:00,0.694593638862,1.94826512172,0.0,1.56503229373,0.0,0.0430904798319,0.0430904798319,0.0430904798319,0.158245843726,0.0344777374512,0.0911840680538,0.350483509799,0.359092325123
 10/19  01:00:00,0.584419152508,2.05843602282,0.0,1.74463842083,0.0,0.0480356264775,0.0480356264775,0.0480356264775,0.098221587,0.02139998125,0.0769469663719,0.322702991408,0.291570557722
 10/19  02:00:00,0.532308920727,2.18739044432,0.0,1.89270526868,0.0,0.0521123931659,0.0521123931659,0.0521123931659,0.0654810552136,0.0142666535596,0.0643753113384,0.31896150745,0.272715836219
 10/19  03:00:00,0.521465103611,2.22447824299,0.0,1.92503995483,0.0,0.0530026732878,0.0530026732878,0.0530026732878,0.0654810552136,0.0142666535596,0.0571309948506,0.3144717267,0.277778194582
 10/19  04:00:00,0.520548090019,2.29701030945,0.0,1.9449940066,0.0,0.0535520738778,0.0535520738778,0.0535520738778,0.0654810552136,0.0142666535596,0.067543792236,0.302592515132,0.331174422202
 10/19  05:00:00,0.575887397452,2.56462796967,0.0,1.97566708635,0.0,0.0543966045176,0.0543966045176,0.0543966045176,0.0709378119045,0.0154555418115,0.0803165119766,0.337668927242,0.565703019604
 10/19  06:00:00,0.767048336917,2.7128643232,0.0,1.68234099264,0.0,0.0463203736461,0.0463203736461,0.0463203736461,0.1473323805,0.032099971875,0.134040371138,0.390143239758,1.00365115617
 10/19  07:00:00,1.07117503724,2.87195198959,0.0,1.71963036981,0.0,0.0473470726872,0.0473470726872,0.0473470726872,0.30012153441,0.0653888174317,0.211649190125,0.414556422586,1.12376792116
 10/19  08:00:00,1.0081179887,2.63811742088,0.0,1.52193145992,0.0,0.0419037723007,0.0419037723007,0.0419037723007,0.267380977545,0.0582555024903,0.272982226561,0.350483509799,1.09204545808
 10/19  09:00:00,0.850322250717,2.50749951843,0.0,1.49141946316,0.0,0.0410636768046,0.0410636768046,0.0410636768046,0.130962143864,0.0285333144043,0.334361307064,0.29828980858,0.995534535213
 10/19  10:00:00,0.847415357596,2.70437331304,0.0,1.80186100052,0.0,0.04961115206,0.04961115206,0.04961115206,0.10367836041,0.0225888731445,0.34911988098,0.305305091002,0.88148359585
 10/19  11:00:00,0.846186759494,1.96833161468,0.0,1.16804775995,0.0,0.0321601916106,0.0321601916106,0.0321601916106,0.10367836041,0.0225888731445,0.365248706228,0.305398628101,0.779248695438
 10/19  12:00:00,0.823806406793,1.59495938348,0.0,0.874103786232,0.0,0.024066948473,0.024066948473,0.024066948473,0.10367836041,0.0225888731445,0.356106137108,0.300254087658,0.700174782143
 10/19  13:00:00,0.792083941875,1.24843814135,0.0,0.573435193033,0.0,0.0157885544722,0.0157885544722,0.0157885544722,0.10367836041,0.0225888731445,0.322279448206,0.310636705643,0.653607002223
 10/19  14:00:00,0.778317098492,0.984451532093,0.0,0.354881072498,0.0,0.00977104163187,0.00977104163187,0.00977104163187,0.10367836041,0.0225888731445,0.297038680158,0.328128143148,0.606969743271
 10/19  15:00:00,0.812279688729,0.955411314122,0.0,0.318274832018,0.0,0.00876315158805,0.00876315158805,0.00876315158805,0.109135133819,0.0237777468263,0.307123779051,0.346367877445,0.613279454581
 10/19  16:00:00,0.956239173976,0.901911861208,0.0,0.203450567448,0.0,0.00560166241205,0.00560166241205,0.00560166241205,0.136418833681,0.029722188086,0.357691996357,0.40969249344,0.670242611462
 10/19  17:00:00,1.24829456597,1.2752039404,0.0,0.449214574668,0.0,0.0123683528113,0.0123683528113,0.0123683528113,0.223726957455,0.0487444037597,0.448631948385,0.49771090356,0.791708176571
 10/19  18:00:00,1.48978608522,0.989091055055,0.0,0.0482400437651,0.0,0.00132820686275,0.00132820686275,0.00132820686275,0.409256584636,0.0891665824708,0.402558890565,0.540363820686,0.903631986716
 10/19  19:00:00,1.67941909043,0.960754903325,0.0,0.0,0.0,0.0,0.0,0.0,0.643897005317,0.140288751807,0.320359612211,0.557761721092,0.922337551146
 10/19  20:00:00,1.74179667942,0.994379226862,0.0,0.0981229963947,0.0,0.00270164840313,0.00270164840313,0.00270164840313,0.709378119045,0.154555418115,0.281112667479,0.576936826379,0.856518140876
 10/19  21:00:00,1.57573377505,1.07356424312,0.0,0.259116390352,0.0,0.00713432536655,0.00713432536655,0.00713432536655,0.59478629541,0.129588761182,0.263644908961,0.563467484128,0.775637500674
 10/19  22:00:00,1.2773155374,1.28212443652,0.0,0.601642975442,0.0,0.0165652073783,0.0165652073783,0.0165652073783,0.44745391491,0.0974887893068,0.211086728929,0.487608896873,0.646896075049
 10/19  23:00:00,0.99048086401,1.6261755677,0.0,1.08921325502,0.0,0.0299896187357,0.0299896187357,0.0299896187357,0.311034997636,0.0677666012207,0.140854588134,0.423723058284,0.507777237161
 10/19  24:00:00,0.699476260507,2.12645249607,0.0,1.742367533,0.0,0.0479731014764,0.0479731014764,0.0479731014764,0.158245843726,0.0344777374512,0.0911840680538,0.350483509799,0.359944460197
 10/20  01:00:00,0.590753377547,2.28923287783,0.0,1.97469542602,0.0,0.054369851517,0.054369851517,0.054369851517,0.098221587,0.02139998125,0.0769469663719,0.322702991408,0.292310407531
 10/20  02:00:00,0.542406240467,2.55458995459,0.0,2.25943665655,0.0,0.0622097129055,0.0622097129055,0.0622097129055,0.0654810552136,0.0142666535596,0.0643753113384,0.31896150745,0.273183958631
 10/20  03:00:00,0.537200831306,2.79666468968,0.0,2.49655649639,0.0,0.0687384009827,0.0687384009827,0.0687384009827,0.0654810552136,0.0142666535596,0.0571309948506,0.3144717267,0.278448099705
 10/20  04:00:00,0.541580274492,3.06165714008,0.0,2.70887614567,0.0,0.0745842583506,0.0745842583506,0.0745842583506,0.0654810552136,0.0142666535596,0.067543792236,0.302592515132,0.331939113758
 10/20  05:00:00,0.599562489051,3.42581143303,0.0,2.83553875764,0.0,0.0780716961169,0.0780716961169,0.0780716961169,0.0709378119045,0.0154555418115,0.0803165119766,0.337668927242,0.567014811672
 10/20  06:00:00,0.805314644841,4.10523858356,0.0,3.07216092261,0.0,0.0845866815702,0.0845866815702,0.0845866815702,0.1473323805,0.032099971875,0.134040371138,0.390143239758,1.00620548655
 10/20  07:00:00,1.10767480908,4.200574577,0.0,3.0452902803,0.0,0.0838468445231,0.0838468445231,0.0838468445231,0.30012153441,0.0653888174317,0.211649190125,0.414556422586,1.12673059808
 10/20  08:00:00,1.04122722684,3.84314516405,0.0,2.72444828294,0.0,0.0750130104407,0.0750130104407,0.0750130104407,0.267380977545,0.0582555024903,0.272982226561,0.350483509799,1.09455637823
 10/20  09:00:00,0.880112190009,3.59166813197,0.0,2.57338042537,0.0,0.0708536160973,0.0708536160973,0.0708536160973,0.130962143864,0.0285333144043,0.334361307064,0.29828980858,0.997742186543
 10/20  10:00:00,0.880120097967,3.89404891571,0.0,2.98968659533,0.0,0.0823158924302,0.0823158924302,0.0823158924302,0.10367836041,0.0225888731445,0.34911988098,0.305305091002,0.883333603703
 10/20  11:00:00,0.874870707132,3.01160065589,0.0,2.2098394629,0.0,0.0608441392486,0.0608441392486,0.0608441392486,0.10367836041,0.0225888731445,0.365248706228,0.305398628101,0.780726033698
 10/20  12:00:00,0.850104728119,2.55139640127,0.0,1.82925031295,0.0,0.0503652697991,0.0503652697991,0.0503652697991,0.10367836041,0.0225888731445,0.356106137108,0.300254087658,0.701465273214
 10/20  13:00:00,0.823246989401,2.38120396709,0.0,1.70526700226,0.0,0.046951601998,0.046951601998,0.046951601998,0.10367836041,0.0225888731445,0.322279448206,0.310636705643,0.654541018728
 10/20  14:00:00,0.815333825987,2.32977822161,0.0,1.69931664536,0.0,0.0467877691268,0.0467877691268,0.0467877691268,0.10367836041,0.0225888731445,0.297038680158,0.328128143148,0.60786085993
 10/20  15:00:00,0.849455584934,2.30682583171,0.0,1.66849136095,0.0,0.0459390477928,0.0459390477928,0.0459390477928,0.109135133819,0.0237777468263,0.307123779051,0.346367877445,0.614477443242
 10/20  16:00:00,0.994519188992,2.29325726187,0.0,1.59376833454,0.0,0.0438816774272,0.0438816774272,0.0438816774272,0.136418833681,0.029722188086,0.357691996357,0.40969249344,0.671270245027
 10/20  17:00:00,1.29671667097,3.03512633476,0.0,2.20788977025,0.0,0.0607904578057,0.0607904578057,0.0607904578057,0.223726957455,0.0487444037597,0.448631948385,0.49771090356,0.792955375349
 10/20  18:00:00,1.53358567083,2.58114205203,0.0,1.63902683007,0.0,0.0451277924733,0.0451277924733,0.0451277924733,0.409256584636,0.0891665824708,0.402558890565,0.540363820686,0.90489619739
 10/20  19:00:00,1.72268252656,2.53329203771,0.0,1.5713140107,0.0,0.0432634361343,0.0432634361343,0.0432634361343,0.643897005317,0.140288751807,0.320359612211,0.557761721092,0.923560674832
 10/20  20:00:00,1.78612368597,2.60539937726,0.0,1.70806554049,0.0,0.0470286549479,0.0470286549479,0.0470286549479,0.709378119045,0.154555418115,0.281112667479,0.576936826379,0.857595747187
 10/20  21:00:00,1.62484476603,2.85829592091,0.0,2.04281170215,0.0,0.0562453163457,0.0562453163457,0.0562453163457,0.59478629541,0.129588761182,0.263644908961,0.563467484128,0.776673866671
 10/20  22:00:00,1.32646848033,3.067875909,0.0,2.38686196876,0.0,0.0657181503147,0.0657181503147,0.0657181503147,0.44745391491,0.0974887893068,0.211086728929,0.487608896873,0.647428554214
 10/20  23:00:00,1.04096573046,3.45965672937,0.0,2.92280727965,0.0,0.0804744851857,0.0804744851857,0.0804744851857,0.311034997636,0.0677666012207,0.140854588134,0.423723058284,0.507664374195
 10/20  24:00:00,0.745052256896,3.78108533993,0.0,3.39767298436,0.0,0.0935490978654,0.0935490978654,0.0935490978654,0.158245843726,0.0344777374512,0.0911840680538,0.350483509799,0.359271852693
 10/21  01:00:00,0.64248395445,4.03077715337,0.0,3.71017861338,0.0,0.102153404344,0.102153404344,0.102153404344,0.098221587,0.02139998125,0.0808939904472,0.322702991408,0.298371495718
 10/21  02:00:00,0.593490401648,4.31972989294,0.0,4.01995753674,0.0,0.11068263566,0.11068263566,0.11068263566,0.0654810552136,0.0142666535596,0.0669865497656,0.31896150745,0.277803016791
 10/21  03:00:00,0.586118370476,4.52854843497,0.0,4.22363466303,0.0,0.116290535981,0.116290535981,0.116290535981,0.0654810552136,0.0142666535596,0.0584963990226,0.3144717267,0.283253678363
 10/21  04:00:00,0.590918925683,4.76705425661,0.0,4.40382449455,0.0,0.121251753927,0.121251753927,0.121251753927,0.0654810552136,0.0142666535596,0.0702149478515,0.302592515132,0.342387881418
 10/21  05:00:00,0.645997954284,4.99589162865,0.0,4.37326928896,0.0,0.120410468749,0.120410468749,0.120410468749,0.0709378119045,0.0154555418115,0.0844132045768,0.337668927242,0.599364475967
 10/21  06:00:00,0.858891463252,5.74019676366,0.0,4.63213847478,0.0,0.127537987763,0.127537987763,0.127537987763,0.1473323805,0.032099971875,0.144665883356,0.390143239758,1.08118611448
 10/21  07:00:00,1.16884538756,5.7450500747,0.0,4.49841208845,0.0,0.123856061086,0.123856061086,0.123856061086,0.30012153441,0.0653888174317,0.232810552045,0.414556422586,1.21808428763
 10/21  08:00:00,1.1020487169,4.96902964696,0.0,3.75535285551,0.0,0.103397199617,0.103397199617,0.103397199617,0.267380977545,0.0582555024903,0.305419527453,0.350483509799,1.18953628858
 10/21  09:00:00,0.937780986657,4.1381626231,0.0,3.03237898958,0.0,0.0834913542788,0.0834913542788,0.0834913542788,0.130962143864,0.0285333144043,0.379392365529,0.29828980858,1.08523811347
 10/21  10:00:00,0.929462351214,3.91233628172,0.0,2.93252029445,0.0,0.0807419163881,0.0807419163881,0.0807419163881,0.10367836041,0.0225888731445,0.40003611027,0.305305091002,0.958787270603
 10/21  11:00:00,0.918920286991,2.76802855953,0.0,1.90333118657,0.0,0.052404959589,0.052404959589,0.052404959589,0.10367836041,0.0225888731445,0.417737465747,0.305398628101,0.843662213676
 10/21  12:00:00,0.890451901757,2.33511803586,0.0,1.55818449157,0.0,0.0429019373452,0.0429019373452,0.0429019373452,0.10367836041,0.0225888731445,0.403916643199,0.300254087658,0.756252729176
 10/21  13:00:00,0.847592448621,1.73016989948,0.0,1.00638296249,0.0,0.0277090287032,0.0277090287032,0.0277090287032,0.10367836041,0.0225888731445,0.365867480721,0.310636705643,0.702390990889
 10/21  14:00:00,0.82936316222,1.46179780616,0.0,0.78782947108,0.0,0.0216915331848,0.0216915331848,0.0216915331848,0.10367836041,0.0225888731445,0.336164252333,0.328128143148,0.651367618753
 10/21  15:00:00,0.854195877939,1.17603360943,0.0,0.49468735938,0.0,0.0136203679425,0.0136203679425,0.0136203679425,0.109135133819,0.0237777468263,0.344182751906,0.346367877445,0.657489222525
 10/21  16:00:00,1.00107249116,1.2797437465,0.0,0.527254937653,0.0,0.0145170603497,0.0145170603497,0.0145170603497,0.136418833681,0.029722188086,0.393609915605,0.40969249344,0.72427012655
 10/21  17:00:00,1.30276123867,2.03473055874,0.0,1.14345584066,0.0,0.0314830952933,0.0314830952933,0.0314830952933,0.223726957455,0.0487444037597,0.4839838786,0.49771090356,0.856993528923
 10/21  18:00:00,1.54236975506,1.73660566919,0.0,0.711922363162,0.0,0.0196015611657,0.0196015611657,0.0196015611657,0.409256584636,0.0891665824708,0.436869206105,0.540363820686,0.987464281454
 10/21  19:00:00,1.74115051307,2.05268714619,0.0,0.998306910054,0.0,0.0274866684517,0.0274866684517,0.0274866684517,0.643897005317,0.140288751807,0.354604366405,0.557761721092,1.01596288395
 10/21  20:00:00,1.81018683327,2.30106716863,0.0,1.31609549,0.0,0.0362364319228,0.0362364319228,0.0362364319228,0.709378119045,0.154555418115,0.315968037806,0.576936826379,0.945233589043
 10/21  21:00:00,1.65208301573,2.6276719834,0.0,1.73886657405,0.0,0.0478767085764,0.0478767085764,0.0478767085764,0.59478629541,0.129588761182,0.299251766429,0.563467484128,0.849995057265
 10/21  22:00:00,1.34997156414,2.95149673719,0.0,2.21288606462,0.0,0.0609280222012,0.0609280222012,0.0609280222012,0.44745391491,0.0974887893068,0.239379940853,0.487608896873,0.705025286545
 10/21  23:00:00,1.05541477018,3.45628115365,0.0,2.88337117098,0.0,0.0793886795751,0.0793886795751,0.0793886795751,0.311034997636,0.0677666012207,0.156389433469,0.423723058284,0.543724907141
 10/21  24:00:00,0.749700275155,3.72483634521,0.0,3.32773346088,0.0,0.091623433048,0.091623433048,0.091623433048,0.158245843726,0.0344777374512,0.0977577511306,0.350483509799,0.372962381457
 10/22  01:00:00,0.638085011994,3.8710452965,0.0,3.55041044582,0.0,0.0977544618881,0.0977544618881,0.0977544618881,0.098221587,0.02139998125,0.0808939904472,0.322702991408,0.298407806406
 10/22  02:00:00,0.586913286659,4.08086534316,0.0,3.78107884712,0.0,0.104105520671,0.104105520671,0.104105520671,0.0654810552136,0.0142666535596,0.0669865497656,0.31896150745,0.277817156622
 10/22  03:00:00,0.57748904482,4.21513667228,0.0,3.91022034557,0.0,0.107661210324,0.107661210324,0.107661210324,0.0654810552136,0.0142666535596,0.0584963990226,0.3144717267,0.283256233124
 10/22  04:00:00,0.578171423674,4.30451503593,0.0,3.94083934361,0.0,0.108504251917,0.108504251917,0.108504251917,0.0654810552136,0.0142666535596,0.0702149478515,0.302592515132,0.342833811673
 10/22  05:00:00,0.62988950415,4.41186865993,0.0,3.78821558892,0.0,0.104302018615,0.104302018615,0.104302018615,0.0709378119045,0.0154555418115,0.0844132045768,0.337668927242,0.600395207286
 10/22  06:00:00,0.832088648566,4.76950281734,0.0,3.65866891237,0.0,0.100735173077,0.100735173077,0.100735173077,0.1473323805,0.032099971875,0.144665883356,0.390143239758,1.08396173058
 10/22  07:00:00,1.14449197709,4.86414563469,0.0,3.61390409519,0.0,0.099502650618,0.099502650618,0.099502650618,0.30012153441,0.0653888174317,0.232810552045,0.414556422586,1.22168784088
 10/22  08:00:00,1.0933242118,4.65632628374,0.0,3.43848165116,0.0,0.0946726945098,0.0946726945098,0.0946726945098,0.267380977545,0.0582555024903,0.305419527453,0.350483509799,1.19370412971
 10/22  09:00:00,0.934564277377,4.02458368328,0.0,2.91554914868,0.0,0.0802746449987,0.0802746449987,0.0802746449987,0.130962143864,0.0285333144043,0.379392365529,0.29828980858,1.08848901454
 10/22  10:00:00,0.927663099369,3.84939719629,0.0,2.86717204925,0.0,0.0789426645433,0.0789426645433,0.0789426645433,0.10367836041,0.0225888731445,0.40003611027,0.305305091002,0.961196430369
 10/22  11:00:00,0.912905749025,2.55150251789,0.0,1.68488511249,0.0,0.0463904216227,0.0463904216227,0.0463904216227,0.10367836041,0.0225888731445,0.417737465747,0.305398628101,0.845582246102
 10/22  12:00:00,0.869057964559,1.55976777223,0.0,0.781163610514,0.0,0.0215080001475,0.0215080001475,0.0215080001475,0.10367836041,0.0225888731445,0.403916643199,0.300254087658,0.75792334661
 10/22  13:00:00,0.826986755609,0.983688435938,0.0,0.257990855368,0.0,0.00710333569129,0.00710333569129,0.00710333569129,0.10367836041,0.0225888731445,0.365867480721,0.310636705643,0.704301634472
 10/22  14:00:00,0.807671629035,0.675828634058,0.0,0.0,0.0,0.0,0.0,0.0,0.10367836041,0.0225888731445,0.336164252333,0.328128143148,0.653227917734
 10/22  15:00:00,0.840575509996,0.683092902435,0.0,0.0,0.0,0.0,0.0,0.0,0.109135133819,0.0237777468263,0.344182751906,0.346367877445,0.659235874913
 10/22  16:00:00,0.986555430812,0.75407922624,0.0,0.0,0.0,0.0,0.0,0.0,0.136418833681,0.029722188086,0.393609915605,0.40969249344,0.725860543943
 10/22  17:00:00,1.27127814338,0.892946064515,0.0,0.0,0.0,0.0,0.0,0.0,0.223726957455,0.0487444037597,0.4839838786,0.49771090356,0.858664875358
 10/22  18:00:00,1.5227681939,1.02751368785,0.0,0.0,0.0,0.0,0.0,0.0,0.409256584636,0.0891665824708,0.436869206105,0.540363820686,0.990294663274
 10/22  19:00:00,1.71366384462,1.05704346252,0.0,0.0,0.0,0.0,0.0,0.0,0.643897005317,0.140288751807,0.354604366405,0.557761721092,1.01862611035
 10/22  20:00:00,1.77395040135,0.987282325094,0.0,0.0,0.0,0.0,0.0,0.0,0.709378119045,0.154555418115,0.315968037806,0.576936826379,0.947544235502
 10/22  21:00:00,1.60520410844,0.927522060217,0.0,0.0362398201237,0.0,0.000997801287818,0.000997801287818,0.000997801287818,0.59478629541,0.129588761182,0.299251766429,0.563467484128,0.852471888001
 10/22  22:00:00,1.30592400712,1.35419365468,0.0,0.613093036611,0.0,0.0168804651732,0.0168804651732,0.0168804651732,0.44745391491,0.0974887893068,0.239379940853,0.487608896873,0.707515232042
 10/22  23:00:00,1.01094213171,1.84313590187,0.0,1.26813932233,0.0,0.0349160411016,0.0349160411016,0.0349160411016,0.311034997636,0.0677666012207,0.156389433469,0.423723058284,0.54581150401
 10/22  24:00:00,0.712096466852,2.36076039604,0.0,1.96197530292,0.0,0.0540196247453,0.0540196247453,0.0540196247453,0.158245843726,0.0344777374512,0.0977577511306,0.350483509799,0.374644590249
 10/23  01:00:00,0.607792641813,2.90865621748,0.0,2.59355599432,0.0,0.0714091157826,0.0714091157826,0.0714091157826,0.098221587,0.02139998125,0.0769469663719,0.322702991408,0.292873178884
 10/23  02:00:00,0.560979881435,3.23016882979,0.0,2.93402529052,0.0,0.0807833538736,0.0807833538736,0.0807833538736,0.0654810552136,0.0142666535596,0.0643753113384,0.31896150745,0.27417419985
 10/23  03:00:00,0.554337027335,3.4192412849,0.0,3.11893759499,0.0,0.0858745970117,0.0858745970117,0.0858745970117,0.0654810552136,0.0142666535596,0.0571309948506,0.3144717267,0.278643596328
 10/23  04:00:00,0.556161843268,3.59184962999,0.0,3.23847400853,0.0,0.0891658271271,0.0891658271271,0.0891658271271,0.0654810552136,0.0142666535596,0.067543792236,0.302592515132,0.332533740818
 10/23  05:00:00,0.610403526489,3.82240375747,0.0,3.22928173183,0.0,0.088912733555,0.088912733555,0.088912733555,0.0709378119045,0.0154555418115,0.0803165119766,0.337668927242,0.569864161922
 10/23  06:00:00,0.804964747017,4.09965332682,0.0,3.05945274681,0.0,0.0842367837466,0.0842367837466,0.0842367837466,0.1473323805,0.032099971875,0.134040371138,0.390143239758,1.01332840561
 10/23  07:00:00,1.11732827706,4.55974461174,0.0,3.39590111601,0.0,0.0935003125094,0.0935003125094,0.0935003125094,0.30012153441,0.0653888174317,0.211649190125,0.414556422586,1.13528979711
 10/23  08:00:00,1.04642372493,4.04035273096,0.0,2.91318341326,0.0,0.0802095085318,0.0802095085318,0.0802095085318,0.267380977545,0.0582555024903,0.272982226561,0.350483509799,1.10302881483
 10/23  09:00:00,0.88268327678,3.69250666568,0.0,2.6667614655,0.0,0.073424702868,0.073424702868,0.073424702868,0.130962143864,0.0285333144043,0.334361307064,0.29828980858,1.00519968013
 10/23  10:00:00,0.875449814136,3.73069671125,0.0,2.82006339679,0.0,0.0776456085994,0.0776456085994,0.0776456085994,0.10367836041,0.0225888731445,0.34911988098,0.305305091002,0.889604597795
 10/23  11:00:00,0.868304646248,2.77843322361,0.0,1.97136225481,0.0,0.0542780783648,0.0542780783648,0.0542780783648,0.10367836041,0.0225888731445,0.365248706228,0.305398628101,0.786035809507
 10/23  12:00:00,0.839620351937,2.17512988909,0.0,1.44846116025,0.0,0.0398808936169,0.0398808936169,0.0398808936169,0.10367836041,0.0225888731445,0.356106137108,0.300254087658,0.705987913727
 10/23  13:00:00,0.798179140235,1.47487094737,0.0,0.794810826511,0.0,0.021883752832,0.021883752832,0.021883752832,0.10367836041,0.0225888731445,0.322279448206,0.310636705643,0.658664174763
 10/23  14:00:00,0.769139707688,0.655669739548,0.0,0.0215612061144,0.0,0.000593650828132,0.000593650828132,0.000593650828132,0.10367836041,0.0225888731445,0.297038680158,0.328128143148,0.611507817109
 10/23  15:00:00,0.803516537141,0.64210199901,0.0,0.0,0.0,0.0,0.0,0.0,0.109135133819,0.0237777468263,0.307123779051,0.346367877445,0.618244971487
 10/23  16:00:00,0.950637511564,0.704543402433,0.0,0.0,0.0,0.0,0.0,0.0,0.136418833681,0.029722188086,0.357691996357,0.40969249344,0.676324720135
 10/23  17:00:00,1.23592621316,0.833410653102,0.0,0.0,0.0,0.0,0.0,0.0,0.223726957455,0.0487444037597,0.448631948385,0.49771090356,0.799129463945
 10/23  18:00:00,1.48845787836,0.949983539345,0.0,0.0,0.0,0.0,0.0,0.0,0.409256584636,0.0891665824708,0.402558890565,0.540363820686,0.912764514771
 10/23  19:00:00,1.67941909043,0.970042001682,0.0,0.0,0.0,0.0,0.0,0.0,0.643897005317,0.140288751807,0.320359612211,0.557761721092,0.931624649503
 10/23  20:00:00,1.73909503102,0.904396049819,0.0,0.0,0.0,0.0,0.0,0.0,0.709378119045,0.154555418115,0.281112667479,0.576936826379,0.864657960227
 10/23  21:00:00,1.57312365688,0.986362811201,0.0,0.164317742406,0.0,0.00452420719596,0.00452420719596,0.00452420719596,0.59478629541,0.129588761182,0.263644908961,0.563467484128,0.783234716703
 10/23  22:00:00,1.27973185607,1.3758127334,0.0,0.689402888364,0.0,0.018981526053,0.018981526053,0.018981526053,0.44745391491,0.0974887893068,0.211086728929,0.487608896873,0.652824459001
 10/23  23:00:00,0.993609074714,1.74368549129,0.0,1.20282885627,0.0,0.0331178294405,0.0331178294405,0.0331178294405,0.311034997636,0.0677666012207,0.140854588134,0.423723058284,0.511671559488
 10/23  24:00:00,0.697372086356,2.05183535231,0.0,1.66594460825,0.0,0.0458689273255,0.0458689273255,0.0458689273255,0.158245843726,0.0344777374512,0.0911840680538,0.350483509799,0.361750241193
 10/24  01:00:00,0.594843205524,2.43825204951,0.0,2.12323665564,0.0,0.0584596794937,0.0584596794937,0.0584596794937,0.098221587,0.02139998125,0.0769469663719,0.322702991408,0.29278834959
 10/24  02:00:00,0.547379729654,2.73619293741,0.0,2.44007217559,0.0,0.0671832020925,0.0671832020925,0.0671832020925,0.0654810552136,0.0142666535596,0.0643753113384,0.31896150745,0.274151422411
 10/24  03:00:00,0.538497272995,2.84432217847,0.0,2.54364283932,0.0,0.0700348426717,0.0700348426717,0.0700348426717,0.0654810552136,0.0142666535596,0.0571309948506,0.3144717267,0.279019245569
 10/24  04:00:00,0.53633734104,2.87217525369,0.0,2.51845449805,0.0,0.0693413248986,0.0693413248986,0.0693413248986,0.0654810552136,0.0142666535596,0.067543792236,0.302592515132,0.332878874985
 10/24  05:00:00,0.586157509454,2.94296303293,0.0,2.34867423332,0.0,0.0646667165199,0.0646667165199,0.0646667165199,0.0709378119045,0.0154555418115,0.0803165119766,0.337668927242,0.571030935884
 10/24  06:00:00,0.784715150372,3.36684479345,0.0,2.32399394457,0.0,0.0639871871011,0.0639871871011,0.0639871871011,0.1473323805,0.032099971875,0.134040371138,0.390143239758,1.01597867449
 10/24  07:00:00,1.07305620253,2.95481493213,0.0,1.78795368472,0.0,0.0492282379736,0.0492282379736,0.0492282379736,0.30012153441,0.0653888174317,0.211649190125,0.414556422586,1.13830754879
 10/24  08:00:00,1.01370537079,2.85528396923,0.0,1.72486337081,0.0,0.047491154394,0.047491154394,0.047491154394,0.267380977545,0.0582555024903,0.272982226561,0.350483509799,1.10628009555
 10/24  09:00:00,0.852807169625,2.61074536474,0.0,1.58167091439,0.0,0.0435485957131,0.0435485957131,0.0435485957131,0.130962143864,0.0285333144043,0.334361307064,0.29828980858,1.00852893029
 10/24  10:00:00,0.843916313015,2.58840119829,0.0,1.67477683276,0.0,0.0461121074783,0.0461121074783,0.0461121074783,0.10367836041,0.0225888731445,0.34911988098,0.305305091002,0.892595648854
 10/24  11:00:00,0.850712755393,2.14249086234,0.0,1.33243046746,0.0,0.0366861875093,0.0366861875093,0.0366861875093,0.10367836041,0.0225888731445,0.365248706228,0.305398628101,0.789025235586
 10/24  12:00:00,0.831703643405,1.8898192473,0.0,1.16092886633,0.0,0.0319641850852,0.0319641850852,0.0319641850852,0.10367836041,0.0225888731445,0.356106137108,0.300254087658,0.708209565858
 10/24  13:00:00,0.803857042669,1.68317926684,0.0,1.0010304069,0.0,0.0275616552658,0.0275616552658,0.0275616552658,0.10367836041,0.0225888731445,0.322279448206,0.310636705643,0.660752913844
 10/24  14:00:00,0.794514379227,1.5794219848,0.0,0.943161071247,0.0,0.0259683223674,0.0259683223674,0.0259683223674,0.10367836041,0.0225888731445,0.297038680158,0.328128143148,0.61366019723
 10/24  15:00:00,0.827717229103,1.52274908396,0.0,0.878961306508,0.0,0.0242006919621,0.0242006919621,0.0242006919621,0.109135133819,0.0237777468263,0.307123779051,0.346367877445,0.619930749931
 10/24  16:00:00,0.969448826497,1.38895571538,0.0,0.68322087552,0.0,0.0188113149329,0.0188113149329,0.0188113149329,0.136418833681,0.029722188086,0.357691996357,0.40969249344,0.677516157564
 10/24  17:00:00,1.24777325703,1.26502246353,0.0,0.430280802421,0.0,0.0118470438681,0.0118470438681,0.0118470438681,0.223726957455,0.0487444037597,0.448631948385,0.49771090356,0.800460471955
 10/24  18:00:00,1.49549247829,1.20716419978,0.0,0.255494394942,0.0,0.00703459993545,0.00703459993545,0.00703459993545,0.409256584636,0.0891665824708,0.402558890565,0.540363820686,0.91445078026
 10/24  19:00:00,1.68042935683,1.00830727766,0.0,0.0366925491947,0.0,0.00101026640626,0.00101026640626,0.00101026640626,0.643897005317,0.140288751807,0.320359612211,0.557761721092,0.933197376285
 10/24  20:00:00,1.73987531692,0.93423180313,0.0,0.0283397316793,0.0,0.000780285902896,0.000780285902896,0.000780285902896,0.709378119045,0.154555418115,0.281112667479,0.576936826379,0.866153981859
 10/24  21:00:00,1.57150524566,0.92860478929,0.0,0.105537570198,0.0,0.00290579597518,0.00290579597518,0.00290579597518,0.59478629541,0.129588761182,0.263644908961,0.563467484128,0.784256867001
 10/24  22:00:00,1.26886753864,0.981972181838,0.0,0.294814392535,0.0,0.00811720862669,0.00811720862669,0.00811720862669,0.44745391491,0.0974887893068,0.211086728929,0.487608896873,0.653572403272
 10/24  23:00:00,0.975689359473,1.09334800157,0.0,0.551990593233,0.0,0.015198114199,0.015198114199,0.015198114199,0.311034997636,0.0677666012207,0.140854588134,0.423723058284,0.512172332812
 10/24  24:00:00,0.677129968432,1.3167548701,0.0,0.930757430754,0.0,0.0256268094014,0.0256268094014,0.0256268094014,0.158245843726,0.0344777374512,0.0911840680538,0.350483509799,0.361856936475
 10/25  01:00:00,0.566308920059,1.40263209456,0.0,1.08688063443,0.0,0.0299253940288,0.0299253940288,0.0299253940288,0.098221587,0.02139998125,0.0769469663719,0.322702991408,0.293524415861
 10/25  02:00:00,0.511579153048,1.43621748876,0.0,1.13980680975,0.0,0.0313826254862,0.0313826254862,0.0313826254862,0.0654810552136,0.0142666535596,0.0643753113384,0.31896150745,0.274441339593
 10/25  03:00:00,0.503842193401,1.58606155993,0.0,1.28498155453,0.0,0.0353797630769,0.0353797630769,0.0353797630769,0.0654810552136,0.0142666535596,0.0571309948506,0.3144717267,0.279419911819
 10/25  04:00:00,0.504019863622,1.69956086289,0.0,1.34469416845,0.0,0.0370238474809,0.0370238474809,0.0370238474809,0.0654810552136,0.0142666535596,0.067543792236,0.302592515132,0.334024813795
 10/25  05:00:00,0.562074521585,2.07040998973,0.0,1.47398790139,0.0,0.0405837286503,0.0405837286503,0.0405837286503,0.0709378119045,0.0154555418115,0.0803165119766,0.337668927242,0.573164224613
 10/25  06:00:00,0.765137328853,2.65947539464,0.0,1.6129337977,0.0,0.0444093655823,0.0444093655823,0.0444093655823,0.1473323805,0.032099971875,0.134040371138,0.390143239758,1.01966942254
 10/25  07:00:00,1.06325289539,2.60297260776,0.0,1.43190073958,0.0,0.0394249308384,0.0394249308384,0.0394249308384,0.30012153441,0.0653888174317,0.211649190125,0.414556422586,1.14251816957
 10/25  08:00:00,1.00134911132,2.41039567111,0.0,1.27608802234,0.0,0.0351348949225,0.0351348949225,0.0351348949225,0.267380977545,0.0582555024903,0.272982226561,0.350483509799,1.1101671459
 10/25  09:00:00,0.835464946698,1.98421538438,0.0,0.951806985484,0.0,0.0262063727863,0.0262063727863,0.0262063727863,0.130962143864,0.0285333144043,0.334361307064,0.29828980858,1.01186287884
 10/25  10:00:00,0.820535353257,1.74236089834,0.0,0.82558793486,0.0,0.0227311477208,0.0227311477208,0.0227311477208,0.10367836041,0.0225888731445,0.34911988098,0.305305091002,0.895744246806
 10/25  11:00:00,0.815799610335,0.877393004471,0.0,0.0643963285234,0.0,0.00177304245198,0.00177304245198,0.00177304245198,0.10367836041,0.0225888731445,0.365248706228,0.305398628101,0.791961516655
 10/25  12:00:00,0.79973945832,0.732253665336,0.0,0.0,0.0,0.0,0.0,0.0,0.10367836041,0.0225888731445,0.356106137108,0.300254087658,0.711572850227
 10/25  13:00:00,0.776295387403,0.685416667305,0.0,0.0,0.0,0.0,0.0,0.0,0.10367836041,0.0225888731445,0.322279448206,0.310636705643,0.664020721207
 10/25  14:00:00,0.76854605686,0.638730760254,0.0,0.0,0.0,0.0,0.0,0.0,0.10367836041,0.0225888731445,0.297038680158,0.328128143148,0.61613004393
 10/25  15:00:00,0.803516537141,0.64610062175,0.0,0.0,0.0,0.0,0.0,0.0,0.109135133819,0.0237777468263,0.307123779051,0.346367877445,0.622243594228
 10/25  16:00:00,0.950637511564,0.708011077414,0.0,0.0,0.0,0.0,0.0,0.0,0.136418833681,0.029722188086,0.357691996357,0.40969249344,0.679792395116
 10/25  17:00:00,1.23872969321,0.939574857654,0.0,0.101821488999,0.0,0.00280348005326,0.00280348005326,0.00280348005326,0.223726957455,0.0487444037597,0.448631948385,0.49771090356,0.803472179498
 10/25  18:00:00,1.48845787836,0.954970440704,0.0,0.0,0.0,0.0,0.0,0.0,0.409256584636,0.0891665824708,0.402558890565,0.540363820686,0.91775141613
 10/25  19:00:00,1.67941909043,0.975185324516,0.0,0.0,0.0,0.0,0.0,0.0,0.643897005317,0.140288751807,0.320359612211,0.557761721092,0.936767972337
 10/25  20:00:00,1.75022158303,1.31351693309,0.0,0.404112771358,0.0,0.0111265520168,0.0111265520168,0.0111265520168,0.709378119045,0.154555418115,0.281112667479,0.576936826379,0.869666072138
 10/25  21:00:00,1.59570651534,1.81061939366,0.0,0.984519859258,0.0,0.0271070656558,0.0271070656558,0.0271070656558,0.59478629541,0.129588761182,0.263644908961,0.563467484128,0.787289182308
 10/25  22:00:00,1.3049534017,2.29471052589,0.0,1.60544126994,0.0,0.0442030716817,0.0442030716817,0.0442030716817,0.44745391491,0.0974887893068,0.211086728929,0.487608896873,0.655683869916
 10/25  23:00:00,1.02380855402,2.84219392541,0.0,2.29966417948,0.0,0.0633173087503,0.0633173087503,0.0633173087503,0.311034997636,0.0677666012207,0.140854588134,0.423723058284,0.513344670408
 10/25  24:00:00,0.726954189093,3.12689249471,0.0,2.74035701399,0.0,0.0754510300632,0.0754510300632,0.0754510300632,0.158245843726,0.0344777374512,0.0911840680538,0.350483509799,0.362394977846
 10/26  01:00:00,0.622043757919,3.42576517372,0.0,3.11115192303,0.0,0.0856602318885,0.0856602318885,0.0856602318885,0.098221587,0.02139998125,0.0769469663719,0.322702991408,0.29238620641
 10/26  02:00:00,0.578189423479,3.85473233337,0.0,3.55907029266,0.0,0.0979928959174,0.0979928959174,0.0979928959174,0.0654810552136,0.0142666535596,0.0643753113384,0.31896150745,0.273692701298
 10/26  03:00:00,0.571726678375,4.05111335455,0.0,3.75052409764,0.0,0.103264248052,0.103264248052,0.103264248052,0.0654810552136,0.0142666535596,0.0571309948506,0.3144717267,0.278929163329
 10/26  04:00:00,0.579829344478,4.45212187534,0.0,4.09806999931,0.0,0.112833328337,0.112833328337,0.112833328337,0.0654810552136,0.0142666535596,0.067543792236,0.302592515132,0.333209995385
 10/26  05:00:00,0.637976665215,4.82705757879,0.0,4.23072921426,0.0,0.11648587228,0.11648587228,0.11648587228,0.0709378119045,0.0154555418115,0.0803165119766,0.337668927242,0.573070500803
 10/26  06:00:00,0.849774009612,5.73466799143,0.0,4.68691067469,0.0,0.129046046341,0.129046046341,0.129046046341,0.1473323805,0.032099971875,0.134040371138,0.390143239758,1.02088514234
 10/26  07:00:00,1.15269953722,5.85324818106,0.0,4.68057384743,0.0,0.128871572672,0.128871572672,0.128871572672,0.30012153441,0.0653888174317,0.211649190125,0.414556422586,1.14412063501
 10/26  08:00:00,1.07493049263,5.08369430214,0.0,3.94853999816,0.0,0.108716276232,0.108716276232,0.108716276232,0.267380977545,0.0582555024903,0.272982226561,0.350483509799,1.11101380111
 10/26  09:00:00,0.890580336921,3.98657217067,0.0,2.9535801362,0.0,0.0813217630085,0.0813217630085,0.0813217630085,0.130962143864,0.0285333144043,0.334361307064,0.29828980858,1.01244651441
 10/26  10:00:00,0.873955798979,3.68318629415,0.0,2.76580124938,0.0,0.0761515934422,0.0761515934422,0.0761515934422,0.10367836041,0.0225888731445,0.34911988098,0.305305091002,0.896356328093
 10/26  11:00:00,0.849935844229,2.11726928428,0.0,1.30421330524,0.0,0.0359092763461,0.0359092763461,0.0359092763461,0.10367836041,0.0225888731445,0.365248706228,0.305398628101,0.792020819753
 10/26  12:00:00,0.814561055902,1.27065054572,0.0,0.538315631428,0.0,0.0148215975813,0.0148215975813,0.0148215975813,0.10367836041,0.0225888731445,0.356106137108,0.300254087658,0.711654099187
 10/26  13:00:00,0.776295387403,0.685889776224,0.0,0.0,0.0,0.0,0.0,0.0,0.10367836041,0.0225888731445,0.322279448206,0.310636705643,0.664493830126
 10/26  14:00:00,0.76854605686,0.63955895181,0.0,0.0,0.0,0.0,0.0,0.0,0.10367836041,0.0225888731445,0.297038680158,0.328128143148,0.616958235485
 10/26  15:00:00,0.803516537141,0.647101749901,0.0,0.0,0.0,0.0,0.0,0.0,0.109135133819,0.0237777468263,0.307123779051,0.346367877445,0.623244722378
 10/26  16:00:00,0.950637511564,0.709424805225,0.0,0.0,0.0,0.0,0.0,0.0,0.136418833681,0.029722188086,0.357691996357,0.40969249344,0.681206122927
 10/26  17:00:00,1.23592621316,0.839441876964,0.0,0.0,0.0,0.0,0.0,0.0,0.223726957455,0.0487444037597,0.448631948385,0.49771090356,0.805160687807
 10/26  18:00:00,1.48845787836,0.9571762378,0.0,0.0,0.0,0.0,0.0,0.0,0.409256584636,0.0891665824708,0.402558890565,0.540363820686,0.919957213226
 10/26  19:00:00,1.67941909043,0.977534935172,0.0,0.0,0.0,0.0,0.0,0.0,0.643897005317,0.140288751807,0.320359612211,0.557761721092,0.939117582993
 10/26  20:00:00,1.74317795803,1.05947536971,0.0,0.148290588885,0.0,0.00408292701387,0.00408292701387,0.00408292701387,0.709378119045,0.154555418115,0.281112667479,0.576936826379,0.871446691228
 10/26  21:00:00,1.58129213551,1.28854336462,0.0,0.460994245012,0.0,0.0126926858295,0.0126926858295,0.0126926858295,0.59478629541,0.129588761182,0.263644908961,0.563467484128,0.788738767518
 10/26  22:00:00,1.29210568343,1.82951615423,0.0,1.13881629701,0.0,0.0313553534168,0.0313553534168,0.0313553534168,0.44745391491,0.0974887893068,0.211086728929,0.487608896873,0.657114471196
 10/26  23:00:00,1.00709540255,2.23607395387,0.0,1.69264792225,0.0,0.0466041572744,0.0466041572744,0.0466041572744,0.311034997636,0.0677666012207,0.140854588134,0.423723058284,0.514240956095
 10/26  24:00:00,0.721308834559,2.92231201604,0.0,2.53531956278,0.0,0.0698056755285,0.0698056755285,0.0698056755285,0.158245843726,0.0344777374512,0.0911840680538,0.350483509799,0.362851950388
 10/27  01:00:00,0.613561250983,3.11910162476,0.0,2.80307001404,0.0,0.0771777249527,0.0771777249527,0.0771777249527,0.098221587,0.02139998125,0.0769469663719,0.322702991408,0.29380456645
 10/27  02:00:00,0.57910872852,3.88886408345,0.0,3.59245915448,0.0,0.0989122009582,0.0989122009582,0.0989122009582,0.0654810552136,0.0142666535596,0.0643753113384,0.31896150745,0.274435589562
 10/27  03:00:00,0.574951442064,4.16845732832,0.0,3.86764647203,0.0,0.10648901174,0.10648901174,0.10648901174,0.0654810552136,0.0142666535596,0.0571309948506,0.3144717267,0.279150762713
 10/27  04:00:00,0.581867574353,4.52675326055,0.0,4.1720978493,0.0,0.114871558212,0.114871558212,0.114871558212,0.0654810552136,0.0142666535596,0.067543792236,0.302592515132,0.333813530606
 10/27  05:00:00,0.636724286335,4.78298915853,0.0,4.18524321834,0.0,0.115233493401,0.115233493401,0.115233493401,0.0709378119045,0.0154555418115,0.0803165119766,0.337668927242,0.574488076472
 10/27  06:00:00,0.84341133845,5.50613508043,0.0,4.45582051551,0.0,0.122683375179,0.122683375179,0.122683375179,0.1473323805,0.032099971875,0.134040371138,0.390143239758,1.02344239052
 10/27  07:00:00,1.13301088047,5.14077945764,0.0,3.96548820051,0.0,0.109182915914,0.109182915914,0.109182915914,0.30012153441,0.0653888174317,0.211649190125,0.414556422586,1.14673755851
 10/27  08:00:00,1.0635219978,4.67253837297,0.0,3.53418715494,0.0,0.0973077814002,0.0973077814002,0.0973077814002,0.267380977545,0.0582555024903,0.272982226561,0.350483509799,1.11421071517
 10/27  09:00:00,0.884195806708,3.75742723933,0.0,2.72169606338,0.0,0.0749372327958,0.0749372327958,0.0749372327958,0.130962143864,0.0285333144043,0.334361307064,0.29828980858,1.01518565589
 10/27  10:00:00,0.861996410921,3.25090936455,0.0,2.33144014232,0.0,0.0641922053843,0.0641922053843,0.0641922053843,0.10367836041,0.0225888731445,0.34911988098,0.305305091002,0.898440505558
 10/27  11:00:00,0.843330694858,1.87919520455,0.0,1.0643164159,0.0,0.0293041269744,0.0293041269744,0.0293041269744,0.10367836041,0.0225888731445,0.365248706228,0.305398628101,0.793843629352
 10/27  12:00:00,0.805735205847,0.951502352225,0.0,0.21776361137,0.0,0.00599574752642,0.00599574752642,0.00599574752642,0.10367836041,0.0225888731445,0.356106137108,0.300254087658,0.713057925747
 10/27  13:00:00,0.776295387403,0.686912898731,0.0,0.0,0.0,0.0,0.0,0.0,0.10367836041,0.0225888731445,0.322279448206,0.310636705643,0.665516952633
 10/27  14:00:00,0.76854605686,0.640272025588,0.0,0.0,0.0,0.0,0.0,0.0,0.10367836041,0.0225888731445,0.297038680158,0.328128143148,0.617671309264
 10/27  15:00:00,0.803516537141,0.647709227079,0.0,0.0,0.0,0.0,0.0,0.0,0.109135133819,0.0237777468263,0.307123779051,0.346367877445,0.623852199557
 10/27  16:00:00,0.950637511564,0.710103220742,0.0,0.0,0.0,0.0,0.0,0.0,0.136418833681,0.029722188086,0.357691996357,0.40969249344,0.681884538444
 10/27  17:00:00,1.23592621316,0.84051836828,0.0,0.0,0.0,0.0,0.0,0.0,0.223726957455,0.0487444037597,0.448631948385,0.49771090356,0.806237179123
 10/27  18:00:00,1.48845787836,0.958340143095,0.0,0.0,0.0,0.0,0.0,0.0,0.409256584636,0.0891665824708,0.402558890565,0.540363820686,0.921121118521
 10/27  19:00:00,1.67941909043,0.978406295093,0.0,0.0,0.0,0.0,0.0,0.0,0.643897005317,0.140288751807,0.320359612211,0.557761721092,0.939988942915
 10/27  20:00:00,1.73909503102,0.91178679916,0.0,0.0,0.0,0.0,0.0,0.0,0.709378119045,0.154555418115,0.281112667479,0.576936826379,0.872048709568
 10/27  21:00:00,1.56859944968,0.828319647988,0.0,0.0,0.0,0.0,0.0,0.0,0.59478629541,0.129588761182,0.263644908961,0.563467484128,0.789509295896
 10/27  22:00:00,1.26075033002,0.691449653766,0.0,0.0,0.0,0.0,0.0,0.0,0.44745391491,0.0974887893068,0.211086728929,0.487608896873,0.657864267734
 10/27  23:00:00,0.973204600549,1.0064879029,0.0,0.461744952605,0.0,0.0127133552755,0.0127133552755,0.0127133552755,0.311034997636,0.0677666012207,0.140854588134,0.423723058284,0.515557874765
 10/27  24:00:00,0.685963412899,1.63984448075,0.0,1.25158527742,0.0,0.0344602538687,0.0344602538687,0.0344602538687,0.158245843726,0.0344777374512,0.0911840680538,0.350483509799,0.364118700459
 10/28  01:00:00,0.593642458344,2.26018017985,0.0,1.93627126823,0.0,0.0533119082382,0.0533119082382,0.0533119082382,0.098221587,0.02139998125,0.0808939904472,0.322702991408,0.301681867339
 10/28  02:00:00,0.555841572758,2.95507179843,0.0,2.65256424559,0.0,0.0730338067693,0.0730338067693,0.0730338067693,0.0654810552136,0.0142666535596,0.0669865497656,0.31896150745,0.280538213425
 10/28  03:00:00,0.553487734448,3.34537409855,0.0,3.03850051395,0.0,0.0836598999525,0.0836598999525,0.0836598999525,0.0654810552136,0.0142666535596,0.0584963990226,0.3144717267,0.285213491024
 10/28  04:00:00,0.567373958823,3.91551623621,0.0,3.54867891172,0.0,0.0977067870667,0.0977067870667,0.0977067870667,0.0654810552136,0.0142666535596,0.0702149478515,0.302592515132,0.345995443843
 10/28  05:00:00,0.625494880564,4.26035240356,0.0,3.62860428133,0.0,0.0999073950291,0.0999073950291,0.0999073950291,0.0709378119045,0.0154555418115,0.0844132045768,0.337668927242,0.608490258517
 10/28  06:00:00,0.844694930819,5.24499250552,0.0,4.11652500743,0.0,0.113341455331,0.113341455331,0.113341455331,0.1473323805,0.032099971875,0.144665883356,0.390143239758,1.1015953237
 10/28  07:00:00,1.14803095903,5.01281919972,0.0,3.74243877474,0.0,0.103041632554,0.103041632554,0.103041632554,0.30012153441,0.0653888174317,0.232810552045,0.414556422586,1.24182672637
 10/28  08:00:00,1.10526604212,5.10952063967,0.0,3.87220506709,0.0,0.106614524836,0.106614524836,0.106614524836,0.267380977545,0.0582555024903,0.305419527453,0.350483509799,1.2131750697
 10/28  09:00:00,0.95342651742,4.72751676167,0.0,3.60061960774,0.0,0.0991368850418,0.0991368850418,0.0991368850418,0.130962143864,0.0285333144043,0.379392365529,0.29828980858,1.10635163387
 10/28  10:00:00,0.949345272754,4.65218460031,0.0,3.65466157543,0.0,0.100624837928,0.100624837928,0.100624837928,0.10367836041,0.0225888731445,0.40003611027,0.305305091002,0.976494308213
 10/28  11:00:00,0.929110326546,3.15299807928,0.0,2.27343012812,0.0,0.0625949991435,0.0625949991435,0.0625949991435,0.10367836041,0.0225888731445,0.417737465747,0.305398628101,0.85853279186
 10/28  12:00:00,0.887523844663,2.2417917853,0.0,1.45183840474,0.0,0.0399738802512,0.0399738802512,0.0399738802512,0.10367836041,0.0225888731445,0.403916643199,0.300254087658,0.769272565451
 10/28  13:00:00,0.849688766198,1.81858521731,0.0,1.082520539,0.0,0.0298053462798,0.0298053462798,0.0298053462798,0.10367836041,0.0225888731445,0.365867480721,0.310636705643,0.714668732205
 10/28  14:00:00,0.831264755194,1.54160143748,0.0,0.856894713004,0.0,0.023593126159,0.023593126159,0.023593126159,0.10367836041,0.0225888731445,0.336164252333,0.328128143148,0.662106008154
 10/28  15:00:00,0.868356740886,1.70161040131,0.0,1.00900532256,0.0,0.0277812308899,0.0277812308899,0.0277812308899,0.109135133819,0.0237777468263,0.344182751906,0.346367877445,0.668748051223
 10/28  16:00:00,1.02411844835,2.12925738971,0.0,1.36427665046,0.0,0.0375630175349,0.0375630175349,0.0375630175349,0.136418833681,0.029722188086,0.393609915605,0.40969249344,0.736762056955
 10/28  17:00:00,1.33858310343,3.35066553835,0.0,2.4444943855,0.0,0.0673049600573,0.0673049600573,0.0673049600573,0.223726957455,0.0487444037597,0.4839838786,0.49771090356,0.871889963691
 10/28  18:00:00,1.5800279025,3.12133744634,0.0,2.07965410095,0.0,0.057259708604,0.057259708604,0.057259708604,0.409256584636,0.0891665824708,0.436869206105,0.540363820686,1.00446432081
 10/28  19:00:00,1.77836788756,3.42148512785,0.0,2.3500299167,0.0,0.0647040429364,0.0647040429364,0.0647040429364,0.643897005317,0.140288751807,0.354604366405,0.557761721092,1.03303785897
 10/28  20:00:00,1.85034958422,3.77530037109,0.0,2.77479361739,0.0,0.0763991828714,0.0763991828714,0.0763991828714,0.709378119045,0.154555418115,0.315968037806,0.576936826379,0.96076866411
 10/28  21:00:00,1.69529996982,4.21075312545,0.0,3.30849237198,0.0,0.091093662668,0.091093662668,0.091093662668,0.59478629541,0.129588761182,0.299251766429,0.563467484128,0.863450401375
 10/28  22:00:00,1.39594092147,4.63107070443,0.0,3.88247825816,0.0,0.106897379531,0.106897379531,0.106897379531,0.44745391491,0.0974887893068,0.239379940853,0.487608896873,0.71500706024
 10/28  23:00:00,1.0983746255,5.02233601497,0.0,4.44365922438,0.0,0.122348534887,0.122348534887,0.122348534887,0.311034997636,0.0677666012207,0.156389433469,0.423723058284,0.54949171507
 10/28  24:00:00,0.797264674359,5.45426291204,0.0,5.0552570595,0.0,0.139187832252,0.139187832252,0.139187832252,0.158245843726,0.0344777374512,0.0977577511306,0.350483509799,0.374865349672
 10/29  01:00:00,0.80688174307,5.80359672328,0.0,5.40454588532,0.0,0.148804900963,0.148804900963,0.148804900963,0.158245843726,0.0344777374512,0.0977577511306,0.350483509799,0.374910335097
 10/29  02:00:00,0.698231517506,6.05601904566,0.0,5.73491207699,0.0,0.1579009674,0.1579009674,0.1579009674,0.098221587,0.02139998125,0.0808939904472,0.322702991408,0.298879924397
 10/29  03:00:00,0.649521021671,6.35486105519,0.0,6.05497153785,0.0,0.166713255682,0.166713255682,0.166713255682,0.0654810552136,0.0142666535596,0.0669865497656,0.31896150745,0.27792017792
 10/29  04:00:00,0.644883770264,6.66318270496,0.0,6.3579749809,0.0,0.175055935769,0.175055935769,0.175055935769,0.0654810552136,0.0142666535596,0.0584963990226,0.3144717267,0.283547630483
 10/29  05:00:00,0.652738323759,7.01450600928,0.0,6.64908504271,0.0,0.183071152003,0.183071152003,0.183071152003,0.0654810552136,0.0142666535596,0.0702149478515,0.302592515132,0.344579085929
 10/29  06:00:00,0.71315810005,7.44392345402,0.0,6.81250406622,0.0,0.187570614515,0.187570614515,0.187570614515,0.0709378119045,0.0154555418115,0.0844132045768,0.337668927242,0.608161524074
 10/29  07:00:00,0.914171534148,7.7697511387,0.0,6.63989277436,0.0,0.18281805866,0.18281805866,0.18281805866,0.1473323805,0.032099971875,0.144665883356,0.390143239758,1.10298618994
 10/29  08:00:00,1.20808483529,7.19570515078,0.0,5.92357614152,0.0,0.163095508816,0.163095508816,0.163095508816,0.30012153441,0.0653888174317,0.232810552045,0.414556422586,1.24357531064
 10/29  09:00:00,1.13663953088,6.2510547133,0.0,5.01168003388,0.0,0.137988013596,0.137988013596,0.137988013596,0.267380977545,0.0582555024903,0.305419527453,0.350483509799,1.21523417655
 10/29  10:00:00,0.967092202486,5.22597751699,0.0,4.09695287039,0.0,0.112802570108,0.112802570108,0.112802570108,0.130962143864,0.0285333144043,0.379392365529,0.29828980858,1.10847912655
 10/29  11:00:00,0.960661812994,5.06539571677,0.0,4.06567465761,0.0,0.111941378168,0.111941378168,0.111941378168,0.10367836041,0.0225888731445,0.40003611027,0.305305091002,0.978692342486
 10/29  12:00:00,0.934941228099,3.36663657778,0.0,2.48520658704,0.0,0.0684259006964,0.0684259006964,0.0684259006964,0.10367836041,0.0225888731445,0.417737465747,0.305398628101,0.860394831448
 10/29  13:00:00,0.891340480085,2.38203077843,0.0,1.59045736912,0.0,0.0437905156733,0.0437905156733,0.0437905156733,0.10367836041,0.0225888731445,0.403916643199,0.300254087658,0.770892594204
 10/29  14:00:00,0.8507883404,1.8598764299,0.0,1.12245671847,0.0,0.030904920482,0.030904920482,0.030904920482,0.10367836041,0.0225888731445,0.365867480721,0.310636705643,0.716023765338
 10/29  15:00:00,0.833706401983,1.63150941534,0.0,0.945574534849,0.0,0.0260347729481,0.0260347729481,0.0260347729481,0.10367836041,0.0225888731445,0.336164252333,0.328128143148,0.663334164168
 10/29  16:00:00,0.873505429199,1.88975705056,0.0,1.19600401722,0.0,0.0329299192034,0.0329299192034,0.0329299192034,0.109135133819,0.0237777468263,0.344182751906,0.346367877445,0.669896005816
 10/29  17:00:00,1.0320030327,2.41720706891,0.0,1.65064220474,0.0,0.0454476018917,0.0454476018917,0.0454476018917,0.136418833681,0.029722188086,0.393609915605,0.40969249344,0.738346181879
 10/29  18:00:00,1.34953181045,3.75033189585,0.0,2.84214788399,0.0,0.0782536670748,0.0782536670748,0.0782536670748,0.223726957455,0.0487444037597,0.4839838786,0.49771090356,0.873902822702
 10/29  19:00:00,1.59239057126,3.5728026752,0.0,2.52866223283,0.0,0.0696223773671,0.0696223773671,0.0696223773671,0.409256584636,0.0891665824708,0.436869206105,0.540363820686,1.0069214178
 10/29  20:00:00,1.79019511654,3.85344813145,0.0,2.77959104875,0.0,0.0765312719152,0.0765312719152,0.0765312719152,0.643897005317,0.140288751807,0.354604366405,0.557761721092,1.03543973053
 10/29  21:00:00,1.85734646546,4.03120893201,0.0,3.02891808161,0.0,0.0833960641142,0.0833960641142,0.0833960641142,0.709378119045,0.154555418115,0.315968037806,0.576936826379,0.962552760807
 10/29  22:00:00,1.70126942506,4.42924071188,0.0,3.52530105623,0.0,0.0970631179139,0.0970631179139,0.0970631179139,0.59478629541,0.129588761182,0.299251766429,0.563467484128,0.865129303564
 10/29  23:00:00,1.3992330891,4.7518686929,0.0,4.00204872192,0.0,0.110189547161,0.110189547161,0.110189547161,0.44745391491,0.0974887893068,0.239379940853,0.487608896873,0.716234584955
 10/29  24:00:00,1.10328570297,5.20146783273,0.0,4.62202797008,0.0,0.127259612358,0.127259612358,0.127259612358,0.311034997636,0.0677666012207,0.156389433469,0.423723058284,0.550254787123
 10/30  01:00:00,0.790473868912,5.43351791485,0.0,5.04737124524,0.0,0.138970709882,0.138970709882,0.138970709882,0.158245843726,0.0344777374512,0.0911840680538,0.350483509799,0.362006166744
 10/30  02:00:00,0.687077802452,5.78770036505,0.0,5.47316739102,0.0,0.150694276422,0.150694276422,0.150694276422,0.098221587,0.02139998125,0.0769469663719,0.322702991408,0.292305929758
 10/30  03:00:00,0.642218155847,6.17965166868,0.0,5.88457314788,0.0,0.162021628285,0.162021628285,0.162021628285,0.0654810552136,0.0142666535596,0.0643753113384,0.31896150745,0.273109181378
 10/30  04:00:00,0.635541794061,6.36829072852,0.0,6.06826846403,0.0,0.167079363737,0.167079363737,0.167079363737,0.0654810552136,0.0142666535596,0.0571309948506,0.3144717267,0.278362170912
 10/30  05:00:00,0.637968629943,6.56399944562,0.0,6.20967004743,0.0,0.170972613801,0.170972613801,0.170972613801,0.0654810552136,0.0142666535596,0.067543792236,0.302592515132,0.333487517541
 10/30  06:00:00,0.688428249085,6.66275206083,0.0,6.06311442636,0.0,0.16693745615,0.16693745615,0.16693745615,0.0709378119045,0.0154555418115,0.0803165119766,0.337668927242,0.576379770753
 10/30  07:00:00,0.892317409123,7.28907842407,0.0,6.23207318807,0.0,0.171589445853,0.171589445853,0.171589445853,0.1473323805,0.032099971875,0.134040371138,0.390143239758,1.0301330616
 10/30  08:00:00,1.17119157312,6.53565947007,0.0,5.35219861146,0.0,0.147363608565,0.147363608565,0.147363608565,0.30012153441,0.0653888174317,0.211649190125,0.414556422586,1.15490715999
 10/30  09:00:00,1.10385452242,6.14575176378,0.0,4.99905140731,0.0,0.137640306024,0.137640306024,0.137640306024,0.267380977545,0.0582555024903,0.272982226561,0.350483509799,1.1225598536
 10/30  10:00:00,0.94032206935,5.8037530176,0.0,4.76018377353,0.0,0.131063495438,0.131063495438,0.131063495438,0.130962143864,0.0285333144043,0.334361307064,0.29828980858,1.02302372402
 10/30  11:00:00,0.938793466578,6.04639026654,0.0,5.12068437062,0.0,0.140989261041,0.140989261041,0.140989261041,0.10367836041,0.0225888731445,0.34911988098,0.305305091002,0.904677179249
 10/30  12:00:00,0.921158702468,4.71065799978,0.0,3.89100448578,0.0,0.107132134584,0.107132134584,0.107132134584,0.10367836041,0.0225888731445,0.365248706228,0.305398628101,0.798618354711
 10/30  13:00:00,0.889848475786,4.01039103402,0.0,3.27273037665,0.0,0.0901090174661,0.0901090174661,0.0901090174661,0.10367836041,0.0225888731445,0.356106137108,0.300254087658,0.716979842257
 10/30  14:00:00,0.855460638253,3.56528308502,0.0,2.87525631192,0.0,0.0791652508497,0.0791652508497,0.0791652508497,0.10367836041,0.0225888731445,0.322279448206,0.310636705643,0.668630827003
 10/30  15:00:00,0.841031947772,3.27544924759,0.0,2.63266411883,0.0,0.072485890912,0.072485890912,0.072485890912,0.10367836041,0.0225888731445,0.297038680158,0.328128143148,0.620184412435
 10/30  16:00:00,0.871372966406,3.11506556786,0.0,2.46452356881,0.0,0.0678564292652,0.0678564292652,0.0678564292652,0.109135133819,0.0237777468263,0.307123779051,0.346367877445,0.62668497153
 10/30  17:00:00,1.01628832076,3.09826072539,0.0,2.38441616125,0.0,0.0656508092002,0.0656508092002,0.0656508092002,0.136418833681,0.029722188086,0.357691996357,0.40969249344,0.685625881842
 10/30  18:00:00,1.31993865511,3.8968665777,0.0,3.05130472525,0.0,0.0840124419486,0.0840124419486,0.0840124419486,0.223726957455,0.0487444037597,0.448631948385,0.49771090356,0.811280663297
 10/30  19:00:00,1.55227372087,3.28162322306,0.0,2.31777076453,0.0,0.0638158425131,0.0638158425131,0.0638158425131,0.409256584636,0.0891665824708,0.402558890565,0.540363820686,0.926633433957
 10/30  20:00:00,1.73817984742,3.11835740972,0.0,2.13417169296,0.0,0.0587607569903,0.0587607569903,0.0587607569903,0.643897005317,0.140288751807,0.320359612211,0.557761721092,0.945768364575
 10/30  21:00:00,1.79723822558,3.02891868838,0.0,2.11174202524,0.0,0.0581431945615,0.0581431945615,0.0581431945615,0.709378119045,0.154555418115,0.281112667479,0.576936826379,0.877438573547
 10/30  22:00:00,1.63461788929,3.23083360702,0.0,2.397768379,0.0,0.0660184396139,0.0660184396139,0.0660184396139,0.59478629541,0.129588761182,0.263644908961,0.563467484128,0.794254875932
 10/30  23:00:00,1.3361833304,3.43409299626,0.0,2.73970218187,0.0,0.0754330003839,0.0754330003839,0.0754330003839,0.44745391491,0.0974887893068,0.211086728929,0.487608896873,0.660805428353
 10/30  24:00:00,1.04722586099,3.69576790118,0.0,3.15017319631,0.0,0.0867346157182,0.0867346157182,0.0867346157182,0.311034997636,0.0677666012207,0.140854588134,0.423723058284,0.516409629339
 10/31  01:00:00,0.747090352146,3.85931440721,0.0,3.4716959448,0.0,0.0955871931153,0.0955871931153,0.0955871931153,0.158245843726,0.0344777374512,0.0911840680538,0.350483509799,0.363477959538
 10/31  02:00:00,0.638351599717,4.01896042131,0.0,3.70344746383,0.0,0.101968073687,0.101968073687,0.101968073687,0.098221587,0.02139998125,0.0769469663719,0.322702991408,0.293285913205
 10/31  03:00:00,0.586692400762,4.16372355972,0.0,3.86789567807,0.0,0.106495873201,0.106495873201,0.106495873201,0.0654810552136,0.0142666535596,0.0643753113384,0.31896150745,0.273858542241
 10/31  04:00:00,0.576610955246,4.22870974762,0.0,3.9279194542,0.0,0.108148524923,0.108148524923,0.108148524923,0.0654810552136,0.0142666535596,0.0571309948506,0.3144717267,0.279130199841
 10/31  05:00:00,0.578458342135,4.40382687587,0.0,4.04827563754,0.0,0.111462325994,0.111462325994,0.111462325994,0.0654810552136,0.0142666535596,0.067543792236,0.302592515132,0.334709357677
 10/31  06:00:00,0.630772819282,4.57106996677,0.0,3.96908785943,0.0,0.109282026348,0.109282026348,0.109282026348,0.0709378119045,0.0154555418115,0.0803165119766,0.337668927242,0.578724243614
 10/31  07:00:00,0.824062854791,4.81393964936,0.0,3.75308984556,0.0,0.10333489152,0.10333489152,0.10333489152,0.1473323805,0.032099971875,0.134040371138,0.390143239758,1.0339776294
 10/31  08:00:00,1.12169620445,4.7425923214,0.0,3.55454282641,0.0,0.0978682398997,0.0978682398997,0.0978682398997,0.30012153441,0.0653888174317,0.211649190125,0.414556422586,1.15949579638
 10/31  09:00:00,1.0611153578,4.59771072965,0.0,3.44677876855,0.0,0.0949011414058,0.0949011414058,0.0949011414058,0.267380977545,0.0582555024903,0.272982226561,0.350483509799,1.12679145823
 10/31  10:00:00,0.900104329691,4.34670426845,0.0,3.29948847396,0.0,0.0908457557795,0.0908457557795,0.0908457557795,0.130962143864,0.0285333144043,0.334361307064,0.29828980858,1.02667027444
 10/31  11:00:00,0.895628396346,4.48192556032,0.0,3.55294297771,0.0,0.0978241908098,0.0978241908098,0.0978241908098,0.10367836041,0.0225888731445,0.34911988098,0.305305091002,0.907953865944
 10/31  12:00:00,0.880263237014,3.22802800363,0.0,2.40569440447,0.0,0.0662366691303,0.0662366691303,0.0662366691303,0.10367836041,0.0225888731445,0.365248706228,0.305398628101,0.801298439863
 10/31  13:00:00,0.848238496412,2.501425066,0.0,1.76146938079,0.0,0.0484990380914,0.0484990380914,0.0484990380914,0.10367836041,0.0225888731445,0.356106137108,0.300254087658,0.719274870099
 10/31  14:00:00,0.810946355752,1.95085890692,0.0,1.25851196568,0.0,0.0346509683492,0.0346509683492,0.0346509683492,0.10367836041,0.0225888731445,0.322279448206,0.310636705643,0.670950995147
 10/31  15:00:00,0.794703329847,1.59515772059,0.0,0.950023696638,0.0,0.0261572729866,0.0261572729866,0.0261572729866,0.10367836041,0.0225888731445,0.297038680158,0.328128143148,0.62253330763
 10/31  16:00:00,0.834800477045,1.78974892011,0.0,1.13622258132,0.0,0.0312839399041,0.0312839399041,0.0312839399041,0.109135133819,0.0237777468263,0.307123779051,0.346367877445,0.629669311269
 10/31  17:00:00,0.990028825534,2.14764552272,0.0,1.43067978578,0.0,0.03939131397,0.03939131397,0.03939131397,0.136418833681,0.029722188086,0.357691996357,0.40969249344,0.688747054635
 10/31  18:00:00,1.3019661333,3.24757791477,0.0,2.39854854461,0.0,0.0660399201357,0.0660399201357,0.0660399201357,0.223726957455,0.0487444037597,0.448631948385,0.49771090356,0.814748180999
 10/31  19:00:00,1.53987478595,2.83454864479,0.0,1.8674454574,0.0,0.0514169075884,0.0514169075884,0.0514169075884,0.409256584636,0.0891665824708,0.402558890565,0.540363820686,0.929884162813
 10/31  20:00:00,1.73062409615,2.84721818986,0.0,1.8597492502,0.0,0.0512050057239,0.0512050057239,0.0512050057239,0.643897005317,0.140288751807,0.320359612211,0.557761721092,0.949051587478
 10/31  21:00:00,1.79616721765,2.99300869829,0.0,2.07284336349,0.0,0.0570721866299,0.0570721866299,0.0570721866299,0.709378119045,0.154555418115,0.281112667479,0.576936826379,0.880427245211
 10/31  22:00:00,1.63200323241,3.13814243903,0.0,2.30280488629,0.0,0.0634037827253,0.0634037827253,0.0634037827253,0.59478629541,0.129588761182,0.263644908961,0.563467484128,0.796527200653
 10/31  23:00:00,1.3329800768,3.31941240372,0.0,2.62336104671,0.0,0.072229746778,0.072229746778,0.072229746778,0.44745391491,0.0974887893068,0.211086728929,0.487608896873,0.662465970983
 10/31  24:00:00,1.04204554507,3.50867737781,0.0,2.96202579721,0.0,0.0815542997983,0.0815542997983,0.0815542997983,0.311034997636,0.0677666012207,0.140854588134,0.423723058284,0.517466505067
 11/01  01:00:00,0.745211511057,3.68971015782,0.0,3.30176838987,0.0,0.0909085293537,0.0909085293537,0.0909085293537,0.1619611275,0.035287203125,0.0908926116669,0.349050039411,0.36389999924
 11/01  02:00:00,0.62994506313,3.81833352669,0.0,3.50264025874,0.0,0.0964391917233,0.0964391917233,0.0964391917233,0.0971766765,0.021172321875,0.0766617302589,0.321383142773,0.293557131838
 11/01  03:00:00,0.577458559922,3.91678912086,0.0,3.62078496512,0.0,0.0996921035692,0.0996921035692,0.0996921035692,0.064784451,0.0141148794287,0.0640981645171,0.317656961407,0.274124670477
 11/01  04:00:00,0.566869238205,3.96236521845,0.0,3.6613990534,0.0,0.100810342828,0.100810342828,0.100810342828,0.064784451,0.0141148794287,0.05686202118,0.313185543769,0.279394660806
 11/01  05:00:00,0.566192832313,4.04419262035,0.0,3.68824805346,0.0,0.101549583993,0.101549583993,0.101549583993,0.064784451,0.0141148794287,0.0672769999586,0.301354917933,0.335187929108
 11/01  06:00:00,0.620748571812,4.25363796157,0.0,3.65055084755,0.0,0.100511656087,0.100511656087,0.100511656087,0.0712628961,0.0155263675537,0.0800477838369,0.336287868235,0.579924374492
 11/01  07:00:00,0.782389024403,4.44380196662,0.0,3.38016766168,0.0,0.0930671188308,0.0930671188308,0.0930671188308,0.1230904569,0.026818274375,0.133753612412,0.388547561885,1.03687203718
 11/01  08:00:00,1.03647373934,4.39603859549,0.0,3.20466567,0.0,0.0882349725147,0.0882349725147,0.0882349725147,0.2397024687,0.052225060625,0.21133834221,0.412860895295,1.16293601091
 11/01  09:00:00,1.0033498079,4.07746001943,0.0,2.92325736624,0.0,0.0804868775478,0.0804868775478,0.0804868775478,0.2332240236,0.0508135725,0.272663294838,0.349050039411,1.13016088449
 11/01  10:00:00,0.884537787697,3.90222820136,0.0,2.85182933895,0.0,0.0785202293314,0.0785202293314,0.0785202293314,0.129568902,0.0282297625,0.334037084503,0.297069809363,1.0299373731
 11/01  11:00:00,0.89122348645,4.09598139623,0.0,3.16406813916,0.0,0.0871171891366,0.0871171891366,0.0871171891366,0.1101335667,0.023995298125,0.348809033065,0.304056399423,0.910970547419
 11/01  12:00:00,0.87753766611,2.9031447837,0.0,2.0779673287,0.0,0.0572132662231,0.0572132662231,0.0572132662231,0.1101335667,0.023995298125,0.364933981104,0.304149553957,0.804228329085
 11/01  13:00:00,0.844340689655,2.13378544633,0.0,1.39106382974,0.0,0.0383005565705,0.0383005565705,0.0383005565705,0.1101335667,0.023995298125,0.355773213679,0.29902605458,0.722125385588
 11/01  14:00:00,0.815622499793,1.89559576718,0.0,1.20084051107,0.0,0.0330630837658,0.0330630837658,0.0330630837658,0.1101335667,0.023995298125,0.321952343333,0.309366207869,0.673446818991
 11/01  15:00:00,0.825238715711,1.90819614359,0.0,1.26084085686,0.0,0.0347150903734,0.0347150903734,0.0347150903734,0.1230904569,0.026818274375,0.29671678831,0.326786105753,0.624847006867
 11/01  16:00:00,0.916752148624,1.9219847001,0.0,1.26646189501,0.0,0.0348698560175,0.0348698560175,0.0348698560175,0.1749180177,0.038110179375,0.306790855622,0.344951239909,0.631763352319
 11/01  17:00:00,1.20312736979,1.9563601648,0.0,1.23736023782,0.0,0.0340685918025,0.0340685918025,0.0340685918025,0.3174438099,0.069162918125,0.357323190441,0.40801685952,0.690896658514
 11/01  18:00:00,1.70106809563,2.8004701033,0.0,1.94877287729,0.0,0.0536561186006,0.0536561186006,0.0536561186006,0.5636247237,0.122799448662,0.448200528527,0.495675276143,0.817556246215
 11/01  19:00:00,1.96239487473,2.28157692107,0.0,1.31083785677,0.0,0.0360916720099,0.0360916720099,0.0360916720099,0.7709349669,0.167967068662,0.402135423453,0.538153743709,0.933672264778
 11/01  20:00:00,1.8656657308,2.23302630818,0.0,1.24190644271,0.0,0.0341937637564,0.0341937637564,0.0341937637564,0.7709349669,0.167967068662,0.319977444422,0.555480487059,0.952859639478
 11/01  21:00:00,1.777799957,2.28437569404,0.0,1.36067282376,0.0,0.037463792348,0.037463792348,0.037463792348,0.712628961,0.15526369375,0.280754343348,0.574577166557,0.884127308662
 11/01  22:00:00,1.62148630232,2.5150212347,0.0,1.67611585279,0.0,0.046148975098,0.046148975098,0.046148975098,0.6024953943,0.131268395625,0.263298623659,0.561162913641,0.800253763366
 11/01  23:00:00,1.31416258312,2.74318704935,0.0,2.04373704622,0.0,0.0562707941076,0.0562707941076,0.0562707941076,0.4470127119,0.097392680625,0.21075981003,0.485614586456,0.666001980635
 11/01  24:00:00,1.03149139279,3.20554945148,0.0,2.65575407129,0.0,0.0731216331486,0.0731216331486,0.0731216331486,0.3109653648,0.06775143,0.140550925199,0.421990039641,0.520729671022
 11/02  01:00:00,0.742207433138,3.5833274685,0.0,3.19266125126,0.0,0.0879044514348,0.0879044514348,0.0879044514348,0.1619611275,0.035287203125,0.0908926116669,0.349050039411,0.36662444853
 11/02  02:00:00,0.635360353588,4.01720875478,0.0,3.6993218571,0.0,0.101854482182,0.101854482182,0.101854482182,0.0971766765,0.021172321875,0.0766617302589,0.321383142773,0.295750761563
 11/02  03:00:00,0.588448051968,4.3181093212,0.0,4.01991976265,0.0,0.110681595615,0.110681595615,0.110681595615,0.064784451,0.0141148794287,0.0640981645171,0.317656961407,0.276310073279
 11/02  04:00:00,0.582733275529,4.54068537618,0.0,4.2375757592,0.0,0.116674380152,0.116674380152,0.116674380152,0.064784451,0.0141148794287,0.05686202118,0.313185543769,0.281538112741
 11/02  05:00:00,0.590344618491,4.92363722128,0.0,4.56543311769,0.0,0.12570137017,0.12570137017,0.12570137017,0.064784451,0.0141148794287,0.0672769999586,0.301354917933,0.337447465811
 11/02  06:00:00,0.64875379395,5.27381052783,0.0,4.66769145983,0.0,0.128516878225,0.128516878225,0.128516878225,0.0712628961,0.0155263675537,0.0800477838369,0.336287868235,0.582956328472
 11/02  07:00:00,0.814850514684,5.62712927005,0.0,4.55915849193,0.0,0.125528609112,0.125528609112,0.125528609112,0.1230904569,0.026818274375,0.133753612412,0.388547561885,1.04120851037
 11/02  08:00:00,1.06779829239,5.53844845744,0.0,4.34236330732,0.0,0.119559525556,0.119559525556,0.119559525556,0.2397024687,0.052225060625,0.21133834221,0.412860895295,1.16764823554
 11/02  09:00:00,1.03792781313,5.33788144609,0.0,4.17911933522,0.0,0.115064882783,0.115064882783,0.115064882783,0.2332240236,0.0508135725,0.272663294838,0.349050039411,1.13472034216
 11/02  10:00:00,0.894747802441,4.27708379959,0.0,3.22265377295,0.0,0.0887302440757,0.0887302440757,0.0887302440757,0.129568902,0.0282297625,0.334037084503,0.297069809363,1.03396853735
 11/02  11:00:00,0.90224713137,4.50024333983,0.0,3.56444335805,0.0,0.098140834057,0.098140834057,0.098140834057,0.1101335667,0.023995298125,0.348809033065,0.304056399423,0.914857272123
 11/02  12:00:00,0.876376867244,2.86409344215,0.0,2.03580748926,0.0,0.0560524673577,0.0560524673577,0.0560524673577,0.1101335667,0.023995298125,0.364933981104,0.304149553957,0.807336826964
 11/02  13:00:00,0.839773826441,1.97090980535,0.0,1.22519683455,0.0,0.0337336933565,0.0337336933565,0.0337336933565,0.1101335667,0.023995298125,0.355773213679,0.29902605458,0.7251167398
 11/02  14:00:00,0.791259864297,1.01407650833,0.0,0.315997467801,0.0,0.00870044827051,0.00870044827051,0.00870044827051,0.1101335667,0.023995298125,0.321952343333,0.309366207869,0.676770603416
 11/02  15:00:00,0.790523625337,0.651151047694,0.0,0.0,0.0,0.0,0.0,0.0,0.1230904569,0.026818274375,0.29671678831,0.326786105753,0.628642767837
 11/02  16:00:00,0.881882292606,0.659060778098,0.0,0.0,0.0,0.0,0.0,0.0,0.1749180177,0.038110179375,0.306790855622,0.344951239909,0.63530132533
 11/02  17:00:00,1.16905877799,0.723117857198,0.0,0.0,0.0,0.0,0.0,0.0,0.3174438099,0.069162918125,0.357323190441,0.40801685952,0.695014588733
 11/02  18:00:00,1.65306045577,1.06138963387,0.0,0.205150921203,0.0,0.00564847873622,0.00564847873622,0.00564847873622,0.5636247237,0.122799448662,0.448200528527,0.495675276143,0.822097732877
 11/02  19:00:00,1.92630320272,0.97606362974,0.0,0.0,0.0,0.0,0.0,0.0,0.7709349669,0.167967068662,0.402135423453,0.538153743709,0.938996830215
 11/02  20:00:00,1.83178394561,1.00787279562,0.0,0.0113309605684,0.0,0.000311978564153,0.000311978564153,0.000311978564153,0.7709349669,0.167967068662,0.319977444422,0.555480487059,0.958281609059
 11/02  21:00:00,1.74782391649,1.20064723415,0.0,0.271952725558,0.0,0.0074877518393,0.0074877518393,0.0074877518393,0.712628961,0.15526369375,0.280754343348,0.574577166557,0.889118946972
 11/02  22:00:00,1.5938309772,1.51514186348,0.0,0.671683386795,0.0,0.0184936499702,0.0184936499702,0.0184936499702,0.6024953943,0.131268395625,0.263298623659,0.561162913641,0.804806858142
 11/02  23:00:00,1.29006243715,1.8717423855,0.0,1.1684275377,0.0,0.0321706481396,0.0321706481396,0.0321706481396,0.4470127119,0.097392680625,0.21075981003,0.485614586456,0.66986682531
 11/02  24:00:00,1.00773672837,2.34594229884,0.0,1.79299234107,0.0,0.0493669687339,0.0493669687339,0.0493669687339,0.3109653648,0.06775143,0.140550925199,0.421990039641,0.523884248599
 11/03  01:00:00,0.719353278928,2.75571031604,0.0,2.36260576048,0.0,0.0650502972246,0.0650502972246,0.0650502972246,0.1619611275,0.035287203125,0.0908926116669,0.349050039411,0.369062786849
 11/03  02:00:00,0.611377086296,3.14867014296,0.0,2.82825734429,0.0,0.0778712148895,0.0778712148895,0.0778712148895,0.0971766765,0.021172321875,0.0766617302589,0.321383142773,0.298276662555
 11/03  03:00:00,0.565200147933,3.47578036413,0.0,3.17556340556,0.0,0.0874336915799,0.0874336915799,0.0874336915799,0.064784451,0.0141148794287,0.0640981645171,0.317656961407,0.27833747331
 11/03  04:00:00,0.560936415265,3.75119070646,0.0,3.44592084265,0.0,0.0948775198875,0.0948775198875,0.0948775198875,0.064784451,0.0141148794287,0.05686202118,0.313185543769,0.283698359575
 11/03  05:00:00,0.567808081601,4.10746539931,0.0,3.74691338528,0.0,0.10316483328,0.10316483328,0.10316483328,0.064784451,0.0141148794287,0.0672769999586,0.301354917933,0.339795376245
 11/03  06:00:00,0.629273763193,4.5693698862,0.0,3.96018304178,0.0,0.109036847468,0.109036847468,0.109036847468,0.0712628961,0.0155263675537,0.0800477838369,0.336287868235,0.586024104884
 11/03  07:00:00,0.811335092656,5.50418549612,0.0,4.43147950062,0.0,0.122013187084,0.122013187084,0.122013187084,0.1230904569,0.026818274375,0.133753612412,0.388547561885,1.04594372774
 11/03  08:00:00,1.05000356624,4.89696951164,0.0,3.69606460789,0.0,0.101764799412,0.101764799412,0.101764799412,0.2397024687,0.052225060625,0.21133834221,0.412860895295,1.17246798918
 11/03  09:00:00,0.998705190545,3.91802951386,0.0,2.75456636591,0.0,0.0758422601961,0.0758422601961,0.0758422601961,0.2332240236,0.0508135725,0.272663294838,0.349050039411,1.13942137925
 11/03  10:00:00,0.862475786841,3.11010643428,0.0,2.05054460185,0.0,0.0564582284754,0.0564582284754,0.0564582284754,0.129568902,0.0282297625,0.334037084503,0.297069809363,1.03910034313
 11/03  11:00:00,0.859119319967,2.93905391418,0.0,1.99805519372,0.0,0.0550130226536,0.0550130226536,0.0550130226536,0.1101335667,0.023995298125,0.348809033065,0.304056399423,0.920056010803
 11/03  12:00:00,0.84017540895,1.554841981,0.0,0.720982230132,0.0,0.019851009063,0.019851009063,0.019851009063,0.1101335667,0.023995298125,0.364933981104,0.304149553957,0.812910624946
 11/03  13:00:00,0.808785759872,0.850705713649,0.0,0.0997202770974,0.0,0.00274562678759,0.00274562678759,0.00274562678759,0.1101335667,0.023995298125,0.355773213679,0.29902605458,0.730389205554
 11/03  14:00:00,0.782559416027,0.70306886763,0.0,0.0,0.0,0.0,0.0,0.0,0.1101335667,0.023995298125,0.321952343333,0.309366207869,0.681760430513
 11/03  15:00:00,0.790523625337,0.655131456668,0.0,0.0,0.0,0.0,0.0,0.0,0.1230904569,0.026818274375,0.29671678831,0.326786105753,0.632623176811
 11/03  16:00:00,0.881929115187,0.664408472216,0.0,0.00170058099557,0.0,4.68225808413e-05,4.68225808413e-05,4.68225808413e-05,0.1749180177,0.038110179375,0.306790855622,0.344951239909,0.638948438453
 11/03  17:00:00,1.17355531598,0.89000381086,0.0,0.163312806086,0.0,0.00449653799807,0.00449653799807,0.00449653799807,0.3174438099,0.069162918125,0.357323190441,0.40801685952,0.69858773631
 11/03  18:00:00,1.67661304156,1.92062825696,0.0,1.06057322133,0.0,0.0292010645321,0.0292010645321,0.0292010645321,0.5636247237,0.122799448662,0.448200528527,0.495675276143,0.82591405584
 11/03  19:00:00,1.95032340744,1.8522538684,0.0,0.872406068141,0.0,0.0240202047173,0.0240202047173,0.0240202047173,0.7709349669,0.167967068662,0.402135423453,0.538153743709,0.942781000739
 11/03  20:00:00,1.8637584222,2.17284615158,0.0,1.17263361098,0.0,0.0322864551529,0.0322864551529,0.0322864551529,0.7709349669,0.167967068662,0.319977444422,0.555480487059,0.961952314607
 11/03  21:00:00,1.79027626022,2.74595655583,0.0,1.81380812234,0.0,0.0499400955675,0.0499400955675,0.0499400955675,0.712628961,0.15526369375,0.280754343348,0.574577166557,0.892572871868
 11/03  22:00:00,1.63953932892,3.17798038481,0.0,2.33179594098,0.0,0.0642020016901,0.0642020016901,0.0642020016901,0.6024953943,0.131268395625,0.263298623659,0.561162913641,0.807532825292
 11/03  23:00:00,1.34021903467,3.69534139582,0.0,2.99009894108,0.0,0.082327245663,0.082327245663,0.082327245663,0.4470127119,0.097392680625,0.21075981003,0.485614586456,0.671794432252
 11/03  24:00:00,1.05695737844,4.13469065835,0.0,3.58067043536,0.0,0.0985876187976,0.0985876187976,0.0985876187976,0.3109653648,0.06775143,0.140550925199,0.421990039641,0.524954513825
 11/04  01:00:00,0.778265122002,4.67101512772,0.0,4.26351080748,0.0,0.117388457222,0.117388457222,0.117388457222,0.1619611275,0.035287203125,0.0974662947437,0.349050039411,0.38346255153
 11/04  02:00:00,0.667890252021,5.06540531634,0.0,4.73744261119,0.0,0.130437356539,0.130437356539,0.130437356539,0.0971766765,0.021172321875,0.0806087543343,0.321383142773,0.305826569035
 11/04  03:00:00,0.619320804575,5.35234209294,0.0,5.046368819,0.0,0.138943109795,0.138943109795,0.138943109795,0.064784451,0.0141148794287,0.0667094029443,0.317656961407,0.284093788673
 11/04  04:00:00,0.615760729277,5.69870737178,0.0,5.38753116153,0.0,0.148336429728,0.148336429728,0.148336429728,0.064784451,0.0141148794287,0.0582274253519,0.313185543769,0.289604706009
 11/04  05:00:00,0.620733218223,5.94469188122,0.0,5.57212172529,0.0,0.153418814287,0.153418814287,0.153418814287,0.064784451,0.0141148794287,0.0699481555741,0.301354917933,0.351813518147
 11/04  06:00:00,0.681703476807,6.35946321692,0.0,5.71562273601,0.0,0.157369868482,0.157369868482,0.157369868482,0.0712628961,0.0155263675537,0.084144476437,0.336287868235,0.620677741376
 11/04  07:00:00,0.872080391564,7.40419701383,0.0,6.25181394643,0.0,0.172132973774,0.172132973774,0.172132973774,0.1230904569,0.026818274375,0.144379124629,0.388547561885,1.12562079964
 11/04  08:00:00,1.11195231833,6.47499222234,0.0,5.17744942995,0.0,0.142552189585,0.142552189585,0.142552189585,0.2397024687,0.052225060625,0.232499704129,0.412860895295,1.26910587781
 11/04  09:00:00,1.06887604857,5.38955130524,0.0,4.1250369594,0.0,0.113575817328,0.113575817328,0.113575817328,0.2332240236,0.0508135725,0.30510059573,0.349050039411,1.24047257713
 11/04  10:00:00,0.93171298084,4.08202615362,0.0,2.9297036171,0.0,0.0806643640085,0.0806643640085,0.0806643640085,0.129568902,0.0282297625,0.379068142969,0.297069809363,1.13186104722
 11/04  11:00:00,0.919717530805,3.37015993645,0.0,2.34970163279,0.0,0.064695004202,0.064695004202,0.064695004202,0.1101335667,0.023995298125,0.399725262355,0.304056399423,0.999515594006
 11/04  12:00:00,0.896498764209,1.76051262963,0.0,0.860253507451,0.0,0.023685604803,0.023685604803,0.023685604803,0.1101335667,0.023995298125,0.417422740623,0.304149553957,0.879309996257
 11/04  13:00:00,0.856041799523,0.888371384493,0.0,0.0795822353053,0.0,0.00219116034803,0.00219116034803,0.00219116034803,0.1101335667,0.023995298125,0.403583719771,0.29902605458,0.78819291819
 11/04  14:00:00,0.826147448542,0.753447118968,0.0,0.0,0.0,0.0,0.0,0.0,0.1101335667,0.023995298125,0.365540375848,0.309366207869,0.732138681852
 11/04  15:00:00,0.829649197513,0.700568177099,0.0,0.0,0.0,0.0,0.0,0.0,0.1230904569,0.026818274375,0.335842360485,0.326786105753,0.678059897243
 11/04  16:00:00,0.918941265461,0.708007507178,0.0,0.0,0.0,0.0,0.0,0.0,0.1749180177,0.038110179375,0.343849828477,0.344951239909,0.68424805441
 11/04  17:00:00,1.20497669723,0.782099547199,0.0,0.0,0.0,0.0,0.0,0.0,0.3174438099,0.069162918125,0.393241109689,0.40801685952,0.753996278735
 11/04  18:00:00,1.69289438881,1.29491353619,0.0,0.36793581439,0.0,0.0101304815581,0.0101304815581,0.0101304815581,0.5636247237,0.122799448662,0.483552458743,0.495675276143,0.89283674201
 11/04  19:00:00,1.96061351826,1.06617642642,0.0,0.0,0.0,0.0,0.0,0.0,0.7709349669,0.167967068662,0.436445738992,0.538153743709,1.02910962689
 11/04  20:00:00,1.8772863253,1.51727558573,0.0,0.420204278538,0.0,0.0115696040665,0.0115696040665,0.0115696040665,0.7709349669,0.167967068662,0.354222198616,0.555480487059,1.05881108119
 11/04  21:00:00,1.80151410163,1.9803069166,0.0,0.956027109133,0.0,0.0263225666525,0.0263225666525,0.0263225666525,0.712628961,0.15526369375,0.315609713675,0.574577166557,0.984704245849
 11/04  22:00:00,1.65188522527,2.41071777165,0.0,1.48696535489,0.0,0.0409410405733,0.0409410405733,0.0409410405733,0.6024953943,0.131268395625,0.298905481127,0.561162913641,0.885100798212
 11/04  23:00:00,1.34585730553,2.93390871177,0.0,2.16727880718,0.0,0.0596723045941,0.0596723045941,0.0596723045941,0.4470127119,0.097392680625,0.239053021954,0.485614586456,0.733181882108
 11/04  24:00:00,1.05121112384,3.40074129346,0.0,2.80774776726,0.0,0.0773065188643,0.0773065188643,0.0773065188643,0.3109653648,0.06775143,0.156085770535,0.421990039641,0.563927817038
 11/05  01:00:00,0.756642346903,3.88731794004,0.0,3.47817860784,0.0,0.095765682123,0.095765682123,0.095765682123,0.1619611275,0.035287203125,0.0974662947437,0.349050039411,0.385097563488
 11/05  02:00:00,0.644571975861,4.22000362057,0.0,3.89053036127,0.0,0.107119080379,0.107119080379,0.107119080379,0.0971766765,0.021172321875,0.0806087543343,0.321383142773,0.307337123185
 11/05  03:00:00,0.595457928475,4.48710380339,0.0,4.17967687537,0.0,0.115080233695,0.115080233695,0.115080233695,0.064784451,0.0141148794287,0.0667094029443,0.317656961407,0.285547442757
 11/05  04:00:00,0.590372177374,4.77802526807,0.0,4.46542716609,0.0,0.122947877825,0.122947877825,0.122947877825,0.064784451,0.0141148794287,0.0582274253519,0.313185543769,0.291026597742
 11/05  05:00:00,0.598235190953,5.12922286661,0.0,4.75500064981,0.0,0.130920787017,0.130920787017,0.130920787017,0.064784451,0.0141148794287,0.0699481555741,0.301354917933,0.353465579016
 11/05  06:00:00,0.659986249225,5.57336122927,0.0,4.92686005273,0.0,0.1356526409,0.1356526409,0.1356526409,0.0712628961,0.0155263675537,0.084144476437,0.336287868235,0.623338437006
 11/05  07:00:00,0.852343020546,6.69157895598,0.0,5.53495901336,0.0,0.152395602757,0.152395602757,0.152395602757,0.1230904569,0.026818274375,0.144379124629,0.388547561885,1.12985767487
 11/05  08:00:00,1.09783107952,5.96685326818,0.0,4.66457060256,0.0,0.128430950774,0.128430950774,0.128430950774,0.2397024687,0.052225060625,0.232499704129,0.412860895295,1.27384575105
 11/05  09:00:00,1.05821728971,5.00675016206,0.0,3.73791428432,0.0,0.102917058471,0.102917058471,0.102917058471,0.2332240236,0.0508135725,0.30510059573,0.349050039411,1.24479410904
 11/05  10:00:00,0.926211960029,3.88609656063,0.0,2.72990832005,0.0,0.0751633431974,0.0751633431974,0.0751633431974,0.129568902,0.0282297625,0.379068142969,0.297069809363,1.13572675128
 11/05  11:00:00,0.920885508322,3.41603249658,0.0,2.39212219853,0.0,0.0658629817189,0.0658629817189,0.0658629817189,0.1101335667,0.023995298125,0.399725262355,0.304056399423,1.00296758841
 11/05  12:00:00,0.90995595157,2.25211288576,0.0,1.34901420087,0.0,0.0371427921639,0.0371427921639,0.0371427921639,0.1101335667,0.023995298125,0.417422740623,0.304149553957,0.882149558966
 11/05  13:00:00,0.876821804523,1.6451131653,0.0,0.834305297451,0.0,0.0229711653476,0.0229711653476,0.0229711653476,0.1101335667,0.023995298125,0.403583719771,0.29902605458,0.790211636851
 11/05  14:00:00,0.835499552702,1.09442286285,0.0,0.339665398999,0.0,0.00935210416032,0.00935210416032,0.00935210416032,0.1101335667,0.023995298125,0.365540375848,0.309366207869,0.733449026738
 11/05  15:00:00,0.832235605666,0.795957261552,0.0,0.0939375077861,0.0,0.00258640815333,0.00258640815333,0.00258640815333,0.1230904569,0.026818274375,0.335842360485,0.326786105753,0.67951147391
 11/05  16:00:00,0.924052605103,0.895695383302,0.0,0.185642202984,0.0,0.00511133964181,0.00511133964181,0.00511133964181,0.1749180177,0.038110179375,0.343849828477,0.344951239909,0.686293727551
 11/05  17:00:00,1.21186585106,1.03475157631,0.0,0.250211839205,0.0,0.00688915382397,0.00688915382397,0.00688915382397,0.3174438099,0.069162918125,0.393241109689,0.40801685952,0.756436468644
 11/05  18:00:00,1.69755237004,1.4667337991,0.0,0.537112186602,0.0,0.0147884627921,0.0147884627921,0.0147884627921,0.5636247237,0.122799448662,0.483552458743,0.495675276143,0.895480632706
 11/05  19:00:00,1.96420825998,1.19990020196,0.0,0.130559856836,0.0,0.00359474171901,0.00359474171901,0.00359474171901,0.7709349669,0.167967068662,0.436445738992,0.538153743709,1.0322735456
 11/05  20:00:00,1.87016786224,1.2613552359,0.0,0.161664001952,0.0,0.0044511410043,0.0044511410043,0.0044511410043,0.7709349669,0.167967068662,0.354222198616,0.555480487059,1.06143100795
 11/05  21:00:00,1.78619566301,1.42658621074,0.0,0.399666371515,0.0,0.0110041280236,0.0110041280236,0.0110041280236,0.712628961,0.15526369375,0.315609713675,0.574577166557,0.987344277612
 11/05  22:00:00,1.62812465701,1.55045383397,0.0,0.623989199151,0.0,0.0171804723194,0.0171804723194,0.0171804723194,0.6024953943,0.131268395625,0.298905481127,0.561162913641,0.887813016276
 11/05  23:00:00,1.31491167175,1.81230917908,0.0,1.0433433948,0.0,0.0287266708116,0.0287266708116,0.0287266708116,0.4470127119,0.097392680625,0.239053021954,0.485614586456,0.735517761793
 11/05  24:00:00,1.01348675486,2.03255087571,0.0,1.43761088442,0.0,0.0395821498825,0.0395821498825,0.0395821498825,0.3109653648,0.06775143,0.156085770535,0.421990039641,0.565874282124
 11/06  01:00:00,0.710837227624,2.45085231486,0.0,2.05330553088,0.0,0.0565342459207,0.0565342459207,0.0565342459207,0.1619611275,0.035287203125,0.0908926116669,0.349050039411,0.373505015272
 11/06  02:00:00,0.600874248046,2.77064265166,0.0,2.44679765527,0.0,0.0673683766399,0.0673683766399,0.0673683766399,0.0971766765,0.021172321875,0.0766617302589,0.321383142773,0.301708860273
 11/06  03:00:00,0.552281861811,3.01032938775,0.0,2.70637543088,0.0,0.074515405458,0.074515405458,0.074515405458,0.064784451,0.0141148794287,0.0640981645171,0.317656961407,0.282074471607
 11/06  04:00:00,0.54599743234,3.21181829061,0.0,2.90334181349,0.0,0.0799385369623,0.0799385369623,0.0799385369623,0.064784451,0.0141148794287,0.05686202118,0.313185543769,0.286904972882
 11/06  05:00:00,0.546943841464,3.35352638868,0.0,2.98913093018,0.0,0.0823005931433,0.0823005931433,0.0823005931433,0.064784451,0.0141148794287,0.0672769999586,0.301354917933,0.343638820717
 11/06  06:00:00,0.602784769354,3.61345715705,0.0,2.99811135107,0.0,0.0825478536289,0.0825478536289,0.0825478536289,0.0712628961,0.0155263675537,0.0800477838369,0.336287868235,0.592183066455
 11/06  07:00:00,0.767838859293,3.93521702093,0.0,2.85171036985,0.0,0.078516953721,0.078516953721,0.078516953721,0.1230904569,0.026818274375,0.133753612412,0.388547561885,1.05674438333
 11/06  08:00:00,1.03214787435,4.26102812727,0.0,3.0475516521,0.0,0.0839091075168,0.0839091075168,0.0839091075168,0.2397024687,0.052225060625,0.21133834221,0.412860895295,1.18503956059
 11/06  09:00:00,0.987169571019,3.51130048756,0.0,2.3355963949,0.0,0.0643066406702,0.0643066406702,0.0643066406702,0.2332240236,0.0508135725,0.272663294838,0.349050039411,1.15166232395
 11/06  10:00:00,0.874244712748,3.54846038927,0.0,2.47798818519,0.0,0.0682271543826,0.0682271543826,0.0682271543826,0.129568902,0.0282297625,0.334037084503,0.297069809363,1.05001071478
 11/06  11:00:00,0.886425655265,3.93979336594,0.0,2.98981246196,0.0,0.0823193579518,0.0823193579518,0.0823193579518,0.1101335667,0.023995298125,0.348809033065,0.304056399423,0.929038194333
 11/06  12:00:00,0.906121902603,3.95792428625,0.0,3.11613755511,0.0,0.0857975027163,0.0857975027163,0.0857975027163,0.1101335667,0.023995298125,0.364933981104,0.304149553957,0.820837605219
 11/06  13:00:00,0.878177303555,3.37647162358,0.0,2.61999870519,0.0,0.0721371704713,0.0721371704713,0.0721371704713,0.1101335667,0.023995298125,0.355773213679,0.29902605458,0.735876687395
 11/06  14:00:00,0.855239691491,3.34688440019,0.0,2.63972410289,0.0,0.0726802754637,0.0726802754637,0.0726802754637,0.1101335667,0.023995298125,0.321952343333,0.309366207869,0.68585186018
 11/06  15:00:00,0.857245098328,3.08245835268,0.0,2.4233023239,0.0,0.0667214729903,0.0667214729903,0.0667214729903,0.1230904569,0.026818274375,0.29671678831,0.326786105753,0.636647748926
 11/06  16:00:00,0.951564172287,3.19776242295,0.0,2.53082333763,0.0,0.069681879681,0.069681879681,0.069681879681,0.1749180177,0.038110179375,0.306790855622,0.344951239909,0.643179632557
 11/06  17:00:00,1.24647474545,3.54332982069,0.0,2.81172290487,0.0,0.0774159674603,0.0774159674603,0.0774159674603,0.3174438099,0.069162918125,0.357323190441,0.40801685952,0.70350364735
 11/06  18:00:00,1.74377192648,4.36580219938,0.0,3.49976220487,0.0,0.0963599494464,0.0963599494464,0.0963599494464,0.5636247237,0.122799448662,0.448200528527,0.495675276143,0.831899014722
 11/06  19:00:00,2.00213453965,3.74089387336,0.0,2.75416963636,0.0,0.0758313369284,0.0758313369284,0.0758313369284,0.7709349669,0.167967068662,0.402135423453,0.538153743709,0.949657437473
 11/06  20:00:00,1.91366399444,3.9927562073,0.0,2.98518785744,0.0,0.0821920273986,0.0821920273986,0.0821920273986,0.7709349669,0.167967068662,0.319977444422,0.555480487059,0.969308123867
 11/06  21:00:00,1.83016344751,4.20137350829,0.0,3.26249786655,0.0,0.0898272828515,0.0898272828515,0.0898272828515,0.712628961,0.15526369375,0.280754343348,0.574577166557,0.899300080127
 11/06  22:00:00,1.6751990638,4.47940972373,0.0,3.62694598093,0.0,0.099861736572,0.099861736572,0.099861736572,0.6024953943,0.131268395625,0.263298623659,0.561162913641,0.813812124259
 11/06  23:00:00,1.37153900797,4.83809217446,0.0,4.12763024364,0.0,0.113647218962,0.113647218962,0.113647218962,0.4470127119,0.097392680625,0.21075981003,0.485614586456,0.677013908332
 11/06  24:00:00,1.08253541192,5.06715807696,0.0,4.50965634063,0.0,0.124165652283,0.124165652283,0.124165652283,0.3109653648,0.06775143,0.140550925199,0.421990039641,0.52843602716
 11/07  01:00:00,0.800614754836,5.71008539059,0.0,5.31399628871,0.0,0.146311773133,0.146311773133,0.146311773133,0.1619611275,0.035287203125,0.0908926116669,0.349050039411,0.372047333168
 11/07  02:00:00,0.685901243974,5.85746045005,0.0,5.53495065295,0.0,0.152395372567,0.152395372567,0.152395372567,0.0971766765,0.021172321875,0.0766617302589,0.321383142773,0.30037366098
 11/07  03:00:00,0.632555031169,5.92381864271,0.0,5.62187098478,0.0,0.154788574816,0.154788574816,0.154788574816,0.064784451,0.0141148794287,0.0640981645171,0.317656961407,0.280068172658
 11/07  04:00:00,0.62428003936,6.05380841155,0.0,5.74654078693,0.0,0.158221143983,0.158221143983,0.158221143983,0.064784451,0.0141148794287,0.05686202118,0.313185543769,0.285696120378
 11/07  05:00:00,0.625966642795,6.22269311214,0.0,5.85921352165,0.0,0.161323394474,0.161323394474,0.161323394474,0.064784451,0.0141148794287,0.0672769999586,0.301354917933,0.342722952716
 11/07  06:00:00,0.690333694027,6.79339005365,0.0,6.17785998531,0.0,0.170096778302,0.170096778302,0.170096778302,0.0712628961,0.0155263675537,0.0800477838369,0.336287868235,0.592367328801
 11/07  07:00:00,0.87053765117,7.66693812021,0.0,6.58169728205,0.0,0.181215745598,0.181215745598,0.181215745598,0.1230904569,0.026818274375,0.133753612412,0.388547561885,1.05847857041
 11/07  08:00:00,1.12630052877,7.68258197805,0.0,6.46714561555,0.0,0.178061761942,0.178061761942,0.178061761942,0.2397024687,0.052225060625,0.21133834221,0.412860895295,1.18699944792
 11/07  09:00:00,1.08902133732,7.21207278468,0.0,6.03481961205,0.0,0.16615840697,0.16615840697,0.16615840697,0.2332240236,0.0508135725,0.272663294838,0.349050039411,1.15321140392
 11/07  10:00:00,0.968722761853,6.98101212664,0.0,5.90940037819,0.0,0.162705203488,0.162705203488,0.162705203488,0.129568902,0.0282297625,0.334037084503,0.297069809363,1.05115025916
 11/07  11:00:00,0.998263100353,8.00258950794,0.0,7.05171230371,0.0,0.19415680304,0.19415680304,0.19415680304,0.1101335667,0.023995298125,0.348809033065,0.304056399423,0.929934494575
 11/07  12:00:00,0.979730754076,6.63123715095,0.0,5.78958723838,0.0,0.159406354189,0.159406354189,0.159406354189,0.1101335667,0.023995298125,0.364933981104,0.304149553957,0.820700786651
 11/07  13:00:00,0.956054938158,6.20569791845,0.0,5.44848921137,0.0,0.150014805074,0.150014805074,0.150014805074,0.1101335667,0.023995298125,0.355773213679,0.29902605458,0.736612476084
 11/07  14:00:00,0.922600505114,5.79404158548,0.0,5.08624707186,0.0,0.140041089087,0.140041089087,0.140041089087,0.1101335667,0.023995298125,0.321952343333,0.309366207869,0.686486076502
 11/07  15:00:00,0.910613281713,5.02081848934,0.0,4.36161748728,0.0,0.120089656376,0.120089656376,0.120089656376,0.1230904569,0.026818274375,0.29671678831,0.326786105753,0.636692722202
 11/07  16:00:00,0.994955324158,4.77387143359,0.0,4.10677594259,0.0,0.113073031552,0.113073031552,0.113073031552,0.1749180177,0.038110179375,0.306790855622,0.344951239909,0.643336038235
 11/07  17:00:00,1.28284623551,4.86471412792,0.0,4.13272366279,0.0,0.113787457522,0.113787457522,0.113787457522,0.3174438099,0.069162918125,0.357323190441,0.40801685952,0.703887196665
 11/07  18:00:00,1.78073881434,5.70938917948,0.0,4.84238761847,0.0,0.133326837311,0.133326837311,0.133326837311,0.5636247237,0.122799448662,0.448200528527,0.495675276143,0.832860581222
 11/07  19:00:00,2.03406844997,4.90216880343,0.0,3.91399893295,0.0,0.107765247247,0.107765247247,0.107765247247,0.7709349669,0.167967068662,0.402135423453,0.538153743709,0.95110307095
 11/07  20:00:00,1.93891849354,4.91107627998,0.0,3.90242309837,0.0,0.107446526497,0.107446526497,0.107446526497,0.7709349669,0.167967068662,0.319977444422,0.555480487059,0.970392955613
 11/07  21:00:00,1.8499825628,4.92275422953,0.0,3.9823217254,0.0,0.109646398148,0.109646398148,0.109646398148,0.712628961,0.15526369375,0.280754343348,0.574577166557,0.900856942512
 11/07  22:00:00,1.68560792809,4.85854225417,0.0,4.00499256615,0.0,0.110270600863,0.110270600863,0.110270600863,0.6024953943,0.131268395625,0.263298623659,0.561162913641,0.814898069469
 11/07  23:00:00,1.37348622144,4.90956417184,0.0,4.19835240708,0.0,0.115594432428,0.115594432428,0.115594432428,0.4470127119,0.097392680625,0.21075981003,0.485614586456,0.677763742273
 11/07  24:00:00,1.08277541261,5.0769902846,0.0,4.51837308793,0.0,0.124405652969,0.124405652969,0.124405652969,0.3109653648,0.06775143,0.140550925199,0.421990039641,0.529551487508
 11/08  01:00:00,0.791921152794,5.3949375319,0.0,4.99824747369,0.0,0.137618171091,0.137618171091,0.137618171091,0.1619611275,0.035287203125,0.0908926116669,0.349050039411,0.372648289495
 11/08  02:00:00,0.679217526327,5.61503371586,0.0,5.29220018926,0.0,0.14571165492,0.14571165492,0.14571165492,0.0971766765,0.021172321875,0.0766617302589,0.321383142773,0.300697390473
 11/08  03:00:00,0.627579402849,5.74366289696,0.0,5.44115777312,0.0,0.149812946496,0.149812946496,0.149812946496,0.064784451,0.0141148794287,0.0640981645171,0.317656961407,0.280625638578
 11/08  04:00:00,0.620411544829,5.91380541277,0.0,5.60603831649,0.0,0.154352649452,0.154352649452,0.154352649452,0.064784451,0.0141148794287,0.05686202118,0.313185543769,0.286195592039
 11/08  05:00:00,0.63232619248,6.45456901865,0.0,6.09019030979,0.0,0.167682944159,0.167682944159,0.167682944159,0.064784451,0.0141148794287,0.0672769999586,0.301354917933,0.343622071082
 11/08  06:00:00,0.685274369672,6.61118274213,0.0,5.99410696072,0.0,0.165037453947,0.165037453947,0.165037453947,0.0712628961,0.0155263675537,0.0800477838369,0.336287868235,0.593913041881
 11/08  07:00:00,0.870730694347,7.67705149203,0.0,6.58870854783,0.0,0.181408788775,0.181408788775,0.181408788775,0.1230904569,0.026818274375,0.133753612412,0.388547561885,1.06158067644
 11/08  08:00:00,1.10289826969,6.83585764471,0.0,5.61718313318,0.0,0.154659502863,0.154659502863,0.154659502863,0.2397024687,0.052225060625,0.21133834221,0.412860895295,1.19023759696
 11/08  09:00:00,1.05210223037,5.87501249178,0.0,4.693929586,0.0,0.129239300025,0.129239300025,0.129239300025,0.2332240236,0.0508135725,0.272663294838,0.349050039411,1.15704113707
 11/08  10:00:00,0.907681836477,4.76772016755,0.0,3.69241370677,0.0,0.101664278112,0.101664278112,0.101664278112,0.129568902,0.0282297625,0.334037084503,0.297069809363,1.05484497147
 11/08  11:00:00,0.902637171291,4.53320532232,0.0,3.57860948183,0.0,0.0985308739772,0.0985308739772,0.0985308739772,0.1101335667,0.023995298125,0.348809033065,0.304056399423,0.933653130839
 11/08  12:00:00,0.874820850809,2.8248061296,0.0,1.9792934755,0.0,0.0544964509226,0.0544964509226,0.0544964509226,0.1101335667,0.023995298125,0.364933981104,0.304149553957,0.824563528178
 11/08  13:00:00,0.838923992546,1.95576572436,0.0,1.19433114229,0.0,0.0328838594613,0.0328838594613,0.0328838594613,0.1101335667,0.023995298125,0.355773213679,0.29902605458,0.740838351078
 11/08  14:00:00,0.800521732244,1.36515478786,0.0,0.6523855167,0.0,0.0179623162172,0.0179623162172,0.0179623162172,0.1101335667,0.023995298125,0.321952343333,0.309366207869,0.691460834045
 11/08  15:00:00,0.80605962908,1.22829969315,0.0,0.564262632182,0.0,0.0155360037422,0.0155360037422,0.0155360037422,0.1230904569,0.026818274375,0.29671678831,0.326786105753,0.641528781108
 11/08  16:00:00,0.900421133628,1.3455771583,0.0,0.673324711177,0.0,0.0185388410218,0.0185388410218,0.0185388410218,0.1749180177,0.038110179375,0.306790855622,0.344951239909,0.648492994353
 11/08  17:00:00,1.19617321417,1.72206595258,0.0,0.984787554323,0.0,0.0271144361803,0.0271144361803,0.0271144361803,0.3174438099,0.069162918125,0.357323190441,0.40801685952,0.709175129788
 11/08  18:00:00,1.70119053411,2.82588275516,0.0,1.95321980304,0.0,0.0537785570737,0.0537785570737,0.0537785570737,0.5636247237,0.122799448662,0.448200528527,0.495675276143,0.838521972329
 11/08  19:00:00,1.9658502387,2.43007983122,0.0,1.43633555851,0.0,0.0395470359711,0.0395470359711,0.0395470359711,0.7709349669,0.167967068662,0.402135423453,0.538153743709,0.95667747318
 11/08  20:00:00,1.8762913499,2.64227361698,0.0,1.6278254924,0.0,0.0448193828531,0.0448193828531,0.0448193828531,0.7709349669,0.167967068662,0.319977444422,0.555480487059,0.976187898588
 11/08  21:00:00,1.80177219001,3.17711211118,0.0,2.23133657487,0.0,0.0614360253544,0.0614360253544,0.0614360253544,0.712628961,0.15526369375,0.280754343348,0.574577166557,0.906199974692
 11/08  22:00:00,1.64478054998,3.38039639406,0.0,2.52215539514,0.0,0.069443222752,0.069443222752,0.069443222752,0.6024953943,0.131268395625,0.263298623659,0.561162913641,0.819589380374
 11/08  23:00:00,1.33771967493,3.61414058284,0.0,2.89932300327,0.0,0.0798278859163,0.0798278859163,0.0798278859163,0.4470127119,0.097392680625,0.21075981003,0.485614586456,0.681369557073
 11/08  24:00:00,1.05403653748,4.03579887852,0.0,3.47458643623,0.0,0.0956667778391,0.0956667778391,0.0956667778391,0.3109653648,0.06775143,0.140550925199,0.421990039641,0.532146733124
 11/09  01:00:00,0.764030416999,4.38360763471,0.0,3.98526496839,0.0,0.109727435296,0.109727435296,0.109727435296,0.1619611275,0.035287203125,0.0908926116669,0.349050039411,0.374300897616
 11/09  02:00:00,0.649190899605,4.52592133045,0.0,4.20164281616,0.0,0.115685028198,0.115685028198,0.115685028198,0.0971766765,0.021172321875,0.0766617302589,0.321383142773,0.302142378173
 11/09  03:00:00,0.605133109743,4.92982268785,0.0,4.62591566576,0.0,0.12736665339,0.12736665339,0.12736665339,0.064784451,0.0141148794287,0.0640981645171,0.317656961407,0.282027536828
 11/09  04:00:00,0.597240132013,5.07376940957,0.0,4.76446009573,0.0,0.131181236635,0.131181236635,0.131181236635,0.064784451,0.0141148794287,0.05686202118,0.313185543769,0.287737809603
 11/09  05:00:00,0.600528867599,5.300861717,0.0,4.93532175213,0.0,0.135885619279,0.135885619279,0.135885619279,0.064784451,0.0141148794287,0.0672769999586,0.301354917933,0.344783327083
 11/09  06:00:00,0.65888574083,5.65478046905,0.0,5.03568049423,0.0,0.138648825105,0.138648825105,0.138648825105,0.0712628961,0.0155263675537,0.0800477838369,0.336287868235,0.595937235293
 11/09  07:00:00,0.822129251692,5.91554832282,0.0,4.82351986638,0.0,0.13280734612,0.13280734612,0.13280734612,0.1230904569,0.026818274375,0.133753612412,0.388547561885,1.06526618869
 11/09  08:00:00,1.07205211509,5.72008431543,0.0,4.49686077229,0.0,0.123813348256,0.123813348256,0.123813348256,0.2397024687,0.052225060625,0.21133834221,0.412860895295,1.19478662857
 11/09  09:00:00,1.03519739034,5.26503607666,0.0,4.07995126215,0.0,0.112334459986,0.112334459986,0.112334459986,0.2332240236,0.0508135725,0.272663294838,0.349050039411,1.16104304581
 11/09  10:00:00,0.912315201401,4.93939672854,0.0,3.86069602256,0.0,0.106297643035,0.106297643035,0.106297643035,0.129568902,0.0282297625,0.334037084503,0.297069809363,1.05823921668
 11/09  11:00:00,0.923512902118,5.29387691715,0.0,4.3368092751,0.0,0.119406604805,0.119406604805,0.119406604805,0.1101335667,0.023995298125,0.348809033065,0.304056399423,0.936124932395
 11/09  12:00:00,0.925196926301,4.65656870417,0.0,3.8089362477,0.0,0.104872526414,0.104872526414,0.104872526414,0.1101335667,0.023995298125,0.364933981104,0.304149553957,0.826683330544
 11/09  13:00:00,0.910885833065,4.57016173053,0.0,3.80796192031,0.0,0.104845699981,0.104845699981,0.104845699981,0.1101335667,0.023995298125,0.355773213679,0.29902605458,0.74160357922
 11/09  14:00:00,0.885447809233,4.44974534183,0.0,3.73687317119,0.0,0.102888393206,0.102888393206,0.102888393206,0.1101335667,0.023995298125,0.321952343333,0.309366207869,0.69156373353
 11/09  15:00:00,0.893055914722,4.38788673835,0.0,3.72393959552,0.0,0.102532289384,0.102532289384,0.102532289384,0.1230904569,0.026818274375,0.29671678831,0.326786105753,0.641438862974
 11/09  16:00:00,0.986450506324,4.4695183715,0.0,3.79788370897,0.0,0.104568213718,0.104568213718,0.104568213718,0.1749180177,0.038110179375,0.306790855622,0.344951239909,0.647875209771
 11/09  17:00:00,1.27828826843,4.70390246836,0.0,3.96717977231,0.0,0.109229490442,0.109229490442,0.109229490442,0.3174438099,0.069162918125,0.357323190441,0.40801685952,0.708619427587
 11/09  18:00:00,1.78105473961,5.72613306623,0.0,4.85386192206,0.0,0.13364276258,0.13364276258,0.13364276258,0.5636247237,0.122799448662,0.448200528527,0.495675276143,0.838130164375
 11/09  19:00:00,2.0348894736,4.93783634643,0.0,3.94381824553,0.0,0.108586270872,0.108586270872,0.108586270872,0.7709349669,0.167967068662,0.402135423453,0.538153743709,0.956951301376
 11/09  20:00:00,1.94144626276,5.00920212791,0.0,3.99423085906,0.0,0.109974295717,0.109974295717,0.109974295717,0.7709349669,0.167967068662,0.319977444422,0.555480487059,0.976711042852
 11/09  21:00:00,1.85785509849,5.21396690283,0.0,4.2682496759,0.0,0.117518933836,0.117518933836,0.117518933836,0.712628961,0.15526369375,0.280754343348,0.574577166557,0.906141665312
 11/09  22:00:00,1.69815359632,5.31906920476,0.0,4.46064717939,0.0,0.12281626909,0.12281626909,0.12281626909,0.6024953943,0.131268395625,0.263298623659,0.561162913641,0.819770406827
 11/09  23:00:00,1.39147893533,5.56689007479,0.0,4.85184195733,0.0,0.133587146315,0.133587146315,0.133587146315,0.4470127119,0.097392680625,0.21075981003,0.485614586456,0.681600094977
 11/09  24:00:00,1.1010137711,5.74203442646,0.0,5.18078437061,0.0,0.142644011456,0.142644011456,0.142644011456,0.3109653648,0.06775143,0.140550925199,0.421990039641,0.532184346685
 11/10  01:00:00,0.810326198608,6.06477077984,0.0,5.6667127862,0.0,0.156023216905,0.156023216905,0.156023216905,0.1619611275,0.035287203125,0.0908926116669,0.349050039411,0.374016224933
 11/10  02:00:00,0.699090829646,6.33785177156,0.0,6.01399213957,0.0,0.165584958239,0.165584958239,0.165584958239,0.0971766765,0.021172321875,0.0766617302589,0.321383142773,0.301723495876
 11/10  03:00:00,0.649215527471,6.53027380368,0.0,6.22697482311,0.0,0.171449071118,0.171449071118,0.171449071118,0.064784451,0.0141148794287,0.0640981645171,0.317656961407,0.281419495307
 11/10  04:00:00,0.646253086344,6.85322950179,0.0,6.54459474817,0.0,0.180194190966,0.180194190966,0.180194190966,0.064784451,0.0141148794287,0.05686202118,0.313185543769,0.287063249382
 11/10  05:00:00,0.648277083158,7.03475610473,0.0,6.66952150133,0.0,0.183633834838,0.183633834838,0.183633834838,0.064784451,0.0141148794287,0.0672769999586,0.301354917933,0.344477965615
 11/10  06:00:00,0.706982054403,7.40225370346,0.0,6.78252305073,0.0,0.186745138678,0.186745138678,0.186745138678,0.0712628961,0.0155263675537,0.0800477838369,0.336287868235,0.596567913194
 11/10  07:00:00,0.890126656184,8.38739810229,0.0,7.29316360985,0.0,0.200804750612,0.200804750612,0.200804750612,0.1230904569,0.026818274375,0.133753612412,0.388547561885,1.06747222469
 11/10  08:00:00,1.12347346394,7.58996092664,0.0,6.36446753489,0.0,0.175234697107,0.175234697107,0.175234697107,0.2397024687,0.052225060625,0.21133834221,0.412860895295,1.19705647718
 11/10  09:00:00,1.07648698085,6.76733851257,0.0,5.57957583822,0.0,0.153624050501,0.153624050501,0.153624050501,0.2332240236,0.0508135725,0.272663294838,0.349050039411,1.16372090564
 11/10  10:00:00,0.930057160996,5.58631673032,0.0,4.50507825798,0.0,0.12403960263,0.12403960263,0.12403960263,0.129568902,0.0282297625,0.334037084503,0.297069809363,1.06077698304
 11/10  11:00:00,0.934659747219,5.70144732611,0.0,4.74165908472,0.0,0.130553449906,0.130553449906,0.130553449906,0.1101335667,0.023995298125,0.348809033065,0.304056399423,0.93884553174
 11/10  12:00:00,0.929214038834,4.80458004061,0.0,3.95483647592,0.0,0.108889638947,0.108889638947,0.108889638947,0.1101335667,0.023995298125,0.364933981104,0.304149553957,0.828794438767
 11/10  13:00:00,0.906729182793,4.42118717089,0.0,3.65699372653,0.0,0.100689049709,0.100689049709,0.100689049709,0.1101335667,0.023995298125,0.355773213679,0.29902605458,0.74359721336
 11/10  14:00:00,0.885854839158,4.46608864845,0.0,3.75165636645,0.0,0.103295423132,0.103295423132,0.103295423132,0.1101335667,0.023995298125,0.321952343333,0.309366207869,0.693123844887
 11/10  15:00:00,0.897689311054,4.55777200994,0.0,3.89222305205,0.0,0.107165685717,0.107165685717,0.107165685717,0.1230904569,0.026818274375,0.29671678831,0.326786105753,0.643040678036
 11/10  16:00:00,0.991008662759,4.636616971,0.0,3.96343447676,0.0,0.109126370153,0.109126370153,0.109126370153,0.1749180177,0.038110179375,0.306790855622,0.344951239909,0.649423041469
 11/10  17:00:00,1.27892047921,4.72846260261,0.0,3.99014146354,0.0,0.109861701225,0.109861701225,0.109861701225,0.3174438099,0.069162918125,0.357323190441,0.40801685952,0.710217870602
 11/10  18:00:00,1.78264939034,5.78616821918,0.0,4.91177912071,0.0,0.135237413304,0.135237413304,0.135237413304,0.5636247237,0.122799448662,0.448200528527,0.495675276143,0.840248118677
 11/10  19:00:00,2.03192742042,4.83280004719,0.0,3.8362374319,0.0,0.105624217693,0.105624217693,0.105624217693,0.7709349669,0.167967068662,0.402135423453,0.538153743709,0.959495815766
 11/10  20:00:00,1.93360577996,4.7268069309,0.0,3.70946705924,0.0,0.102133812921,0.102133812921,0.102133812921,0.7709349669,0.167967068662,0.319977444422,0.555480487059,0.979079645666
 11/10  21:00:00,1.8448242359,4.74283633122,0.0,3.79497296038,0.0,0.104488071248,0.104488071248,0.104488071248,0.712628961,0.15526369375,0.280754343348,0.574577166557,0.908287809218
 11/10  22:00:00,1.68446367895,4.82412357345,0.0,3.96343380754,0.0,0.109126351727,0.109126351727,0.109126351727,0.6024953943,0.131268395625,0.263298623659,0.561162913641,0.822038147358
 11/10  23:00:00,1.37464857074,4.95743921549,0.0,4.24056855767,0.0,0.116756781725,0.116756781725,0.116756781725,0.4470127119,0.097392680625,0.21075981003,0.485614586456,0.683422635333
 11/10  24:00:00,1.08340807258,5.10393643514,0.0,4.54135109342,0.0,0.125038312938,0.125038312938,0.125038312938,0.3109653648,0.06775143,0.140550925199,0.421990039641,0.533519632563
 11/11  01:00:00,0.794345901867,5.26049134098,0.0,4.84755953229,0.0,0.133469237087,0.133469237087,0.133469237087,0.1619611275,0.035287203125,0.0974662947437,0.349050039411,0.38889003999
 11/11  02:00:00,0.676012722789,5.36428138781,0.0,5.03244812299,0.0,0.138559827307,0.138559827307,0.138559827307,0.0971766765,0.021172321875,0.0806087543343,0.321383142773,0.309697128707
 11/11  03:00:00,0.622097985783,5.45675361344,0.0,5.14723514245,0.0,0.141720291003,0.141720291003,0.141720291003,0.064784451,0.0141148794287,0.0667094029443,0.317656961407,0.287638985724
 11/11  04:00:00,0.611512831692,5.54837829632,0.0,5.23324889485,0.0,0.144088532143,0.144088532143,0.144088532143,0.064784451,0.0141148794287,0.0582274253519,0.313185543769,0.293557897228
 11/11  05:00:00,0.613488534857,5.68719572273,0.0,5.30899716807,0.0,0.146174130921,0.146174130921,0.146174130921,0.064784451,0.0141148794287,0.0699481555741,0.301354917933,0.357441916882
 11/11  06:00:00,0.669179255791,5.91674941404,0.0,5.26074707854,0.0,0.144845647465,0.144845647465,0.144845647465,0.0712628961,0.0155263675537,0.084144476437,0.336287868235,0.632839595973
 11/11  07:00:00,0.837173724626,6.16039962185,0.0,4.98401509069,0.0,0.137226306836,0.137226306836,0.137226306836,0.1230904569,0.026818274375,0.144379124629,0.388547561885,1.14962226341
 11/11  08:00:00,1.11525288288,6.6231480559,0.0,5.29732486704,0.0,0.145852754133,0.145852754133,0.145852754133,0.2397024687,0.052225060625,0.232499704129,0.412860895295,1.29738627429
 11/11  09:00:00,1.07952258045,5.80377230382,0.0,4.51171555466,0.0,0.12422234921,0.12422234921,0.12422234921,0.2332240236,0.0508135725,0.30510059573,0.349050039411,1.26801498045
 11/11  10:00:00,0.952290168935,4.85435699119,0.0,3.67706043485,0.0,0.101241552103,0.101241552103,0.101241552103,0.129568902,0.0282297625,0.379068142969,0.297069809363,1.15683506704
 11/11  11:00:00,0.967534607139,5.12877611094,0.0,4.0864023831,0.0,0.112512080537,0.112512080537,0.112512080537,0.1101335667,0.023995298125,0.399725262355,0.304056399423,1.02143101819
 11/11  12:00:00,0.967940183571,4.3735088231,0.0,3.45498275735,0.0,0.0951270241656,0.0951270241656,0.0951270241656,0.1101335667,0.023995298125,0.417422740623,0.304149553957,0.897576939832
 11/11  13:00:00,0.939992637401,3.95243966789,0.0,3.12864952063,0.0,0.0861419982261,0.0861419982261,0.0861419982261,0.1101335667,0.023995298125,0.403583719771,0.29902605458,0.803193916265
 11/11  14:00:00,0.910146088709,3.81696077943,0.0,3.05080344902,0.0,0.0839986401675,0.0839986401675,0.0839986401675,0.1101335667,0.023995298125,0.365540375848,0.309366207869,0.744848893292
 11/11  15:00:00,0.919194747325,3.96468728595,0.0,3.25226541368,0.0,0.0895455498128,0.0895455498128,0.0895455498128,0.1230904569,0.026818274375,0.335842360485,0.326786105753,0.689913592412
 11/11  16:00:00,1.00904841163,3.992432752,0.0,3.27266241169,0.0,0.0901071461675,0.0901071461675,0.0901071461675,0.1749180177,0.038110179375,0.343849828477,0.344951239909,0.696010887544
 11/11  17:00:00,1.29297010674,3.99111764643,0.0,3.19589217982,0.0,0.0879934095108,0.0879934095108,0.0879934095108,0.3174438099,0.069162918125,0.393241109689,0.40801685952,0.767122198145
 11/11  18:00:00,1.79221648105,4.91819340138,0.0,3.9752820877,0.0,0.109452573799,0.109452573799,0.109452573799,0.5636247237,0.122799448662,0.483552458743,0.495675276143,0.908770333889
 11/11  19:00:00,2.0443536579,4.12634103183,0.0,3.04141479338,0.0,0.0837401396381,0.0837401396381,0.0837401396381,0.7709349669,0.167967068662,0.436445738992,0.538153743709,1.04785943893
 11/11  20:00:00,1.94925010949,4.14979354967,0.0,3.03390564984,0.0,0.0835333882507,0.0835333882507,0.0835333882507,0.7709349669,0.167967068662,0.354222198616,0.555480487059,1.07762767383
 11/11  21:00:00,1.86202227213,4.19577950677,0.0,3.15366429557,0.0,0.0868307371483,0.0868307371483,0.0868307371483,0.712628961,0.15526369375,0.315609713675,0.574577166557,1.00253964958
 11/11  22:00:00,1.70778471087,4.4568977952,0.0,3.51721659627,0.0,0.0968405261755,0.0968405261755,0.0968405261755,0.6024953943,0.131268395625,0.298905481127,0.561162913641,0.901029580389
 11/11  23:00:00,1.39708677523,4.80693163529,0.0,4.02791658109,0.0,0.110901774294,0.110901774294,0.110901774294,0.4470127119,0.097392680625,0.239053021954,0.485614586456,0.745567031716
 11/11  24:00:00,1.09954185044,5.16452753602,0.0,4.56310412923,0.0,0.125637245468,0.125637245468,0.125637245468,0.3109653648,0.06775143,0.156085770535,0.421990039641,0.572357697619
 11/12  01:00:00,0.79832315921,5.40582770849,0.0,4.99201223288,0.0,0.13744649443,0.13744649443,0.13744649443,0.1619611275,0.035287203125,0.0974662947437,0.349050039411,0.389773706909
 11/12  02:00:00,0.682720347936,5.60846577951,0.0,5.27606689933,0.0,0.145267452454,0.145267452454,0.145267452454,0.0971766765,0.021172321875,0.0806087543343,0.321383142773,0.310262744056
 11/12  03:00:00,0.632617822736,5.83912083694,0.0,5.52931221886,0.0,0.152240127956,0.152240127956,0.152240127956,0.064784451,0.0141148794287,0.0667094029443,0.317656961407,0.287929132812
 11/12  04:00:00,0.62767937128,6.13582332467,0.0,5.82041238507,0.0,0.160255071731,0.160255071731,0.160255071731,0.064784451,0.0141148794287,0.0582274253519,0.313185543769,0.293839435358
 11/12  05:00:00,0.628959221017,6.24957708055,0.0,5.87088748678,0.0,0.161644817081,0.161644817081,0.161644817081,0.064784451,0.0141148794287,0.0699481555741,0.301354917933,0.357932955981
 11/12  06:00:00,0.68911652527,6.6421333216,0.0,5.98486225908,0.0,0.164782916944,0.164782916944,0.164782916944,0.0712628961,0.0155263675537,0.084144476437,0.336287868235,0.634108322978
 11/12  07:00:00,0.883830804488,7.85816283265,0.0,6.67858514421,0.0,0.183883386698,0.183883386698,0.183883386698,0.1230904569,0.026818274375,0.144379124629,0.388547561885,1.15281542068
 11/12  08:00:00,1.14979518684,7.88148147774,0.0,6.55189017724,0.0,0.180395058093,0.180395058093,0.180395058093,0.2397024687,0.052225060625,0.232499704129,0.412860895295,1.30115438593
 11/12  09:00:00,1.10595976328,6.76700484887,0.0,5.47190548642,0.0,0.150659532043,0.150659532043,0.150659532043,0.2332240236,0.0508135725,0.30510059573,0.349050039411,1.27105759374
 11/12  10:00:00,0.97843651135,5.80689240609,0.0,4.62668713668,0.0,0.127387894519,0.127387894519,0.127387894519,0.129568902,0.0282297625,0.379068142969,0.297069809363,1.15974378011
 11/12  11:00:00,0.992359075483,6.03303541288,0.0,4.98801904609,0.0,0.137336548881,0.137336548881,0.137336548881,0.1101335667,0.023995298125,0.399725262355,0.304056399423,1.02407365714
 11/12  12:00:00,0.964844567705,4.2630219334,0.0,3.34255099008,0.0,0.0920314082993,0.0920314082993,0.0920314082993,0.1101335667,0.023995298125,0.417422740623,0.304149553957,0.899521817394
 11/12  13:00:00,0.930651851306,3.61575149432,0.0,2.7893951901,0.0,0.0768012121309,0.0768012121309,0.0768012121309,0.1101335667,0.023995298125,0.403583719771,0.29902605458,0.805760073221
 11/12  14:00:00,0.893587547834,3.21808952135,0.0,2.44940259882,0.0,0.0674400992924,0.0674400992924,0.0674400992924,0.1101335667,0.023995298125,0.365540375848,0.309366207869,0.747378485416
 11/12  15:00:00,0.896226952977,3.13318487894,0.0,2.41808254984,0.0,0.0665777554647,0.0665777554647,0.0665777554647,0.1230904569,0.026818274375,0.335842360485,0.326786105753,0.692594049244
 11/12  16:00:00,0.99564821748,3.50884740114,0.0,2.7859716933,0.0,0.0767069520188,0.0767069520188,0.0767069520188,0.1749180177,0.038110179375,0.343849828477,0.344951239909,0.699116255067
 11/12  17:00:00,1.2925338144,3.97860401653,0.0,3.18004618298,0.0,0.0875571171672,0.0875571171672,0.0875571171672,0.3174438099,0.069162918125,0.393241109689,0.40801685952,0.77045456509
 11/12  18:00:00,1.80972294889,5.55747166419,0.0,4.61111133899,0.0,0.126959041645,0.126959041645,0.126959041645,0.5636247237,0.122799448662,0.483552458743,0.495675276143,0.912219345415
 11/12  19:00:00,2.0659042422,4.91193067206,0.0,3.82412504647,0.0,0.105290723936,0.105290723936,0.105290723936,0.7709349669,0.167967068662,0.436445738992,0.538153743709,1.05073882607
 11/12  20:00:00,1.97639667614,5.13874540124,0.0,4.01986017253,0.0,0.110679954903,0.110679954903,0.110679954903,0.7709349669,0.167967068662,0.354222198616,0.555480487059,1.08062500272
 11/12  21:00:00,1.8973511424,5.48109395315,0.0,4.43679743974,0.0,0.122159607416,0.122159607416,0.122159607416,0.712628961,0.15526369375,0.315609713675,0.574577166557,1.0047209518
 11/12  22:00:00,1.74807893938,5.92222536232,0.0,4.98068994611,0.0,0.137134754684,0.137134754684,0.137134754684,0.6024953943,0.131268395625,0.298905481127,0.561162913641,0.902883797664
 11/12  23:00:00,1.43978658479,6.35893085618,0.0,5.57875985704,0.0,0.153601583859,0.153601583859,0.153601583859,0.4470127119,0.097392680625,0.239053021954,0.485614586456,0.746722976649
 11/12  24:00:00,1.14496178964,6.8144590952,0.0,6.21274163375,0.0,0.171057184662,0.171057184662,0.171057184662,0.3109653648,0.06775143,0.156085770535,0.421990039641,0.572651752279
 11/13  01:00:00,0.841982337225,7.21581574404,0.0,6.81645350443,0.0,0.187679355522,0.187679355522,0.187679355522,0.1619611275,0.035287203125,0.0908926116669,0.349050039411,0.375320470902
 11/13  02:00:00,0.733362173388,7.5829190621,0.0,7.2587162623,0.0,0.199856301982,0.199856301982,0.199856301982,0.0971766765,0.021172321875,0.0766617302589,0.321383142773,0.302066663682
 11/13  03:00:00,0.686146025657,7.87218104961,0.0,7.56827857535,0.0,0.208379569304,0.208379569304,0.208379569304,0.064784451,0.0141148794287,0.0640981645171,0.317656961407,0.282022988995
 11/13  04:00:00,0.681603308265,8.13732940757,0.0,7.82850337749,0.0,0.215544412888,0.215544412888,0.215544412888,0.064784451,0.0141148794287,0.05686202118,0.313185543769,0.287254525844
 11/13  05:00:00,0.687035635088,8.44334179188,0.0,8.0772195744,0.0,0.222392386767,0.222392386767,0.222392386767,0.064784451,0.0141148794287,0.0672769999586,0.301354917933,0.345365579697
 11/13  06:00:00,0.746306150847,8.83393563876,0.0,8.21076151772,0.0,0.226069235122,0.226069235122,0.226069235122,0.0712628961,0.0155263675537,0.0800477838369,0.336287868235,0.600011381505
 11/13  07:00:00,0.930282150896,9.85382079416,0.0,8.75159819308,0.0,0.240960245324,0.240960245324,0.240960245324,0.1230904569,0.026818274375,0.133753612412,0.388547561885,1.07546033332
 11/13  08:00:00,1.15506113551,8.74659419335,0.0,7.51172155218,0.0,0.206822368679,0.206822368679,0.206822368679,0.2397024687,0.052225060625,0.21133834221,0.412860895295,1.20643572659
 11/13  09:00:00,1.09636016696,7.49824876432,0.0,6.30136353153,0.0,0.173497236612,0.173497236612,0.173497236612,0.2332240236,0.0508135725,0.272663294838,0.349050039411,1.17284346408
 11/13  10:00:00,0.946870043862,6.20532340933,0.0,5.11571672708,0.0,0.140852485497,0.140852485497,0.140852485497,0.129568902,0.0282297625,0.334037084503,0.297069809363,1.06914519295
 11/13  11:00:00,0.943363474257,6.0246547825,0.0,5.05777563629,0.0,0.139257176944,0.139257176944,0.139257176944,0.1101335667,0.023995298125,0.348809033065,0.304056399423,0.945936436558
 11/13  12:00:00,0.905807682043,3.96055070463,0.0,3.10472516598,0.0,0.0854832821565,0.0854832821565,0.0854832821565,0.1101335667,0.023995298125,0.364933981104,0.304149553957,0.834876412724
 11/13  13:00:00,0.864047414749,2.87711223071,0.0,2.1068057128,0.0,0.0580072816651,0.0580072816651,0.0580072816651,0.1101335667,0.023995298125,0.355773213679,0.29902605458,0.749710286916
 11/13  14:00:00,0.820083418556,2.08364986282,0.0,1.36285963805,0.0,0.0375240025287,0.0375240025287,0.0375240025287,0.1101335667,0.023995298125,0.321952343333,0.309366207869,0.699481787652
 11/13  15:00:00,0.821571801159,1.79913623118,0.0,1.12765970608,0.0,0.0310481758217,0.0310481758217,0.0310481758217,0.1230904569,0.026818274375,0.29671678831,0.326786105753,0.648968245239
 11/13  16:00:00,0.916185623775,1.92538391892,0.0,1.24588589571,0.0,0.0343033311691,0.0343033311691,0.0343033311691,0.1749180177,0.038110179375,0.306790855622,0.344951239909,0.655738570438
 11/13  17:00:00,1.21515305293,2.42004698694,0.0,1.674129161,0.0,0.046094274947,0.046094274947,0.046094274947,0.3174438099,0.069162918125,0.357323190441,0.40801685952,0.717814557481
 11/13  18:00:00,1.73232918139,3.9678380132,0.0,3.08416540339,0.0,0.0849172043579,0.0849172043579,0.0849172043579,0.5636247237,0.122799448662,0.448200528527,0.495675276143,0.849531630015
 11/13  19:00:00,1.99473575022,3.49156713009,0.0,2.48544799657,0.0,0.0684325474936,0.0684325474936,0.0684325474936,0.7709349669,0.167967068662,0.402135423453,0.538153743709,0.969052333995
 11/13  20:00:00,1.90659342647,3.75534936886,0.0,2.72838711509,0.0,0.0751214594279,0.0751214594279,0.0751214594279,0.7709349669,0.167967068662,0.319977444422,0.555480487059,0.988702027778
 11/13  21:00:00,1.82879421007,4.1696792554,0.0,3.21276760554,0.0,0.0884580454129,0.0884580454129,0.0884580454129,0.712628961,0.15526369375,0.280754343348,0.574577166557,0.917336088243
 11/13  22:00:00,1.67663690238,4.54732495654,0.0,3.6791678133,0.0,0.101299575154,0.101299575154,0.101299575154,0.6024953943,0.131268395625,0.263298623659,0.561162913641,0.829505524689
 11/13  23:00:00,1.36822463775,4.72976500011,0.0,4.00725338902,0.0,0.110332848743,0.110332848743,0.110332848743,0.4470127119,0.097392680625,0.21075981003,0.485614586456,0.689063588602
 11/13  24:00:00,1.08345354971,5.10896326786,0.0,4.54300280818,0.0,0.125083790071,0.125083790071,0.125083790071,0.3109653648,0.06775143,0.140550925199,0.421990039641,0.536894750517
 11/14  01:00:00,0.791770295543,5.3936225343,0.0,4.99276838712,0.0,0.13746731384,0.13746731384,0.13746731384,0.1619611275,0.035287203125,0.0908926116669,0.349050039411,0.37681237847
 11/14  02:00:00,0.685045863727,5.82913908617,0.0,5.50388351898,0.0,0.15153999232,0.15153999232,0.15153999232,0.0971766765,0.021172321875,0.0766617302589,0.321383142773,0.303119431066
 11/14  03:00:00,0.636449804454,6.06827110567,0.0,5.76332789107,0.0,0.158683348101,0.158683348101,0.158683348101,0.064784451,0.0141148794287,0.0640981645171,0.317656961407,0.283063729337
 11/14  04:00:00,0.630486824889,6.28193405362,0.0,5.97196923031,0.0,0.164427929511,0.164427929511,0.164427929511,0.064784451,0.0141148794287,0.05686202118,0.313185543769,0.288393319065
 11/14  05:00:00,0.634048224776,6.52013090987,0.0,6.15273396595,0.0,0.169404976456,0.169404976456,0.169404976456,0.064784451,0.0141148794287,0.0672769999586,0.301354917933,0.346640306139
 11/14  06:00:00,0.688123580017,6.72288681678,0.0,6.09758935911,0.0,0.167886664292,0.167886664292,0.167886664292,0.0712628961,0.0155263675537,0.0800477838369,0.336287868235,0.602134718133
 11/14  07:00:00,0.87104054326,7.70593418862,0.0,6.59996216016,0.0,0.181718637688,0.181718637688,0.181718637688,0.1230904569,0.026818274375,0.133753612412,0.388547561885,1.0792097607
 11/14  08:00:00,1.10816699175,7.04781224316,0.0,5.80854141456,0.0,0.159928224919,0.159928224919,0.159928224919,0.2397024687,0.052225060625,0.21133834221,0.412860895295,1.21083391403
 11/14  09:00:00,1.06059107086,6.20326677481,0.0,5.00224152748,0.0,0.137728140511,0.137728140511,0.137728140511,0.2332240236,0.0508135725,0.272663294838,0.349050039411,1.17698347862
 11/14  10:00:00,0.923776818253,5.3701603359,0.0,4.27697824037,0.0,0.117759259887,0.117759259887,0.117759259887,0.129568902,0.0282297625,0.334037084503,0.297069809363,1.07272060623
 11/14  11:00:00,0.936823840844,5.79008522513,0.0,4.82025826538,0.0,0.13271754353,0.13271754353,0.13271754353,0.1101335667,0.023995298125,0.348809033065,0.304056399423,0.948884250103
 11/14  12:00:00,0.906773291778,3.9976973553,0.0,3.1397957993,0.0,0.086448891891,0.086448891891,0.086448891891,0.1101335667,0.023995298125,0.364933981104,0.304149553957,0.836952430075
 11/14  13:00:00,0.885024789089,3.64067645204,0.0,2.86869716557,0.0,0.0789846560052,0.0789846560052,0.0789846560052,0.1101335667,0.023995298125,0.355773213679,0.29902605458,0.751383055476
 11/14  14:00:00,0.84920653173,3.14221089729,0.0,2.42060169129,0.0,0.0666471157036,0.0666471157036,0.0666471157036,0.1101335667,0.023995298125,0.321952343333,0.309366207869,0.700300768885
 11/14  15:00:00,0.849863689096,2.82700517919,0.0,2.15521192747,0.0,0.0593400637589,0.0593400637589,0.0593400637589,0.1230904569,0.026818274375,0.29671678831,0.326786105753,0.64928497186
 11/14  16:00:00,0.94137971445,2.84075797316,0.0,2.16092712225,0.0,0.0594974218443,0.0594974218443,0.0594974218443,0.1749180177,0.038110179375,0.306790855622,0.344951239909,0.65607139814
 11/14  17:00:00,1.23186564763,3.02757723793,0.0,2.28112519603,0.0,0.0628068696395,0.0628068696395,0.0628068696395,0.3174438099,0.069162918125,0.357323190441,0.40801685952,0.718348773439
 11/14  18:00:00,1.72589043817,3.73460253601,0.0,2.85031233184,0.0,0.0784784611424,0.0784784611424,0.0784784611424,0.5636247237,0.122799448662,0.448200528527,0.495675276143,0.850149224379
 11/14  19:00:00,1.98321279143,3.07495178719,0.0,2.0669378595,0.0,0.0569095887068,0.0569095887068,0.0569095887068,0.7709349669,0.167967068662,0.402135423453,0.538153743709,0.970947128164
 11/14  20:00:00,1.89108216952,3.19434996341,0.0,2.1650232785,0.0,0.0596102024807,0.0596102024807,0.0596102024807,0.7709349669,0.167967068662,0.319977444422,0.555480487059,0.991066458924
 11/14  21:00:00,1.80695510668,3.37885286369,0.0,2.41957843253,0.0,0.0666189420287,0.0666189420287,0.0666189420287,0.712628961,0.15526369375,0.280754343348,0.574577166557,0.91969886954
 11/14  22:00:00,1.64664069291,3.46010447155,0.0,2.5897151848,0.0,0.0713033656805,0.0713033656805,0.0713033656805,0.6024953943,0.131268395625,0.263298623659,0.561162913641,0.831737668203
 11/14  23:00:00,1.33761488333,3.62006516027,0.0,2.89551700645,0.0,0.0797230943218,0.0797230943218,0.0797230943218,0.4470127119,0.097392680625,0.21075981003,0.485614586456,0.691100131339
 11/14  24:00:00,1.04989256632,3.89195356952,0.0,3.32407874375,0.0,0.0915228066806,0.0915228066806,0.0915228066806,0.3109653648,0.06775143,0.140550925199,0.421990039641,0.538809116604
 11/15  01:00:00,0.756574915443,4.1167600315,0.0,3.7144835627,0.0,0.10227193374,0.10227193374,0.10227193374,0.1619611275,0.035287203125,0.0908926116669,0.349050039411,0.37823470009
 11/15  02:00:00,0.640288760805,4.20478609739,0.0,3.87832001357,0.0,0.106782889399,0.106782889399,0.106782889399,0.0971766765,0.021172321875,0.0766617302589,0.321383142773,0.304329947707
 11/15  03:00:00,0.588034435655,4.31042197602,0.0,4.0048973519,0.0,0.110267979302,0.110267979302,0.110267979302,0.064784451,0.0141148794287,0.0640981645171,0.317656961407,0.283645138854
 11/15  04:00:00,0.57756528448,4.36082240843,0.0,4.04987599542,0.0,0.111506389103,0.111506389103,0.111506389103,0.064784451,0.0141148794287,0.05686202118,0.313185543769,0.289374908777
 11/15  05:00:00,0.577014313888,4.44995337664,0.0,4.08128076502,0.0,0.112371065568,0.112371065568,0.112371065568,0.064784451,0.0141148794287,0.0672769999586,0.301354917933,0.347915973837
 11/15  06:00:00,0.632324197411,4.69840711871,0.0,4.07097382621,0.0,0.112087281686,0.112087281686,0.112087281686,0.0712628961,0.0155263675537,0.0800477838369,0.336287868235,0.604270552967
 11/15  07:00:00,0.797182982007,5.02734276622,0.0,3.91747941808,0.0,0.107861076435,0.107861076435,0.107861076435,0.1230904569,0.026818274375,0.133753612412,0.388547561885,1.08310108038
 11/15  08:00:00,1.05784844541,5.22514785393,0.0,3.98098808267,0.0,0.109609678583,0.109609678583,0.109609678583,0.2397024687,0.052225060625,0.21133834221,0.412860895295,1.21572285669
 11/15  09:00:00,1.03585127305,5.30964572422,0.0,4.103700071,0.0,0.112988342704,0.112988342704,0.112988342704,0.2332240236,0.0508135725,0.272663294838,0.349050039411,1.18190388451
 11/15  10:00:00,0.919946317493,5.23514563901,0.0,4.1378556914,0.0,0.113928759127,0.113928759127,0.113928759127,0.129568902,0.0282297625,0.334037084503,0.297069809363,1.07682845831
 11/15  11:00:00,0.931573504771,5.60235370151,0.0,4.62956775695,0.0,0.127467207457,0.127467207457,0.127467207457,0.1101335667,0.023995298125,0.348809033065,0.304056399423,0.951843234913
 11/15  12:00:00,0.920446898202,4.49694290026,0.0,3.63641676312,0.0,0.100122498315,0.100122498315,0.100122498315,0.1101335667,0.023995298125,0.364933981104,0.304149553957,0.839577011225
 11/15  13:00:00,0.896994664044,4.07724071591,0.0,3.30343915332,0.0,0.0909545309595,0.0909545309595,0.0909545309595,0.1101335667,0.023995298125,0.355773213679,0.29902605458,0.753205331593
 11/15  14:00:00,0.870031673677,3.89993450679,0.0,3.17696411276,0.0,0.0874722576504,0.0874722576504,0.0874722576504,0.1101335667,0.023995298125,0.321952343333,0.309366207869,0.701661956905
 11/15  15:00:00,0.873535828335,3.68809770172,0.0,3.01497636997,0.0,0.0830122029973,0.0830122029973,0.0830122029973,0.1230904569,0.026818274375,0.29671678831,0.326786105753,0.650613051895
 11/15  16:00:00,0.964503930532,3.68177719161,0.0,3.00079117288,0.0,0.0826216379261,0.0826216379261,0.0826216379261,0.1749180177,0.038110179375,0.306790855622,0.344951239909,0.657226565965
 11/15  17:00:00,1.24946972509,3.66798973768,0.0,2.92049959711,0.0,0.0804109471052,0.0804109471052,0.0804109471052,0.3174438099,0.069162918125,0.357323190441,0.40801685952,0.719386872101
 11/15  18:00:00,1.74331334628,4.36887339216,0.0,3.48310672026,0.0,0.0959013692457,0.0959013692457,0.0959013692457,0.5636247237,0.122799448662,0.448200528527,0.495675276143,0.851625692097
 11/15  19:00:00,1.99960033763,3.67213665837,0.0,2.66212823837,0.0,0.0732971349061,0.0732971349061,0.0732971349061,0.7709349669,0.167967068662,0.402135423453,0.538153743709,0.972941620477
 11/15  20:00:00,1.90480939471,3.69473337502,0.0,2.66359165851,0.0,0.0733374276694,0.0733374276694,0.0733374276694,0.7709349669,0.167967068662,0.319977444422,0.555480487059,0.992881490524
 11/15  21:00:00,1.81672940852,3.73521491868,0.0,2.77457791459,0.0,0.0763932438647,0.0763932438647,0.0763932438647,0.712628961,0.15526369375,0.280754343348,0.574577166557,0.921061442476
 11/15  22:00:00,1.65776919199,3.86585003512,0.0,2.99389867286,0.0,0.0824318647602,0.0824318647602,0.0824318647602,0.6024953943,0.131268395625,0.263298623659,0.561162913641,0.833299743712
 11/15  23:00:00,1.34802335892,3.99926973256,0.0,3.27354947402,0.0,0.0901315699074,0.0901315699074,0.0901315699074,0.4470127119,0.097392680625,0.21075981003,0.485614586456,0.692272236045
 11/15  24:00:00,1.05903982638,4.22496131721,0.0,3.65630427126,0.0,0.10067006674,0.10067006674,0.10067006674,0.3109653648,0.06775143,0.140550925199,0.421990039641,0.539591336782
 11/16  01:00:00,0.764891572848,4.41877147153,0.0,4.01654187038,0.0,0.110588591145,0.110588591145,0.110588591145,0.1619611275,0.035287203125,0.0908926116669,0.349050039411,0.378187832447
 11/16  02:00:00,0.651008173484,4.59429960474,0.0,4.26764561582,0.0,0.117502302077,0.117502302077,0.117502302077,0.0971766765,0.021172321875,0.0766617302589,0.321383142773,0.304517852801
 11/16  03:00:00,0.601760835555,4.80940670638,0.0,4.50343575772,0.0,0.123994379202,0.123994379202,0.123994379202,0.064784451,0.0141148794287,0.0640981645171,0.317656961407,0.284091463398
 11/16  04:00:00,0.593179382738,4.92821687794,0.0,4.61697499518,0.0,0.127120487361,0.127120487361,0.127120487361,0.064784451,0.0141148794287,0.05686202118,0.313185543769,0.289670378517
 11/16  05:00:00,0.594352533414,5.08009627967,0.0,4.71099929169,0.0,0.129709285093,0.129709285093,0.129709285093,0.064784451,0.0141148794287,0.0672769999586,0.301354917933,0.348340350197
 11/16  06:00:00,0.647592017187,5.25410901346,0.0,4.62549610344,0.0,0.127355101461,0.127355101461,0.127355101461,0.0712628961,0.0155263675537,0.0800477838369,0.336287868235,0.605450170493
 11/16  07:00:00,0.81183697223,5.5622058838,0.0,4.44970760445,0.0,0.122515066658,0.122515066658,0.122515066658,0.1230904569,0.026818274375,0.133753612412,0.388547561885,1.08573601159
 11/16  08:00:00,1.07928474863,6.00672455519,0.0,4.75954768401,0.0,0.131045981805,0.131045981805,0.131045981805,0.2397024687,0.052225060625,0.21133834221,0.412860895295,1.2187399566
 11/16  09:00:00,1.04404592892,5.60993689903,0.0,4.40132732226,0.0,0.121182998571,0.121182998571,0.121182998571,0.2332240236,0.0508135725,0.272663294838,0.349050039411,1.18456780806
 11/16  10:00:00,0.926983637726,5.49317711005,0.0,4.39344888668,0.0,0.12096607936,0.12096607936,0.12096607936,0.129568902,0.0282297625,0.334037084503,0.297069809363,1.07926673407
 11/16  11:00:00,0.944170864481,6.06233426637,0.0,5.08709978816,0.0,0.140064567168,0.140064567168,0.140064567168,0.1101335667,0.023995298125,0.348809033065,0.304056399423,0.954291768561
 11/16  12:00:00,0.93891387836,5.16998312669,0.0,4.30713151096,0.0,0.118589478473,0.118589478473,0.118589478473,0.1101335667,0.023995298125,0.364933981104,0.304149553957,0.841902489805
 11/16  13:00:00,0.915697890089,4.75808261497,0.0,3.98273427539,0.0,0.109657757004,0.109657757004,0.109657757004,0.1101335667,0.023995298125,0.355773213679,0.29902605458,0.754752108583
 11/16  14:00:00,0.884057387905,4.41079518127,0.0,3.68637351815,0.0,0.101497971878,0.101497971878,0.101497971878,0.1101335667,0.023995298125,0.321952343333,0.309366207869,0.70311322601
 11/16  15:00:00,0.888388459961,4.2286680826,0.0,3.55441914788,0.0,0.0978648346237,0.0978648346237,0.0978648346237,0.1230904569,0.026818274375,0.29671678831,0.326786105753,0.65174065486
 11/16  16:00:00,0.97919291765,4.2166009234,0.0,3.53429043515,0.0,0.0973106250436,0.0973106250436,0.0973106250436,0.1749180177,0.038110179375,0.306790855622,0.344951239909,0.658551035486
 11/16  17:00:00,1.2641812095,4.20375517701,0.0,3.45481595382,0.0,0.0951224315165,0.0951224315165,0.0951224315165,0.3174438099,0.069162918125,0.357323190441,0.40801685952,0.720835954726
 11/16  18:00:00,1.75909902455,4.94400203736,0.0,4.05643745073,0.0,0.11168704752,0.11168704752,0.11168704752,0.5636247237,0.122799448662,0.448200528527,0.495675276143,0.853423606835
 11/16  19:00:00,2.01318383474,4.16752122751,0.0,3.15547646119,0.0,0.0868806320202,0.0868806320202,0.0868806320202,0.7709349669,0.167967068662,0.402135423453,0.538153743709,0.974977966795
 11/16  20:00:00,1.91510533386,4.07081640247,0.0,3.0375368389,0.0,0.0836333668129,0.0836333668129,0.0836333668129,0.7709349669,0.167967068662,0.319977444422,0.555480487059,0.995019337581
 11/16  21:00:00,1.82515783508,4.04333794021,0.0,3.08069564188,0.0,0.0848216704262,0.0848216704262,0.0848216704262,0.712628961,0.15526369375,0.280754343348,0.574577166557,0.923066736715
 11/16  22:00:00,1.66499343215,4.13003380023,0.0,3.25628073949,0.0,0.0896561049218,0.0896561049218,0.0896561049218,0.6024953943,0.131268395625,0.263298623659,0.561162913641,0.835101442189
 11/16  23:00:00,1.35524706309,4.26312339077,0.0,3.53591207382,0.0,0.0973552740831,0.0973552740831,0.0973552740831,0.4470127119,0.097392680625,0.21075981003,0.485614586456,0.693763294453
 11/16  24:00:00,1.06429004901,4.4167878809,0.0,3.84699065932,0.0,0.105920289366,0.105920289366,0.105920289366,0.3109653648,0.06775143,0.140550925199,0.421990039641,0.54073151241
 11/17  01:00:00,0.768656395993,4.55611518156,0.0,4.15327902961,0.0,0.11435341429,0.11435341429,0.11435341429,0.1619611275,0.035287203125,0.0908926116669,0.349050039411,0.378794383239
 11/17  02:00:00,0.655308315332,4.75065184035,0.0,4.42382537726,0.0,0.121802443926,0.121802443926,0.121802443926,0.0971766765,0.021172321875,0.0766617302589,0.321383142773,0.30469032697
 11/17  03:00:00,0.6043036544,4.90192667899,0.0,4.59579011591,0.0,0.126537198047,0.126537198047,0.126537198047,0.064784451,0.0141148794287,0.0640981645171,0.317656961407,0.284257077814
 11/17  04:00:00,0.594928230074,4.9918965499,0.0,4.6804925649,0.0,0.128869334697,0.128869334697,0.128869334697,0.064784451,0.0141148794287,0.05686202118,0.313185543769,0.289832480761
 11/17  05:00:00,0.594985759191,5.10345789573,0.0,4.73399784715,0.0,0.13034251087,0.13034251087,0.13034251087,0.064784451,0.0141148794287,0.0672769999586,0.301354917933,0.3487034108
 11/17  06:00:00,0.648728611234,5.29663518254,0.0,4.6667768317,0.0,0.128491695509,0.128491695509,0.128491695509,0.0712628961,0.0155263675537,0.0800477838369,0.336287868235,0.606695611305
 11/17  07:00:00,0.812618951846,5.59347719038,0.0,4.47810885125,0.0,0.123297046274,0.123297046274,0.123297046274,0.1230904569,0.026818274375,0.133753612412,0.388547561885,1.08860607138
 11/17  08:00:00,1.06618255141,5.53422565991,0.0,4.28368011746,0.0,0.117943784578,0.117943784578,0.117943784578,0.2397024687,0.052225060625,0.21133834221,0.412860895295,1.22210862787
 11/17  09:00:00,1.03676983266,5.34900233715,0.0,4.13706185894,0.0,0.113906902312,0.113906902312,0.113906902312,0.2332240236,0.0508135725,0.272663294838,0.349050039411,1.1878987095
 11/17  10:00:00,0.91570614503,5.0866134336,0.0,3.98385399865,0.0,0.109688586664,0.109688586664,0.109688586664,0.129568902,0.0282297625,0.334037084503,0.297069809363,1.08229794565
 11/17  11:00:00,0.93012556732,5.5548382879,0.0,4.57697913694,0.0,0.126019270006,0.126019270006,0.126019270006,0.1101335667,0.023995298125,0.348809033065,0.304056399423,0.956916441307
 11/17  12:00:00,0.920426470595,4.50060538258,0.0,3.63567483906,0.0,0.100102070709,0.100102070709,0.100102070709,0.1101335667,0.023995298125,0.364933981104,0.304149553957,0.843981417606
 11/17  13:00:00,0.896275261979,4.05489725769,0.0,3.27731070296,0.0,0.0902351288948,0.0902351288948,0.0902351288948,0.1101335667,0.023995298125,0.355773213679,0.29902605458,0.756990323738
 11/17  14:00:00,0.867259268034,3.8027286508,0.0,3.07627123627,0.0,0.0846998520066,0.0846998520066,0.0846998520066,0.1101335667,0.023995298125,0.321952343333,0.309366207869,0.705148977412
 11/17  15:00:00,0.873185120881,3.67849471629,0.0,3.00223878867,0.0,0.0826614955439,0.0826614955439,0.0826614955439,0.1230904569,0.026818274375,0.29671678831,0.326786105753,0.65374764776
 11/17  16:00:00,0.962546443678,3.61387833277,0.0,2.92969588331,0.0,0.0806641510719,0.0806641510719,0.0806641510719,0.1749180177,0.038110179375,0.306790855622,0.344951239909,0.660422996688
 11/17  17:00:00,1.25138631291,3.74119478946,0.0,2.99010944698,0.0,0.082327534925,0.082327534925,0.082327534925,0.3174438099,0.069162918125,0.357323190441,0.40801685952,0.722982074017
 11/17  18:00:00,1.7450173365,4.43511565635,0.0,3.54499509425,0.0,0.0976053594712,0.0976053594712,0.0976053594712,0.5636247237,0.122799448662,0.448200528527,0.495675276143,0.855979582307
 11/17  19:00:00,1.99874331851,3.64609357712,0.0,2.6310015811,0.0,0.0724401157871,0.0724401157871,0.0724401157871,0.7709349669,0.167967068662,0.402135423453,0.538153743709,0.978025196493
 11/17  20:00:00,1.90575322522,3.73420859468,0.0,2.69787127718,0.0,0.0742812581726,0.0742812581726,0.0742812581726,0.7709349669,0.167967068662,0.319977444422,0.555480487059,0.998077091501
 11/17  21:00:00,1.8181310931,3.79085386435,0.0,2.82548664547,0.0,0.0777949284498,0.0777949284498,0.0777949284498,0.712628961,0.15526369375,0.280754343348,0.574577166557,0.92579165726
 11/17  22:00:00,1.65894423017,3.91254636644,0.0,3.03657567975,0.0,0.0836069029445,0.0836069029445,0.0836069029445,0.6024953943,0.131268395625,0.263298623659,0.561162913641,0.837319068144
 11/17  23:00:00,1.34918303546,4.04460072235,0.0,3.31566855101,0.0,0.0912912464487,0.0912912464487,0.0912912464487,0.4470127119,0.097392680625,0.21075981003,0.485614586456,0.695484148855
 11/17  24:00:00,1.05643103454,4.13251540071,0.0,3.56155379523,0.0,0.0980612749008,0.0980612749008,0.0980612749008,0.3109653648,0.06775143,0.140550925199,0.421990039641,0.541895896319
 11/18  01:00:00,0.768858467996,4.3396740936,0.0,3.92186417574,0.0,0.107981803216,0.107981803216,0.107981803216,0.1619611275,0.035287203125,0.0974662947437,0.349050039411,0.393768149158
 11/18  02:00:00,0.651793277427,4.48775502007,0.0,4.15280569906,0.0,0.114340381945,0.114340381945,0.114340381945,0.0971766765,0.021172321875,0.0806087543343,0.321383142773,0.312813184893
 11/18  03:00:00,0.600570130373,4.67740495719,0.0,4.3653503952,0.0,0.120192435593,0.120192435593,0.120192435593,0.064784451,0.0141148794287,0.0667094029443,0.317656961407,0.290175076721
 11/18  04:00:00,0.591228250473,4.81424802813,0.0,4.49651946421,0.0,0.123803950924,0.123803950924,0.123803950924,0.064784451,0.0141148794287,0.0582274253519,0.313185543769,0.296157059677
 11/18  05:00:00,0.594407839154,4.99821614658,0.0,4.61599247009,0.0,0.127093435218,0.127093435218,0.127093435218,0.064784451,0.0141148794287,0.0699481555741,0.301354917933,0.361467038713
 11/18  06:00:00,0.650259470444,5.23995897386,0.0,4.57358659267,0.0,0.125925862119,0.125925862119,0.125925862119,0.0712628961,0.0155263675537,0.084144476437,0.336287868235,0.643209641658
 11/18  07:00:00,0.818028939285,5.48755969933,0.0,4.28868267777,0.0,0.118081521495,0.118081521495,0.118081521495,0.1230904569,0.026818274375,0.144379124629,0.388547561885,1.17211475381
 11/18  08:00:00,1.09690195154,5.98291405131,0.0,4.63082497483,0.0,0.127501822795,0.127501822795,0.127501822795,0.2397024687,0.052225060625,0.232499704129,0.412860895295,1.32365216191
 11/18  09:00:00,1.0751125606,5.66974504927,0.0,4.35154505966,0.0,0.119812329358,0.119812329358,0.119812329358,0.2332240236,0.0508135725,0.30510059573,0.349050039411,1.29415822091
 11/18  10:00:00,0.962076572478,5.23303707089,0.0,4.03249944698,0.0,0.111027955646,0.111027955646,0.111027955646,0.129568902,0.0282297625,0.379068142969,0.297069809363,1.18007613461
 11/18  11:00:00,0.985382984256,5.79667422254,0.0,4.73464966851,0.0,0.130360457653,0.130360457653,0.130360457653,0.1101335667,0.023995298125,0.399725262355,0.304056399423,1.04108184438
 11/18  12:00:00,0.979497634769,4.80963678928,0.0,3.87474564762,0.0,0.106684475363,0.106684475363,0.106684475363,0.1101335667,0.023995298125,0.417422740623,0.304149553957,0.913942015739
 11/18  13:00:00,0.948804798574,4.28684897654,0.0,3.44870436491,0.0,0.0949541593987,0.0949541593987,0.0949541593987,0.1101335667,0.023995298125,0.403583719771,0.29902605458,0.817548380635
 11/18  14:00:00,0.919431435748,4.16694219819,0.0,3.38804425095,0.0,0.0932839872062,0.0932839872062,0.0932839872062,0.1101335667,0.023995298125,0.365540375848,0.309366207869,0.757589510129
 11/18  15:00:00,0.921201619491,4.04895382711,0.0,3.32515436178,0.0,0.091552421978,0.091552421978,0.091552421978,0.1230904569,0.026818274375,0.335842360485,0.326786105753,0.701291185471
 11/18  16:00:00,1.00495087534,3.85514868216,0.0,3.12384121849,0.0,0.086009609874,0.086009609874,0.086009609874,0.1749180177,0.038110179375,0.343849828477,0.344951239909,0.707548010902
 11/18  17:00:00,1.29071604735,3.92275274091,0.0,3.11402547157,0.0,0.0857393501186,0.0857393501186,0.0857393501186,0.3174438099,0.069162918125,0.393241109689,0.40801685952,0.780624000882
 11/18  18:00:00,1.78488154484,4.66847941099,0.0,3.70887957647,0.0,0.102117637591,0.102117637591,0.102117637591,0.5636247237,0.122799448662,0.483552458743,0.495675276143,0.925458854724
 11/18  19:00:00,2.03985128641,3.98262832024,0.0,2.87789011653,0.0,0.0792377681421,0.0792377681421,0.0792377681421,0.7709349669,0.167967068662,0.436445738992,0.538153743709,1.06767140418
 11/18  20:00:00,1.94205334212,3.90845110218,0.0,2.77252138635,0.0,0.076336620887,0.076336620887,0.076336620887,0.7709349669,0.167967068662,0.354222198616,0.555480487059,1.09766948984
 11/18  21:00:00,1.8520886712,3.85359529112,0.0,2.79287912186,0.0,0.0768971362163,0.0768971362163,0.0768971362163,0.712628961,0.15526369375,0.315609713675,0.574577166557,1.02114060764
 11/18  22:00:00,1.69183335067,3.89395827104,0.0,2.93786835187,0.0,0.0808891659762,0.0808891659762,0.0808891659762,0.6024953943,0.131268395625,0.298905481127,0.561162913641,0.917438300619
 11/18  23:00:00,1.37438780716,3.9953254556,0.0,3.20349740074,0.0,0.0882028062242,0.0882028062242,0.0882028062242,0.4470127119,0.097392680625,0.239053021954,0.485614586456,0.758380032375
 11/18  24:00:00,1.07238853492,4.18709108644,0.0,3.57690448987,0.0,0.0984839299479,0.0984839299479,0.0984839299479,0.3109653648,0.06775143,0.156085770535,0.421990039641,0.581120887411
 11/19  01:00:00,0.768123812565,4.31359618029,0.0,3.89518172802,0.0,0.107247147785,0.107247147785,0.107247147785,0.1619611275,0.035287203125,0.0974662947437,0.349050039411,0.394372683561
 11/19  02:00:00,0.653049835148,4.53363243215,0.0,4.19844346915,0.0,0.115596939666,0.115596939666,0.115596939666,0.0971766765,0.021172321875,0.0806087543343,0.321383142773,0.313052826879
 11/19  03:00:00,0.598174050939,4.59053143919,0.0,4.27832556496,0.0,0.117796356159,0.117796356159,0.117796356159,0.064784451,0.0141148794287,0.0667094029443,0.317656961407,0.29032638896
 11/19  04:00:00,0.587894588466,4.69330750208,0.0,4.37544193809,0.0,0.120470288917,0.120470288917,0.120470288917,0.064784451,0.0141148794287,0.0582274253519,0.313185543769,0.296294059742
 11/19  05:00:00,0.589451122241,4.81864805719,0.0,4.43596611463,0.0,0.122136718305,0.122136718305,0.122136718305,0.064784451,0.0141148794287,0.0699481555741,0.301354917933,0.361925304785
 11/19  06:00:00,0.648045375123,5.16105323136,0.0,4.49317136658,0.0,0.123711766798,0.123711766798,0.123711766798,0.0712628961,0.0155263675537,0.084144476437,0.336287868235,0.644719125254
 11/19  07:00:00,0.820194936394,5.56953935889,0.0,4.36735099238,0.0,0.120247518604,0.120247518604,0.120247518604,0.1230904569,0.026818274375,0.144379124629,0.388547561885,1.17542609876
 11/19  08:00:00,1.0924400246,5.82462253508,0.0,4.46876923101,0.0,0.12303989585,0.12303989585,0.12303989585,0.2397024687,0.052225060625,0.232499704129,0.412860895295,1.32741638949
 11/19  09:00:00,1.06374619165,5.26031627866,0.0,3.93872221485,0.0,0.108445960408,0.108445960408,0.108445960408,0.2332240236,0.0508135725,0.30510059573,0.349050039411,1.2975522951
 11/19  10:00:00,0.948341127761,4.73750094198,0.0,3.53363253639,0.0,0.0972925109299,0.0972925109299,0.0972925109299,0.129568902,0.0282297625,0.379068142969,0.297069809363,1.18340691629
 11/19  11:00:00,0.945131044497,4.33778447264,0.0,3.27271223236,0.0,0.0901085178943,0.0901085178943,0.0901085178943,0.1101335667,0.023995298125,0.399725262355,0.304056399423,1.04412953063
 11/19  12:00:00,0.932455098829,3.1043732928,0.0,2.16617595397,0.0,0.0596419394228,0.0596419394228,0.0596419394228,0.1101335667,0.023995298125,0.417422740623,0.304149553957,0.917248212908
 11/19  13:00:00,0.903020420678,2.62724241408,0.0,1.78583056458,0.0,0.0491697815022,0.0491697815022,0.0491697815022,0.1101335667,0.023995298125,0.403583719771,0.29902605458,0.820815618501
 11/19  14:00:00,0.870880179278,2.40694793471,0.0,1.62467831554,0.0,0.0447327307364,0.0447327307364,0.0447327307364,0.1101335667,0.023995298125,0.365540375848,0.309366207869,0.760961182052
 11/19  15:00:00,0.875487295524,2.39188857336,0.0,1.66482489754,0.0,0.0458380980116,0.0458380980116,0.0458380980116,0.1230904569,0.026818274375,0.335842360485,0.326786105753,0.704555395964
 11/19  16:00:00,0.970183518052,2.59588014451,0.0,1.86110204435,0.0,0.0512422525905,0.0512422525905,0.0512422525905,0.1749180177,0.038110179375,0.343849828477,0.344951239909,0.711018647393
 11/19  17:00:00,1.2591662345,2.78030824706,0.0,1.96814647075,0.0,0.0541895372666,0.0541895372666,0.0541895372666,0.3174438099,0.069162918125,0.393241109689,0.40801685952,0.784058507837
 11/19  18:00:00,1.75609210183,3.62654819595,0.0,2.66325631583,0.0,0.0733281945841,0.0733281945841,0.0733281945841,0.5636247237,0.122799448662,0.483552458743,0.495675276143,0.92915090032
 11/19  19:00:00,2.0172105934,3.16422543465,0.0,2.05558746757,0.0,0.0565970751334,0.0565970751334,0.0565970751334,0.7709349669,0.167967068662,0.436445738992,0.538153743709,1.07157116755
 11/19  20:00:00,1.92267416786,3.20895515933,0.0,2.06867604343,0.0,0.0569574466198,0.0569574466198,0.0569574466198,0.7709349669,0.167967068662,0.354222198616,0.555480487059,1.10201888991
 11/19  21:00:00,1.83797154528,3.34427172575,0.0,2.28014967325,0.0,0.0627800102929,0.0627800102929,0.0627800102929,0.712628961,0.15526369375,0.315609713675,0.574577166557,1.02454649088
 11/19  22:00:00,1.68050502141,3.4855890306,0.0,2.52642709613,0.0,0.069560836712,0.069560836712,0.069560836712,0.6024953943,0.131268395625,0.298905481127,0.561162913641,0.920510315923
 11/19  23:00:00,1.36554323736,3.67632169642,0.0,2.88226548577,0.0,0.0793582364293,0.0793582364293,0.0793582364293,0.4470127119,0.097392680625,0.239053021954,0.485614586456,0.760608188163
 11/19  24:00:00,1.0618173257,3.80490514107,0.0,3.19296158913,0.0,0.0879127207229,0.0879127207229,0.0879127207229,0.3109653648,0.06775143,0.156085770535,0.421990039641,0.58287784278
 11/20  01:00:00,0.751086245883,3.92016479978,0.0,3.51513685911,0.0,0.09678326418,0.09678326418,0.09678326418,0.1619611275,0.035287203125,0.0908926116669,0.349050039411,0.38098617197
 11/20  02:00:00,0.638001825301,4.12342694731,0.0,3.79525925557,0.0,0.104495953895,0.104495953895,0.104495953895,0.0971766765,0.021172321875,0.0766617302589,0.321383142773,0.306031555622
 11/20  03:00:00,0.585351366774,4.21454986003,0.0,3.90744915774,0.0,0.107584910421,0.107584910421,0.107584910421,0.064784451,0.0141148794287,0.0640981645171,0.317656961407,0.285221217024
 11/20  04:00:00,0.576274449552,4.31530336966,0.0,4.00299328826,0.0,0.110215554175,0.110215554175,0.110215554175,0.064784451,0.0141148794287,0.05686202118,0.313185543769,0.290738577168
 11/20  05:00:00,0.575256221174,4.38850614251,0.0,4.01742740616,0.0,0.110612972854,0.110612972854,0.110612972854,0.064784451,0.0141148794287,0.0672769999586,0.301354917933,0.350322098566
 11/20  06:00:00,0.629711593976,4.61012687304,0.0,3.97608491424,0.0,0.10947467825,0.10947467825,0.10947467825,0.0712628961,0.0155263675537,0.0800477838369,0.336287868235,0.610879219263
 11/20  07:00:00,0.805928756449,5.35948340341,0.0,4.23512311776,0.0,0.116606850877,0.116606850877,0.116606850877,0.1230904569,0.026818274375,0.133753612412,0.388547561885,1.0975980179
 11/20  08:00:00,1.05418523384,5.10875546744,0.0,3.84794142285,0.0,0.10594646701,0.10594646701,0.10594646701,0.2397024687,0.052225060625,0.21133834221,0.412860895295,1.23237713001
 11/20  09:00:00,1.02865527728,5.06419969762,0.0,3.84234383155,0.0,0.105792346934,0.105792346934,0.105792346934,0.2332240236,0.0508135725,0.272663294838,0.349050039411,1.19781409736
 11/20  10:00:00,0.905098121907,4.71019908143,0.0,3.59857402906,0.0,0.0990805635414,0.0990805635414,0.0990805635414,0.129568902,0.0282297625,0.334037084503,0.297069809363,1.09116356308
 11/20  11:00:00,0.915051789565,5.01503469669,0.0,4.02950440315,0.0,0.110945492251,0.110945492251,0.110945492251,0.1101335667,0.023995298125,0.348809033065,0.304056399423,0.964587583894
 11/20  12:00:00,0.909488142814,4.11012359721,0.0,3.23839831106,0.0,0.0891637429272,0.0891637429272,0.0891637429272,0.1101335667,0.023995298125,0.364933981104,0.304149553957,0.850776160225
 11/20  13:00:00,0.884904501248,3.64768935505,0.0,2.86432835008,0.0,0.0788643681642,0.0788643681642,0.0788643681642,0.1101335667,0.023995298125,0.355773213679,0.29902605458,0.762764773971
 11/20  14:00:00,0.855258109425,3.37200840174,0.0,2.64039303632,0.0,0.0726986933982,0.0726986933982,0.0726986933982,0.1101335667,0.023995298125,0.321952343333,0.309366207869,0.710306928305
 11/20  15:00:00,0.859349263074,3.18058112349,0.0,2.49972490707,0.0,0.0688256377362,0.0688256377362,0.0688256377362,0.1230904569,0.026818274375,0.29671678831,0.326786105753,0.658347936561
 11/20  16:00:00,0.947537932722,3.07351911322,0.0,2.38459161855,0.0,0.065655640116,0.065655640116,0.065655640116,0.1749180177,0.038110179375,0.306790855622,0.344951239909,0.6651680419
 11/20  17:00:00,1.240398624,3.34763659653,0.0,2.59104013888,0.0,0.0713398460184,0.0713398460184,0.0713398460184,0.3174438099,0.069162918125,0.357323190441,0.40801685952,0.728493189186
 11/20  18:00:00,1.73679893809,4.14351731162,0.0,3.24650552121,0.0,0.089386961053,0.089386961053,0.089386961053,0.5636247237,0.122799448662,0.448200528527,0.495675276143,0.86287081062
 11/20  19:00:00,1.9986091131,3.64904108831,0.0,2.62612728409,0.0,0.0723059103794,0.0723059103794,0.0723059103794,0.7709349669,0.167967068662,0.402135423453,0.538153743709,0.985847004696
 11/20  20:00:00,1.90446838727,3.69546136758,0.0,2.65120637855,0.0,0.0729964202293,0.0729964202293,0.0729964202293,0.7709349669,0.167967068662,0.319977444422,0.555480487059,1.00599476303
 11/20  21:00:00,1.82016080422,3.87205614617,0.0,2.89920509698,0.0,0.0798246395687,0.0798246395687,0.0798246395687,0.712628961,0.15526369375,0.280754343348,0.574577166557,0.933275487574
 11/20  22:00:00,1.6650582813,4.14107093281,0.0,3.25863603985,0.0,0.0897209540772,0.0897209540772,0.0897209540772,0.6024953943,0.131268395625,0.263298623659,0.561162913641,0.843783274417
 11/20  23:00:00,1.3569280747,4.33074638036,0.0,3.59696587174,0.0,0.0990362856882,0.0990362856882,0.0990362856882,0.4470127119,0.097392680625,0.21075981003,0.485614586456,0.700332486127
 11/20  24:00:00,1.07120320694,4.67209889325,0.0,4.09807432021,0.0,0.112833447305,0.112833447305,0.112833447305,0.3109653648,0.06775143,0.140550925199,0.421990039641,0.544958863881
 11/21  01:00:00,0.779563572475,4.95412156229,0.0,4.54942415247,0.0,0.125260590772,0.125260590772,0.125260590772,0.1619611275,0.035287203125,0.0908926116669,0.349050039411,0.380655641116
 11/21  02:00:00,0.667073717048,5.17905332043,0.0,4.85114096308,0.0,0.133567845641,0.133567845641,0.133567845641,0.0971766765,0.021172321875,0.0766617302589,0.321383142773,0.305776221227
 11/21  03:00:00,0.618614179948,5.42231880793,0.0,5.11554377635,0.0,0.140847723595,0.140847723595,0.140847723595,0.064784451,0.0141148794287,0.0640981645171,0.317656961407,0.284895546313
 11/21  04:00:00,0.61508436909,5.72472499082,0.0,5.41255701624,0.0,0.149025473712,0.149025473712,0.149025473712,0.064784451,0.0141148794287,0.05686202118,0.313185543769,0.290596470333
 11/21  05:00:00,0.624111720416,6.16294808784,0.0,5.79184334067,0.0,0.159468472096,0.159468472096,0.159468472096,0.064784451,0.0141148794287,0.0672769999586,0.301354917933,0.350348109384
 11/21  06:00:00,0.689515496146,6.78287253326,0.0,6.14814330282,0.0,0.169278580421,0.169278580421,0.169278580421,0.0712628961,0.0155263675537,0.0800477838369,0.336287868235,0.611566490905
 11/21  07:00:00,0.869374475756,7.66578097304,0.0,6.53945112713,0.0,0.180052570184,0.180052570184,0.180052570184,0.1230904569,0.026818274375,0.133753612412,0.388547561885,1.09956757816
 11/21  08:00:00,1.1284571201,7.80845028974,0.0,6.5454723151,0.0,0.180218353267,0.180218353267,0.180218353267,0.2397024687,0.052225060625,0.21133834221,0.412860895295,1.23454106006
 11/21  09:00:00,1.08593127301,7.14616188616,0.0,5.92258947537,0.0,0.163068342656,0.163068342656,0.163068342656,0.2332240236,0.0508135725,0.272663294838,0.349050039411,1.19953064209
 11/21  10:00:00,0.969093715481,7.03622670371,0.0,5.92287329401,0.0,0.163076157116,0.163076157116,0.163076157116,0.129568902,0.0282297625,0.334037084503,0.297069809363,1.0928919204
 11/21  11:00:00,0.987831633909,7.65956887613,0.0,6.67284481558,0.0,0.183725336595,0.183725336595,0.183725336595,0.1101335667,0.023995298125,0.348809033065,0.304056399423,0.965781350905
 11/21  12:00:00,0.972853163281,6.41200542179,0.0,5.53979536468,0.0,0.152528763395,0.152528763395,0.152528763395,0.1101335667,0.023995298125,0.364933981104,0.304149553957,0.851260931193
 11/21  13:00:00,0.945727986599,5.85713830541,0.0,5.0734176701,0.0,0.139687853515,0.139687853515,0.139687853515,0.1101335667,0.023995298125,0.355773213679,0.29902605458,0.763124404317
 11/21  14:00:00,0.927699714363,6.00326513228,0.0,5.27144870288,0.0,0.145140298336,0.145140298336,0.145140298336,0.1101335667,0.023995298125,0.321952343333,0.309366207869,0.710507992281
 11/21  15:00:00,0.934762290217,5.9197109757,0.0,5.23870166728,0.0,0.144238664879,0.144238664879,0.144238664879,0.1230904569,0.026818274375,0.29671678831,0.326786105753,0.658501028562
 11/21  16:00:00,1.01987055328,5.70025939814,0.0,5.01168900756,0.0,0.137988260671,0.137988260671,0.137988260671,0.1749180177,0.038110179375,0.306790855622,0.344951239909,0.66481093781
 11/21  17:00:00,1.30027303358,5.52177972228,0.0,4.76565933345,0.0,0.131214255589,0.131214255589,0.131214255589,0.3174438099,0.069162918125,0.357323190441,0.40801685952,0.728017120365
 11/21  18:00:00,1.79933486915,6.41486849985,0.0,5.51779031564,0.0,0.151922892113,0.151922892113,0.151922892113,0.5636247237,0.122799448662,0.448200528527,0.495675276143,0.86293720442
 11/21  19:00:00,2.04669295688,5.39621808698,0.0,4.37251694146,0.0,0.120389754151,0.120389754151,0.120389754151,0.7709349669,0.167967068662,0.402135423453,0.538153743709,0.986634346004
 11/21  20:00:00,1.94684084884,5.23515357216,0.0,4.19016048098,0.0,0.115368881794,0.115368881794,0.115368881794,0.7709349669,0.167967068662,0.319977444422,0.555480487059,1.00673286518
 11/21  21:00:00,1.85927244228,5.29336026395,0.0,4.31972714391,0.0,0.118936277622,0.118936277622,0.118936277622,0.712628961,0.15526369375,0.280754343348,0.574577166557,0.934057558425
 11/21  22:00:00,1.70002335815,5.41159207855,0.0,4.52855632462,0.0,0.124686030925,0.124686030925,0.124686030925,0.6024953943,0.131268395625,0.263298623659,0.561162913641,0.84438413538
 11/21  23:00:00,1.39087722632,5.56388045707,0.0,4.82998808062,0.0,0.132985437304,0.132985437304,0.132985437304,0.4470127119,0.097392680625,0.21075981003,0.485614586456,0.700444353963
 11/21  24:00:00,1.10038749148,5.73205560004,0.0,5.15803809757,0.0,0.142017731843,0.142017731843,0.142017731843,0.3109653648,0.06775143,0.140550925199,0.421990039641,0.544951793308
 11/22  01:00:00,0.808501655181,6.00502245166,0.0,5.60044595892,0.0,0.154198673478,0.154198673478,0.154198673478,0.1619611275,0.035287203125,0.0908926116669,0.349050039411,0.380534724035
 11/22  02:00:00,0.692475144162,6.10119238303,0.0,5.77371258207,0.0,0.158969272756,0.158969272756,0.158969272756,0.0971766765,0.021172321875,0.0766617302589,0.321383142773,0.305343664839
 11/22  03:00:00,0.640940450404,6.23269909301,0.0,5.92642669988,0.0,0.163173994051,0.163173994051,0.163173994051,0.064784451,0.0141148794287,0.0640981645171,0.317656961407,0.284392907863
 11/22  04:00:00,0.635063370716,6.44985376816,0.0,6.1381878949,0.0,0.169004475339,0.169004475339,0.169004475339,0.064784451,0.0141148794287,0.05686202118,0.313185543769,0.290094369025
 11/22  05:00:00,0.635648337901,6.5817158503,0.0,6.21084955724,0.0,0.171005089581,0.171005089581,0.171005089581,0.064784451,0.0141148794287,0.0672769999586,0.301354917933,0.350109655284
 11/22  06:00:00,0.69152789832,6.85662430745,0.0,6.22123309906,0.0,0.171290982595,0.171290982595,0.171290982595,0.0712628961,0.0155263675537,0.0800477838369,0.336287868235,0.612228468858
 11/22  07:00:00,0.858124255632,7.2595552196,0.0,6.13084677011,0.0,0.16880235006,0.16880235006,0.16880235006,0.1230904569,0.026818274375,0.133753612412,0.388547561885,1.10194618174
 11/22  08:00:00,1.1275054863,7.77710233835,0.0,6.51090928315,0.0,0.179266719465,0.179266719465,0.179266719465,0.2397024687,0.052225060625,0.21133834221,0.412860895295,1.23775614063
 11/22  09:00:00,1.0903532061,7.31018538712,0.0,6.08319265565,0.0,0.167490275755,0.167490275755,0.167490275755,0.2332240236,0.0508135725,0.272663294838,0.349050039411,1.20295096276
 11/22  10:00:00,0.973917778566,7.21423004589,0.0,6.09808170535,0.0,0.167900220201,0.167900220201,0.167900220201,0.129568902,0.0282297625,0.334037084503,0.297069809363,1.09568685124
 11/22  11:00:00,0.995828160237,7.95245401244,0.0,6.96327606606,0.0,0.191721862924,0.191721862924,0.191721862924,0.1101335667,0.023995298125,0.348809033065,0.304056399423,0.968235236725
 11/22  12:00:00,0.978594778955,6.62267648066,0.0,5.74832898931,0.0,0.158270379068,0.158270379068,0.158270379068,0.1101335667,0.023995298125,0.364933981104,0.304149553957,0.853398365427
 11/22  13:00:00,0.956437898161,6.24772187795,0.0,5.46239819486,0.0,0.150397765077,0.150397765077,0.150397765077,0.1101335667,0.023995298125,0.355773213679,0.29902605458,0.764727452091
 11/22  14:00:00,0.92725793528,5.98878315766,0.0,5.25540342947,0.0,0.144698519254,0.144698519254,0.144698519254,0.1101335667,0.023995298125,0.321952343333,0.309366207869,0.712071291082
 11/22  15:00:00,0.939449411882,6.09129716085,0.0,5.40893641056,0.0,0.148925786545,0.148925786545,0.148925786545,0.1230904569,0.026818274375,0.29671678831,0.326786105753,0.659852470436
 11/22  16:00:00,1.02908611515,6.03659391609,0.0,5.34639523487,0.0,0.147203822544,0.147203822544,0.147203822544,0.1749180177,0.038110179375,0.306790855622,0.344951239909,0.666439228444
 11/22  17:00:00,1.31309342124,5.98918764496,0.0,5.23129166777,0.0,0.144034643252,0.144034643252,0.144034643252,0.3174438099,0.069162918125,0.357323190441,0.40801685952,0.729792708725
 11/22  18:00:00,1.82368282776,7.30120666711,0.0,6.40210029917,0.0,0.176270850723,0.176270850723,0.176270850723,0.5636247237,0.122799448662,0.448200528527,0.495675276143,0.864965388147
 11/22  19:00:00,2.06824513347,6.18114474917,0.0,5.15528502625,0.0,0.141941930746,0.141941930746,0.141941930746,0.7709349669,0.167967068662,0.402135423453,0.538153743709,0.988792923395
 11/22  20:00:00,1.96671509188,5.95887599522,0.0,4.91198656161,0.0,0.135243124833,0.135243124833,0.135243124833,0.7709349669,0.167967068662,0.319977444422,0.555480487059,1.00862920761
 11/22  21:00:00,1.8751977782,5.87347490762,0.0,4.89813019493,0.0,0.134861613543,0.134861613543,0.134861613543,0.712628961,0.15526369375,0.280754343348,0.574577166557,0.935769151077
 11/22  22:00:00,1.7143642698,5.93390734281,0.0,5.04941359842,0.0,0.139026942574,0.139026942574,0.139026942574,0.6024953943,0.131268395625,0.263298623659,0.561162913641,0.845842125844
 11/22  23:00:00,1.40673425543,6.14107743185,0.0,5.40591025038,0.0,0.148842466415,0.148842466415,0.148842466415,0.4470127119,0.097392680625,0.21075981003,0.485614586456,0.701719158978
 11/22  24:00:00,1.11156852119,6.13873259667,0.0,5.56412948087,0.0,0.153198761546,0.153198761546,0.153198761546,0.3109653648,0.06775143,0.140550925199,0.421990039641,0.545537406634
 11/23  01:00:00,0.816166251243,6.28336359219,0.0,5.87882160947,0.0,0.16186326954,0.16186326954,0.16186326954,0.1619611275,0.035287203125,0.0908926116669,0.349050039411,0.38050021401
 11/23  02:00:00,0.70194621876,6.44500822974,0.0,6.11769894887,0.0,0.168440347353,0.168440347353,0.168440347353,0.0971766765,0.021172321875,0.0766617302589,0.321383142773,0.305173144751
 11/23  03:00:00,0.651178209742,6.60444925994,0.0,6.29825880854,0.0,0.173411753389,0.173411753389,0.173411753389,0.064784451,0.0141148794287,0.0640981645171,0.317656961407,0.284310966134
 11/23  04:00:00,0.644621818713,6.79698226539,0.0,6.4853476353,0.0,0.178562923336,0.178562923336,0.178562923336,0.064784451,0.0141148794287,0.05686202118,0.313185543769,0.290063125843
 11/23  05:00:00,0.644064123046,6.88742016782,0.0,6.51650815235,0.0,0.179420874725,0.179420874725,0.179420874725,0.064784451,0.0141148794287,0.0672769999586,0.301354917933,0.35015537769
 11/23  06:00:00,0.697123138131,7.0607103505,0.0,6.42445039972,0.0,0.176886222406,0.176886222406,0.176886222406,0.0712628961,0.0155263675537,0.0800477838369,0.336287868235,0.613097211239
 11/23  07:00:00,0.861170103129,7.37267417678,0.0,6.2414709663,0.0,0.171848197557,0.171848197557,0.171848197557,0.1230904569,0.026818274375,0.133753612412,0.388547561885,1.10444094273
 11/23  08:00:00,1.13145758777,7.92371086441,0.0,6.6544483306,0.0,0.183218820935,0.183218820935,0.183218820935,0.2397024687,0.052225060625,0.21133834221,0.412860895295,1.24082561924
 11/23  09:00:00,1.09186792782,7.36825895294,0.0,6.1382068584,0.0,0.169004997466,0.169004997466,0.169004997466,0.2332240236,0.0508135725,0.272663294838,0.349050039411,1.20601032584
 11/23  10:00:00,0.971175580575,7.11739148015,0.0,5.99848596104,0.0,0.16515802221,0.16515802221,0.16515802221,0.129568902,0.0282297625,0.334037084503,0.297069809363,1.09844402981
 11/23  11:00:00,0.996614502839,7.98345686257,0.0,6.99183577509,0.0,0.192508205526,0.192508205526,0.192508205526,0.1101335667,0.023995298125,0.348809033065,0.304056399423,0.970678377831
 11/23  12:00:00,0.982173544089,6.7547326573,0.0,5.87830858176,0.0,0.161849144202,0.161849144202,0.161849144202,0.1101335667,0.023995298125,0.364933981104,0.304149553957,0.855474949617
 11/23  13:00:00,0.95652787577,6.25281840214,0.0,5.46566615253,0.0,0.150487742686,0.150487742686,0.150487742686,0.1101335667,0.023995298125,0.355773213679,0.29902605458,0.766556018609
 11/23  14:00:00,0.92916961101,6.05962563918,0.0,5.32483487379,0.0,0.146610194983,0.146610194983,0.146610194983,0.1101335667,0.023995298125,0.321952343333,0.309366207869,0.713482328271
 11/23  15:00:00,0.935844289784,5.96162585173,0.0,5.27799954169,0.0,0.145320664446,0.145320664446,0.145320664446,0.1230904569,0.026818274375,0.29671678831,0.326786105753,0.661118030187
 11/23  16:00:00,1.0291435226,6.04001451621,0.0,5.34848025491,0.0,0.147261229995,0.147261229995,0.147261229995,0.1749180177,0.038110179375,0.306790855622,0.344951239909,0.667774808533
 11/23  17:00:00,1.31183120297,5.94489657786,0.0,5.18544830844,0.0,0.142772424985,0.142772424985,0.142772424985,0.3174438099,0.069162918125,0.357323190441,0.40801685952,0.731345000951
 11/23  18:00:00,1.81759669984,7.08211275913,0.0,6.18105410136,0.0,0.170184722809,0.170184722809,0.170184722809,0.5636247237,0.122799448662,0.448200528527,0.495675276143,0.866917677972
 11/23  19:00:00,2.06302199722,5.99370238558,0.0,4.96558240661,0.0,0.136718794496,0.136718794496,0.136718794496,0.7709349669,0.167967068662,0.402135423453,0.538153743709,0.991053179448
 11/23  20:00:00,1.96232779734,5.80188886331,0.0,4.75264144256,0.0,0.130855830292,0.130855830292,0.130855830292,0.7709349669,0.167967068662,0.319977444422,0.555480487059,1.01098719476
 11/23  21:00:00,1.87452333479,5.85103493093,0.0,4.87363462835,0.0,0.134187170132,0.134187170132,0.134187170132,0.712628961,0.15526369375,0.280754343348,0.574577166557,0.937824740965
 11/23  22:00:00,1.71368900901,5.91130535055,0.0,5.02488834475,0.0,0.13835168178,0.13835168178,0.13835168178,0.6024953943,0.131268395625,0.263298623659,0.561162913641,0.847765387256
 11/23  23:00:00,1.40400894659,6.04350264315,0.0,5.30692791487,0.0,0.146117157583,0.146117157583,0.146117157583,0.4470127119,0.097392680625,0.21075981003,0.485614586456,0.703126705782
 11/23  24:00:00,1.11350100649,6.20994531024,0.0,5.63431672206,0.0,0.155131246845,0.155131246845,0.155131246845,0.3109653648,0.06775143,0.140550925199,0.421990039641,0.546562879013
 11/24  01:00:00,0.818162262245,6.35647942461,0.0,5.95131608361,0.0,0.163859280542,0.163859280542,0.163859280542,0.1619611275,0.035287203125,0.0908926116669,0.349050039411,0.381121572296
 11/24  02:00:00,0.704863904897,6.55121188326,0.0,6.2236683659,0.0,0.17135803349,0.17135803349,0.17135803349,0.0971766765,0.021172321875,0.0766617302589,0.321383142773,0.305407381236
 11/24  03:00:00,0.656619656312,6.80218502201,0.0,6.49589038841,0.0,0.178853199959,0.178853199959,0.178853199959,0.064784451,0.0141148794287,0.0640981645171,0.317656961407,0.284415148335
 11/24  04:00:00,0.652879437076,7.09708214682,0.0,6.78526166407,0.0,0.186820541699,0.186820541699,0.186820541699,0.064784451,0.0141148794287,0.05686202118,0.313185543769,0.290248978517
 11/24  05:00:00,0.658703511827,7.41943439467,0.0,7.04820601909,0.0,0.194060263507,0.194060263507,0.194060263507,0.064784451,0.0141148794287,0.0672769999586,0.301354917933,0.350471737803
 11/24  06:00:00,0.722118253189,7.96979285416,0.0,7.33226489619,0.0,0.201881337464,0.201881337464,0.201881337464,0.0712628961,0.0155263675537,0.0800477838369,0.336287868235,0.614365218433
 11/24  07:00:00,0.908944042211,9.11049760836,0.0,7.97660498554,0.0,0.219622136639,0.219622136639,0.219622136639,0.1230904569,0.026818274375,0.133753612412,0.388547561885,1.10713035507
 11/24  08:00:00,1.16108683948,9.00276620177,0.0,7.73057317207,0.0,0.212848072654,0.212848072654,0.212848072654,0.2397024687,0.052225060625,0.21133834221,0.412860895295,1.24375611513
 11/24  09:00:00,1.0963657266,7.53373904476,0.0,6.30156545601,0.0,0.173502796256,0.173502796256,0.173502796256,0.2332240236,0.0508135725,0.272663294838,0.349050039411,1.20813182004
 11/24  10:00:00,0.962949979608,6.82120798827,0.0,5.69973479372,0.0,0.156932421242,0.156932421242,0.156932421242,0.129568902,0.0282297625,0.334037084503,0.297069809363,1.10101170525
 11/24  11:00:00,0.976094703232,7.24060078024,0.0,6.24656328868,0.0,0.171988405919,0.171988405919,0.171988405919,0.1101335667,0.023995298125,0.348809033065,0.304056399423,0.973094781909
 11/24  12:00:00,0.949845074527,5.58267490931,0.0,4.70414902102,0.0,0.12952067464,0.12952067464,0.12952067464,0.1101335667,0.023995298125,0.364933981104,0.304149553957,0.857576762367
 11/24  13:00:00,0.916301859569,4.79426237912,0.0,4.00467025163,0.0,0.110261726485,0.110261726485,0.110261726485,0.1101335667,0.023995298125,0.355773213679,0.29902605458,0.768995896497
 11/24  14:00:00,0.879080275625,4.24293747998,0.0,3.50560640954,0.0,0.0965208595979,0.0965208595979,0.0965208595979,0.1101335667,0.023995298125,0.321952343333,0.309366207869,0.716022633324
 11/24  15:00:00,0.893642293727,4.43125998091,0.0,3.74523669139,0.0,0.10311866839,0.10311866839,0.10311866839,0.1230904569,0.026818274375,0.29671678831,0.326786105753,0.663515009665
 11/24  16:00:00,0.988913520097,4.58170829974,0.0,3.88733957275,0.0,0.10703122749,0.10703122749,0.10703122749,0.1749180177,0.038110179375,0.306790855622,0.344951239909,0.670609274222
 11/24  17:00:00,1.28455224641,4.95714593376,0.0,4.19468542723,0.0,0.115493468427,0.115493468427,0.115493468427,0.3174438099,0.069162918125,0.357323190441,0.40801685952,0.734357238071
 11/24  18:00:00,1.79733079939,6.3491956712,0.0,5.44500315025,0.0,0.14991882236,0.14991882236,0.14991882236,0.5636247237,0.122799448662,0.448200528527,0.495675276143,0.870051541151
 11/24  19:00:00,2.05370233651,5.65804126382,0.0,4.62709534319,0.0,0.127399133785,0.127399133785,0.127399133785,0.7709349669,0.167967068662,0.402135423453,0.538153743709,0.993879121102
 11/24  20:00:00,1.96073382777,5.74750747979,0.0,4.69474898337,0.0,0.129261860726,0.129261860726,0.129261860726,0.7709349669,0.167967068662,0.319977444422,0.555480487059,1.01449827043
 11/24  21:00:00,1.87730001032,5.95458836535,0.0,4.97448258594,0.0,0.136963845668,0.136963845668,0.136963845668,0.712628961,0.15526369375,0.280754343348,0.574577166557,0.940530217787
 11/24  22:00:00,1.72158206616,6.20023831516,0.0,5.31156162836,0.0,0.146244738936,0.146244738936,0.146244738936,0.6024953943,0.131268395625,0.263298623659,0.561162913641,0.850025068259
 11/24  23:00:00,1.42063075767,6.64887099675,0.0,5.91062671838,0.0,0.162738968661,0.162738968661,0.162738968661,0.4470127119,0.097392680625,0.21075981003,0.485614586456,0.704796255879
 11/24  24:00:00,1.13455967112,6.97572501387,0.0,6.39916061192,0.0,0.176189911476,0.176189911476,0.176189911476,0.3109653648,0.06775143,0.140550925199,0.421990039641,0.547498692786
 11/25  01:00:00,0.847695860085,7.20522062442,0.0,6.78521276349,0.0,0.186819195305,0.186819195305,0.186819195305,0.1619611275,0.035287203125,0.0974662947437,0.349050039411,0.395966092229
 11/25  02:00:00,0.732875611464,7.43292097758,0.0,7.09768985243,0.0,0.195422715982,0.195422715982,0.195422715982,0.0971766765,0.021172321875,0.0806087543343,0.321383142773,0.313094989033
 11/25  03:00:00,0.684288911621,7.71770430363,0.0,7.40598945877,0.0,0.203911216841,0.203911216841,0.203911216841,0.064784451,0.0141148794287,0.0667094029443,0.317656961407,0.289835359597
 11/25  04:00:00,0.674864925225,7.8517103209,0.0,7.53417644638,0.0,0.207440625676,0.207440625676,0.207440625676,0.064784451,0.0141148794287,0.0582274253519,0.313185543769,0.295962370284
 11/25  05:00:00,0.680185896284,8.11505942302,0.0,7.73142376779,0.0,0.212871492348,0.212871492348,0.212871492348,0.064784451,0.0141148794287,0.0699481555741,0.301354917933,0.362879017454
 11/25  06:00:00,0.73777961089,8.42653556283,0.0,7.7522897931,0.0,0.213446002565,0.213446002565,0.213446002565,0.0712628961,0.0155263675537,0.084144476437,0.336287868235,0.651083030198
 11/25  07:00:00,0.929894690409,9.5704116206,0.0,8.35161058561,0.0,0.229947272619,0.229947272619,0.229947272619,0.1230904569,0.026818274375,0.144379124629,0.388547561885,1.19203876723
 11/25  08:00:00,1.19953795602,9.73432548993,0.0,8.3585314689,0.0,0.23013782727,0.23013782727,0.23013782727,0.2397024687,0.052225060625,0.232499704129,0.412860895295,1.34735710646
 11/25  09:00:00,1.16939841003,9.11644514084,0.0,7.77597662261,0.0,0.214098178788,0.214098178788,0.214098178788,0.2332240236,0.0508135725,0.30510059573,0.349050039411,1.31642674952
 11/25  10:00:00,1.05737401387,8.7144301158,0.0,7.49367170279,0.0,0.206325397035,0.206325397035,0.206325397035,0.129568902,0.0282297625,0.379068142969,0.297069809363,1.20029692371
 11/25  11:00:00,1.07468665087,9.05716195465,0.0,7.9781299627,0.0,0.219664124269,0.219664124269,0.219664124269,0.1101335667,0.023995298125,0.399725262355,0.304056399423,1.0580892823
 11/25  12:00:00,1.03956644504,7.0052760567,0.0,6.05642541273,0.0,0.166753285633,0.166753285633,0.166753285633,0.1101335667,0.023995298125,0.417422740623,0.304149553957,0.927901518047
 11/25  13:00:00,1.00149978218,6.21316397675,0.0,5.36256912988,0.0,0.147649143002,0.147649143002,0.147649143002,0.1101335667,0.023995298125,0.403583719771,0.29902605458,0.829998615878
 11/25  14:00:00,0.973263526624,6.1332157524,0.0,5.34320838437,0.0,0.147116078082,0.147116078082,0.147116078082,0.1101335667,0.023995298125,0.365540375848,0.309366207869,0.768698930912
 11/25  15:00:00,0.96333905003,5.5889373829,0.0,4.85557221338,0.0,0.133689852517,0.133689852517,0.133689852517,0.1230904569,0.026818274375,0.335842360485,0.326786105753,0.710856889666
 11/25  16:00:00,1.05097563255,5.53654577304,0.0,4.79544551787,0.0,0.132034367087,0.132034367087,0.132034367087,0.1749180177,0.038110179375,0.343849828477,0.344951239909,0.717340802397
 11/25  17:00:00,1.34190828246,5.79387266106,0.0,4.97331089708,0.0,0.136931585225,0.136931585225,0.136931585225,0.3174438099,0.069162918125,0.393241109689,0.40801685952,0.792458495511
 11/25  18:00:00,1.84970604323,7.03779715176,0.0,6.06328439626,0.0,0.16694213598,0.16694213598,0.16694213598,0.5636247237,0.122799448662,0.483552458743,0.495675276143,0.940371775707
 11/25  19:00:00,2.09564093155,6.02647433574,0.0,4.90415198806,0.0,0.135027413288,0.135027413288,0.135027413288,0.7709349669,0.167967068662,0.436445738992,0.538153743709,1.08525554815
 11/25  20:00:00,2.00103729285,6.06941188113,0.0,4.91479940358,0.0,0.135320571612,0.135320571612,0.135320571612,0.7709349669,0.167967068662,0.354222198616,0.555480487059,1.11635225155
 11/25  21:00:00,1.92019782388,6.34387960752,0.0,5.26658152333,0.0,0.145006288895,0.145006288895,0.145006288895,0.712628961,0.15526369375,0.315609713675,0.574577166557,1.03772252258
 11/25  22:00:00,1.76480309763,6.55836311711,0.0,5.58810596582,0.0,0.153858912934,0.153858912934,0.153858912934,0.6024953943,0.131268395625,0.298905481127,0.561162913641,0.931605532742
 11/25  23:00:00,1.45232090713,6.83601714016,0.0,6.03400239098,0.0,0.16613590619,0.16613590619,0.16613590619,0.4470127119,0.097392680625,0.239053021954,0.485614586456,0.76856672669
 11/25  24:00:00,1.15186370686,7.07972664311,0.0,6.46341703548,0.0,0.177959101885,0.177959101885,0.177959101885,0.3109653648,0.06775143,0.156085770535,0.421990039641,0.587243898467
 11/26  01:00:00,0.847667641262,7.20418137677,0.0,6.78418786496,0.0,0.186790976482,0.186790976482,0.186790976482,0.1619611275,0.035287203125,0.0974662947437,0.349050039411,0.395951743103
 11/26  02:00:00,0.733614579839,7.45961886872,0.0,7.12452894487,0.0,0.196161684357,0.196161684357,0.196161684357,0.0971766765,0.021172321875,0.0806087543343,0.321383142773,0.312953787734
 11/26  03:00:00,0.681441674259,7.61444891815,0.0,7.30257871848,0.0,0.201063979479,0.201063979479,0.201063979479,0.064784451,0.0141148794287,0.0667094029443,0.317656961407,0.2899907144
 11/26  04:00:00,0.673631181385,7.80709773652,0.0,7.48936726906,0.0,0.206206881836,0.206206881836,0.206206881836,0.064784451,0.0141148794287,0.0582274253519,0.313185543769,0.296158963221
 11/26  05:00:00,0.679616770189,8.0947847722,0.0,7.71075329206,0.0,0.212302366253,0.212302366253,0.212302366253,0.064784451,0.0141148794287,0.0699481555741,0.301354917933,0.363274842351
 11/26  06:00:00,0.737858974561,8.43064843864,0.0,7.75517225595,0.0,0.213525366235,0.213525366235,0.213525366235,0.0712628961,0.0155263675537,0.084144476437,0.336287868235,0.652313443156
 11/26  07:00:00,0.928786137491,9.5331463051,0.0,8.31134830208,0.0,0.228838719701,0.228838719701,0.228838719701,0.1230904569,0.026818274375,0.144379124629,0.388547561885,1.19503573526
 11/26  08:00:00,1.19411850653,9.54092712203,0.0,8.16169881584,0.0,0.224718377779,0.224718377779,0.224718377779,0.2397024687,0.052225060625,0.232499704129,0.412860895295,1.35079139161
 11/26  09:00:00,1.13557740122,7.89147076099,0.0,6.54760851921,0.0,0.180277169983,0.180277169983,0.180277169983,0.2332240236,0.0508135725,0.30510059573,0.349050039411,1.31982047307
 11/26  10:00:00,1.00667005982,6.87669225927,0.0,5.65212048759,0.0,0.155621442992,0.155621442992,0.155621442992,0.129568902,0.0282297625,0.379068142969,0.297069809363,1.20411028238
 11/26  11:00:00,1.02131697787,7.12261903998,0.0,6.03976069698,0.0,0.166294451269,0.166294451269,0.166294451269,0.1101335667,0.023995298125,0.399725262355,0.304056399423,1.06191563336
 11/26  12:00:00,1.00352806274,5.69992642982,0.0,4.74752302115,0.0,0.130714903338,0.130714903338,0.130714903338,0.1101335667,0.023995298125,0.417422740623,0.304149553957,0.931454282749
 11/26  13:00:00,0.982129391942,5.51239734375,0.0,4.65904282017,0.0,0.128278752767,0.128278752767,0.128278752767,0.1101335667,0.023995298125,0.403583719771,0.29902605458,0.832758292588
 11/26  14:00:00,0.947463524078,5.198867951,0.0,4.40616063463,0.0,0.121316075537,0.121316075537,0.121316075537,0.1101335667,0.023995298125,0.365540375848,0.309366207869,0.771398879254
 11/26  15:00:00,0.951029556107,5.14392920496,0.0,4.40849537451,0.0,0.121380358595,0.121380358595,0.121380358595,0.1230904569,0.026818274375,0.335842360485,0.326786105753,0.712925550597
 11/26  16:00:00,1.03843126761,5.08321172701,0.0,4.33983823964,0.0,0.119490002148,0.119490002148,0.119490002148,0.1749180177,0.038110179375,0.343849828477,0.344951239909,0.7196140346
 11/26  17:00:00,1.32311783592,5.11346143533,0.0,4.29084795493,0.0,0.118141138688,0.118141138688,0.118141138688,0.3174438099,0.069162918125,0.393241109689,0.40801685952,0.794510211937
 11/26  18:00:00,1.82224574129,6.04288343873,0.0,5.06593510955,0.0,0.139481834045,0.139481834045,0.139481834045,0.5636247237,0.122799448662,0.483552458743,0.495675276143,0.942807349381
 11/26  19:00:00,2.07034717032,5.11095096667,0.0,3.98549075901,0.0,0.109733652053,0.109733652053,0.109733652053,0.7709349669,0.167967068662,0.436445738992,0.538153743709,1.08839340814
 11/26  20:00:00,1.97056054841,4.96518445097,0.0,3.80789390068,0.0,0.104843827177,0.104843827177,0.104843827177,0.7709349669,0.167967068662,0.354222198616,0.555480487059,1.1190303243
 11/26  21:00:00,1.88480994781,5.06161085432,0.0,3.98130530759,0.0,0.109618412827,0.109618412827,0.109618412827,0.712628961,0.15526369375,0.315609713675,0.574577166557,1.04072998511
 11/26  22:00:00,1.72530224536,5.12651405391,0.0,4.15344778437,0.0,0.114358060663,0.114358060663,0.114358060663,0.6024953943,0.131268395625,0.298905481127,0.561162913641,0.934414650999
 11/26  23:00:00,1.40767629731,5.21695335442,0.0,4.41252459883,0.0,0.121491296375,0.121491296375,0.121491296375,0.4470127119,0.097392680625,0.239053021954,0.485614586456,0.770980733103
 11/26  24:00:00,1.10210278836,5.27412015054,0.0,4.65611656627,0.0,0.128198183385,0.128198183385,0.128198183385,0.3109653648,0.06775143,0.156085770535,0.421990039641,0.588937875098
 11/27  01:00:00,0.788060687946,5.2647501468,0.0,4.85803663874,0.0,0.133757706243,0.133757706243,0.133757706243,0.1619611275,0.035287203125,0.0908926116669,0.349050039411,0.382671739354
 11/27  02:00:00,0.673418305258,5.40999286688,0.0,5.0815743553,0.0,0.139912433852,0.139912433852,0.139912433852,0.0971766765,0.021172321875,0.0766617302589,0.321383142773,0.306282375456
 11/27  03:00:00,0.624597746109,5.63997084271,0.0,5.33286496447,0.0,0.146831289756,0.146831289756,0.146831289756,0.064784451,0.0141148794287,0.0640981645171,0.317656961407,0.285226392975
 11/27  04:00:00,0.617530822356,5.81401414604,0.0,5.50141140778,0.0,0.151471926979,0.151471926979,0.151471926979,0.064784451,0.0141148794287,0.05686202118,0.313185543769,0.29103123401
 11/27  05:00:00,0.621008690044,6.05187467043,0.0,5.67914228095,0.0,0.156365441723,0.156365441723,0.156365441723,0.064784451,0.0141148794287,0.0672769999586,0.301354917933,0.3519757517
 11/27  06:00:00,0.677244607747,6.34393515131,0.0,5.70246860409,0.0,0.157007692022,0.157007692022,0.157007692022,0.0712628961,0.0155263675537,0.0800477838369,0.336287868235,0.618303807681
 11/27  07:00:00,0.856785644033,7.22489129908,0.0,6.0822288297,0.0,0.167463738461,0.167463738461,0.167463738461,0.1230904569,0.026818274375,0.133753612412,0.388547561885,1.11590020163
 11/27  08:00:00,1.10915329475,7.12670830969,0.0,5.84436362054,0.0,0.160914527918,0.160914527918,0.160914527918,0.2397024687,0.052225060625,0.21133834221,0.412860895295,1.25390777458
 11/27  09:00:00,1.05269866479,5.95791436898,0.0,4.71559189119,0.0,0.129835734443,0.129835734443,0.129835734443,0.2332240236,0.0508135725,0.272663294838,0.349050039411,1.21828070909
 11/27  10:00:00,0.927752938839,5.5518371734,0.0,4.42138965434,0.0,0.121735380473,0.121735380473,0.121735380473,0.129568902,0.0282297625,0.334037084503,0.297069809363,1.10998602976
 11/27  11:00:00,0.926484580198,5.446269514,0.0,4.44473966203,0.0,0.122378282885,0.122378282885,0.122378282885,0.1101335667,0.023995298125,0.348809033065,0.304056399423,0.980587142316
 11/27  12:00:00,0.901012618821,3.81558605825,0.0,2.93057002027,0.0,0.0806882189339,0.0806882189339,0.0806882189339,0.1101335667,0.023995298125,0.364933981104,0.304149553957,0.86406691205
 11/27  13:00:00,0.871072698687,3.15722516584,0.0,2.3619617537,0.0,0.0650325656024,0.0650325656024,0.0650325656024,0.1101335667,0.023995298125,0.355773213679,0.29902605458,0.774667181148
 11/27  14:00:00,0.857821560648,3.47593719972,0.0,2.73349675581,0.0,0.0752621446211,0.0752621446211,0.0752621446211,0.1101335667,0.023995298125,0.321952343333,0.309366207869,0.721132006794
 11/27  15:00:00,0.867288049786,3.47905750318,0.0,2.78805907336,0.0,0.0767644244485,0.0767644244485,0.0767644244485,0.1230904569,0.026818274375,0.29671678831,0.326786105753,0.66849014996
 11/27  16:00:00,0.959812267564,3.52911866548,0.0,2.83039149096,0.0,0.0779299749576,0.0779299749576,0.0779299749576,0.1749180177,0.038110179375,0.306790855622,0.344951239909,0.674967721752
 11/27  17:00:00,1.25226526421,3.78956516764,0.0,3.022032674,0.0,0.0832064862256,0.0832064862256,0.0832064862256,0.3174438099,0.069162918125,0.357323190441,0.40801685952,0.739429225178
 11/27  18:00:00,1.75149814085,4.6910209738,0.0,3.78037581246,0.0,0.104086163817,0.104086163817,0.104086163817,0.5636247237,0.122799448662,0.448200528527,0.495675276143,0.87650418154
 11/27  19:00:00,2.00624389205,3.94258153558,0.0,2.90341998657,0.0,0.0799406893241,0.0799406893241,0.0799406893241,0.7709349669,0.167967068662,0.402135423453,0.538153743709,1.00209474948
 11/27  20:00:00,1.91441054474,4.07303841719,0.0,3.01230232303,0.0,0.0829385777012,0.0829385777012,0.0829385777012,0.7709349669,0.167967068662,0.319977444422,0.555480487059,1.02247586817
 11/27  21:00:00,1.82741960321,4.15037745418,0.0,3.16284232892,0.0,0.0870834385541,0.0870834385541,0.0870834385541,0.712628961,0.15526369375,0.280754343348,0.574577166557,0.947959563645
 11/27  22:00:00,1.67178111976,4.39826700842,0.0,3.50280735879,0.0,0.0964437925365,0.0964437925365,0.0964437925365,0.6024953943,0.131268395625,0.263298623659,0.561162913641,0.856808031091
 11/27  23:00:00,1.36224530127,4.53374149271,0.0,3.79008582152,0.0,0.104353512262,0.104353512262,0.104353512262,0.4470127119,0.097392680625,0.21075981003,0.485614586456,0.710207648693
 11/27  24:00:00,1.07216880694,4.71355659626,0.0,4.13314459962,0.0,0.113799047295,0.113799047295,0.113799047295,0.3109653648,0.06775143,0.140550925199,0.421990039641,0.551346287469
 11/28  01:00:00,0.776479518928,4.84516537917,0.0,4.43741232491,0.0,0.122176537225,0.122176537225,0.122176537225,0.1619611275,0.035287203125,0.0908926116669,0.349050039411,0.383711285548
 11/28  02:00:00,0.66281737416,5.02569304609,0.0,4.69655196573,0.0,0.129311502753,0.129311502753,0.129311502753,0.0971766765,0.021172321875,0.0766617302589,0.321383142773,0.307004944235
 11/28  03:00:00,0.613398864126,5.23373939933,0.0,4.92612519213,0.0,0.135632407773,0.135632407773,0.135632407773,0.064784451,0.0141148794287,0.0640981645171,0.317656961407,0.285734721936
 11/28  04:00:00,0.605521148249,5.37832776086,0.0,5.06522392768,0.0,0.139462252872,0.139462252872,0.139462252872,0.064784451,0.0141148794287,0.05686202118,0.313185543769,0.291532328943
 11/28  05:00:00,0.607274545626,5.55369261234,0.0,5.18032259675,0.0,0.142631297305,0.142631297305,0.142631297305,0.064784451,0.0141148794287,0.0672769999586,0.301354917933,0.352613377806
 11/28  06:00:00,0.662799989436,5.82082912216,0.0,5.17784473789,0.0,0.142563073711,0.142563073711,0.142563073711,0.0712628961,0.0155263675537,0.0800477838369,0.336287868235,0.619821644731
 11/28  07:00:00,0.831730281591,6.3179160231,0.0,5.17222616771,0.0,0.142408376019,0.142408376019,0.142408376019,0.1230904569,0.026818274375,0.133753612412,0.388547561885,1.11892758763
 11/28  08:00:00,1.10011988319,6.80216307692,0.0,5.51627303372,0.0,0.151881116358,0.151881116358,0.151881116358,0.2397024687,0.052225060625,0.21133834221,0.412860895295,1.25745312863
 11/28  09:00:00,1.06593290009,6.44247093146,0.0,5.19625503779,0.0,0.143069969741,0.143069969741,0.143069969741,0.2332240236,0.0508135725,0.272663294838,0.349050039411,1.22217412497
 11/28  10:00:00,0.949119076961,6.33071910968,0.0,5.19740088197,0.0,0.143101518595,0.143101518595,0.143101518595,0.129568902,0.0282297625,0.334037084503,0.297069809363,1.11285673841
 11/28  11:00:00,0.974282032096,7.18474114698,0.0,6.18072765916,0.0,0.170175734783,0.170175734783,0.170175734783,0.1101335667,0.023995298125,0.348809033065,0.304056399423,0.983070778167
 11/28  12:00:00,0.963660380248,6.092842854,0.0,5.20591645749,0.0,0.143335980361,0.143335980361,0.143335980361,0.1101335667,0.023995298125,0.364933981104,0.304149553957,0.865977270582
 11/28  13:00:00,0.942798657947,5.76284270717,0.0,4.96702540066,0.0,0.136758524862,0.136758524862,0.136758524862,0.1101335667,0.023995298125,0.355773213679,0.29902605458,0.775221075516
 11/28  14:00:00,0.916011089496,5.58993942131,0.0,4.84692162735,0.0,0.133451673469,0.133451673469,0.133451673469,0.1101335667,0.023995298125,0.321952343333,0.309366207869,0.721709356846
 11/28  15:00:00,0.922956740825,5.50073405547,0.0,4.80992793083,0.0,0.132433115487,0.132433115487,0.132433115487,0.1230904569,0.026818274375,0.29671678831,0.326786105753,0.668297844783
 11/28  16:00:00,1.01557991247,5.55458573597,0.0,4.855854321,0.0,0.133697619867,0.133697619867,0.133697619867,0.1749180177,0.038110179375,0.306790855622,0.344951239909,0.674971962199
 11/28  17:00:00,1.30069515739,5.54857005403,0.0,4.78099073393,0.0,0.131636379404,0.131636379404,0.131636379404,0.3174438099,0.069162918125,0.357323190441,0.40801685952,0.739476051642
 11/28  18:00:00,1.79711967559,6.34847860413,0.0,5.43733520204,0.0,0.149707698558,0.149707698558,0.149707698558,0.5636247237,0.122799448662,0.448200528527,0.495675276143,0.877002422295
 11/28  19:00:00,2.04699422605,5.42351565561,0.0,4.38345894036,0.0,0.120691023323,0.120691023323,0.120691023323,0.7709349669,0.167967068662,0.402135423453,0.538153743709,1.00298991573
 11/28  20:00:00,1.94784484319,5.28775469263,0.0,4.22662523122,0.0,0.116372876147,0.116372876147,0.116372876147,0.7709349669,0.167967068662,0.319977444422,0.555480487059,1.02286923541
 11/28  21:00:00,1.8598897555,5.33044817729,0.0,4.34214776057,0.0,0.119553590846,0.119553590846,0.119553590846,0.712628961,0.15526369375,0.280754343348,0.574577166557,0.948724855101
 11/28  22:00:00,1.69767469111,5.33967219388,0.0,4.44325349702,0.0,0.12233736388,0.12233736388,0.12233736388,0.6024953943,0.131268395625,0.263298623659,0.561162913641,0.857767078307
 11/28  23:00:00,1.39095158862,5.57682565081,0.0,4.8326888953,0.0,0.133059799604,0.133059799604,0.133059799604,0.4470127119,0.097392680625,0.21075981003,0.485614586456,0.710688733019
 11/28  24:00:00,1.10047462325,5.74164499183,0.0,5.16120269521,0.0,0.142104863611,0.142104863611,0.142104863611,0.3109653648,0.06775143,0.140550925199,0.421990039641,0.551376587456
 11/29  01:00:00,0.805253317495,5.88979634007,0.0,5.48246738454,0.0,0.150950335792,0.150950335792,0.150950335792,0.1619611275,0.035287203125,0.0908926116669,0.349050039411,0.383287186818
 11/29  02:00:00,0.691624455894,6.0714400174,0.0,5.74281585925,0.0,0.158118584488,0.158118584488,0.158118584488,0.0971766765,0.021172321875,0.0766617302589,0.321383142773,0.306488022034
 11/29  03:00:00,0.63354348443,5.9647507235,0.0,5.65777128759,0.0,0.155777028077,0.155777028077,0.155777028077,0.064784451,0.0141148794287,0.0640981645171,0.317656961407,0.285099950646
 11/29  04:00:00,0.624987019017,6.08468599293,0.0,5.77221805949,0.0,0.15892812364,0.15892812364,0.15892812364,0.064784451,0.0141148794287,0.05686202118,0.313185543769,0.2908964292
 11/29  05:00:00,0.622957523165,6.12304947297,0.0,5.74992326971,0.0,0.158314274844,0.158314274844,0.158314274844,0.064784451,0.0141148794287,0.0672769999586,0.301354917933,0.352369565476
 11/29  06:00:00,0.683572031589,6.57585734797,0.0,5.932278592,0.0,0.163335115864,0.163335115864,0.163335115864,0.0712628961,0.0155263675537,0.0800477838369,0.336287868235,0.620416016438
 11/29  07:00:00,0.858863392655,7.30561550949,0.0,6.15769198777,0.0,0.169541487083,0.169541487083,0.169541487083,0.1230904569,0.026818274375,0.133753612412,0.388547561885,1.12116125396
 11/29  08:00:00,1.1057910666,7.01069230635,0.0,5.72224858127,0.0,0.157552299766,0.157552299766,0.157552299766,0.2397024687,0.052225060625,0.21133834221,0.412860895295,1.26000681051
 11/29  09:00:00,1.0764898917,6.82829935915,0.0,5.57968155944,0.0,0.153626961354,0.153626961354,0.153626961354,0.2332240236,0.0508135725,0.272663294838,0.349050039411,1.224576031
 11/29  10:00:00,0.966613266246,6.96868887091,0.0,5.83278417986,0.0,0.16059570788,0.16059570788,0.16059570788,0.129568902,0.0282297625,0.334037084503,0.297069809363,1.11544320175
 11/29  11:00:00,0.983348021725,7.51591549864,0.0,6.51000147089,0.0,0.179241724412,0.179241724412,0.179241724412,0.1101335667,0.023995298125,0.348809033065,0.304056399423,0.984971318095
 11/29  12:00:00,0.973936334808,6.46782368207,0.0,5.57913580428,0.0,0.153611934922,0.153611934922,0.153611934922,0.1101335667,0.023995298125,0.364933981104,0.304149553957,0.867738751873
 11/29  13:00:00,0.936769210813,5.54550842925,0.0,4.74803783046,0.0,0.130729077729,0.130729077729,0.130729077729,0.1101335667,0.023995298125,0.355773213679,0.29902605458,0.7768743678
 11/29  14:00:00,0.913959747981,5.51662707484,0.0,4.77241756686,0.0,0.131400331954,0.131400331954,0.131400331954,0.1101335667,0.023995298125,0.321952343333,0.309366207869,0.722901070866
 11/29  15:00:00,0.927016801965,5.6496592808,0.0,4.95738803859,0.0,0.136493176628,0.136493176628,0.136493176628,0.1230904569,0.026818274375,0.29671678831,0.326786105753,0.669762962359
 11/29  16:00:00,1.02341197098,5.84042170487,0.0,5.14031215331,0.0,0.141529678372,0.141529678372,0.141529678372,0.1749180177,0.038110179375,0.306790855622,0.344951239909,0.676350098789
 11/29  17:00:00,1.30838869623,5.82960205048,0.0,5.06041757692,0.0,0.139329918248,0.139329918248,0.139329918248,0.3174438099,0.069162918125,0.357323190441,0.40801685952,0.741081205089
 11/29  18:00:00,1.81286800002,6.92252774379,0.0,6.00930925278,0.0,0.165456022984,0.165456022984,0.165456022984,0.5636247237,0.122799448662,0.448200528527,0.495675276143,0.879077511207
 11/29  19:00:00,2.06364000216,6.03027295868,0.0,4.98802814628,0.0,0.137336799439,0.137336799439,0.137336799439,0.7709349669,0.167967068662,0.402135423453,0.538153743709,1.00517801288
 11/29  20:00:00,1.9692095652,6.0667090616,0.0,5.00258502619,0.0,0.137737598159,0.137737598159,0.137737598159,0.7709349669,0.167967068662,0.319977444422,0.555480487059,1.02586380942
 11/29  21:00:00,1.88173995487,6.12661213027,0.0,5.13573993613,0.0,0.141403790214,0.141403790214,0.141403790214,0.712628961,0.15526369375,0.280754343348,0.574577166557,0.951296632519
 11/29  22:00:00,1.72215982781,6.23064857741,0.0,5.33254574457,0.0,0.146822500584,0.146822500584,0.146822500584,0.6024953943,0.131268395625,0.263298623659,0.561162913641,0.8594512143
 11/29  23:00:00,1.41152622358,6.32512028052,0.0,5.57995298417,0.0,0.153634434568,0.153634434568,0.153634434568,0.4470127119,0.097392680625,0.21075981003,0.485614586456,0.711719273856
 11/29  24:00:00,1.12020431968,6.45892335805,0.0,5.87777888956,0.0,0.161834560036,0.161834560036,0.161834560036,0.3109653648,0.06775143,0.140550925199,0.421990039641,0.552078759334
 11/30  01:00:00,0.823559925104,6.55495624063,0.0,6.14735745326,0.0,0.169256943401,0.169256943401,0.169256943401,0.1619611275,0.035287203125,0.0908926116669,0.349050039411,0.383557018662
 11/30  02:00:00,0.715660434351,6.94436244695,0.0,6.61579482451,0.0,0.182154562945,0.182154562945,0.182154562945,0.0971766765,0.021172321875,0.0766617302589,0.321383142773,0.306431486323
 11/30  03:00:00,0.665574161957,7.12815494177,0.0,6.82111513789,0.0,0.187807705604,0.187807705604,0.187807705604,0.064784451,0.0141148794287,0.0640981645171,0.317656961407,0.285160318614
 11/30  04:00:00,0.659765299656,7.34781799809,0.0,7.03535396636,0.0,0.193706404279,0.193706404279,0.193706404279,0.064784451,0.0141148794287,0.05686202118,0.313185543769,0.290892527491
 11/30  05:00:00,0.662916156622,7.57424366732,0.0,7.20120791583,0.0,0.198272908301,0.198272908301,0.198272908301,0.064784451,0.0141148794287,0.0672769999586,0.301354917933,0.352279113718
 11/30  06:00:00,0.718673761706,7.8513739469,0.0,7.20716207932,0.0,0.198436845981,0.198436845981,0.198436845981,0.0712628961,0.0155263675537,0.0800477838369,0.336287868235,0.621049128045
 11/30  07:00:00,0.898834962012,8.75948350199,0.0,7.60944646161,0.0,0.20951305644,0.20951305644,0.20951305644,0.1230904569,0.026818274375,0.133753612412,0.388547561885,1.12327477262
 11/30  08:00:00,1.15507561732,8.80345025833,0.0,7.5122475268,0.0,0.206836850488,0.206836850488,0.206836850488,0.2397024687,0.052225060625,0.21133834221,0.412860895295,1.26276581696
 11/30  09:00:00,1.11340774748,8.17159411431,0.0,6.92052614343,0.0,0.19054481713,0.19054481713,0.19054481713,0.2332240236,0.0508135725,0.272663294838,0.349050039411,1.22702620218
 11/30  10:00:00,0.996113756224,8.04208116184,0.0,6.90423243658,0.0,0.190096197859,0.190096197859,0.190096197859,0.129568902,0.0282297625,0.334037084503,0.297069809363,1.11738723595
 11/30  11:00:00,1.00099256226,8.15845125876,0.0,7.15084547755,0.0,0.196886264946,0.196886264946,0.196886264946,0.1101335667,0.023995298125,0.348809033065,0.304056399423,0.986663071557
 11/30  12:00:00,0.966030977853,6.18205843351,0.0,5.29201579594,0.0,0.145706577966,0.145706577966,0.145706577966,0.1101335667,0.023995298125,0.364933981104,0.304149553957,0.869093511656
 11/30  13:00:00,0.927928337301,5.22655101696,0.0,4.4269401633,0.0,0.121888204217,0.121888204217,0.121888204217,0.1101335667,0.023995298125,0.355773213679,0.29902605458,0.779014622663
 11/30  14:00:00,0.890178797594,4.65528332591,0.0,3.90870113865,0.0,0.107619381568,0.107619381568,0.107619381568,0.1101335667,0.023995298125,0.321952343333,0.309366207869,0.725273750142
 11/30  15:00:00,0.896090202965,4.52807705098,0.0,3.83414396336,0.0,0.105566577628,0.105566577628,0.105566577628,0.1230904569,0.026818274375,0.29671678831,0.326786105753,0.671424807762
 11/30  16:00:00,0.995148146464,4.81629187831,0.0,4.11377918639,0.0,0.113265853858,0.113265853858,0.113265853858,0.1749180177,0.038110179375,0.306790855622,0.344951239909,0.678753239162
 11/30  17:00:00,1.29139090815,5.21493062503,0.0,4.44306341008,0.0,0.122332130162,0.122332130162,0.122332130162,0.3174438099,0.069162918125,0.357323190441,0.40801685952,0.743763946486
 11/30  18:00:00,1.8046621343,6.62730115802,0.0,5.71127486346,0.0,0.157250157269,0.157250157269,0.157250157269,0.5636247237,0.122799448662,0.448200528527,0.495675276143,0.881885314761
 11/30  19:00:00,2.05670062991,5.78093117811,0.0,4.73599239011,0.0,0.13039742719,0.13039742719,0.13039742719,0.7709349669,0.167967068662,0.402135423453,0.538153743709,1.00787198847
 11/30  20:00:00,1.97031919135,6.11020326091,0.0,5.04288628918,0.0,0.13884722431,0.13884722431,0.13884722431,0.7709349669,0.167967068662,0.319977444422,0.555480487059,1.02905674574
 11/30  21:00:00,1.88778037981,6.34819443252,0.0,5.35512621659,0.0,0.14744421515,0.14744421515,0.14744421515,0.712628961,0.15526369375,0.280754343348,0.574577166557,0.953492654317
 11/30  22:00:00,1.73245018001,6.60628093504,0.0,5.70628800902,0.0,0.157112852785,0.157112852785,0.157112852785,0.6024953943,0.131268395625,0.263298623659,0.561162913641,0.86134130748
 11/30  23:00:00,1.42765320951,6.91229560899,0.0,6.16567989816,0.0,0.169761420494,0.169761420494,0.169761420494,0.4470127119,0.097392680625,0.21075981003,0.485614586456,0.713167688338
 11/30  24:00:00,1.14065470671,7.20258667946,0.0,6.6205303339,0.0,0.182284947073,0.182284947073,0.182284947073,0.3109653648,0.06775143,0.140550925199,0.421990039641,0.552990636395
 12/01  01:00:00,0.906445998866,7.45520538226,0.0,7.04321288712,0.0,0.193922786182,0.193922786182,0.193922786182,0.160219637864,0.0349077586915,0.0863692416722,0.413914574456,0.383483005559
 12/01  02:00:00,0.791332303336,7.67287451838,0.0,7.3402804521,0.0,0.202102032048,0.202102032048,0.202102032048,0.0975250078643,0.0212482144043,0.0722387554862,0.381106293534,0.306344336084
 12/01  03:00:00,0.738652655113,7.89376599921,0.0,7.58295057776,0.0,0.208783537725,0.208783537725,0.208783537725,0.06269463,0.0136595625,0.0597152550472,0.376687669841,0.284870035947
 12/01  04:00:00,0.73138414272,8.08585124787,0.0,7.76956342708,0.0,0.213921602448,0.213921602448,0.213921602448,0.06269463,0.0136595625,0.0526110263622,0.371385321409,0.290707648932
 12/01  05:00:00,0.729656450758,8.21040106316,0.0,7.83351351323,0.0,0.215682358382,0.215682358382,0.215682358382,0.06269463,0.0136595625,0.0631517086927,0.357356191184,0.352273672481
 12/01  06:00:00,0.797672618326,8.67471323918,0.0,8.02520859896,0.0,0.220960353768,0.220960353768,0.220960353768,0.0696606972136,0.0151772910596,0.0759814879778,0.398780788307,0.622037531229
 12/01  07:00:00,1.02586049082,9.87720799858,0.0,8.71958046175,0.0,0.240078692009,0.240078692009,0.240078692009,0.14628747,0.0318723125,0.129758030703,0.460751985603,1.12589199345
 12/01  08:00:00,1.30413525992,8.93480404127,0.0,7.63550361446,0.0,0.21023049545,0.21023049545,0.21023049545,0.299540982136,0.0652623480958,0.207405929039,0.489583505201,1.26557903426
 12/01  09:00:00,1.23609802985,7.79840211651,0.0,6.53976605404,0.0,0.180061241156,0.180061241156,0.180061241156,0.29257494,0.063744625,0.268690649238,0.413914574456,1.23012657288
 12/01  10:00:00,1.04370336087,6.56222280268,0.0,5.41728660043,0.0,0.149155694701,0.149155694701,0.149155694701,0.160219637864,0.0349077586915,0.330033495679,0.352274773936,1.1206723212
 12/01  11:00:00,1.04081166715,6.72001530604,0.0,5.70477532636,0.0,0.157071203663,0.157071203663,0.157071203663,0.132355302136,0.0288368480957,0.344876619894,0.360559693361,0.990405452315
 12/01  12:00:00,1.00816858244,4.82257650581,0.0,3.92523261397,0.0,0.108074547385,0.108074547385,0.108074547385,0.132355302136,0.0288368480957,0.361119725873,0.360670158953,0.872501755864
 12/01  13:00:00,0.970972417625,3.93834201493,0.0,3.13176371107,0.0,0.0862277421183,0.0862277421183,0.0862277421183,0.132355302136,0.0288368480957,0.3518459739,0.354594551375,0.78215464185
 12/01  14:00:00,0.936935158382,3.43896163943,0.0,2.6850044787,0.0,0.0739269929458,0.0739269929458,0.0739269929458,0.132355302136,0.0288368480957,0.317847783081,0.366856232124,0.728688942175
 12/01  15:00:00,0.945769652532,3.25617534606,0.0,2.55481326275,0.0,0.0703424011211,0.0703424011211,0.0703424011211,0.14628747,0.0318723125,0.292642171022,0.387513297889,0.674671053296
 12/01  16:00:00,1.05233048751,3.51663429869,0.0,2.8064429048,0.0,0.0772705917147,0.0772705917147,0.0772705917147,0.202016057864,0.0440141336915,0.302863615842,0.409054088393,0.682016683472
 12/01  17:00:00,1.38845581795,4.14509316817,0.0,3.36415571727,0.0,0.0926262574056,0.0926262574056,0.0926262574056,0.362235612136,0.0789219105958,0.353720743409,0.4838392944,0.747611706466
 12/01  18:00:00,1.94925963228,5.54887012879,0.0,4.6222086775,0.0,0.127264587827,0.127264587827,0.127264587827,0.633912342136,0.138113348096,0.445069937436,0.587787416781,0.886175997835
 12/01  19:00:00,2.20763652703,4.907164913,0.0,3.85080451998,0.0,0.106025297478,0.106025297478,0.106025297478,0.835928316407,0.182127481787,0.398283704478,0.638159726883,1.01240541001
 12/01  20:00:00,2.05638032684,5.25647499293,0.0,4.17787530387,0.0,0.115030630514,0.115030630514,0.115030630514,0.780199812136,0.169985660596,0.315345896534,0.658706327056,1.0332295032
 12/01  21:00:00,1.96309916632,5.4869132427,0.0,4.48231843238,0.0,0.12341294987,0.12341294987,0.12341294987,0.71053914,0.154808375,0.275874927963,0.681351773484,0.957664857883
 12/01  22:00:00,1.80315177157,5.72860882981,0.0,4.81766345562,0.0,0.132646099894,0.132646099894,0.132646099894,0.599081964271,0.130524696192,0.258342283024,0.665444728188,0.865111062672
 12/01  23:00:00,1.48720929991,6.03704632532,0.0,5.28074290392,0.0,0.14539619822,0.14539619822,0.14539619822,0.445828452136,0.0971346605958,0.205880856148,0.57585713281,0.716639698629
 12/01  24:00:00,1.19072914277,6.23879175904,0.0,5.64830046668,0.0,0.155516265268,0.155516265268,0.155516265268,0.31347315,0.0682978125,0.135920781757,0.500409133249,0.556024255314
 12/02  01:00:00,0.886180317094,6.49815813452,0.0,6.06841583459,0.0,0.167083421333,0.167083421333,0.167083421333,0.160219637864,0.0349077586915,0.092942924749,0.413914574456,0.401232810344
 12/02  02:00:00,0.768575667012,6.71321689872,0.0,6.37041214129,0.0,0.175398371648,0.175398371648,0.175398371648,0.0975250078643,0.0212482144043,0.0761857795615,0.381106293534,0.316555027226
 12/02  03:00:00,0.713075437068,6.87807225953,0.0,6.55915495372,0.0,0.180595081252,0.180595081252,0.180595081252,0.06269463,0.0136595625,0.0623264934745,0.376687669841,0.292971920301
 12/02  04:00:00,0.701470689478,6.9584913233,0.0,6.63352544017,0.0,0.182642745035,0.182642745035,0.182642745035,0.06269463,0.0136595625,0.0539764305342,0.371385321409,0.299385711265
 12/02  05:00:00,0.704981741296,7.23274695753,0.0,6.84032053618,0.0,0.188336493304,0.188336493304,0.188336493304,0.06269463,0.0136595625,0.0658228643082,0.357356191184,0.367812543897
 12/02  06:00:00,0.762510096987,7.28904917092,0.0,6.59932664357,0.0,0.181701139829,0.181701139829,0.181701139829,0.0696606972136,0.0151772910596,0.080078180578,0.398780788307,0.66225541835
 12/02  07:00:00,0.974892433433,7.7292128455,0.0,6.48252193081,0.0,0.178485122409,0.178485122409,0.178485122409,0.14628747,0.0318723125,0.14038354292,0.460751985603,1.21495537131
 12/02  08:00:00,1.29070583783,7.78745268591,0.0,6.37917752454,0.0,0.175639711441,0.175639711441,0.175639711441,0.299540982136,0.0652623480958,0.228567290958,0.489583505201,1.37455376883
 12/02  09:00:00,1.25886658389,7.56103219335,0.0,6.18860029493,0.0,0.170392494306,0.170392494306,0.170392494306,0.29257494,0.063744625,0.30112795013,0.413914574456,1.34392240883
 12/02  10:00:00,1.10730103249,7.34129700997,0.0,6.09161998646,0.0,0.167722307855,0.167722307855,0.167722307855,0.160219637864,0.0349077586915,0.375064554145,0.352274773936,1.22541314246
 12/02  11:00:00,1.1274202562,8.10600558574,0.0,7.00111029121,0.0,0.192763563419,0.192763563419,0.192763563419,0.132355302136,0.0288368480957,0.395792849183,0.360559693361,1.08006076717
 12/02  12:00:00,1.11064203049,6.71239143039,0.0,5.74066033813,0.0,0.158059235911,0.158059235911,0.158059235911,0.132355302136,0.0288368480957,0.413608485392,0.360670158953,0.946888956287
 12/02  13:00:00,1.07702084169,6.11773287214,0.0,5.24694605986,0.0,0.144465660088,0.144465660088,0.144465660088,0.132355302136,0.0288368480957,0.399656479991,0.354594551375,0.846363150266
 12/02  14:00:00,1.04461690548,5.82177046103,0.0,5.01286746706,0.0,0.138020707532,0.138020707532,0.138020707532,0.132355302136,0.0288368480957,0.361435815596,0.366856232124,0.783634775411
 12/02  15:00:00,1.046449678,5.54173020446,0.0,4.79045110202,0.0,0.131896854413,0.131896854413,0.131896854413,0.14628747,0.0318723125,0.331767743197,0.387513297889,0.724588072429
 12/02  16:00:00,1.14673775929,5.64917797486,0.0,4.88931457786,0.0,0.134618890648,0.134618890648,0.134618890648,0.202016057864,0.0440141336915,0.339922588697,0.409054088393,0.731688686583
 12/02  17:00:00,1.46977004677,5.8542960323,0.0,5.01293500185,0.0,0.138022566986,0.138022566986,0.138022566986,0.362235612136,0.0789219105958,0.389638662656,0.4838392944,0.80803528602
 12/02  18:00:00,2.02285212004,7.01065081937,0.0,6.01109336209,0.0,0.165505145373,0.165505145373,0.165505145373,0.633912342136,0.138113348096,0.480421867651,0.587787416781,0.959072003822
 12/02  19:00:00,2.27387099925,6.16126709724,0.0,5.01027956732,0.0,0.137949454151,0.137949454151,0.137949454151,0.835928316407,0.182127481787,0.432594020017,0.638159726883,1.10703254691
 12/02  20:00:00,2.11508455175,6.25038429331,0.0,5.06623537108,0.0,0.139490101231,0.139490101231,0.139490101231,0.780199812136,0.169985660596,0.349590650728,0.658706327056,1.13877873637
 12/02  21:00:00,2.02143652569,6.44076181295,0.0,5.33517668118,0.0,0.146894938911,0.146894938911,0.146894938911,0.71053914,0.154808375,0.310730298291,0.681351773484,1.05865517934
 12/02  22:00:00,1.86544135724,6.78302281257,0.0,5.78677151576,0.0,0.159328828096,0.159328828096,0.159328828096,0.599081964271,0.130524696192,0.293949140492,0.665444728188,0.950416985296
 12/02  23:00:00,1.54413654659,7.1442171203,0.0,6.32072178727,0.0,0.17403023298,0.17403023298,0.17403023298,0.445828452136,0.0971346605958,0.234174068073,0.57585713281,0.783831610264
 12/02  24:00:00,1.23851512979,7.45236957703,0.0,6.81965150369,0.0,0.187767406947,0.187767406947,0.187767406947,0.31347315,0.0682978125,0.151455627092,0.500409133249,0.598251036292
 12/03  01:00:00,0.919782774713,7.72049852222,0.0,7.28884622961,0.0,0.200685878952,0.200685878952,0.200685878952,0.160219637864,0.0349077586915,0.092942924749,0.413914574456,0.403142803031
 12/03  02:00:00,0.806241336561,8.08264310189,0.0,7.7384170797,0.0,0.213064041196,0.213064041196,0.213064041196,0.0975250078643,0.0212482144043,0.0761857795615,0.381106293534,0.317976291983
 12/03  03:00:00,0.75443605876,8.3815135433,0.0,8.06135935916,0.0,0.221955702944,0.221955702944,0.221955702944,0.06269463,0.0136595625,0.0623264934745,0.376687669841,0.294208798632
 12/03  04:00:00,0.745259827687,8.55005409862,0.0,8.22393278022,0.0,0.226431883244,0.226431883244,0.226431883244,0.06269463,0.0136595625,0.0539764305342,0.371385321409,0.30054114654
 12/03  05:00:00,0.746757314502,8.7514373479,0.0,8.35759584643,0.0,0.23011206651,0.23011206651,0.23011206651,0.06269463,0.0136595625,0.0658228643082,0.357356191184,0.369227624023
 12/03  06:00:00,0.809370203477,8.99329451825,0.0,8.30127055855,0.0,0.228561246319,0.228561246319,0.228561246319,0.0696606972136,0.0151772910596,0.080078180578,0.398780788307,0.664556850706
 12/03  07:00:00,1.02984462264,9.72903986304,0.0,8.47836767353,0.0,0.233437311619,0.233437311619,0.233437311619,0.14628747,0.0318723125,0.14038354292,0.460751985603,1.21893664612
 12/03  08:00:00,1.32411526301,9.00450599446,0.0,7.59259704384,0.0,0.209049136623,0.209049136623,0.209049136623,0.299540982136,0.0652623480958,0.228567290958,0.489583505201,1.37818755808
 12/03  09:00:00,1.2961604236,8.91940143162,0.0,7.54310049376,0.0,0.207686334014,0.207686334014,0.207686334014,0.29257494,0.063744625,0.30112795013,0.413914574456,1.34779144827
 12/03  10:00:00,1.14003852613,8.53400962152,0.0,7.28063516928,0.0,0.20045980149,0.20045980149,0.20045980149,0.160219637864,0.0349077586915,0.375064554145,0.352274773936,1.2291105712
 12/03  11:00:00,1.16434704046,9.45066191281,0.0,8.34227915494,0.0,0.229690347681,0.229690347681,0.229690347681,0.132355302136,0.0288368480957,0.395792849183,0.360559693361,1.08354823051
 12/03  12:00:00,1.14328667873,7.90105591178,0.0,6.92630340636,0.0,0.190703884155,0.190703884155,0.190703884155,0.132355302136,0.0288368480957,0.413608485392,0.360670158953,0.949910369454
 12/03  13:00:00,1.10671978771,7.19922207164,0.0,6.32560217598,0.0,0.174164606112,0.174164606112,0.174164606112,0.132355302136,0.0288368480957,0.399656479991,0.354594551375,0.849196233652
 12/03  14:00:00,1.07113642071,6.78754996015,0.0,5.97604768483,0.0,0.164540222761,0.164540222761,0.164540222761,0.132355302136,0.0288368480957,0.361435815596,0.366856232124,0.786234056766
 12/03  15:00:00,1.07715223936,6.65913932733,0.0,5.90555820264,0.0,0.162599415774,0.162599415774,0.162599415774,0.14628747,0.0318723125,0.331767743197,0.387513297889,0.726890094679
 12/03  16:00:00,1.17174106158,6.55927552217,0.0,5.79742643185,0.0,0.159622192935,0.159622192935,0.159622192935,0.202016057864,0.0440141336915,0.339922588697,0.409054088393,0.733674379906
 12/03  17:00:00,1.48031074343,6.23930462897,0.0,5.39576969589,0.0,0.148563263641,0.148563263641,0.148563263641,0.362235612136,0.0789219105958,0.389638662656,0.4838392944,0.810209188646
 12/03  18:00:00,1.99344336037,5.94486797299,0.0,4.94297672055,0.0,0.136096385704,0.136096385704,0.136096385704,0.633912342136,0.138113348096,0.480421867651,0.587787416781,0.961405798989
 12/03  19:00:00,2.26299421438,5.77010690914,0.0,4.61523825805,0.0,0.127072669283,0.127072669283,0.127072669283,0.835928316407,0.182127481787,0.432594020017,0.638159726883,1.11091366807
 12/03  20:00:00,2.09526307513,5.53440734439,0.0,4.34632575,0.0,0.119668624618,0.119668624618,0.119668624618,0.780199812136,0.169985660596,0.349590650728,0.658706327056,1.14271140854
 12/03  21:00:00,1.99289037542,5.40725022082,0.0,4.29838973442,0.0,0.11834878865,0.11834878865,0.11834878865,0.71053914,0.154808375,0.310730298291,0.681351773484,1.06193053398
 12/03  22:00:00,1.82958441201,5.48395690482,0.0,4.48445885963,0.0,0.123471882863,0.123471882863,0.123471882863,0.599081964271,0.130524696192,0.293949140492,0.665444728188,0.953663733663
 12/03  23:00:00,1.49849592402,5.48956128704,0.0,4.66306913367,0.0,0.128389610403,0.128389610403,0.128389610403,0.445828452136,0.0971346605958,0.234174068073,0.57585713281,0.786828430605
 12/03  24:00:00,1.18159448356,5.38761661649,0.0,4.75231203846,0.0,0.130846760715,0.130846760715,0.130846760715,0.31347315,0.0682978125,0.151455627092,0.500409133249,0.600837540989
 12/04  01:00:00,0.849001919843,5.37547852619,0.0,4.95686251217,0.0,0.136478707159,0.136478707159,0.136478707159,0.160219637864,0.0349077586915,0.0863692416722,0.413914574456,0.390106524434
 12/04  02:00:00,0.725384215118,5.28356782198,0.0,4.94506721302,0.0,0.136153943829,0.136153943829,0.136153943829,0.0975250078643,0.0212482144043,0.0722387554862,0.381106293534,0.31225087875
 12/04  03:00:00,0.665475574411,5.24172181401,0.0,4.92518266926,0.0,0.135606457023,0.135606457023,0.135606457023,0.06269463,0.0136595625,0.0597152550472,0.376687669841,0.290593759245
 12/04  04:00:00,0.654452785278,5.29779062364,0.0,4.97544140137,0.0,0.136990245007,0.136990245007,0.136990245007,0.06269463,0.0136595625,0.0526110263622,0.371385321409,0.296769050406
 12/04  05:00:00,0.649165869762,5.29400487498,0.0,4.91012163893,0.0,0.135191777386,0.135191777386,0.135191777386,0.06269463,0.0136595625,0.0631517086927,0.357356191184,0.359269358595
 12/04  06:00:00,0.709319603773,5.47510164162,0.0,4.81625568028,0.0,0.132607339215,0.132607339215,0.132607339215,0.0696606972136,0.0151772910596,0.0759814879778,0.398780788307,0.631378852347
 12/04  07:00:00,0.910487985704,5.70079217237,0.0,4.52928838305,0.0,0.124706186898,0.124706186898,0.124706186898,0.14628747,0.0318723125,0.129758030703,0.460751985603,1.13976824593
 12/04  08:00:00,1.21156045868,5.58823627739,0.0,4.27321676835,0.0,0.117655694207,0.117655694207,0.117655694207,0.299540982136,0.0652623480958,0.207405929039,0.489583505201,1.2812981165
 12/04  09:00:00,1.16908995317,5.3802880842,0.0,4.10605437699,0.0,0.113053164481,0.113053164481,0.113053164481,0.29257494,0.063744625,0.268690649238,0.413914574456,1.24572421763
 12/04  10:00:00,1.00343023142,5.11367416905,0.0,3.95457956133,0.0,0.108882565245,0.108882565245,0.108882565245,0.160219637864,0.0349077586915,0.330033495679,0.352274773936,1.13483072667
 12/04  11:00:00,0.995403136652,5.08284670021,0.0,4.05555218203,0.0,0.111662673165,0.111662673165,0.111662673165,0.132355302136,0.0288368480957,0.344876619894,0.360559693361,1.00245999082
 12/04  12:00:00,0.987839133555,4.09524052625,0.0,3.18687360408,0.0,0.0877450984968,0.0877450984968,0.0877450984968,0.132355302136,0.0288368480957,0.361119725873,0.360670158953,0.883524786192
 12/04  13:00:00,0.954953118947,3.36596983935,0.0,2.54994796311,0.0,0.0702084434408,0.0702084434408,0.0702084434408,0.132355302136,0.0288368480957,0.3518459739,0.354594551375,0.791598214226
 12/04  14:00:00,0.930190642673,3.20210996703,0.0,2.44004584906,0.0,0.0671824772368,0.0671824772368,0.0671824772368,0.132355302136,0.0288368480957,0.317847783081,0.366856232124,0.736795899411
 12/04  15:00:00,0.94306596253,3.16662292355,0.0,2.45661611614,0.0,0.0676387111192,0.0676387111192,0.0676387111192,0.14628747,0.0318723125,0.292642171022,0.387513297889,0.683315777388
 12/04  16:00:00,1.04093862592,3.11111996108,0.0,2.39269417561,0.0,0.0658787301267,0.0658787301267,0.0658787301267,0.202016057864,0.0440141336915,0.302863615842,0.409054088393,0.690251075054
 12/04  17:00:00,1.36485160869,3.29654257989,0.0,2.50685846966,0.0,0.0690220481466,0.0690220481466,0.0690220481466,0.362235612136,0.0789219105958,0.353720743409,0.4838392944,0.756358365797
 12/04  18:00:00,1.91500746622,4.31547138391,0.0,3.37818108225,0.0,0.0930124217736,0.0930124217736,0.0930124217736,0.633912342136,0.138113348096,0.445069937436,0.587787416781,0.896804848209
 12/04  19:00:00,2.17290517026,3.65804058557,0.0,2.58937287281,0.0,0.0712939407069,0.0712939407069,0.0712939407069,0.835928316407,0.182127481787,0.398283704478,0.638159726883,1.02471272975
 12/04  20:00:00,2.02220890984,4.02805334477,0.0,2.93678048829,0.0,0.0808592135184,0.0808592135184,0.0808592135184,0.780199812136,0.169985660596,0.315345896534,0.658706327056,1.04590267063
 12/04  21:00:00,1.9314925942,4.35127464365,0.0,3.33437795323,0.0,0.091806377748,0.091806377748,0.091806377748,0.71053914,0.154808375,0.275874927963,0.681351773484,0.969966737988
 12/04  22:00:00,1.76846889814,4.48040821089,0.0,3.5579927078,0.0,0.0979632264664,0.0979632264664,0.0979632264664,0.599081964271,0.130524696192,0.258342283024,0.665444728188,0.876581191577
 12/04  23:00:00,1.4510896191,4.7349292927,0.0,3.96888777648,0.0,0.109276517407,0.109276517407,0.109276517407,0.445828452136,0.0971346605958,0.205880856148,0.57585713281,0.726377793456
 12/04  24:00:00,1.15809592802,5.06178080849,0.0,4.46307265895,0.0,0.12288305051,0.12288305051,0.12288305051,0.31347315,0.0682978125,0.135920781757,0.500409133249,0.564241112489
 12/05  01:00:00,0.84859929493,5.36326776194,0.0,4.94223930552,0.0,0.136076082246,0.136076082246,0.136076082246,0.160219637864,0.0349077586915,0.0863692416722,0.413914574456,0.392518966841
 12/05  02:00:00,0.735646946298,5.65808071406,0.0,5.31780629091,0.0,0.146416675009,0.146416675009,0.146416675009,0.0975250078643,0.0212482144043,0.0722387554862,0.381106293534,0.314024692949
 12/05  03:00:00,0.683286433575,5.89018747118,0.0,5.57206731475,0.0,0.153417316186,0.153417316186,0.153417316186,0.06269463,0.0136595625,0.0597152550472,0.376687669841,0.292174770925
 12/05  04:00:00,0.677342002784,6.13051359598,0.0,5.80677037969,0.0,0.159879462512,0.159879462512,0.159879462512,0.06269463,0.0136595625,0.0526110263622,0.371385321409,0.298163044421
 12/05  05:00:00,0.680905218106,6.44821095637,0.0,6.06288450751,0.0,0.166931125729,0.166931125729,0.166931125729,0.06269463,0.0136595625,0.0631517086927,0.357356191184,0.360712571404
 12/05  06:00:00,0.746531723131,6.82868834528,0.0,6.16778782242,0.0,0.169819458573,0.169819458573,0.169819458573,0.0696606972136,0.0151772910596,0.0759814879778,0.398780788307,0.633433413859
 12/05  07:00:00,0.96604279993,7.72198697283,0.0,6.54702127148,0.0,0.180261001124,0.180261001124,0.180261001124,0.14628747,0.0318723125,0.129758030703,0.460751985603,1.14323015797
 12/05  08:00:00,1.27274436254,7.81401178062,0.0,6.49539637232,0.0,0.178839598074,0.178839598074,0.178839598074,0.299540982136,0.0652623480958,0.207405929039,0.489583505201,1.28489401576
 12/05  09:00:00,1.21229203161,6.95231874502,0.0,5.67513989573,0.0,0.156255242912,0.156255242912,0.156255242912,0.29257494,0.063744625,0.268690649238,0.413914574456,1.24866935971
 12/05  10:00:00,1.03108340802,6.12094215134,0.0,4.95893399376,0.0,0.136535741852,0.136535741852,0.136535741852,0.160219637864,0.0349077586915,0.330033495679,0.352274773936,1.13774427653
 12/05  11:00:00,1.0306669767,6.3670294036,0.0,5.3363234497,0.0,0.146926513215,0.146926513215,0.146926513215,0.132355302136,0.0288368480957,0.344876619894,0.360559693361,1.00587142655
 12/05  12:00:00,1.00308526912,4.65198352451,0.0,3.74060831771,0.0,0.102991234059,0.102991234059,0.102991234059,0.132355302136,0.0288368480957,0.361119725873,0.360670158953,0.886533070824
 12/05  13:00:00,0.975043935085,4.09888433451,0.0,3.27963990866,0.0,0.0902992595787,0.0902992595787,0.0902992595787,0.132355302136,0.0288368480957,0.3518459739,0.354594551375,0.794820763834
 12/05  14:00:00,0.940142019514,3.56677168043,0.0,2.80147663803,0.0,0.0771338540774,0.0771338540774,0.0771338540774,0.132355302136,0.0288368480957,0.317847783081,0.366856232124,0.74002682385
 12/05  15:00:00,0.950770988288,3.44873975491,0.0,2.73646016016,0.0,0.0753437368768,0.0753437368768,0.0753437368768,0.14628747,0.0318723125,0.292642171022,0.387513297889,0.685588564742
 12/05  16:00:00,1.05685919956,3.69238355438,0.0,2.97092426215,0.0,0.0817993037676,0.0817993037676,0.0817993037676,0.202016057864,0.0440141336915,0.302863615842,0.409054088393,0.693284581813
 12/05  17:00:00,1.39017104596,4.2189720973,0.0,3.42645224425,0.0,0.0943414854237,0.0943414854237,0.0943414854237,0.362235612136,0.0789219105958,0.353720743409,0.4838392944,0.759194108619
 12/05  18:00:00,1.95271817806,5.68770585095,0.0,4.74782194196,0.0,0.130723133609,0.130723133609,0.130723133609,0.633912342136,0.138113348096,0.445069937436,0.587787416781,0.899398455533
 12/05  19:00:00,2.20909391739,4.97460838204,0.0,3.90373646638,0.0,0.107482687832,0.107482687832,0.107482687832,0.835928316407,0.182127481787,0.398283704478,0.638159726883,1.02691693266
 12/05  20:00:00,2.05411647457,5.18920825544,0.0,4.09565292173,0.0,0.112766778251,0.112766778251,0.112766778251,0.780199812136,0.169985660596,0.315345896534,0.658706327056,1.04818514785
 12/05  21:00:00,1.96540066067,5.58473077832,0.0,4.56590796311,0.0,0.125714444224,0.125714444224,0.125714444224,0.71053914,0.154808375,0.275874927963,0.681351773484,0.971892862774
 12/05  22:00:00,1.80256931629,5.72045412446,0.0,4.79650886819,0.0,0.132063644614,0.132063644614,0.132063644614,0.599081964271,0.130524696192,0.258342283024,0.665444728188,0.878110944755
 12/05  23:00:00,1.48337882104,5.90900805915,0.0,5.1416211499,0.0,0.141565719348,0.141565719348,0.141565719348,0.445828452136,0.0971346605958,0.205880856148,0.57585713281,0.727723186479
 12/05  24:00:00,1.19425667603,6.37578946791,0.0,5.77641933371,0.0,0.15904379852,0.15904379852,0.15904379852,0.31347315,0.0682978125,0.135920781757,0.500409133249,0.564903097149
 12/06  01:00:00,0.891534501425,6.92322487158,0.0,6.50163212185,0.0,0.179011288741,0.179011288741,0.179011288741,0.160219637864,0.0349077586915,0.0863692416722,0.413914574456,0.393083260147
 12/06  02:00:00,0.774416841938,7.06669452989,0.0,6.7259163639,0.0,0.185186570649,0.185186570649,0.185186570649,0.0975250078643,0.0212482144043,0.0722387554862,0.381106293534,0.314528435793
 12/06  03:00:00,0.725716230149,7.4314996837,0.0,7.1131038062,0.0,0.195847112761,0.195847112761,0.195847112761,0.06269463,0.0136595625,0.0597152550472,0.376687669841,0.292450491994
 12/06  04:00:00,0.723398102769,7.80351481955,0.0,7.47951303842,0.0,0.205935562497,0.205935562497,0.205935562497,0.06269463,0.0136595625,0.0526110263622,0.371385321409,0.29842160926
 12/06  05:00:00,0.722326995967,7.95288054153,0.0,7.56731008526,0.0,0.208352903591,0.208352903591,0.208352903591,0.06269463,0.0136595625,0.0631517086927,0.357356191184,0.360956578818
 12/06  06:00:00,0.785663830179,8.25082702663,0.0,7.58905329664,0.0,0.208951565622,0.208951565622,0.208951565622,0.0696606972136,0.0151772910596,0.0759814879778,0.398780788307,0.634306621001
 12/06  07:00:00,1.00997173807,9.31991141517,0.0,8.14250609977,0.0,0.224189939262,0.224189939262,0.224189939262,0.14628747,0.0318723125,0.129758030703,0.460751985603,1.14566977201
 12/06  08:00:00,1.31498718551,9.35129476246,0.0,8.02964204266,0.0,0.221082421036,0.221082421036,0.221082421036,0.299540982136,0.0652623480958,0.207405929039,0.489583505201,1.28793132726
 12/06  09:00:00,1.23254055014,7.69027580057,0.0,6.41055954132,0.0,0.176503761446,0.176503761446,0.176503761446,0.29257494,0.063744625,0.268690649238,0.413914574456,1.25120676967
 12/06  10:00:00,1.04111097411,6.48783471009,0.0,5.32313195159,0.0,0.146563307941,0.146563307941,0.146563307941,0.160219637864,0.0349077586915,0.330033495679,0.352274773936,1.14043887745
 12/06  11:00:00,1.02073036854,6.00827985589,0.0,4.97542905425,0.0,0.13698990505,0.13698990505,0.13698990505,0.132355302136,0.0288368480957,0.344876619894,0.360559693361,1.00801627429
 12/06  12:00:00,0.98906000276,4.14475728241,0.0,3.23121517884,0.0,0.0889659677021,0.0889659677021,0.0889659677021,0.132355302136,0.0288368480957,0.361119725873,0.360670158953,0.888699967596
 12/06  13:00:00,0.949131847069,3.16009934195,0.0,2.33852125085,0.0,0.0643871715621,0.0643871715621,0.0643871715621,0.132355302136,0.0288368480957,0.3518459739,0.354594551375,0.79715442909
 12/06  14:00:00,0.916977679657,2.72778608289,0.0,1.96015530486,0.0,0.0539695142203,0.0539695142203,0.0539695142203,0.132355302136,0.0288368480957,0.317847783081,0.366856232124,0.742362559476
 12/06  15:00:00,0.927630593186,2.61052320168,0.0,1.89600849274,0.0,0.0522033417747,0.0522033417747,0.0522033417747,0.14628747,0.0318723125,0.292642171022,0.387513297889,0.687823678917
 12/06  16:00:00,1.03428549419,2.87453625705,0.0,2.15105458248,0.0,0.0592255983953,0.0592255983953,0.0592255983953,0.202016057864,0.0440141336915,0.302863615842,0.409054088393,0.69530696415
 12/06  17:00:00,1.3671937126,3.38700026099,0.0,2.5919229265,0.0,0.0713641520613,0.0713641520613,0.0713641520613,0.362235612136,0.0789219105958,0.353720743409,0.4838392944,0.761751590057
 12/06  18:00:00,1.92096332421,4.53736796644,0.0,3.59449591865,0.0,0.0989682797661,0.0989682797661,0.0989682797661,0.633912342136,0.138113348096,0.445069937436,0.587787416781,0.902386594337
 12/06  19:00:00,2.18785762431,4.20729934468,0.0,3.13244116879,0.0,0.0862463947547,0.0862463947547,0.0862463947547,0.835928316407,0.182127481787,0.398283704478,0.638159726883,1.03090319289
 12/06  20:00:00,2.03540669245,4.51346108474,0.0,3.41611968501,0.0,0.0940569961276,0.0940569961276,0.0940569961276,0.780199812136,0.169985660596,0.315345896534,0.658706327056,1.05197121387
 12/06  21:00:00,1.94858943902,4.97771910708,0.0,3.95532982867,0.0,0.108903222569,0.108903222569,0.108903222569,0.71053914,0.154808375,0.275874927963,0.681351773484,0.975459325977
 12/06  22:00:00,1.79185869105,5.33474472843,0.0,4.40750242284,0.0,0.121353019374,0.121353019374,0.121353019374,0.599081964271,0.130524696192,0.258342283024,0.665444728188,0.881407994071
 12/06  23:00:00,1.47863297422,5.73903661639,0.0,4.96925352804,0.0,0.136819872528,0.136819872528,0.136819872528,0.445828452136,0.0971346605958,0.205880856148,0.57585713281,0.730119365582
 12/06  24:00:00,1.19011614936,6.22719355242,0.0,5.62603674402,0.0,0.154903271852,0.154903271852,0.154903271852,0.31347315,0.0682978125,0.135920781757,0.500409133249,0.566689771352
 12/07  01:00:00,0.88530176453,6.69816020797,0.0,6.27526113325,0.0,0.172778551846,0.172778551846,0.172778551846,0.160219637864,0.0349077586915,0.0863692416722,0.413914574456,0.39438958514
 12/07  02:00:00,0.770466567601,6.9236926713,0.0,6.58244367734,0.0,0.181236296312,0.181236296312,0.181236296312,0.0975250078643,0.0212482144043,0.0722387554862,0.381106293534,0.314999263764
 12/07  03:00:00,0.719771960683,7.21646309204,0.0,6.89720986132,0.0,0.189902843294,0.189902843294,0.189902843294,0.06269463,0.0136595625,0.0597152550472,0.376687669841,0.293307845207
 12/07  04:00:00,0.714634905218,7.48591053355,0.0,7.16123653703,0.0,0.197172364946,0.197172364946,0.197172364946,0.06269463,0.0136595625,0.0526110263622,0.371385321409,0.299093824649
 12/07  05:00:00,0.717885577701,7.79255370635,0.0,7.40599921002,0.0,0.203911485325,0.203911485325,0.203911485325,0.06269463,0.0136595625,0.0631517086927,0.357356191184,0.361940618875
 12/07  06:00:00,0.784991144668,8.22844561756,0.0,7.56462157638,0.0,0.20827888011,0.20827888011,0.20827888011,0.0696606972136,0.0151772910596,0.0759814879778,0.398780788307,0.636356932179
 12/07  07:00:00,0.988932400358,8.55915915074,0.0,7.37836415744,0.0,0.203150601552,0.203150601552,0.203150601552,0.14628747,0.0318723125,0.129758030703,0.460751985603,1.14905944992
 12/07  08:00:00,1.28884937883,8.40562946368,0.0,7.08032535606,0.0,0.194944614359,0.194944614359,0.194944614359,0.299540982136,0.0652623480958,0.207405929039,0.489583505201,1.29158271508
 12/07  09:00:00,1.24191907302,8.03534086741,0.0,6.75118445957,0.0,0.185882284323,0.185882284323,0.185882284323,0.29257494,0.063744625,0.268690649238,0.413914574456,1.25564691826
 12/07  10:00:00,1.07441340994,7.70063944943,0.0,6.53266565221,0.0,0.17986574377,0.17986574377,0.17986574377,0.160219637864,0.0349077586915,0.330033495679,0.352274773936,1.14370991617
 12/07  11:00:00,1.0846176801,8.33110102656,0.0,7.29579555152,0.0,0.200877216611,0.200877216611,0.200877216611,0.132355302136,0.0288368480957,0.344876619894,0.360559693361,1.01047094768
 12/07  12:00:00,1.06342111011,6.84677989771,0.0,5.93198655236,0.0,0.163327075053,0.163327075053,0.163327075053,0.132355302136,0.0288368480957,0.361119725873,0.360670158953,0.889951209377
 12/07  13:00:00,1.0323778481,6.18391028601,0.0,5.36198908978,0.0,0.147633172592,0.147633172592,0.147633172592,0.132355302136,0.0288368480957,0.3518459739,0.354594551375,0.797497534214
 12/07  14:00:00,0.996001239643,5.59764393438,0.0,4.83026545044,0.0,0.132993074207,0.132993074207,0.132993074207,0.132355302136,0.0288368480957,0.317847783081,0.366856232124,0.74211026539
 12/07  15:00:00,1.00144224171,5.2908183418,0.0,4.57682369932,0.0,0.126014990298,0.126014990298,0.126014990298,0.14628747,0.0318723125,0.292642171022,0.387513297889,0.68730361246
 12/07  16:00:00,1.09056512359,4.91761019635,0.0,4.19511252384,0.0,0.1155052278,0.1155052278,0.1155052278,0.202016057864,0.0440141336915,0.302863615842,0.409054088393,0.694322962098
 12/07  17:00:00,1.40421730349,4.73061721523,0.0,3.93660777543,0.0,0.108387742945,0.108387742945,0.108387742945,0.362235612136,0.0789219105958,0.353720743409,0.4838392944,0.760683695369
 12/07  18:00:00,1.94169123641,5.29011055937,0.0,4.34732698706,0.0,0.119696191963,0.119696191963,0.119696191963,0.633912342136,0.138113348096,0.445069937436,0.587787416781,0.902298118866
 12/07  19:00:00,2.19338010411,4.4090007517,0.0,3.33301584925,0.0,0.0917688745513,0.0917688745513,0.0917688745513,0.835928316407,0.182127481787,0.398283704478,0.638159726883,1.03202991944
 12/07  20:00:00,2.02876926176,4.27328593503,0.0,3.17505034863,0.0,0.0874195654373,0.0874195654373,0.0874195654373,0.780199812136,0.169985660596,0.315345896534,0.658706327056,1.05286540055
 12/07  21:00:00,1.92610140419,4.16272312085,0.0,3.13857167553,0.0,0.0864151877426,0.0864151877426,0.0864151877426,0.71053914,0.154808375,0.275874927963,0.681351773484,0.977221492888
 12/07  22:00:00,1.76021474584,4.18737381414,0.0,3.25820456533,0.0,0.0897090741665,0.0897090741665,0.0897090741665,0.599081964271,0.130524696192,0.258342283024,0.665444728188,0.883334937284
 12/07  23:00:00,1.4376650224,4.25334667193,0.0,3.48131076528,0.0,0.0958519207058,0.0958519207058,0.0958519207058,0.445828452136,0.0971346605958,0.205880856148,0.57585713281,0.732372183882
 12/07  24:00:00,1.14153449169,4.46471722251,0.0,3.86156664697,0.0,0.106321614185,0.106321614185,0.106321614185,0.31347315,0.0682978125,0.135920781757,0.500409133249,0.568683538489
 12/08  01:00:00,0.828937090559,4.65259933912,0.0,4.22811440074,0.0,0.116413877875,0.116413877875,0.116413877875,0.160219637864,0.0349077586915,0.0863692416722,0.413914574456,0.395975448794
 12/08  02:00:00,0.710754125861,4.75711211555,0.0,4.413707102,0.0,0.121523854572,0.121523854572,0.121523854572,0.0975250078643,0.0212482144043,0.0722387554862,0.381106293534,0.317155283344
 12/08  03:00:00,0.653528421089,4.81228784767,0.0,4.49126592384,0.0,0.123659303701,0.123659303701,0.123659303701,0.06269463,0.0136595625,0.0597152550472,0.376687669841,0.295076538326
 12/08  04:00:00,0.642459365246,4.86625159903,0.0,4.53984426399,0.0,0.124996824974,0.124996824974,0.124996824974,0.06269463,0.0136595625,0.0526110263622,0.371385321409,0.300827163178
 12/08  05:00:00,0.639660490642,4.95336978272,0.0,4.56488934297,0.0,0.125686398266,0.125686398266,0.125686398266,0.06269463,0.0136595625,0.0631517086927,0.357356191184,0.363866562299
 12/08  06:00:00,0.703881965812,5.28547489734,0.0,4.61876242785,0.0,0.127169701254,0.127169701254,0.127169701254,0.0696606972136,0.0151772910596,0.0759814879778,0.398780788307,0.639245360496
 12/08  07:00:00,0.90489693984,5.51161544193,0.0,4.32622340517,0.0,0.119115141034,0.119115141034,0.119115141034,0.14628747,0.0318723125,0.129758030703,0.460751985603,1.15365649337
 12/08  08:00:00,1.22061975807,5.93250457084,0.0,4.602247593,0.0,0.126714993603,0.126714993603,0.126714993603,0.299540982136,0.0652623480958,0.207405929039,0.489583505201,1.2965355853
 12/08  09:00:00,1.17215815846,5.50659322499,0.0,4.21749060085,0.0,0.116121369767,0.116121369767,0.116121369767,0.29257494,0.063744625,0.268690649238,0.413914574456,1.26059313455
 12/08  10:00:00,1.01027877006,5.37593722097,0.0,4.20331627047,0.0,0.115731103892,0.115731103892,0.115731103892,0.160219637864,0.0349077586915,0.330033495679,0.352274773936,1.14835706945
 12/08  11:00:00,1.01879472986,5.94470120946,0.0,4.90512728349,0.0,0.135054266375,0.135054266375,0.135054266375,0.132355302136,0.0288368480957,0.344876619894,0.360559693361,1.01473939861
 12/08  12:00:00,1.01422427624,5.06409578769,0.0,4.14517345435,0.0,0.114130241178,0.114130241178,0.114130241178,0.132355302136,0.0288368480957,0.361119725873,0.360670158953,0.894080197368
 12/08  13:00:00,0.99010909535,4.65215120495,0.0,3.82680165799,0.0,0.105364419843,0.105364419843,0.105364419843,0.132355302136,0.0288368480957,0.3518459739,0.354594551375,0.800925884945
 12/08  14:00:00,0.963679388253,4.42679491751,0.0,3.65634625958,0.0,0.100671222817,0.100671222817,0.100671222817,0.132355302136,0.0288368480957,0.317847783081,0.366856232124,0.745180439382
 12/08  15:00:00,0.970661417999,4.17587669514,0.0,3.45887413549,0.0,0.0952341665881,0.0952341665881,0.0952341665881,0.14628747,0.0318723125,0.292642171022,0.387513297889,0.690311529636
 12/08  16:00:00,1.06914111906,4.14238997294,0.0,3.41699960682,0.0,0.0940812232654,0.0940812232654,0.0940812232654,0.202016057864,0.0440141336915,0.302863615842,0.409054088393,0.697215655699
 12/08  17:00:00,1.38415901091,4.00541060748,0.0,3.20809707503,0.0,0.0883294503664,0.0883294503664,0.0883294503664,0.362235612136,0.0789219105958,0.353720743409,0.4838392944,0.763987788021
 12/08  18:00:00,1.92448428588,4.66868150297,0.0,3.72237610765,0.0,0.102489241428,0.102489241428,0.102489241428,0.633912342136,0.138113348096,0.445069937436,0.587787416781,0.905819941867
 12/08  19:00:00,2.17833845919,3.86631468451,0.0,2.78670816987,0.0,0.0767272296379,0.0767272296379,0.0767272296379,0.835928316407,0.182127481787,0.398283704478,0.638159726883,1.03565153163
 12/08  20:00:00,2.01406348701,3.74273533939,0.0,2.64094136512,0.0,0.0727137906913,0.0727137906913,0.0727137906913,0.780199812136,0.169985660596,0.315345896534,0.658706327056,1.05642378842
 12/08  21:00:00,1.91651787406,3.81751024606,0.0,2.79050096021,0.0,0.0768316576145,0.0768316576145,0.0768316576145,0.71053914,0.154808375,0.275874927963,0.681351773484,0.980079333412
 12/08  22:00:00,1.75891480788,4.14315893429,0.0,3.21099123906,0.0,0.0884091362089,0.0884091362089,0.0884091362089,0.599081964271,0.130524696192,0.258342283024,0.665444728188,0.886333383711
 12/08  23:00:00,1.44360650939,4.47156147444,0.0,3.69710365163,0.0,0.101793407699,0.101793407699,0.101793407699,0.445828452136,0.0971346605958,0.205880856148,0.57585713281,0.734794100042
 12/08  24:00:00,1.14980025864,4.76662550546,0.0,4.16177662979,0.0,0.114587381136,0.114587381136,0.114587381136,0.31347315,0.0682978125,0.135920781757,0.500409133249,0.570381838613
 12/09  01:00:00,0.84636520023,5.06334701208,0.0,4.62234366475,0.0,0.127268304469,0.127268304469,0.127268304469,0.160219637864,0.0349077586915,0.092942924749,0.413914574456,0.412493857748
 12/09  02:00:00,0.731177698018,5.36409130843,0.0,5.01213000048,0.0,0.138000402654,0.138000402654,0.138000402654,0.0975250078643,0.0212482144043,0.0761857795615,0.381106293534,0.325711577753
 12/09  03:00:00,0.679744737237,5.67619406774,0.0,5.34859471369,0.0,0.147264381421,0.147264381421,0.147264381421,0.06269463,0.0136595625,0.0623264934745,0.376687669841,0.301653968545
 12/09  04:00:00,0.676661900793,6.06606697928,0.0,5.73247825729,0.0,0.157833956349,0.157833956349,0.157833956349,0.06269463,0.0136595625,0.0539764305342,0.371385321409,0.308008550122
 12/09  05:00:00,0.679114823616,6.30318857888,0.0,5.90084245039,0.0,0.162469575624,0.162469575624,0.162469575624,0.06269463,0.0136595625,0.0658228643082,0.357356191184,0.377732251043
 12/09  06:00:00,0.750599368116,6.87217211646,0.0,6.16673282242,0.0,0.169790410958,0.169790410958,0.169790410958,0.0696606972136,0.0151772910596,0.080078180578,0.398780788307,0.677972185048
 12/09  07:00:00,0.976877765725,7.82859317642,0.0,6.5546285577,0.0,0.180470454702,0.180470454702,0.180470454702,0.14628747,0.0318723125,0.14038354292,0.460751985603,1.24222907533
 12/09  08:00:00,1.2800241392,7.42921270977,0.0,5.99122168419,0.0,0.164958012807,0.164958012807,0.164958012807,0.299540982136,0.0652623480958,0.228567290958,0.489583505201,1.40426963304
 12/09  09:00:00,1.25437116488,7.4268467088,0.0,6.02532813015,0.0,0.165897075296,0.165897075296,0.165897075296,0.29257494,0.063744625,0.30112795013,0.413914574456,1.37300908906
 12/09  10:00:00,1.10985953053,7.46137935558,0.0,6.18454380795,0.0,0.170280805894,0.170280805894,0.170280805894,0.160219637864,0.0349077586915,0.375064554145,0.352274773936,1.25257166659
 12/09  11:00:00,1.13416816202,8.3752492741,0.0,7.24619204862,0.0,0.19951146924,0.19951146924,0.19951146924,0.132355302136,0.0288368480957,0.395792849183,0.360559693361,1.10422269811
 12/09  12:00:00,1.12383863264,7.21289162395,0.0,6.21995666089,0.0,0.171255838059,0.171255838059,0.171255838059,0.132355302136,0.0288368480957,0.413608485392,0.360670158953,0.968092827084
 12/09  13:00:00,1.09574248656,6.81643543198,0.0,5.92691014792,0.0,0.163187304964,0.163187304964,0.163187304964,0.132355302136,0.0288368480957,0.399656479991,0.354594551375,0.865101622044
 12/09  14:00:00,1.07229951442,6.84484669033,0.0,6.01829087228,0.0,0.165703316471,0.165703316471,0.165703316471,0.132355302136,0.0288368480957,0.361435815596,0.366856232124,0.801287599498
 12/09  15:00:00,1.08160243727,6.83461684724,0.0,6.06718795172,0.0,0.167049613684,0.167049613684,0.167049613684,0.14628747,0.0318723125,0.331767743197,0.387513297889,0.740737865508
 12/09  16:00:00,1.18167977387,6.93381467389,0.0,6.15839724822,0.0,0.169560905219,0.169560905219,0.169560905219,0.202016057864,0.0440141336915,0.339922588697,0.409054088393,0.747242715247
 12/09  17:00:00,1.50674816908,7.2142969674,0.0,6.35596844679,0.0,0.175000689294,0.175000689294,0.175000689294,0.362235612136,0.0789219105958,0.389638662656,0.4838392944,0.825002776175
 12/09  18:00:00,2.06683440721,8.62788626694,0.0,7.60851581007,0.0,0.209487432546,0.209487432546,0.209487432546,0.633912342136,0.138113348096,0.480421867651,0.587787416781,0.978885003414
 12/09  19:00:00,2.31176478166,7.5599832905,0.0,6.38656949135,0.0,0.175843236568,0.175843236568,0.175843236568,0.835928316407,0.182127481787,0.432594020017,0.638159726883,1.12945881613
 12/09  20:00:00,2.14810503557,7.47223967244,0.0,6.26552866618,0.0,0.172510585059,0.172510585059,0.172510585059,0.780199812136,0.169985660596,0.349590650728,0.658706327056,1.16134082041
 12/09  21:00:00,2.05588625739,7.71283020902,0.0,6.58637979707,0.0,0.181344670617,0.181344670617,0.181344670617,0.71053914,0.154808375,0.310730298291,0.681351773484,1.07952045952
 12/09  22:00:00,1.89412832908,7.84390871566,0.0,6.82867305665,0.0,0.188015799933,0.188015799933,0.188015799933,0.599081964271,0.130524696192,0.293949140492,0.665444728188,0.969401347493
 12/09  23:00:00,1.571308199,8.14641622489,0.0,7.30758741635,0.0,0.201201885384,0.201201885384,0.201201885384,0.445828452136,0.0971346605958,0.234174068073,0.57585713281,0.799165085782
 12/09  24:00:00,1.26202209231,8.31754528168,0.0,7.67341678129,0.0,0.21127436947,0.21127436947,0.21127436947,0.31347315,0.0682978125,0.151455627092,0.500409133249,0.609661463335
 12/10  01:00:00,0.953678569659,8.9589230367,0.0,8.51993054146,0.0,0.234581673898,0.234581673898,0.234581673898,0.160219637864,0.0349077586915,0.092942924749,0.413914574456,0.410483005655
 12/10  02:00:00,0.831671594637,9.01229288941,0.0,8.66203582988,0.0,0.238494299273,0.238494299273,0.238494299273,0.0975250078643,0.0212482144043,0.0761857795615,0.381106293534,0.324007329331
 12/10  03:00:00,0.779968733272,9.31398149891,0.0,8.9886978412,0.0,0.247488377457,0.247488377457,0.247488377457,0.06269463,0.0136595625,0.0623264934745,0.376687669841,0.299338272204
 12/10  04:00:00,0.775253299774,9.6448002106,0.0,9.3132859877,0.0,0.25642535533,0.25642535533,0.25642535533,0.06269463,0.0136595625,0.0539764305342,0.371385321409,0.305934051034
 12/10  05:00:00,0.77570040067,9.80930904675,0.0,9.40879937702,0.0,0.259055152679,0.259055152679,0.259055152679,0.06269463,0.0136595625,0.0658228643082,0.357356191184,0.37589579228
 12/10  06:00:00,0.840162882424,10.1242934324,0.0,9.41965070077,0.0,0.259353925266,0.259353925266,0.259353925266,0.0696606972136,0.0151772910596,0.080078180578,0.398780788307,0.677175622671
 12/10  07:00:00,1.07110207121,11.2516869415,0.0,9.97682486435,0.0,0.274694760183,0.274694760183,0.274694760183,0.14628747,0.0318723125,0.14038354292,0.460751985603,1.24312653379
 12/10  08:00:00,1.37110497342,10.7389459074,0.0,9.29924813101,0.0,0.256038847024,0.256038847024,0.256038847024,0.299540982136,0.0652623480958,0.228567290958,0.489583505201,1.40597638383
 12/10  09:00:00,1.3363954982,10.407670067,0.0,9.00442539291,0.0,0.247921408617,0.247921408617,0.247921408617,0.29257494,0.063744625,0.30112795013,0.413914574456,1.37473518446
 12/10  10:00:00,1.18594577918,10.2258579347,0.0,8.94797175545,0.0,0.24636705454,0.24636705454,0.24636705454,0.160219637864,0.0349077586915,0.375064554145,0.352274773936,1.2536222982
 12/10  11:00:00,1.20825053864,11.0665898986,0.0,9.93684001235,0.0,0.273593845866,0.273593845866,0.273593845866,0.132355302136,0.0288368480957,0.395792849183,0.360559693361,1.10491535887
 12/10  12:00:00,1.18579502897,9.4635657223,0.0,8.47019294144,0.0,0.233212234392,0.233212234392,0.233212234392,0.132355302136,0.0288368480957,0.413608485392,0.360670158953,0.968530644883
 12/10  13:00:00,1.16255513789,9.24310382882,0.0,8.35352403942,0.0,0.229999956288,0.229999956288,0.229999956288,0.132355302136,0.0288368480957,0.399656479991,0.354594551375,0.865156127391
 12/10  14:00:00,1.12535325041,8.77155120605,0.0,7.94518540789,0.0,0.21875705246,0.21875705246,0.21875705246,0.132355302136,0.0288368480957,0.361435815596,0.366856232124,0.801097579606
 12/10  15:00:00,1.13311722352,8.70512017125,0.0,7.93818833032,0.0,0.21856439993,0.21856439993,0.21856439993,0.14628747,0.0318723125,0.331767743197,0.387513297889,0.740240810912
 12/10  16:00:00,1.23242059648,8.77669428141,0.0,8.00128751798,0.0,0.220301727834,0.220301727834,0.220301727834,0.202016057864,0.0440141336915,0.339922588697,0.409054088393,0.747232053014
 12/10  17:00:00,1.55731003613,9.05105568888,0.0,8.19235910818,0.0,0.22556255634,0.22556255634,0.22556255634,0.362235612136,0.0789219105958,0.389638662656,0.4838392944,0.825370836267
 12/10  18:00:00,2.12304813144,10.6703962018,0.0,9.65018009669,0.0,0.265701156774,0.265701156774,0.265701156774,0.633912342136,0.138113348096,0.480421867651,0.587787416781,0.97973065166
 12/10  19:00:00,2.36603356482,9.53221498091,0.0,8.35759414724,0.0,0.230112019726,0.230112019726,0.230112019726,0.835928316407,0.182127481787,0.432594020017,0.638159726883,1.13066585066
 12/10  20:00:00,2.19749521239,9.26735158888,0.0,8.05936391743,0.0,0.221900761879,0.221900761879,0.221900761879,0.780199812136,0.169985660596,0.349590650728,0.658706327056,1.1626174856
 12/10  21:00:00,2.1039605358,9.46040266698,0.0,8.33242204363,0.0,0.229418949029,0.229418949029,0.229418949029,0.71053914,0.154808375,0.310730298291,0.681351773484,1.08105067092
 12/10  22:00:00,1.94369426383,9.64501677112,0.0,8.62889177936,0.0,0.237581734691,0.237581734691,0.237581734691,0.599081964271,0.130524696192,0.293949140492,0.665444728188,0.970290680232
 12/10  23:00:00,1.61701072784,9.8067381568,0.0,8.96748848541,0.0,0.246904414224,0.246904414224,0.246904414224,0.445828452136,0.0971346605958,0.234174068073,0.57585713281,0.799585948624
 12/10  24:00:00,1.31201242326,10.1331785669,0.0,9.48904943636,0.0,0.261264700416,0.261264700416,0.261264700416,0.31347315,0.0682978125,0.151455627092,0.500409133249,0.60966209345
 12/11  01:00:00,0.98464312286,10.3062113127,0.0,9.88330714469,0.0,0.272119910176,0.272119910176,0.272119910176,0.160219637864,0.0349077586915,0.0863692416722,0.413914574456,0.394394678424
 12/11  02:00:00,0.871592746705,10.5965314857,0.0,10.2553138022,0.0,0.282362475416,0.282362475416,0.282362475416,0.0975250078643,0.0212482144043,0.0722387554862,0.381106293534,0.314967953375
 12/11  03:00:00,0.821766108616,10.9204811177,0.0,10.6016043334,0.0,0.291896991228,0.291896991228,0.291896991228,0.06269463,0.0136595625,0.0597152550472,0.376687669841,0.292931398804
 12/11  04:00:00,0.810661485794,10.9733855397,0.0,10.6488908923,0.0,0.293198945523,0.293198945523,0.293198945523,0.06269463,0.0136595625,0.0526110263622,0.371385321409,0.298914475472
 12/11  05:00:00,0.810601601798,11.1603309833,0.0,10.7734152245,0.0,0.296627509421,0.296627509421,0.296627509421,0.06269463,0.0136595625,0.0631517086927,0.357356191184,0.362301881359
 12/11  06:00:00,0.875453275478,11.5175363676,0.0,10.8501769155,0.0,0.298741010921,0.298741010921,0.298741010921,0.0696606972136,0.0151772910596,0.0759814879778,0.398780788307,0.639892343109
 12/11  07:00:00,1.07758588956,11.7884567035,0.0,10.598230218,0.0,0.29180409075,0.29180409075,0.29180409075,0.14628747,0.0318723125,0.129758030703,0.460751985603,1.15849094203
 12/11  08:00:00,1.40122075266,12.4980637503,0.0,11.161617317,0.0,0.307315988187,0.307315988187,0.307315988187,0.299540982136,0.0652623480958,0.207405929039,0.489583505201,1.30272504075
 12/11  09:00:00,1.34591807508,11.8230959626,0.0,10.5283945852,0.0,0.289881286383,0.289881286383,0.289881286383,0.29257494,0.063744625,0.268690649238,0.413914574456,1.26619188777
 12/11  10:00:00,1.17553665337,11.3827831658,0.0,10.2054291542,0.0,0.280988987197,0.280988987197,0.280988987197,0.160219637864,0.0349077586915,0.330033495679,0.352274773936,1.15309013053
 12/11  11:00:00,1.1880211441,12.0945542428,0.0,11.0513759273,0.0,0.30428068061,0.30428068061,0.30428068061,0.132355302136,0.0288368480957,0.344876619894,0.360559693361,1.01834378817
 12/11  12:00:00,1.12901812241,9.23570520885,0.0,8.31444882756,0.0,0.228924087352,0.228924087352,0.228924087352,0.132355302136,0.0288368480957,0.361119725873,0.360670158953,0.89641424532
 12/11  13:00:00,1.10194937922,8.71700678576,0.0,7.8888046033,0.0,0.217204703711,0.217204703711,0.217204703711,0.132355302136,0.0288368480957,0.3518459739,0.354594551375,0.803778520447
 12/11  14:00:00,1.07995578381,8.65218516293,0.0,7.87946734687,0.0,0.21694761837,0.21694761837,0.21694761837,0.132355302136,0.0288368480957,0.317847783081,0.366856232124,0.747449597514
 12/11  15:00:00,1.06640325427,7.65482679782,0.0,6.93618666952,0.0,0.190976002854,0.190976002854,0.190976002854,0.14628747,0.0318723125,0.292642171022,0.387513297889,0.691949098283
 12/11  16:00:00,1.16880184593,7.76371967774,0.0,7.03664498055,0.0,0.19374195014,0.19374195014,0.19374195014,0.202016057864,0.0440141336915,0.302863615842,0.409054088393,0.698899986771
 12/11  17:00:00,1.49968367269,8.20417928791,0.0,7.40391543497,0.0,0.203854112153,0.203854112153,0.203854112153,0.362235612136,0.0789219105958,0.353720743409,0.4838392944,0.766938108504
 12/11  18:00:00,2.06646882011,9.82912971482,0.0,8.87920847883,0.0,0.244473775662,0.244473775662,0.244473775662,0.633912342136,0.138113348096,0.445069937436,0.587787416781,0.909435782542
 12/11  19:00:00,2.31358958129,8.7822417425,0.0,7.69898518957,0.0,0.211978351736,0.211978351736,0.211978351736,0.835928316407,0.182127481787,0.398283704478,0.638159726883,1.03930156992
 12/11  20:00:00,2.14997112469,8.68317795889,0.0,7.57706281824,0.0,0.208621428365,0.208621428365,0.208621428365,0.780199812136,0.169985660596,0.315345896534,0.658706327056,1.0607449548
 12/11  21:00:00,2.04631480678,8.53484457973,0.0,7.50468358544,0.0,0.206628590336,0.206628590336,0.206628590336,0.71053914,0.154808375,0.275874927963,0.681351773484,0.983231041861
 12/11  22:00:00,1.88607532077,8.76369572509,0.0,7.82941994834,0.0,0.215569649094,0.215569649094,0.215569649094,0.599081964271,0.130524696192,0.258342283024,0.665444728188,0.888441465229
 12/11  23:00:00,1.57035247723,9.07578343876,0.0,8.30047621889,0.0,0.228539375539,0.228539375539,0.228539375539,0.445828452136,0.0971346605958,0.205880856148,0.57585713281,0.7356434971
 12/11  24:00:00,1.27390040504,9.27368449814,0.0,8.66905381773,0.0,0.238687527531,0.238687527531,0.238687527531,0.31347315,0.0682978125,0.135920781757,0.500409133249,0.57016364336
 12/12  01:00:00,0.961001645095,9.44848190922,0.0,9.024656317,0.0,0.248478432411,0.248478432411,0.248478432411,0.160219637864,0.0349077586915,0.0863692416722,0.413914574456,0.395316102637
 12/12  02:00:00,0.842549195252,9.54222397958,0.0,9.20046140495,0.0,0.253318923963,0.253318923963,0.253318923963,0.0975250078643,0.0212482144043,0.0722387554862,0.381106293534,0.315512844424
 12/12  03:00:00,0.783680698809,9.53756543941,0.0,9.21835456449,0.0,0.253811581421,0.253811581421,0.253811581421,0.06269463,0.0136595625,0.0597152550472,0.376687669841,0.293265489413
 12/12  04:00:00,0.772356903855,9.58259223448,0.0,9.25768086252,0.0,0.254894363584,0.254894363584,0.254894363584,0.06269463,0.0136595625,0.0526110263622,0.371385321409,0.299331200088
 12/12  05:00:00,0.768216355168,9.62181226015,0.0,9.23399677262,0.0,0.254242262792,0.254242262792,0.254242262792,0.06269463,0.0136595625,0.0631517086927,0.357356191184,0.363201610078
 12/12  06:00:00,0.826078835176,9.72590155683,0.0,9.05691320948,0.0,0.249366570618,0.249366570618,0.249366570618,0.0696606972136,0.0151772910596,0.0759814879778,0.398780788307,0.641521238352
 12/12  07:00:00,1.04350066048,10.5535595775,0.0,9.36026571967,0.0,0.257718861669,0.257718861669,0.257718861669,0.14628747,0.0318723125,0.129758030703,0.460751985603,1.16155831444
 12/12  08:00:00,1.3496271935,10.6278812589,0.0,9.28775593174,0.0,0.255722429029,0.255722429029,0.255722429029,0.299540982136,0.0652623480958,0.207405929039,0.489583505201,1.30640393464
 12/12  09:00:00,1.28806925257,9.72552691735,0.0,8.42734405778,0.0,0.232032463876,0.232032463876,0.232032463876,0.29257494,0.063744625,0.268690649238,0.413914574456,1.26967336999
 12/12  10:00:00,1.11842811651,9.31210783153,0.0,8.13126556221,0.0,0.22388045034,0.22388045034,0.22388045034,0.160219637864,0.0349077586915,0.330033495679,0.352274773936,1.15657838827
 12/12  11:00:00,1.13494281468,10.1699973807,0.0,9.12358816645,0.0,0.251202351196,0.251202351196,0.251202351196,0.132355302136,0.0288368480957,0.344876619894,0.360559693361,1.02157468684
 12/12  12:00:00,1.10137104334,8.23435552147,0.0,7.3103158557,0.0,0.201277008282,0.201277008282,0.201277008282,0.132355302136,0.0288368480957,0.361119725873,0.360670158953,0.899197529794
 12/12  13:00:00,1.05862327695,7.14530435699,0.0,6.31521457873,0.0,0.173878601439,0.173878601439,0.173878601439,0.132355302136,0.0288368480957,0.3518459739,0.354594551375,0.805666116249
 12/12  14:00:00,1.01303961209,6.22427150296,0.0,5.44909362813,0.0,0.150031446652,0.150031446652,0.150031446652,0.132355302136,0.0288368480957,0.317847783081,0.366856232124,0.749909656277
 12/12  15:00:00,1.03193962799,6.40535642746,0.0,5.68447890745,0.0,0.156512376581,0.156512376581,0.156512376581,0.14628747,0.0318723125,0.292642171022,0.387513297889,0.694186489992
 12/12  16:00:00,1.1328563618,6.46106055536,0.0,5.7311166201,0.0,0.157796466005,0.157796466005,0.157796466005,0.202016057864,0.0440141336915,0.302863615842,0.409054088393,0.701769224841
 12/12  17:00:00,1.45308930552,6.51390922172,0.0,5.7116230859,0.0,0.157259744976,0.157259744976,0.157259744976,0.362235612136,0.0789219105958,0.353720743409,0.4838392944,0.768960391387
 12/12  18:00:00,2.01185575127,7.84830345347,0.0,6.89567947837,0.0,0.189860706825,0.189860706825,0.189860706825,0.633912342136,0.138113348096,0.445069937436,0.587787416781,0.912138521648
 12/12  19:00:00,2.25823015809,6.77518855396,0.0,5.6883488399,0.0,0.156618928533,0.156618928533,0.156618928533,0.835928316407,0.182127481787,0.398283704478,0.638159726883,1.04288473105
 12/12  20:00:00,2.09816873034,6.80508305313,0.0,5.69561660629,0.0,0.156819034015,0.156819034015,0.156819034015,0.780199812136,0.169985660596,0.315345896534,0.658706327056,1.06409626098
 12/12  21:00:00,1.99998881812,6.85552085265,0.0,5.82213865703,0.0,0.160302601669,0.160302601669,0.160302601669,0.71053914,0.154808375,0.275874927963,0.681351773484,0.98645224318
 12/12  22:00:00,1.83687574167,6.97961962664,0.0,6.04250714468,0.0,0.166370069996,0.166370069996,0.166370069996,0.599081964271,0.130524696192,0.258342283024,0.665444728188,0.891278170439
 12/12  23:00:00,1.5155780309,7.08887437863,0.0,6.31108604015,0.0,0.17376492921,0.17376492921,0.17376492921,0.445828452136,0.0971346605958,0.205880856148,0.57585713281,0.738124615711
 12/12  24:00:00,1.21850536111,7.26368244594,0.0,6.65712373487,0.0,0.183292483603,0.183292483603,0.183292483603,0.31347315,0.0682978125,0.135920781757,0.500409133249,0.572091674015
 12/13  01:00:00,0.905475606419,7.43339488427,0.0,7.00796854721,0.0,0.192952393735,0.192952393735,0.192952393735,0.160219637864,0.0349077586915,0.0863692416722,0.413914574456,0.396916847476
 12/13  02:00:00,0.790374584177,7.64857304906,0.0,7.30549640191,0.0,0.201144312888,0.201144312888,0.201144312888,0.0975250078643,0.0212482144043,0.0722387554862,0.381106293534,0.316826916942
 12/13  03:00:00,0.735138418232,7.77595804021,0.0,7.45531463061,0.0,0.205269300844,0.205269300844,0.205269300844,0.06269463,0.0136595625,0.0597152550472,0.376687669841,0.294698024092
 12/13  04:00:00,0.725378464406,7.87768531,0.0,7.5514391327,0.0,0.207915924134,0.207915924134,0.207915924134,0.06269463,0.0136595625,0.0526110263622,0.371385321409,0.300666005433
 12/13  05:00:00,0.722521764402,7.96366023032,0.0,7.57438401184,0.0,0.208547672026,0.208547672026,0.208547672026,0.06269463,0.0136595625,0.0631517086927,0.357356191184,0.364662341024
 12/13  06:00:00,0.784702794485,8.22527366987,0.0,7.55414879097,0.0,0.207990529927,0.207990529927,0.207990529927,0.0696606972136,0.0151772910596,0.0759814879778,0.398780788307,0.643657769902
 12/13  07:00:00,0.999201509735,8.9481373379,0.0,7.75133488938,0.0,0.213419710929,0.213419710929,0.213419710929,0.14628747,0.0318723125,0.129758030703,0.460751985603,1.16506690513
 12/13  08:00:00,1.29020372867,8.47326094762,0.0,7.12951490439,0.0,0.196298964201,0.196298964201,0.196298964201,0.299540982136,0.0652623480958,0.207405929039,0.489583505201,1.31002465069
 12/13  09:00:00,1.2465670297,8.22225495911,0.0,6.9199967434,0.0,0.190530241008,0.190530241008,0.190530241008,0.29257494,0.063744625,0.268690649238,0.413914574456,1.27374872613
 12/13  10:00:00,1.07048577442,7.57434799212,0.0,6.39001520019,0.0,0.175938108251,0.175938108251,0.175938108251,0.160219637864,0.0349077586915,0.330033495679,0.352274773936,1.16006891088
 12/13  11:00:00,1.06623723441,7.67756445474,0.0,6.62822370753,0.0,0.18249677092,0.18249677092,0.18249677092,0.132355302136,0.0288368480957,0.344876619894,0.360559693361,1.02450621985
 12/13  12:00:00,1.04650895839,6.24505992058,0.0,5.31774267074,0.0,0.146414923337,0.146414923337,0.146414923337,0.132355302136,0.0288368480957,0.361119725873,0.360670158953,0.902475113861
 12/13  13:00:00,1.02832592177,6.0474668516,0.0,5.21482443556,0.0,0.143581246258,0.143581246258,0.143581246258,0.132355302136,0.0288368480957,0.3518459739,0.354594551375,0.808218754023
 12/13  14:00:00,0.993575960287,5.51964753459,0.0,4.74218008846,0.0,0.13056779485,0.13056779485,0.13056779485,0.132355302136,0.0288368480957,0.317847783081,0.366856232124,0.752199227577
 12/13  15:00:00,1.00048680985,5.26513991337,0.0,4.54212272311,0.0,0.125059558438,0.125059558438,0.125059558438,0.14628747,0.0318723125,0.292642171022,0.387513297889,0.696326160243
 12/13  16:00:00,1.09806543164,5.19916915901,0.0,4.46752128698,0.0,0.123005535852,0.123005535852,0.123005535852,0.202016057864,0.0440141336915,0.302863615842,0.409054088393,0.703473161618
 12/13  17:00:00,1.41814019077,5.24672402294,0.0,4.44228253946,0.0,0.122310630229,0.122310630229,0.122310630229,0.362235612136,0.0789219105958,0.353720743409,0.4838392944,0.771115739039
 12/13  18:00:00,1.96763191575,6.2447778869,0.0,5.28948407241,0.0,0.145636871301,0.145636871301,0.145636871301,0.633912342136,0.138113348096,0.445069937436,0.587787416781,0.914808361036
 12/13  19:00:00,2.22655392555,5.62773449009,0.0,4.53787831698,0.0,0.124942695995,0.124942695995,0.124942695995,0.835928316407,0.182127481787,0.398283704478,0.638159726883,1.0459011901
 12/13  20:00:00,2.06747602496,5.6935661415,0.0,4.58086747177,0.0,0.126126328637,0.126126328637,0.126126328637,0.780199812136,0.169985660596,0.315345896534,0.658706327056,1.06732848387
 12/13  21:00:00,1.97866066413,6.08424791193,0.0,5.04750700081,0.0,0.138974447679,0.138974447679,0.138974447679,0.71053914,0.154808375,0.275874927963,0.681351773484,0.989810958686
 12/13  22:00:00,1.81610900975,6.22823126742,0.0,5.28826615634,0.0,0.145603338071,0.145603338071,0.145603338071,0.599081964271,0.130524696192,0.258342283024,0.665444728188,0.894130799555
 12/13  23:00:00,1.49988395152,6.52081170064,0.0,5.74108215198,0.0,0.158070849832,0.158070849832,0.158070849832,0.445828452136,0.0971346605958,0.205880856148,0.57585713281,0.740065825889
 12/13  24:00:00,1.20275092438,6.69304425986,0.0,6.08492768718,0.0,0.167538046872,0.167538046872,0.167538046872,0.31347315,0.0682978125,0.135920781757,0.500409133249,0.57364953563
 12/14  01:00:00,0.889884748086,6.86790816742,0.0,6.44171361406,0.0,0.177361535402,0.177361535402,0.177361535402,0.160219637864,0.0349077586915,0.0863692416722,0.413914574456,0.397685063781
 12/14  02:00:00,0.777818621929,7.19320545582,0.0,6.84946791318,0.0,0.18858835064,0.18858835064,0.18858835064,0.0975250078643,0.0212482144043,0.0722387554862,0.381106293534,0.317487812437
 12/14  03:00:00,0.726661968925,7.46851567539,0.0,7.14745273273,0.0,0.196792851537,0.196792851537,0.196792851537,0.06269463,0.0136595625,0.0597152550472,0.376687669841,0.29511755716
 12/14  04:00:00,0.724582993852,7.84953881225,0.0,7.52254789941,0.0,0.20712045358,0.20712045358,0.20712045358,0.06269463,0.0136595625,0.0526110263622,0.371385321409,0.301410740971
 12/14  05:00:00,0.724617739134,8.04060520997,0.0,7.65050913637,0.0,0.210643646758,0.210643646758,0.210643646758,0.06269463,0.0136595625,0.0631517086927,0.357356191184,0.365482196149
 12/14  06:00:00,0.786627046523,8.29654183339,0.0,7.62403700277,0.0,0.209914781965,0.209914781965,0.209914781965,0.0696606972136,0.0151772910596,0.0759814879778,0.398780788307,0.645037721624
 12/14  07:00:00,0.994047073349,8.76363222152,0.0,7.56412742659,0.0,0.208265274543,0.208265274543,0.208265274543,0.14628747,0.0318723125,0.129758030703,0.460751985603,1.16776925154
 12/14  08:00:00,1.31443067252,9.35656407285,0.0,8.00942967083,0.0,0.220525908047,0.220525908047,0.220525908047,0.299540982136,0.0652623480958,0.207405929039,0.489583505201,1.31341300948
 12/14  09:00:00,1.26723881803,8.97618777227,0.0,7.67078941092,0.0,0.211202029333,0.211202029333,0.211202029333,0.29257494,0.063744625,0.268690649238,0.413914574456,1.27688887176
 12/14  10:00:00,1.1095507916,8.9956466744,0.0,7.80884399206,0.0,0.21500312543,0.21500312543,0.21500312543,0.160219637864,0.0349077586915,0.330033495679,0.352274773936,1.16253880129
 12/14  11:00:00,1.12653763731,9.86977298559,0.0,8.81831484222,0.0,0.242797173824,0.242797173824,0.242797173824,0.132355302136,0.0288368480957,0.344876619894,0.360559693361,1.02662361602
 12/14  12:00:00,1.08926565082,7.79926030477,0.0,6.87065191365,0.0,0.189171615758,0.189171615758,0.189171615758,0.132355302136,0.0288368480957,0.361119725873,0.360670158953,0.903766255149
 12/14  13:00:00,1.04451739316,6.636783638,0.0,5.80289344106,0.0,0.159772717657,0.159772717657,0.159772717657,0.132355302136,0.0288368480957,0.3518459739,0.354594551375,0.809466534918
 12/14  14:00:00,1.02208746513,6.55603503746,0.0,5.77770872479,0.0,0.159079299691,0.159079299691,0.159079299691,0.132355302136,0.0288368480957,0.317847783081,0.366856232124,0.753058094127
 12/14  15:00:00,1.03494932986,6.51834326899,0.0,5.79379030607,0.0,0.159522078448,0.159522078448,0.159522078448,0.14628747,0.0318723125,0.292642171022,0.387513297889,0.697861932906
 12/14  16:00:00,1.1370583362,6.6165414663,0.0,5.88373097166,0.0,0.161998440407,0.161998440407,0.161998440407,0.202016057864,0.0440141336915,0.302863615842,0.409054088393,0.704635784221
 12/14  17:00:00,1.46950154077,7.11339754249,0.0,6.30771016313,0.0,0.173671980227,0.173671980227,0.173671980227,0.362235612136,0.0789219105958,0.353720743409,0.4838392944,0.772361634927
 12/14  18:00:00,2.02699008899,8.40176680244,0.0,7.44535373028,0.0,0.204995044538,0.204995044538,0.204995044538,0.633912342136,0.138113348096,0.445069937436,0.587787416781,0.915927618703
 12/14  19:00:00,2.27841667487,7.51235318973,0.0,6.42151660199,0.0,0.176805445317,0.176805445317,0.176805445317,0.835928316407,0.182127481787,0.398283704478,0.638159726883,1.04688160474
 12/14  20:00:00,2.11821809913,7.53748649224,0.0,6.42380319777,0.0,0.17686840281,0.17686840281,0.17686840281,0.780199812136,0.169985660596,0.315345896534,0.658706327056,1.06831310861
 12/14  21:00:00,2.02368611221,7.72033773037,0.0,6.68281671562,0.0,0.183999895759,0.183999895759,0.183999895759,0.71053914,0.154808375,0.275874927963,0.681351773484,0.990591062308
 12/14  22:00:00,1.86328405412,7.94223263772,0.0,7.00164851336,0.0,0.192778382443,0.192778382443,0.192778382443,0.599081964271,0.130524696192,0.258342283024,0.665444728188,0.894749812838
 12/14  23:00:00,1.5449699064,8.15875104252,0.0,7.37858945417,0.0,0.203156804711,0.203156804711,0.203156804711,0.445828452136,0.0971346605958,0.205880856148,0.57585713281,0.740497865581
 12/14  24:00:00,1.25042420033,8.42437312802,0.0,7.81640565419,0.0,0.215211322827,0.215211322827,0.215211322827,0.31347315,0.0682978125,0.135920781757,0.500409133249,0.573500436781
 12/15  01:00:00,0.933973722798,8.4688520739,0.0,8.04301091893,0.0,0.221450510114,0.221450510114,0.221450510114,0.160219637864,0.0349077586915,0.0863692416722,0.413914574456,0.397331665382
 12/15  02:00:00,0.819456730769,8.7048130781,0.0,8.3617505621,0.0,0.23022645948,0.23022645948,0.23022645948,0.0975250078643,0.0212482144043,0.0722387554862,0.381106293534,0.316812785789
 12/15  03:00:00,0.767894137732,8.96544835717,0.0,8.64499177091,0.0,0.238025020343,0.238025020343,0.238025020343,0.06269463,0.0136595625,0.0597152550472,0.376687669841,0.294511200749
 12/15  04:00:00,0.757217574962,9.03417136112,0.0,8.70782533258,0.0,0.23975503469,0.23975503469,0.23975503469,0.06269463,0.0136595625,0.0526110263622,0.371385321409,0.300765856674
 12/15  05:00:00,0.752454944101,9.05103107669,0.0,8.66154741929,0.0,0.238480851725,0.238480851725,0.238480851725,0.06269463,0.0136595625,0.0631517086927,0.357356191184,0.364869779947
 12/15  06:00:00,0.812095720881,9.22181817291,0.0,8.54905101987,0.0,0.235383456323,0.235383456323,0.235383456323,0.0696606972136,0.0151772910596,0.0759814879778,0.398780788307,0.645300044043
 12/15  07:00:00,1.0133185301,9.46541331711,0.0,8.26406050428,0.0,0.227536731298,0.227536731298,0.227536731298,0.14628747,0.0318723125,0.129758030703,0.460751985603,1.16961726945
 12/15  08:00:00,1.31216843759,9.27676468767,0.0,7.92726602972,0.0,0.218263673118,0.218263673118,0.218263673118,0.299540982136,0.0652623480958,0.207405929039,0.489583505201,1.31577726541
 12/15  09:00:00,1.26929435365,9.05322712612,0.0,7.74544580012,0.0,0.213257564957,0.213257564957,0.213257564957,0.29257494,0.063744625,0.268690649238,0.413914574456,1.27927183641
 12/15  10:00:00,1.10073004028,8.67770846852,0.0,7.48847715632,0.0,0.206182374108,0.206182374108,0.206182374108,0.160219637864,0.0349077586915,0.330033495679,0.352274773936,1.16496743115
 12/15  11:00:00,1.10399155489,9.05293360526,0.0,7.99944841915,0.0,0.220251091402,0.220251091402,0.220251091402,0.132355302136,0.0288368480957,0.344876619894,0.360559693361,1.02865065875
 12/15  12:00:00,1.06643763015,6.9717656784,0.0,6.0415455849,0.0,0.166343595096,0.166343595096,0.166343595096,0.132355302136,0.0288368480957,0.361119725873,0.360670158953,0.905377957532
 12/15  13:00:00,1.01222844655,5.46569766555,0.0,4.63016934086,0.0,0.127483771038,0.127483771038,0.127483771038,0.132355302136,0.0288368480957,0.3518459739,0.354594551375,0.811104662674
 12/15  14:00:00,0.966739220182,4.54802666261,0.0,3.76747836579,0.0,0.103731054745,0.103731054745,0.103731054745,0.132355302136,0.0288368480957,0.317847783081,0.366856232124,0.755280078268
 12/15  15:00:00,0.969772185251,4.15279375872,0.0,3.42657748962,0.0,0.09434493384,0.09434493384,0.09434493384,0.14628747,0.0318723125,0.292642171022,0.387513297889,0.699525239086
 12/15  16:00:00,1.07117772085,4.22639396548,0.0,3.49096832543,0.0,0.0961178250595,0.0961178250595,0.0961178250595,0.202016057864,0.0440141336915,0.302863615842,0.409054088393,0.707250929636
 12/15  17:00:00,1.39663794306,4.46995566236,0.0,3.6613278558,0.0,0.100808382524,0.100808382524,0.100808382524,0.362235612136,0.0789219105958,0.353720743409,0.4838392944,0.775302062126
 12/15  18:00:00,1.9512411529,5.65425219009,0.0,4.69417686576,0.0,0.129246108449,0.129246108449,0.129246108449,0.633912342136,0.138113348096,0.445069937436,0.587787416781,0.919589870875
 12/15  19:00:00,2.20646076618,4.90320723812,0.0,3.8081012658,0.0,0.10484953662,0.10484953662,0.10484953662,0.835928316407,0.182127481787,0.398283704478,0.638159726883,1.05115098931
 12/15  20:00:00,2.04752088019,4.97393904838,0.0,3.85610306664,0.0,0.106171183872,0.106171183872,0.106171183872,0.780199812136,0.169985660596,0.315345896534,0.658706327056,1.07246579589
 12/15  21:00:00,1.95509992682,5.23325788934,0.0,4.19178864055,0.0,0.115413710375,0.115413710375,0.115413710375,0.71053914,0.154808375,0.275874927963,0.681351773484,0.994539296364
 12/15  22:00:00,1.79701007658,5.53886622368,0.0,4.59459907974,0.0,0.126504404909,0.126504404909,0.126504404909,0.599081964271,0.130524696192,0.258342283024,0.665444728188,0.898432832413
 12/15  23:00:00,1.47861716531,5.75211987179,0.0,4.96867935368,0.0,0.136804063622,0.136804063622,0.136804063622,0.445828452136,0.0971346605958,0.205880856148,0.57585713281,0.743776795339
 12/15  24:00:00,1.1821654193,5.94746850721,0.0,5.33726879944,0.0,0.146952541799,0.146952541799,0.146952541799,0.31347315,0.0682978125,0.135920781757,0.500409133249,0.575732670714
 12/16  01:00:00,0.879419882888,6.26611430773,0.0,5.82287905031,0.0,0.160322987128,0.160322987128,0.160322987128,0.160219637864,0.0349077586915,0.092942924749,0.413914574456,0.414725767834
 12/16  02:00:00,0.767345183218,6.67876761372,0.0,6.32572136779,0.0,0.174167887854,0.174167887854,0.174167887854,0.0975250078643,0.0212482144043,0.0761857795615,0.381106293534,0.32679651573
 12/16  03:00:00,0.709872825641,6.77104536982,0.0,6.44283714231,0.0,0.177392469826,0.177392469826,0.177392469826,0.06269463,0.0136595625,0.0623264934745,0.376687669841,0.302262842006
 12/16  04:00:00,0.699691028446,6.90300087383,0.0,6.56888872695,0.0,0.180863084003,0.180863084003,0.180863084003,0.06269463,0.0136595625,0.0539764305342,0.371385321409,0.308531975013
 12/16  05:00:00,0.701653595102,7.12384432412,0.0,6.7194433426,0.0,0.18500834711,0.18500834711,0.18500834711,0.06269463,0.0136595625,0.0658228643082,0.357356191184,0.379787104072
 12/16  06:00:00,0.772796426093,7.68657237989,0.0,6.9729227905,0.0,0.191987468935,0.191987468935,0.191987468935,0.0696606972136,0.0151772910596,0.080078180578,0.398780788307,0.686182480394
 12/16  07:00:00,0.997419410968,8.59370336283,0.0,7.30069447056,0.0,0.201012099945,0.201012099945,0.201012099945,0.14628747,0.0318723125,0.14038354292,0.460751985603,1.26127334888
 12/16  08:00:00,1.31109833881,8.58043617439,0.0,7.11982656584,0.0,0.196032212417,0.196032212417,0.196032212417,0.299540982136,0.0652623480958,0.228567290958,0.489583505201,1.42688821601
 12/16  09:00:00,1.2557304347,7.49819068113,0.0,6.07469637046,0.0,0.167256345116,0.167256345116,0.167256345116,0.29257494,0.063744625,0.30112795013,0.413914574456,1.39498482108
 12/16  10:00:00,1.09636446419,6.99110748667,0.0,5.69440736205,0.0,0.156785739549,0.156785739549,0.156785739549,0.160219637864,0.0349077586915,0.375064554145,0.352274773936,1.27243624357
 12/16  11:00:00,1.09971417411,7.14137280073,0.0,5.99483434894,0.0,0.165057481334,0.165057481334,0.165057481334,0.132355302136,0.0288368480957,0.395792849183,0.360559693361,1.12170392444
 12/16  12:00:00,1.06948037184,5.25385765909,0.0,4.24568220613,0.0,0.116897577264,0.116897577264,0.116897577264,0.132355302136,0.0288368480957,0.413608485392,0.360670158953,0.983333316985
 12/16  13:00:00,1.02996082847,4.4412815466,0.0,3.53774159734,0.0,0.0974056468752,0.0974056468752,0.0974056468752,0.132355302136,0.0288368480957,0.399656479991,0.354594551375,0.879116287247
 12/16  14:00:00,0.987999288333,3.79610332823,0.0,2.9565339201,0.0,0.0814030903818,0.0814030903818,0.0814030903818,0.132355302136,0.0288368480957,0.361435815596,0.366856232124,0.814301189578
 12/16  15:00:00,0.990117167575,3.52372757265,0.0,2.74447253914,0.0,0.075564343989,0.075564343989,0.075564343989,0.14628747,0.0318723125,0.331767743197,0.387513297889,0.752564003497
 12/16  16:00:00,1.0906391801,3.63993020928,0.0,2.85183232142,0.0,0.0785203114484,0.0785203114484,0.0785203114484,0.202016057864,0.0440141336915,0.339922588697,0.409054088393,0.759923177439
 12/16  17:00:00,1.42365503788,4.2109436412,0.0,3.33805279066,0.0,0.0919075580936,0.0919075580936,0.0919075580936,0.362235612136,0.0789219105958,0.389638662656,0.4838392944,0.839565106107
 12/16  18:00:00,1.97967944075,5.47965114764,0.0,4.44307561082,0.0,0.122332466089,0.122332466089,0.122332466089,0.633912342136,0.138113348096,0.480421867651,0.587787416781,0.996090083365
 12/16  19:00:00,2.23384129455,4.74973168114,0.0,3.55641363693,0.0,0.0979197494586,0.0979197494586,0.0979197494586,0.835928316407,0.182127481787,0.432594020017,0.638159726883,1.14936306121
 12/16  20:00:00,2.07748920669,4.92806919442,0.0,3.70078459548,0.0,0.101894756174,0.101894756174,0.101894756174,0.780199812136,0.169985660596,0.349590650728,0.658706327056,1.18191441308
 12/16  21:00:00,1.98078261985,5.00373952542,0.0,3.85863996723,0.0,0.106241033079,0.106241033079,0.106241033079,0.71053914,0.154808375,0.310730298291,0.681351773484,1.09816960575
 12/16  22:00:00,1.81449165195,4.96759069504,0.0,3.93629469491,0.0,0.10837912281,0.10837912281,0.10837912281,0.599081964271,0.130524696192,0.293949140492,0.665444728188,0.985461688617
 12/16  23:00:00,1.50255717895,5.66243073313,0.0,4.8105725997,0.0,0.132450865339,0.132450865339,0.132450865339,0.445828452136,0.0971346605958,0.234174068073,0.57585713281,0.812194410662
 12/16  24:00:00,1.19242911027,5.79924811632,0.0,5.1458221771,0.0,0.141681387426,0.141681387426,0.141681387426,0.31347315,0.0682978125,0.151455627092,0.500409133249,0.618958902172
 12/17  01:00:00,0.873182398258,6.04047975266,0.0,5.59633562548,0.0,0.154085502497,0.154085502497,0.154085502497,0.160219637864,0.0349077586915,0.092942924749,0.413914574456,0.415634637594
 12/17  02:00:00,0.754130823323,6.19967899294,0.0,5.84578008941,0.0,0.160953527959,0.160953527959,0.160953527959,0.0975250078643,0.0212482144043,0.0761857795615,0.381106293534,0.32764917333
 12/17  03:00:00,0.700849943892,6.4436394149,0.0,6.1151289948,0.0,0.168369588076,0.168369588076,0.168369588076,0.06269463,0.0136595625,0.0623264934745,0.376687669841,0.302565034589
 12/17  04:00:00,0.690438193259,6.56776101496,0.0,6.23282874497,0.0,0.171610248816,0.171610248816,0.171610248816,0.06269463,0.0136595625,0.0539764305342,0.371385321409,0.309352098117
 12/17  05:00:00,0.695629393278,6.90589429625,0.0,6.50064628036,0.0,0.178984145287,0.178984145287,0.178984145287,0.06269463,0.0136595625,0.0658228643082,0.357356191184,0.380634138443
 12/17  06:00:00,0.765395194596,7.41924457982,0.0,6.70411245582,0.0,0.184586237438,0.184586237438,0.184586237438,0.0696606972136,0.0151772910596,0.080078180578,0.398780788307,0.687665015008
 12/17  07:00:00,0.971466071439,7.65395083024,0.0,6.35807757114,0.0,0.175058760415,0.175058760415,0.175058760415,0.14628747,0.0318723125,0.14038354292,0.460751985603,1.26413771571
 12/17  08:00:00,1.2976588733,8.09568524211,0.0,6.63170952439,0.0,0.182592746909,0.182592746909,0.182592746909,0.299540982136,0.0652623480958,0.228567290958,0.489583505201,1.43025432517
 12/17  09:00:00,1.26432835996,7.81423183403,0.0,6.38697023564,0.0,0.175854270375,0.175854270375,0.175854270375,0.29257494,0.063744625,0.30112795013,0.413914574456,1.3987521088
 12/17  10:00:00,1.11835715252,7.7925918448,0.0,6.49317469081,0.0,0.178778427884,0.178778427884,0.178778427884,0.160219637864,0.0349077586915,0.375064554145,0.352274773936,1.27515327294
 12/17  11:00:00,1.12814500854,8.17611022786,0.0,7.02743306185,0.0,0.193488315759,0.193488315759,0.193488315759,0.132355302136,0.0288368480957,0.395792849183,0.360559693361,1.12384263865
 12/17  12:00:00,1.123728504,7.225971493,0.0,6.21595682435,0.0,0.171145709421,0.171145709421,0.171145709421,0.132355302136,0.0288368480957,0.413608485392,0.360670158953,0.985172532682
 12/17  13:00:00,1.11336801922,7.47108690308,0.0,6.56706379468,0.0,0.180812837623,0.180812837623,0.180812837623,0.132355302136,0.0288368480957,0.399656479991,0.354594551375,0.879599446382
 12/17  14:00:00,1.08792152604,7.42515751878,0.0,6.58567728269,0.0,0.181325328089,0.181325328089,0.181325328089,0.132355302136,0.0288368480957,0.361435815596,0.366856232124,0.814212017544
 12/17  15:00:00,1.09565453986,7.3562125531,0.0,6.57755577383,0.0,0.181101716273,0.181101716273,0.181101716273,0.14628747,0.0318723125,0.331767743197,0.387513297889,0.751965749249
 12/17  16:00:00,1.19529281532,7.43966368786,0.0,6.65281851186,0.0,0.183173946672,0.183173946672,0.183173946672,0.202016057864,0.0440141336915,0.339922588697,0.409054088393,0.758670465589
 12/17  17:00:00,1.51909157078,7.6755507772,0.0,6.80427680504,0.0,0.18734409099,0.18734409099,0.18734409099,0.362235612136,0.0789219105958,0.389638662656,0.4838392944,0.837948227725
 12/17  18:00:00,2.0713325875,8.80747096244,0.0,7.77188826355,0.0,0.213985612833,0.213985612833,0.213985612833,0.633912342136,0.138113348096,0.480421867651,0.587787416781,0.99509724544
 12/17  19:00:00,2.32081100113,7.90819759258,0.0,6.71512525708,0.0,0.184889456032,0.184889456032,0.184889456032,0.835928316407,0.182127481787,0.432594020017,0.638159726883,1.14911735249
 12/17  20:00:00,2.1532582208,7.67934420047,0.0,6.45269068723,0.0,0.177663770284,0.177663770284,0.177663770284,0.780199812136,0.169985660596,0.349590650728,0.658706327056,1.18128332738
 12/17  21:00:00,2.05566227933,7.72352240337,0.0,6.5782449862,0.0,0.181120692553,0.181120692553,0.181120692553,0.71053914,0.154808375,0.310730298291,0.681351773484,1.09834746474
 12/17  22:00:00,1.89119348234,7.7535368661,0.0,6.72208037224,0.0,0.185080953198,0.185080953198,0.185080953198,0.599081964271,0.130524696192,0.293949140492,0.665444728188,0.985622182336
 12/17  23:00:00,1.5638074757,7.88673530555,0.0,7.03516357175,0.0,0.19370116209,0.19370116209,0.19370116209,0.445828452136,0.0971346605958,0.234174068073,0.57585713281,0.81190801103
 12/17  24:00:00,1.25653004758,8.12676903332,0.0,7.47394749242,0.0,0.205782324734,0.205782324734,0.205782324734,0.31347315,0.0682978125,0.151455627092,0.500409133249,0.618354503846
 12/18  01:00:00,0.936077769078,8.54706146031,0.0,8.11942919946,0.0,0.223554556394,0.223554556394,0.223554556394,0.160219637864,0.0349077586915,0.0863692416722,0.413914574456,0.399122771259
 12/18  02:00:00,0.813814396561,8.50098104058,0.0,8.1568228082,0.0,0.224584125272,0.224584125272,0.224584125272,0.0975250078643,0.0212482144043,0.0722387554862,0.381106293534,0.317908502186
 12/18  03:00:00,0.761262521424,8.72514028294,0.0,8.40413361102,0.0,0.231393404036,0.231393404036,0.231393404036,0.06269463,0.0136595625,0.0597152550472,0.376687669841,0.295061286411
 12/18  04:00:00,0.756791613605,9.01931840282,0.0,8.69235455382,0.0,0.239329073333,0.239329073333,0.239329073333,0.06269463,0.0136595625,0.0526110263622,0.371385321409,0.301383677129
 12/18  05:00:00,0.760569554299,9.34707252172,0.0,8.95626743773,0.0,0.246595461923,0.246595461923,0.246595461923,0.06269463,0.0136595625,0.0631517086927,0.357356191184,0.366191206538
 12/18  06:00:00,0.819769118344,9.50406990479,0.0,8.82774633446,0.0,0.243056853786,0.243056853786,0.243056853786,0.0696606972136,0.0151772910596,0.0759814879778,0.398780788307,0.648856461338
 12/18  07:00:00,1.04317631434,10.5574376099,0.0,9.34848557284,0.0,0.257394515532,0.257394515532,0.257394515532,0.14628747,0.0318723125,0.129758030703,0.460751985603,1.17721649371
 12/18  08:00:00,1.34521713537,10.4858701284,0.0,9.12758404637,0.0,0.251312370896,0.251312370896,0.251312370896,0.299540982136,0.0652623480958,0.207405929039,0.489583505201,1.32456468945
 12/18  09:00:00,1.28547556646,9.64873625894,0.0,8.33314221698,0.0,0.229438777767,0.229438777767,0.229438777767,0.29257494,0.063744625,0.268690649238,0.413914574456,1.28708455237
 12/18  10:00:00,1.11558168416,9.22445534541,0.0,8.02788405951,0.0,0.221034017986,0.221034017986,0.221034017986,0.160219637864,0.0349077586915,0.330033495679,0.352274773936,1.17230740485
 12/18  11:00:00,1.13750217602,10.276629398,0.0,9.21654334254,0.0,0.253761712531,0.253761712531,0.253761712531,0.132355302136,0.0288368480957,0.344876619894,0.360559693361,1.03525152813
 12/18  12:00:00,1.11748777818,8.83148025813,0.0,7.89567045375,0.0,0.217393743127,0.217393743127,0.217393743127,0.132355302136,0.0288368480957,0.361119725873,0.360670158953,0.910967668397
 12/18  13:00:00,1.08771894567,8.21197338951,0.0,7.3719598584,0.0,0.202974270163,0.202974270163,0.202974270163,0.132355302136,0.0288368480957,0.3518459739,0.354594551375,0.815589869094
 12/18  14:00:00,1.05937817531,7.9156890012,0.0,7.1320952603,0.0,0.196370009875,0.196370009875,0.196370009875,0.132355302136,0.0288368480957,0.317847783081,0.366856232124,0.758325522355
 12/18  15:00:00,1.05879679581,7.38843062674,0.0,6.65992255797,0.0,0.183369544397,0.183369544397,0.183369544397,0.14628747,0.0318723125,0.292642171022,0.387513297889,0.701817038753
 12/18  16:00:00,1.15530152788,7.28333091951,0.0,6.54631779426,0.0,0.180241632085,0.180241632085,0.180241632085,0.202016057864,0.0440141336915,0.302863615842,0.409054088393,0.708838414839
 12/18  17:00:00,1.47508466715,7.32122854884,0.0,6.51048750813,0.0,0.179255106614,0.179255106614,0.179255106614,0.362235612136,0.0789219105958,0.353720743409,0.4838392944,0.777415296274
 12/18  18:00:00,2.03012537496,8.52263618812,0.0,7.55922630285,0.0,0.208130330508,0.208130330508,0.208130330508,0.633912342136,0.138113348096,0.445069937436,0.587787416781,0.922924431811
 12/18  19:00:00,2.27256181874,7.3087032374,0.0,6.20887012038,0.0,0.170950589182,0.170950589182,0.170950589182,0.835928316407,0.182127481787,0.398283704478,0.638159726883,1.05587813401
 12/18  20:00:00,2.1188391623,7.56920754631,0.0,6.44636001118,0.0,0.177489465978,0.177489465978,0.177489465978,0.780199812136,0.169985660596,0.315345896534,0.658706327056,1.07747734928
 12/18  21:00:00,2.04144258687,8.37347918985,0.0,7.32772613358,0.0,0.201756370421,0.201756370421,0.201756370421,0.71053914,0.154808375,0.275874927963,0.681351773484,0.998823103833
 12/18  22:00:00,1.87439977217,8.35289433054,0.0,7.40536779872,0.0,0.203894100498,0.203894100498,0.203894100498,0.599081964271,0.130524696192,0.258342283024,0.665444728188,0.901692220305
 12/18  23:00:00,1.56419075602,8.86230035943,0.0,8.076684497,0.0,0.222377654329,0.222377654329,0.222377654329,0.445828452136,0.0971346605958,0.205880856148,0.57585713281,0.74595213966
 12/18  24:00:00,1.28281095047,9.60428897737,0.0,8.99268194669,0.0,0.247598072968,0.247598072968,0.247598072968,0.31347315,0.0682978125,0.135920781757,0.500409133249,0.577139993622
 12/19  01:00:00,0.977639339905,10.0563277934,0.0,9.62893201252,0.0,0.265116127221,0.265116127221,0.265116127221,0.160219637864,0.0349077586915,0.0863692416722,0.413914574456,0.398886291331
 12/19  02:00:00,0.86608901531,10.398922003,0.0,10.0554200576,0.0,0.276858744021,0.276858744021,0.276858744021,0.0975250078643,0.0212482144043,0.0722387554862,0.381106293534,0.317252215251
 12/19  03:00:00,0.818260495748,10.7948297443,0.0,10.4742816075,0.0,0.288391378359,0.288391378359,0.288391378359,0.06269463,0.0136595625,0.0597152550472,0.376687669841,0.294602751239
 12/19  04:00:00,0.816671984641,11.1935920164,0.0,10.8671902669,0.0,0.299209444369,0.299209444369,0.299209444369,0.06269463,0.0136595625,0.0526110263622,0.371385321409,0.300821577672
 12/19  05:00:00,0.82174300732,11.568328525,0.0,11.1780674704,0.0,0.307768914943,0.307768914943,0.307768914943,0.06269463,0.0136595625,0.0631517086927,0.357356191184,0.365647177187
 12/19  06:00:00,0.88981536745,12.0480862252,0.0,11.3718034518,0.0,0.313103102892,0.313103102892,0.313103102892,0.0696606972136,0.0151772910596,0.0759814879778,0.398780788307,0.648815664464
 12/19  07:00:00,1.12138567654,13.3991629904,0.0,12.1890243182,0.0,0.335603877734,0.335603877734,0.335603877734,0.14628747,0.0318723125,0.129758030703,0.460751985603,1.17840312889
 12/19  08:00:00,1.41970611538,13.192784167,0.0,11.8329997135,0.0,0.325801350907,0.325801350907,0.325801350907,0.299540982136,0.0652623480958,0.207405929039,0.489583505201,1.32606306086
 12/19  09:00:00,1.34746886564,11.9015912156,0.0,10.584718797,0.0,0.291432076945,0.291432076945,0.291432076945,0.29257494,0.063744625,0.268690649238,0.413914574456,1.28836292902
 12/19  10:00:00,1.16254566057,10.9313456453,0.0,9.73360049657,0.0,0.2679979944,0.2679979944,0.2679979944,0.160219637864,0.0349077586915,0.330033495679,0.352274773936,1.17348126765
 12/19  11:00:00,1.17257126023,11.5514552474,0.0,10.4902411411,0.0,0.288830796742,0.288830796742,0.288830796742,0.132355302136,0.0288368480957,0.344876619894,0.360559693361,1.03637957893
 12/19  12:00:00,1.13392861644,9.42954297025,0.0,8.49279638287,0.0,0.233834581382,0.233834581382,0.233834581382,0.132355302136,0.0288368480957,0.361119725873,0.360670158953,0.911904451402
 12/19  13:00:00,1.10507698231,8.84363568077,0.0,8.00239813624,0.0,0.220332306802,0.220332306802,0.220332306802,0.132355302136,0.0288368480957,0.3518459739,0.354594551375,0.816813882522
 12/19  14:00:00,1.06824174625,8.23880745808,0.0,7.4540172907,0.0,0.205233580815,0.205233580815,0.205233580815,0.132355302136,0.0288368480957,0.317847783081,0.366856232124,0.75952194883
 12/19  15:00:00,1.07251698737,7.88738054102,0.0,7.15823547888,0.0,0.197089735957,0.197089735957,0.197089735957,0.14628747,0.0318723125,0.292642171022,0.387513297889,0.702454032125
 12/19  16:00:00,1.18103405652,8.21895966489,0.0,7.48091491367,0.0,0.205974160728,0.205974160728,0.205974160728,0.202016057864,0.0440141336915,0.302863615842,0.409054088393,0.7098700408
 12/19  17:00:00,1.50891228824,8.55101884975,0.0,7.73909576735,0.0,0.213082727697,0.213082727697,0.213082727697,0.362235612136,0.0789219105958,0.353720743409,0.4838392944,0.778597337974
 12/19  18:00:00,2.0763893818,10.204041493,0.0,9.23952007139,0.0,0.25439433735,0.25439433735,0.25439433735,0.633912342136,0.138113348096,0.445069937436,0.587787416781,0.924035968211
 12/19  19:00:00,2.32196245555,9.10356571414,0.0,8.00308527508,0.0,0.220351225992,0.220351225992,0.220351225992,0.835928316407,0.182127481787,0.398283704478,0.638159726883,1.05652545604
 12/19  20:00:00,2.15719755353,8.9631900404,0.0,7.83952437696,0.0,0.215847857205,0.215847857205,0.215847857205,0.780199812136,0.169985660596,0.315345896534,0.658706327056,1.07829547759
 12/19  21:00:00,2.06501252597,9.23001379055,0.0,8.18377870028,0.0,0.225326309525,0.225326309525,0.225326309525,0.71053914,0.154808375,0.275874927963,0.681351773484,0.999305137844
 12/19  22:00:00,1.90251991694,9.37493038543,0.0,8.42668236368,0.0,0.232014245264,0.232014245264,0.232014245264,0.599081964271,0.130524696192,0.258342283024,0.665444728188,0.902413710228
 12/19  23:00:00,1.58223370614,9.51786361423,0.0,8.73199861093,0.0,0.240420604447,0.240420604447,0.240420604447,0.445828452136,0.0971346605958,0.205880856148,0.57585713281,0.746201280532
 12/19  24:00:00,1.28743418407,9.77212641099,0.0,9.16059629602,0.0,0.252221306567,0.252221306567,0.252221306567,0.31347315,0.0682978125,0.135920781757,0.500409133249,0.577063077919
 12/20  01:00:00,0.975900315177,9.99304271749,0.0,9.56577119674,0.0,0.263377102493,0.263377102493,0.263377102493,0.160219637864,0.0349077586915,0.0863692416722,0.413914574456,0.398762031168
 12/20  02:00:00,0.859771967449,10.1695578507,0.0,9.82598692195,0.0,0.27054169616,0.27054169616,0.27054169616,0.0975250078643,0.0212482144043,0.0722387554862,0.381106293534,0.31732119855
 12/20  03:00:00,0.801781706118,10.1962321488,0.0,9.87577729678,0.0,0.271912588729,0.271912588729,0.271912588729,0.06269463,0.0136595625,0.0597152550472,0.376687669841,0.294509466511
 12/20  04:00:00,0.79068236087,10.2494699928,0.0,9.92325553556,0.0,0.273219820598,0.273219820598,0.273219820598,0.06269463,0.0136595625,0.0526110263622,0.371385321409,0.300634285359
 12/20  05:00:00,0.788316155296,10.3544277268,0.0,9.96401501378,0.0,0.27434206292,0.27434206292,0.27434206292,0.06269463,0.0136595625,0.0631517086927,0.357356191184,0.365798835594
 12/20  06:00:00,0.847201988704,10.5015196406,0.0,9.82409931521,0.0,0.270489724146,0.270489724146,0.270489724146,0.0696606972136,0.0151772910596,0.0759814879778,0.398780788307,0.64995321637
 12/20  07:00:00,1.04877654856,10.7644929249,0.0,9.55188426901,0.0,0.262994749758,0.262994749758,0.262994749758,0.14628747,0.0318723125,0.129758030703,0.460751985603,1.18087311252
 12/20  08:00:00,1.34813437818,10.5963658771,0.0,9.23353736197,0.0,0.254229613707,0.254229613707,0.254229613707,0.299540982136,0.0652623480958,0.207405929039,0.489583505201,1.3291071226
 12/20  09:00:00,1.30863026792,10.4948990303,0.0,9.17411348685,0.0,0.252593479231,0.252593479231,0.252593479231,0.29257494,0.063744625,0.268690649238,0.413914574456,1.29227605383
 12/20  10:00:00,1.1433037089,10.235560519,0.0,9.03473903409,0.0,0.248756042732,0.248756042732,0.248756042732,0.160219637864,0.0349077586915,0.330033495679,0.352274773936,1.17655760385
 12/20  11:00:00,1.16885799954,11.4187931061,0.0,10.3553767138,0.0,0.285117536057,0.285117536057,0.285117536057,0.132355302136,0.0288368480957,0.344876619894,0.360559693361,1.03858186502
 12/20  12:00:00,1.1409952827,9.68792852049,0.0,8.74945541629,0.0,0.240901247641,0.240901247641,0.240901247641,0.132355302136,0.0288368480957,0.361119725873,0.360670158953,0.913630968217
 12/20  13:00:00,1.11065393755,9.04716787973,0.0,8.20495134737,0.0,0.225909262047,0.225909262047,0.225909262047,0.132355302136,0.0288368480957,0.3518459739,0.354594551375,0.817792870346
 12/20  14:00:00,1.08172549261,8.72901372798,0.0,7.94374259818,0.0,0.218717327169,0.218717327169,0.218717327169,0.132355302136,0.0288368480957,0.317847783081,0.366856232124,0.760002911254
 12/20  15:00:00,1.09041147679,8.53791924017,0.0,7.80815754814,0.0,0.214984225375,0.214984225375,0.214984225375,0.14628747,0.0318723125,0.292642171022,0.387513297889,0.703070662019
 12/20  16:00:00,1.18712302383,8.44050827541,0.0,7.70206423754,0.0,0.212063128041,0.212063128041,0.212063128041,0.202016057864,0.0440141336915,0.302863615842,0.409054088393,0.710269327461
 12/20  17:00:00,1.50336654277,8.35017876495,0.0,7.53767608536,0.0,0.207536982232,0.207536982232,0.207536982232,0.362235612136,0.0789219105958,0.353720743409,0.4838392944,0.779176935161
 12/20  18:00:00,2.05168955078,9.3081788506,0.0,8.34243019585,0.0,0.229694506334,0.229694506334,0.229694506334,0.633912342136,0.138113348096,0.445069937436,0.587787416781,0.925263201299
 12/20  19:00:00,2.32242550826,9.12308336072,0.0,8.01990319979,0.0,0.220814278702,0.220814278702,0.220814278702,0.835928316407,0.182127481787,0.398283704478,0.638159726883,1.05922517792
 12/20  20:00:00,2.12446873972,7.77574831981,0.0,6.65082444263,0.0,0.183119043396,0.183119043396,0.183119043396,0.780199812136,0.169985660596,0.315345896534,0.658706327056,1.07955369132
 12/20  21:00:00,2.01623504792,7.45918560379,0.0,6.41219647008,0.0,0.176548831472,0.176548831472,0.176548831472,0.71053914,0.154808375,0.275874927963,0.681351773484,1.00005918128
 12/20  22:00:00,1.84486200482,7.28263705243,0.0,6.33256563979,0.0,0.174356333144,0.174356333144,0.174356333144,0.599081964271,0.130524696192,0.258342283024,0.665444728188,0.904237101119
 12/20  23:00:00,1.52023412897,7.26809500329,0.0,6.4801940165,0.0,0.178421027281,0.178421027281,0.178421027281,0.445828452136,0.0971346605958,0.205880856148,0.57585713281,0.74823726403
 12/20  24:00:00,1.21610808583,7.18319991287,0.0,6.57005547182,0.0,0.180895208321,0.180895208321,0.180895208321,0.31347315,0.0682978125,0.135920781757,0.500409133249,0.578677403998
 12/21  01:00:00,0.899492410094,7.21897623632,0.0,6.79066079143,0.0,0.18696919741,0.18696919741,0.18696919741,0.160219637864,0.0349077586915,0.0863692416722,0.413914574456,0.399805955308
 12/21  02:00:00,0.780499126235,7.29153154494,0.0,6.9468229628,0.0,0.191268854946,0.191268854946,0.191268854946,0.0975250078643,0.0212482144043,0.0722387554862,0.381106293534,0.318458851934
 12/21  03:00:00,0.723107559079,7.34015000211,0.0,7.01835771649,0.0,0.193238441691,0.193238441691,0.193238441691,0.06269463,0.0136595625,0.0597152550472,0.376687669841,0.295846900111
 12/21  04:00:00,0.711687073437,7.38189375256,0.0,7.05417223997,0.0,0.194224533165,0.194224533165,0.194224533165,0.06269463,0.0136595625,0.0526110263622,0.371385321409,0.302141340721
 12/21  05:00:00,0.710071426691,7.51424286225,0.0,7.12219177213,0.0,0.196097334315,0.196097334315,0.196097334315,0.06269463,0.0136595625,0.0631517086927,0.357356191184,0.367437212666
 12/21  06:00:00,0.775238654131,7.89010481027,0.0,7.21041427365,0.0,0.198526389573,0.198526389573,0.198526389573,0.0696606972136,0.0151772910596,0.0759814879778,0.398780788307,0.652223427625
 12/21  07:00:00,0.992418265129,8.72118736622,0.0,7.50496963873,0.0,0.206636466323,0.206636466323,0.206636466323,0.14628747,0.0318723125,0.129758030703,0.460751985603,1.18448218411
 12/21  08:00:00,1.28237753855,8.21163674276,0.0,6.84527020984,0.0,0.188472774079,0.188472774079,0.188472774079,0.299540982136,0.0652623480958,0.207405929039,0.489583505201,1.33264514039
 12/21  09:00:00,1.23641683751,7.87565975929,0.0,6.55134504514,0.0,0.180380048815,0.180380048815,0.180380048815,0.29257494,0.063744625,0.268690649238,0.413914574456,1.29580522457
 12/21  10:00:00,1.07833049017,7.87948427662,0.0,6.6749327396,0.0,0.183782824002,0.183782824002,0.183782824002,0.160219637864,0.0349077586915,0.330033495679,0.352274773936,1.18028765597
 12/21  11:00:00,1.09512006252,8.74397064372,0.0,7.67723868519,0.0,0.211379599038,0.211379599038,0.211379599038,0.132355302136,0.0288368480957,0.344876619894,0.360559693361,1.04189743117
 12/21  12:00:00,1.11714357764,8.82555793475,0.0,7.8831692014,0.0,0.217049542585,0.217049542585,0.217049542585,0.132355302136,0.0288368480957,0.361119725873,0.360670158953,0.917546597383
 12/21  13:00:00,1.06921511962,7.54404763746,0.0,6.69990687967,0.0,0.184470444113,0.184470444113,0.184470444113,0.132355302136,0.0288368480957,0.3518459739,0.354594551375,0.819717095773
 12/21  14:00:00,1.04258691665,7.30872683595,0.0,6.52224217546,0.0,0.179578751217,0.179578751217,0.179578751217,0.132355302136,0.0288368480957,0.317847783081,0.366856232124,0.761216441938
 12/21  15:00:00,1.05636048271,7.3032639061,0.0,6.57143645397,0.0,0.180933231296,0.180933231296,0.180933231296,0.14628747,0.0318723125,0.292642171022,0.387513297889,0.705136422108
 12/21  16:00:00,1.15466495274,7.26380108886,0.0,6.52319759113,0.0,0.179605056948,0.179605056948,0.179605056948,0.202016057864,0.0440141336915,0.302863615842,0.409054088393,0.712428787318
 12/21  17:00:00,1.47236655725,7.22636304215,0.0,6.41176663529,0.0,0.176536996708,0.176536996708,0.176536996708,0.362235612136,0.0789219105958,0.353720743409,0.4838392944,0.781270662425
 12/21  18:00:00,2.02673260499,8.40424367728,0.0,7.43600199475,0.0,0.204737560541,0.204737560541,0.204737560541,0.633912342136,0.138113348096,0.445069937436,0.587787416781,0.927756229079
 12/21  19:00:00,2.26759862416,7.13424525368,0.0,6.02860849812,0.0,0.165987394602,0.165987394602,0.165987394602,0.835928316407,0.182127481787,0.398283704478,0.638159726883,1.06168177255
 12/21  20:00:00,2.10024205632,6.89938391403,0.0,5.77091913544,0.0,0.158892359994,0.158892359994,0.158892359994,0.780199812136,0.169985660596,0.315345896534,0.658706327056,1.08309459274
 12/21  21:00:00,1.99964369708,6.86060580003,0.0,5.80960397256,0.0,0.159957480631,0.159957480631,0.159957480631,0.71053914,0.154808375,0.275874927963,0.681351773484,1.00407187504
 12/21  22:00:00,1.83379646215,6.88352757358,0.0,5.93066870837,0.0,0.163290790479,0.163290790479,0.163290790479,0.599081964271,0.130524696192,0.258342283024,0.665444728188,0.90702455369
 12/21  23:00:00,1.51159207616,6.95607266403,0.0,6.16631745288,0.0,0.16977897447,0.16977897447,0.16977897447,0.445828452136,0.0971346605958,0.205880856148,0.57585713281,0.75009148838
 12/21  24:00:00,1.21446290501,7.12481903774,0.0,6.51030303642,0.0,0.179250027501,0.179250027501,0.179250027501,0.31347315,0.0682978125,0.135920781757,0.500409133249,0.580048964274
 12/22  01:00:00,0.873903906402,7.29145522765,0.0,7.02326011044,0.0,0.1933734207,0.1933734207,0.1933734207,0.160219637864,0.0349077586915,0.0543765146903,0.413914574456,0.239685627626
 12/22  02:00:00,0.77489423508,7.69191854931,0.0,7.42637181446,0.0,0.204472410044,0.204472410044,0.204472410044,0.0975250078643,0.0212482144043,0.0534303092328,0.381106293534,0.239297004647
 12/22  03:00:00,0.726844537134,7.87452256462,0.0,7.60964761882,0.0,0.209518594959,0.209518594959,0.209518594959,0.06269463,0.0136595625,0.047172079834,0.376687669841,0.238929560296
 12/22  04:00:00,0.723001593741,7.97205261752,0.0,7.70780790088,0.0,0.212221269959,0.212221269959,0.212221269959,0.06269463,0.0136595625,0.0459288098724,0.371385321409,0.238664544771
 12/22  05:00:00,0.716748188664,8.08273345935,0.0,7.81966651198,0.0,0.215301104953,0.215301104953,0.215301104953,0.06269463,0.0136595625,0.0506247000273,0.357356191184,0.238453069928
 12/22  06:00:00,0.775798078846,8.22475020676,0.0,7.95889827393,0.0,0.219134612706,0.219134612706,0.219134612706,0.0696606972136,0.0151772910596,0.05593268956,0.398780788307,0.238384823833
 12/22  07:00:00,0.949392451571,8.06416945623,0.0,7.79407861652,0.0,0.214596586141,0.214596586141,0.214596586141,0.14628747,0.0318723125,0.0787720973271,0.460751985603,0.238355296321
 12/22  08:00:00,1.20743043449,8.0221298338,0.0,7.75007304669,0.0,0.213384968255,0.213384968255,0.213384968255,0.299540982136,0.0652623480958,0.107546630802,0.489583505201,0.238335394575
 12/22  09:00:00,1.11444018546,8.01422526719,0.0,7.74714039054,0.0,0.213304222598,0.213304222598,0.213304222598,0.29257494,0.063744625,0.113789823404,0.413914574456,0.238575387071
 12/22  10:00:00,0.888469981218,7.75678184862,0.0,7.49405728099,0.0,0.20633601327,0.20633601327,0.20633601327,0.160219637864,0.0349077586915,0.117619797456,0.352274773936,0.238460686581
 12/22  11:00:00,0.888525904166,9.05688656181,0.0,8.79355411864,0.0,0.242115429771,0.242115429771,0.242115429771,0.132355302136,0.0288368480957,0.107546630802,0.360559693361,0.238497915812
 12/22  12:00:00,0.865692039588,7.83632461245,0.0,7.57410840768,0.0,0.208540083738,0.208540083738,0.208540083738,0.132355302136,0.0288368480957,0.118177646665,0.360670158953,0.237374068792
 12/22  13:00:00,0.861939939916,7.45558310889,0.0,7.19326096897,0.0,0.19805410275,0.19805410275,0.19805410275,0.132355302136,0.0288368480957,0.130987135558,0.354594551375,0.237898477907
 12/22  14:00:00,0.853259104292,7.27598525248,0.0,7.01208119987,0.0,0.193065628572,0.193065628572,0.193065628572,0.132355302136,0.0288368480957,0.115033093365,0.366856232124,0.238635834058
 12/22  15:00:00,0.868476067191,6.60169014243,0.0,6.33639718982,0.0,0.174461828302,0.174461828302,0.174461828302,0.14628747,0.0318723125,0.1112291585,0.387513297889,0.238601922596
 12/22  16:00:00,0.971606068637,6.38402504297,0.0,6.11705630039,0.0,0.16842265313,0.16842265313,0.16842265313,0.202016057864,0.0440141336915,0.130987135558,0.409054088393,0.238794032161
 12/22  17:00:00,1.30150479287,6.54627612671,0.0,6.2735042605,0.0,0.172730179368,0.172730179368,0.172730179368,0.362235612136,0.0789219105958,0.186665796372,0.4838392944,0.23944612178
 12/22  18:00:00,1.860407695,7.7230755066,0.0,7.44304163409,0.0,0.204931384936,0.204931384936,0.204931384936,0.633912342136,0.138113348096,0.278551203055,0.587787416781,0.239548419059
 12/22  19:00:00,2.10833222326,6.63367131578,0.0,6.35080178474,0.0,0.174858434116,0.174858434116,0.174858434116,0.835928316407,0.182127481787,0.230146264063,0.638159726883,0.238914548031
 12/22  20:00:00,1.9384979391,6.42177635299,0.0,6.13760458811,0.0,0.168988414987,0.168988414987,0.168988414987,0.780199812136,0.169985660596,0.143505724321,0.658706327056,0.238801579019
 12/22  21:00:00,1.84032851743,6.52584014986,0.0,6.23935426399,0.0,0.171789917789,0.171789917789,0.171789917789,0.71053914,0.154808375,0.104727311159,0.681351773484,0.239555933439
 12/22  22:00:00,1.68105720196,6.861896828,0.0,6.57628580292,0.0,0.181066749802,0.181066749802,0.181066749802,0.599081964271,0.130524696192,0.087827063508,0.665444728188,0.239776713558
 12/22  23:00:00,1.39855378993,7.20932204702,0.0,6.93004155444,0.0,0.190806807651,0.190806807651,0.190806807651,0.445828452136,0.0971346605958,0.0718147367383,0.57585713281,0.239616769809
 12/22  24:00:00,1.16458914951,7.68493427295,0.0,7.41103765588,0.0,0.20405021029,0.20405021029,0.20405021029,0.31347315,0.0682978125,0.0612468434668,0.500409133249,0.239429580019
 12/23  01:00:00,0.896561697547,8.11378060872,0.0,7.84618375819,0.0,0.216031211845,0.216031211845,0.216031211845,0.160219637864,0.0349077586915,0.0543765146903,0.413914574456,0.239087360943
 12/23  02:00:00,0.792502916816,8.33094332855,0.0,8.06591344114,0.0,0.22208109178,0.22208109178,0.22208109178,0.0975250078643,0.0212482144043,0.0534303092328,0.381106293534,0.2387801572
 12/23  03:00:00,0.754538783358,8.87994896801,0.0,8.61549368644,0.0,0.237212841183,0.237212841183,0.237212841183,0.06269463,0.0136595625,0.047172079834,0.376687669841,0.238509896064
 12/23  04:00:00,0.754841027253,9.12798918684,0.0,8.86420583043,0.0,0.244060703471,0.244060703471,0.244060703471,0.06269463,0.0136595625,0.0459288098724,0.371385321409,0.238203184546
 12/23  05:00:00,0.750927897006,9.32373225626,0.0,9.06106246659,0.0,0.249480813296,0.249480813296,0.249480813296,0.06269463,0.0136595625,0.0506247000273,0.357356191184,0.238055912224
 12/23  06:00:00,0.80962360893,9.45285032975,0.0,9.18743058877,0.0,0.252960142791,0.252960142791,0.252960142791,0.0696606972136,0.0151772910596,0.05593268956,0.398780788307,0.237952631989
 12/23  07:00:00,1.01011763865,10.2691690311,0.0,9.99959777506,0.0,0.275321773219,0.275321773219,0.275321773219,0.14628747,0.0318723125,0.0787720973271,0.460751985603,0.237835712612
 12/23  08:00:00,1.23873499756,9.15770820111,0.0,8.8870446549,0.0,0.24468953133,0.24468953133,0.24468953133,0.299540982136,0.0652623480958,0.107546630802,0.489583505201,0.236942153672
 12/23  09:00:00,1.11475986361,8.02469549092,0.0,7.75875099784,0.0,0.213623900755,0.213623900755,0.213623900755,0.29257494,0.063744625,0.113789823404,0.413914574456,0.237435003488
 12/23  10:00:00,0.863099097878,6.83495025465,0.0,6.57259500203,0.0,0.18096512993,0.18096512993,0.18096512993,0.160219637864,0.0349077586915,0.117619797456,0.352274773936,0.238091371572
 12/23  11:00:00,0.831614066759,6.99015070237,0.0,6.72653458707,0.0,0.185203592364,0.185203592364,0.185203592364,0.132355302136,0.0288368480957,0.107546630802,0.360559693361,0.23878158794
 12/23  12:00:00,0.809605001185,5.80039064525,0.0,5.53704530924,0.0,0.152453045335,0.152453045335,0.152453045335,0.132355302136,0.0288368480957,0.118177646665,0.360670158953,0.238503200035
 12/23  13:00:00,0.804846923765,5.3833972202,0.0,5.11966108403,0.0,0.1409610866,0.1409610866,0.1409610866,0.132355302136,0.0288368480957,0.130987135558,0.354594551375,0.239312474153
 12/23  14:00:00,0.790811232742,5.0091012028,0.0,4.74399469836,0.0,0.130617757022,0.130617757022,0.130617757022,0.132355302136,0.0288368480957,0.115033093365,0.366856232124,0.239838285888
 12/23  15:00:00,0.836202640882,5.43109037212,0.0,5.16423678222,0.0,0.142188401993,0.142188401993,0.142188401993,0.14628747,0.0318723125,0.1112291585,0.387513297889,0.240162559888
 12/23  16:00:00,0.950486348024,5.6185944923,0.0,5.34999487702,0.0,0.147302932517,0.147302932517,0.147302932517,0.202016057864,0.0440141336915,0.130987135558,0.409054088393,0.240424904862
 12/23  17:00:00,1.28355975092,5.8955094368,0.0,5.62174613955,0.0,0.154785137417,0.154785137417,0.154785137417,0.362235612136,0.0789219105958,0.186665796372,0.4838392944,0.240437552823
 12/23  18:00:00,1.85294826005,7.45306792041,0.0,7.17211736876,0.0,0.197471949985,0.197471949985,0.197471949985,0.633912342136,0.138113348096,0.278551203055,0.587787416781,0.240465098202
 12/23  19:00:00,2.10285775456,6.43480472336,0.0,6.15197085186,0.0,0.169383965418,0.169383965418,0.169383965418,0.835928316407,0.182127481787,0.230146264063,0.638159726883,0.238878888489
 12/23  20:00:00,1.94396507317,6.62126700301,0.0,6.33616912996,0.0,0.174455549065,0.174455549065,0.174455549065,0.780199812136,0.169985660596,0.143505724321,0.658706327056,0.239727687189
 12/23  21:00:00,1.85439831998,7.03742705154,0.0,6.75036494286,0.0,0.185859720336,0.185859720336,0.185859720336,0.71053914,0.154808375,0.104727311159,0.681351773484,0.240132156241
 12/23  22:00:00,1.69400422567,7.33216322001,0.0,7.04651751736,0.0,0.194013773508,0.194013773508,0.194013773508,0.599081964271,0.130524696192,0.087827063508,0.665444728188,0.239811391128
 12/23  23:00:00,1.41419119788,7.77703070143,0.0,7.49798715449,0.0,0.206444215596,0.206444215596,0.206444215596,0.445828452136,0.0971346605958,0.0718147367383,0.57585713281,0.239379824176
 12/23  24:00:00,1.18043510857,8.2601293137,0.0,7.98655776527,0.0,0.219896169358,0.219896169358,0.219896169358,0.31347315,0.0682978125,0.0612468434668,0.500409133249,0.239104511378
 12/24  01:00:00,0.917375551022,8.86961800656,0.0,8.60213618602,0.0,0.23684506532,0.23684506532,0.23684506532,0.160219637864,0.0349077586915,0.0543765146903,0.413914574456,0.238972330954
 12/24  02:00:00,0.816051899676,9.18610860085,0.0,8.9212048838,0.0,0.24563007464,0.24563007464,0.24563007464,0.0975250078643,0.0212482144043,0.0534303092328,0.381106293534,0.238653986856
 12/24  03:00:00,0.770753639144,9.46849952537,0.0,9.20441200534,0.0,0.253427696969,0.253427696969,0.253427696969,0.06269463,0.0136595625,0.047172079834,0.376687669841,0.238142134525
 12/24  04:00:00,0.767646326802,9.59259688825,0.0,9.32929016932,0.0,0.256866003021,0.256866003021,0.256866003021,0.06269463,0.0136595625,0.0459288098724,0.371385321409,0.237726547057
 12/24  05:00:00,0.767690495825,9.93216918334,0.0,9.6698746353,0.0,0.266243412114,0.266243412114,0.266243412114,0.06269463,0.0136595625,0.0506247000273,0.357356191184,0.237680670593
 12/24  06:00:00,0.823067383311,9.94089911356,0.0,9.67570412706,0.0,0.266403917171,0.266403917171,0.266403917171,0.0696606972136,0.0151772910596,0.05593268956,0.398780788307,0.237727877504
 12/24  07:00:00,0.999480155422,9.88237128924,0.0,9.61324782397,0.0,0.264684289991,0.264684289991,0.264684289991,0.14628747,0.0318723125,0.0787720973271,0.460751985603,0.237387921891
 12/24  08:00:00,1.24394194616,9.34717040504,0.0,9.07615934422,0.0,0.249896479927,0.249896479927,0.249896479927,0.299540982136,0.0652623480958,0.107546630802,0.489583505201,0.237289668288
 12/24  09:00:00,1.12649927864,8.45088321644,0.0,8.18512275559,0.0,0.225363315783,0.225363315783,0.225363315783,0.29257494,0.063744625,0.113789823404,0.413914574456,0.237250971257
 12/24  10:00:00,0.899687984644,8.16354089929,0.0,7.90149153797,0.0,0.217554016696,0.217554016696,0.217554016696,0.160219637864,0.0349077586915,0.117619797456,0.352274773936,0.237785480267
 12/24  11:00:00,0.889213199297,9.08127711109,0.0,8.81851645557,0.0,0.242802724902,0.242802724902,0.242802724902,0.132355302136,0.0288368480957,0.107546630802,0.360559693361,0.237926128161
 12/24  12:00:00,0.863357686405,7.75122153431,0.0,7.48932545491,0.0,0.206205730555,0.206205730555,0.206205730555,0.132355302136,0.0288368480957,0.118177646665,0.360670158953,0.23705394342
 12/24  13:00:00,0.852119388027,7.09894303442,0.0,6.83658169994,0.0,0.188233550862,0.188233550862,0.188233550862,0.132355302136,0.0288368480957,0.130987135558,0.354594551375,0.237937672464
 12/24  14:00:00,0.841613224792,6.85273411533,0.0,6.58910662225,0.0,0.181419749071,0.181419749071,0.181419749071,0.132355302136,0.0288368480957,0.115033093365,0.366856232124,0.238359274528
 12/24  15:00:00,0.870359407156,6.67021664549,0.0,6.40479948834,0.0,0.176345168267,0.176345168267,0.176345168267,0.14628747,0.0318723125,0.1112291585,0.387513297889,0.238726127131
 12/24  16:00:00,0.978443847254,6.63243986965,0.0,6.3654022087,0.0,0.175260431747,0.175260431747,0.175260431747,0.202016057864,0.0440141336915,0.130987135558,0.409054088393,0.238862950538
 12/24  17:00:00,1.30491400108,6.66982316751,0.0,6.39732560031,0.0,0.176139387579,0.176139387579,0.176139387579,0.362235612136,0.0789219105958,0.186665796372,0.4838392944,0.239171822773
 12/24  18:00:00,1.85865128655,7.65902810457,0.0,7.37924944714,0.0,0.203174976486,0.203174976486,0.203174976486,0.633912342136,0.138113348096,0.278551203055,0.587787416781,0.239293203981
 12/24  19:00:00,2.11136791114,6.74351703994,0.0,6.46105698708,0.0,0.177894122001,0.177894122001,0.177894122001,0.835928316407,0.182127481787,0.230146264063,0.638159726883,0.238505069855
 12/24  20:00:00,1.94154822703,6.53248897459,0.0,6.24839005959,0.0,0.172038702923,0.172038702923,0.172038702923,0.780199812136,0.169985660596,0.143505724321,0.658706327056,0.238728729138
 12/24  21:00:00,1.84205856486,6.58848213512,0.0,6.30218902721,0.0,0.173519965219,0.173519965219,0.173519965219,0.71053914,0.154808375,0.104727311159,0.681351773484,0.239363155473
 12/24  22:00:00,1.67481778403,6.63508175312,0.0,6.3496721613,0.0,0.174827331872,0.174827331872,0.174827331872,0.599081964271,0.130524696192,0.087827063508,0.665444728188,0.2395752803
 12/24  23:00:00,1.3980035875,7.18914798693,0.0,6.91005838024,0.0,0.190256605225,0.190256605225,0.190256605225,0.445828452136,0.0971346605958,0.0718147367383,0.57585713281,0.239425883922
 12/24  24:00:00,1.15488538452,7.33244778692,0.0,7.05860004936,0.0,0.194346445302,0.194346445302,0.194346445302,0.31347315,0.0682978125,0.0612468434668,0.500409133249,0.239380700516
 12/25  01:00:00,0.893223587296,7.992334018,0.0,7.7249446733,0.0,0.212693101594,0.212693101594,0.212693101594,0.160219637864,0.0349077586915,0.0543765146903,0.413914574456,0.238879855121
 12/25  02:00:00,0.773890155672,7.65478910291,0.0,7.38990397503,0.0,0.203468330636,0.203468330636,0.203468330636,0.0975250078643,0.0212482144043,0.0534303092328,0.381106293534,0.238635397674
 12/25  03:00:00,0.722973005488,7.73311720776,0.0,7.46903484133,0.0,0.205647063313,0.205647063313,0.205647063313,0.06269463,0.0136595625,0.047172079834,0.376687669841,0.238136980927
 12/25  04:00:00,0.71943776916,7.84235749319,0.0,7.57837094452,0.0,0.208657445379,0.208657445379,0.208657445379,0.06269463,0.0136595625,0.0459288098724,0.371385321409,0.238406376805
 12/25  05:00:00,0.710674759121,7.86211343699,0.0,7.59908151488,0.0,0.20922767541,0.20922767541,0.20922767541,0.06269463,0.0136595625,0.0506247000273,0.357356191184,0.23841804466
 12/25  06:00:00,0.765798493942,7.8615411389,0.0,7.5957165837,0.0,0.209135027802,0.209135027802,0.209135027802,0.0696606972136,0.0151772910596,0.05593268956,0.398780788307,0.238357446206
 12/25  07:00:00,0.940505980889,7.74143438302,0.0,7.47132487488,0.0,0.205710115459,0.205710115459,0.205710115459,0.14628747,0.0318723125,0.0787720973271,0.460751985603,0.23837396475
 12/25  08:00:00,1.21296236783,8.22308691428,0.0,7.95099107692,0.0,0.218916901599,0.218916901599,0.218916901599,0.299540982136,0.0652623480958,0.107546630802,0.489583505201,0.238374444822
 12/25  09:00:00,1.1038829608,7.63051191658,0.0,7.36370540482,0.0,0.202746997942,0.202746997942,0.202746997942,0.29257494,0.063744625,0.113789823404,0.413914574456,0.238297022171
 12/25  10:00:00,0.879574244122,7.43352757311,0.0,7.17096698621,0.0,0.197440276174,0.197440276174,0.197440276174,0.160219637864,0.0349077586915,0.117619797456,0.352274773936,0.238296705851
 12/25  11:00:00,0.871719541819,8.44644185843,0.0,8.18315247271,0.0,0.225309067424,0.225309067424,0.225309067424,0.132355302136,0.0288368480957,0.107546630802,0.360559693361,0.238454858356
 12/25  12:00:00,0.851791172139,7.33160743273,0.0,7.06923339694,0.0,0.194639216289,0.194639216289,0.194639216289,0.132355302136,0.0288368480957,0.118177646665,0.360670158953,0.237531899818
 12/25  13:00:00,0.849386121891,6.99978940737,0.0,6.73731035773,0.0,0.185500284726,0.185500284726,0.185500284726,0.132355302136,0.0288368480957,0.130987135558,0.354594551375,0.238055387623
 12/25  14:00:00,0.839663505022,6.78211413195,0.0,6.51829343066,0.0,0.179470029301,0.179470029301,0.179470029301,0.132355302136,0.0288368480957,0.115033093365,0.366856232124,0.238552482738
 12/25  15:00:00,0.872309148299,6.74118201154,0.0,6.4756134562,0.0,0.17829490941,0.17829490941,0.17829490941,0.14628747,0.0318723125,0.1112291585,0.387513297889,0.23887752532
 12/25  16:00:00,0.982100524255,6.76538112091,0.0,6.49821153492,0.0,0.178917108747,0.178917108747,0.178917108747,0.202016057864,0.0440141336915,0.130987135558,0.409054088393,0.238994875566
 12/25  17:00:00,1.30737468761,6.75908952526,0.0,6.48669693913,0.0,0.178600074102,0.178600074102,0.178600074102,0.362235612136,0.0789219105958,0.186665796372,0.4838392944,0.239066841703
 12/25  18:00:00,1.86131998698,7.75581542428,0.0,7.47617578375,0.0,0.205843676914,0.205843676914,0.205843676914,0.633912342136,0.138113348096,0.278551203055,0.587787416781,0.239154187077
 12/25  19:00:00,2.11493132744,6.87284421916,0.0,6.59047911473,0.0,0.181457538298,0.181457538298,0.181457538298,0.835928316407,0.182127481787,0.230146264063,0.638159726883,0.238410121427
 12/25  20:00:00,1.95242246282,6.92780887969,0.0,6.64333878723,0.0,0.182912938714,0.182912938714,0.182912938714,0.780199812136,0.169985660596,0.143505724321,0.658706327056,0.239099906597
 12/25  21:00:00,1.85741450733,7.14631996123,0.0,6.85991189207,0.0,0.188875907685,0.188875907685,0.188875907685,0.71053914,0.154808375,0.104727311159,0.681351773484,0.239478116726
 12/25  22:00:00,1.69716392386,7.44649087596,0.0,7.16127673398,0.0,0.1971734717,0.1971734717,0.1971734717,0.599081964271,0.130524696192,0.087827063508,0.665444728188,0.239379830458
 12/25  23:00:00,1.41962029464,7.97409104623,0.0,7.69517019359,0.0,0.211873312365,0.211873312365,0.211873312365,0.445828452136,0.0971346605958,0.0718147367383,0.57585713281,0.239257129877
 12/25  24:00:00,1.17873705649,8.19806147804,0.0,7.92488506255,0.0,0.21819811727,0.21819811727,0.21819811727,0.31347315,0.0682978125,0.0612468434668,0.500409133249,0.23870937844
 12/26  01:00:00,0.940958468776,8.72598704631,0.0,8.29669463426,0.0,0.228435256092,0.228435256092,0.228435256092,0.160219637864,0.0349077586915,0.0863692416722,0.413914574456,0.400782922465
 12/26  02:00:00,0.825262707996,8.91769742972,0.0,8.57262177757,0.0,0.236032436707,0.236032436707,0.236032436707,0.0975250078643,0.0212482144043,0.0722387554862,0.381106293534,0.318825921941
 12/26  03:00:00,0.769615833459,9.02916922838,0.0,8.707523203,0.0,0.23974671607,0.23974671607,0.23974671607,0.06269463,0.0136595625,0.0597152550472,0.376687669841,0.295700639879
 12/26  04:00:00,0.763928826751,9.27930003563,0.0,8.95157582742,0.0,0.24646628648,0.24646628648,0.24646628648,0.06269463,0.0136595625,0.0526110263622,0.371385321409,0.302144036338
 12/26  05:00:00,0.7649984456,9.50992918223,0.0,9.11712333764,0.0,0.251024353223,0.251024353223,0.251024353223,0.06269463,0.0136595625,0.0631517086927,0.357356191184,0.368191967139
 12/26  06:00:00,0.832306877048,9.9669461513,0.0,9.28311367637,0.0,0.25559461249,0.25559461249,0.25559461249,0.0696606972136,0.0151772910596,0.0759814879778,0.398780788307,0.656365365929
 12/26  07:00:00,1.05450634735,10.9866056119,0.0,9.75998870806,0.0,0.268724548542,0.268724548542,0.268724548542,0.14628747,0.0318723125,0.129758030703,0.460751985603,1.19488136048
 12/26  08:00:00,1.34206674736,10.3917687192,0.0,9.01316297259,0.0,0.248161982886,0.248161982886,0.248161982886,0.299540982136,0.0652623480958,0.207405929039,0.489583505201,1.34488435411
 12/26  09:00:00,1.29493620479,10.0129488112,0.0,8.67674954175,0.0,0.238899416092,0.238899416092,0.238899416092,0.29257494,0.063744625,0.268690649238,0.413914574456,1.30768977989
 12/26  10:00:00,1.13557695373,9.96896038737,0.0,8.75410578478,0.0,0.241029287561,0.241029287561,0.241029287561,0.160219637864,0.0349077586915,0.330033495679,0.352274773936,1.19059072154
 12/26  11:00:00,1.15944766255,11.0889949601,0.0,10.0135963172,0.0,0.275707199065,0.275707199065,0.275707199065,0.132355302136,0.0288368480957,0.344876619894,0.360559693361,1.05056411556
 12/26  12:00:00,1.13992983715,9.6592444201,0.0,8.71075877838,0.0,0.239835802089,0.239835802089,0.239835802089,0.132355302136,0.0288368480957,0.361119725873,0.360670158953,0.923643505739
 12/26  13:00:00,1.10837234314,8.97284328663,0.0,8.1220845759,0.0,0.22362766763,0.22362766763,0.22362766763,0.132355302136,0.0288368480957,0.3518459739,0.354594551375,0.826335048718
 12/26  14:00:00,1.07726422749,8.57476846313,0.0,7.78171089193,0.0,0.214256062058,0.214256062058,0.214256062058,0.132355302136,0.0288368480957,0.317847783081,0.366856232124,0.767789352651
 12/26  15:00:00,1.08479528302,8.34088081595,0.0,7.60417920663,0.0,0.209368031609,0.209368031609,0.209368031609,0.14628747,0.0318723125,0.292642171022,0.387513297889,0.710010579311
 12/26  16:00:00,1.18032236755,8.20069494794,0.0,7.45506660038,0.0,0.205262471757,0.205262471757,0.205262471757,0.202016057864,0.0440141336915,0.302863615842,0.409054088393,0.717453637139
 12/26  17:00:00,1.49584958909,8.08523307424,0.0,7.26466275826,0.0,0.200020028549,0.200020028549,0.200020028549,0.362235612136,0.0789219105958,0.353720743409,0.4838392944,0.787244571543
 12/26  18:00:00,2.05079591893,9.28593662181,0.0,8.30997377588,0.0,0.22880087448,0.22880087448,0.22880087448,0.633912342136,0.138113348096,0.445069937436,0.587787416781,0.93547739248
 12/26  19:00:00,2.29143962648,8.00904932688,0.0,6.89450599332,0.0,0.189828396927,0.189828396927,0.189828396927,0.835928316407,0.182127481787,0.398283704478,0.638159726883,1.07058835056
 12/26  20:00:00,2.12532573608,7.82012555124,0.0,6.68195027327,0.0,0.183976039755,0.183976039755,0.183976039755,0.780199812136,0.169985660596,0.315345896534,0.658706327056,1.09280509211
 12/26  21:00:00,2.02778623695,7.89112624549,0.0,6.83173192061,0.0,0.188100020506,0.188100020506,0.188100020506,0.71053914,0.154808375,0.275874927963,0.681351773484,1.01246437244
 12/26  22:00:00,1.86368396645,7.976394626,0.0,7.01617320004,0.0,0.193178294778,0.193178294778,0.193178294778,0.599081964271,0.130524696192,0.258342283024,0.665444728188,0.914387114445
 12/26  23:00:00,1.54262478511,8.08853736775,0.0,7.29341540736,0.0,0.200811683424,0.200811683424,0.200811683424,0.445828452136,0.0971346605958,0.205880856148,0.57585713281,0.755458237632
 12/26  24:00:00,1.24445202732,8.21742755498,0.0,7.59949826161,0.0,0.209239149817,0.209239149817,0.209239149817,0.31347315,0.0682978125,0.135920781757,0.500409133249,0.583462256315
 12/27  01:00:00,0.931506939218,8.38399647888,0.0,7.95341813696,0.0,0.218983726534,0.218983726534,0.218983726534,0.160219637864,0.0349077586915,0.0863692416722,0.413914574456,0.402068852332
 12/27  02:00:00,0.814534931514,8.52854592304,0.0,8.1829924047,0.0,0.225304660225,0.225304660225,0.225304660225,0.0975250078643,0.0212482144043,0.0722387554862,0.381106293534,0.31930378814
 12/27  03:00:00,0.761354040376,8.72958288197,0.0,8.40745754979,0.0,0.231484922988,0.231484922988,0.231484922988,0.06269463,0.0136595625,0.0597152550472,0.376687669841,0.296179946677
 12/27  04:00:00,0.750668040439,8.7981011561,0.0,8.46994835658,0.0,0.233205500168,0.233205500168,0.233205500168,0.06269463,0.0136595625,0.0526110263622,0.371385321409,0.302572627648
 12/27  05:00:00,0.754081615944,9.113980177,0.0,8.72062761462,0.0,0.240107523568,0.240107523568,0.240107523568,0.06269463,0.0136595625,0.0631517086927,0.357356191184,0.368738684924
 12/27  06:00:00,0.820424985809,9.53664056374,0.0,8.8515672287,0.0,0.243712721251,0.243712721251,0.243712721251,0.0696606972136,0.0151772910596,0.0759814879778,0.398780788307,0.657606226039
 12/27  07:00:00,1.04559201418,10.6653452109,0.0,9.43622300994,0.0,0.259810215374,0.259810215374,0.259810215374,0.14628747,0.0318723125,0.129758030703,0.460751985603,1.19738665756
 12/27  08:00:00,1.35318412263,10.7986513678,0.0,9.41694244741,0.0,0.259279358155,0.259279358155,0.259279358155,0.299540982136,0.0652623480958,0.207405929039,0.489583505201,1.34798752783
 12/27  09:00:00,1.30341006612,10.3229912034,0.0,8.9845174453,0.0,0.247373277426,0.247373277426,0.247373277426,0.29257494,0.063744625,0.268690649238,0.413914574456,1.30996426853
 12/27  10:00:00,1.13132577253,9.81642103448,0.0,8.59970425818,0.0,0.236778106358,0.236778106358,0.236778106358,0.160219637864,0.0349077586915,0.330033495679,0.352274773936,1.19245289525
 12/27  11:00:00,1.14102113076,10.4215512803,0.0,9.34435064086,0.0,0.257280667272,0.257280667272,0.257280667272,0.132355302136,0.0288368480957,0.344876619894,0.360559693361,1.05236611205
 12/27  12:00:00,1.12051525199,8.95608613219,0.0,8.00562732327,0.0,0.220421216928,0.220421216928,0.220421216928,0.132355302136,0.0288368480957,0.361119725873,0.360670158953,0.925616672949
 12/27  13:00:00,1.09137860232,8.35733057553,0.0,7.50487740461,0.0,0.206633926815,0.206633926815,0.206633926815,0.132355302136,0.0288368480957,0.3518459739,0.354594551375,0.828029508913
 12/27  14:00:00,1.05180993171,7.65200550463,0.0,6.8572191,0.0,0.188801766274,0.188801766274,0.188801766274,0.132355302136,0.0288368480957,0.317847783081,0.366856232124,0.769518186075
 12/27  15:00:00,1.06401445048,7.58780105464,0.0,6.84942608863,0.0,0.188587199073,0.188587199073,0.188587199073,0.14628747,0.0318723125,0.292642171022,0.387513297889,0.711683936
 12/27  16:00:00,1.16633023081,7.69435456998,0.0,6.94687671856,0.0,0.191270335019,0.191270335019,0.191270335019,0.202016057864,0.0440141336915,0.302863615842,0.409054088393,0.719303141001
 12/27  17:00:00,1.49104226712,7.9126262283,0.0,7.09006237888,0.0,0.195212706581,0.195212706581,0.195212706581,0.362235612136,0.0789219105958,0.353720743409,0.4838392944,0.789238104985
 12/27  18:00:00,2.05850720406,9.56815218303,0.0,8.59004515832,0.0,0.236512159611,0.236512159611,0.236512159611,0.633912342136,0.138113348096,0.445069937436,0.587787416781,0.937621571256
 12/27  19:00:00,2.30094255131,8.35631935988,0.0,7.23964915028,0.0,0.199331321757,0.199331321757,0.199331321757,0.835928316407,0.182127481787,0.398283704478,0.638159726883,1.07271522659
 12/27  20:00:00,2.1446673571,8.52456676133,0.0,7.38443169439,0.0,0.203317660775,0.203317660775,0.203317660775,0.780199812136,0.169985660596,0.315345896534,0.658706327056,1.09476488109
 12/27  21:00:00,2.04845627244,8.64354811702,0.0,7.58246092566,0.0,0.208770055994,0.208770055994,0.208770055994,0.71053914,0.154808375,0.275874927963,0.681351773484,1.01415723893
 12/27  22:00:00,1.89006830137,8.93580533695,0.0,7.97444371258,0.0,0.219562629695,0.219562629695,0.219562629695,0.599081964271,0.130524696192,0.258342283024,0.665444728188,0.915527312854
 12/27  23:00:00,1.57666056319,9.32547395018,0.0,8.52958386117,0.0,0.234847461499,0.234847461499,0.234847461499,0.445828452136,0.0971346605958,0.205880856148,0.57585713281,0.756226366244
 12/27  24:00:00,1.28149704426,9.56293354561,0.0,8.94496129791,0.0,0.246284166755,0.246284166755,0.246284166755,0.31347315,0.0682978125,0.135920781757,0.500409133249,0.583505210655
 12/28  01:00:00,0.971812080661,9.84742734605,0.0,9.41728784107,0.0,0.259288867977,0.259288867977,0.259288867977,0.160219637864,0.0349077586915,0.0863692416722,0.413914574456,0.401630015396
 12/28  02:00:00,0.859201921425,10.1502750867,0.0,9.80528303469,0.0,0.269971650136,0.269971650136,0.269971650136,0.0975250078643,0.0212482144043,0.0722387554862,0.381106293534,0.318742321817
 12/28  03:00:00,0.80579267882,10.3430636934,0.0,10.0214545283,0.0,0.275923561431,0.275923561431,0.275923561431,0.06269463,0.0136595625,0.0597152550472,0.376687669841,0.295663779576
 12/28  04:00:00,0.808342998245,10.892049117,0.0,10.5646841743,0.0,0.290880457973,0.290880457973,0.290880457973,0.06269463,0.0136595625,0.0526110263622,0.371385321409,0.301784770833
 12/28  05:00:00,0.808653008425,11.0952971424,0.0,10.7026429433,0.0,0.294678916048,0.294678916048,0.294678916048,0.06269463,0.0136595625,0.0631517086927,0.357356191184,0.368040321694
 12/28  06:00:00,0.863269291588,11.0923481605,0.0,10.4076585604,0.0,0.28655702703,0.28655702703,0.28655702703,0.0696606972136,0.0151772910596,0.0759814879778,0.398780788307,0.657222491032
 12/28  07:00:00,1.06329798857,11.3090538535,0.0,10.0792982743,0.0,0.277516189761,0.277516189761,0.277516189761,0.14628747,0.0318723125,0.129758030703,0.460751985603,1.19802003588
 12/28  08:00:00,1.3595636842,11.0317480697,0.0,9.64864606098,0.0,0.265658919732,0.265658919732,0.265658919732,0.299540982136,0.0652623480958,0.207405929039,0.489583505201,1.34938061621
 12/28  09:00:00,1.31187301483,10.632479311,0.0,9.29188900595,0.0,0.255836226139,0.255836226139,0.255836226139,0.29257494,0.063744625,0.268690649238,0.413914574456,1.31208081545
 12/28  10:00:00,1.12377010231,9.54403583421,0.0,8.32528475913,0.0,0.229222436142,0.229222436142,0.229222436142,0.160219637864,0.0349077586915,0.330033495679,0.352274773936,1.19448719403
 12/28  11:00:00,1.16338676196,11.2361462305,0.0,10.1566631337,0.0,0.279646298469,0.279646298469,0.279646298469,0.132355302136,0.0288368480957,0.344876619894,0.360559693361,1.05464856941
 12/28  12:00:00,1.12751888728,9.21177361744,0.0,8.25999709253,0.0,0.227424852225,0.227424852225,0.227424852225,0.132355302136,0.0288368480957,0.361119725873,0.360670158953,0.92693438894
 12/28  13:00:00,1.10555532112,8.87316401937,0.0,8.0197712471,0.0,0.220810645611,0.220810645611,0.220810645611,0.132355302136,0.0288368480957,0.3518459739,0.354594551375,0.828969110257
 12/28  14:00:00,1.07569919378,8.52069848211,0.0,7.72486937341,0.0,0.212691028341,0.212691028341,0.212691028341,0.132355302136,0.0288368480957,0.317847783081,0.366856232124,0.770560890143
 12/28  15:00:00,1.07821686751,8.10444893177,0.0,7.36525328251,0.0,0.202789616099,0.202789616099,0.202789616099,0.14628747,0.0318723125,0.292642171022,0.387513297889,0.712504619247
 12/28  16:00:00,1.17788077229,8.11444105702,0.0,7.36638865006,0.0,0.202820876497,0.202820876497,0.202820876497,0.202016057864,0.0440141336915,0.302863615842,0.409054088393,0.719877696537
 12/28  17:00:00,1.50831991022,8.54114288293,0.0,7.71758078922,0.0,0.212490349677,0.212490349677,0.212490349677,0.362235612136,0.0789219105958,0.353720743409,0.4838392944,0.790236349283
 12/28  18:00:00,2.08877459343,10.6687071723,0.0,9.68934695286,0.0,0.266779548978,0.266779548978,0.266779548978,0.633912342136,0.138113348096,0.445069937436,0.587787416781,0.93887476601
 12/28  19:00:00,2.33279319832,9.51431290849,0.0,8.39645435038,0.0,0.231181968765,0.231181968765,0.231181968765,0.835928316407,0.182127481787,0.398283704478,0.638159726883,1.0739035751
 12/28  20:00:00,2.16806702436,9.37550397908,0.0,8.23430004277,0.0,0.226717328036,0.226717328036,0.226717328036,0.780199812136,0.169985660596,0.315345896534,0.658706327056,1.09583375045
 12/28  21:00:00,2.072880092,9.53194698871,0.0,8.46952615421,0.0,0.233193875549,0.233193875549,0.233193875549,0.71053914,0.154808375,0.275874927963,0.681351773484,1.01549088207
 12/28  22:00:00,1.91282983695,9.76347319476,0.0,8.80113532451,0.0,0.242324165271,0.242324165271,0.242324165271,0.599081964271,0.130524696192,0.258342283024,0.665444728188,0.916503558734
 12/28  23:00:00,1.59530241143,10.0032050734,0.0,9.20664976111,0.0,0.253489309736,0.253489309736,0.253489309736,0.445828452136,0.0971346605958,0.205880856148,0.57585713281,0.756891589506
 12/28  24:00:00,1.30075649055,10.2629144677,0.0,9.64445815946,0.0,0.265543613046,0.265543613046,0.265543613046,0.31347315,0.0682978125,0.135920781757,0.500409133249,0.583989271184
 12/29  01:00:00,0.986069754722,10.3653084217,0.0,9.93512195259,0.0,0.273546542038,0.273546542038,0.273546542038,0.160219637864,0.0349077586915,0.0863692416722,0.413914574456,0.401676979485
 12/29  02:00:00,0.873106685042,10.6549814443,0.0,10.310299553,0.0,0.283876413753,0.283876413753,0.283876413753,0.0975250078643,0.0212482144043,0.0722387554862,0.381106293534,0.318432161073
 12/29  03:00:00,0.81882731989,10.8161034371,0.0,10.4948684771,0.0,0.288958202502,0.288958202502,0.288958202502,0.06269463,0.0136595625,0.0597152550472,0.376687669841,0.295289574461
 12/29  04:00:00,0.813672812599,11.0854806088,0.0,10.7582613081,0.0,0.296210272327,0.296210272327,0.296210272327,0.06269463,0.0136595625,0.0526110263622,0.371385321409,0.301639128752
 12/29  05:00:00,0.821335245966,11.5561441719,0.0,11.1632577098,0.0,0.307361153589,0.307361153589,0.307361153589,0.06269463,0.0136595625,0.0631517086927,0.357356191184,0.368272584582
 12/29  06:00:00,0.892280977247,12.1470725598,0.0,11.4613536023,0.0,0.315568712689,0.315568712689,0.315568712689,0.0696606972136,0.0151772910596,0.0759814879778,0.398780788307,0.658251848491
 12/29  07:00:00,1.11873070966,13.3246004153,0.0,12.0925967797,0.0,0.332948910857,0.332948910857,0.332948910857,0.14628747,0.0318723125,0.129758030703,0.460751985603,1.20026809219
 12/29  08:00:00,1.42559504296,13.4320387948,0.0,12.046883659,0.0,0.331690278487,0.331690278487,0.331690278487,0.299540982136,0.0652623480958,0.207405929039,0.489583505201,1.35143374324
 12/29  09:00:00,1.34715963169,11.9151742021,0.0,10.5734875201,0.0,0.291122843,0.291122843,0.291122843,0.29257494,0.063744625,0.268690649238,0.413914574456,1.31317719241
 12/29  10:00:00,1.14820640047,10.4327783481,0.0,9.21280320645,0.0,0.253658734299,0.253658734299,0.253658734299,0.160219637864,0.0349077586915,0.330033495679,0.352274773936,1.19571126065
 12/29  11:00:00,1.15395490943,10.8946995143,0.0,9.81410129997,0.0,0.270214445945,0.270214445945,0.270214445945,0.132355302136,0.0288368480957,0.344876619894,0.360559693361,1.05576368697
 12/29  12:00:00,1.10237566397,8.2999839477,0.0,7.34680335205,0.0,0.202281628909,0.202281628909,0.202281628909,0.132355302136,0.0288368480957,0.361119725873,0.360670158953,0.92833845968
 12/29  13:00:00,1.07449565475,7.74734942912,0.0,6.89169420822,0.0,0.189750979247,0.189750979247,0.189750979247,0.132355302136,0.0288368480957,0.3518459739,0.354594551375,0.831231558883
 12/29  14:00:00,1.03002464921,6.86394465192,0.0,6.06598468422,0.0,0.167016483777,0.167016483777,0.167016483777,0.132355302136,0.0288368480957,0.317847783081,0.366856232124,0.772691749146
 12/29  15:00:00,1.03455969832,6.52109200999,0.0,5.77963901463,0.0,0.159132446911,0.159132446911,0.159132446911,0.14628747,0.0318723125,0.292642171022,0.387513297889,0.71476196535
 12/29  16:00:00,1.14274141698,6.84070498722,0.0,6.09013862797,0.0,0.167681521189,0.167681521189,0.167681521189,0.202016057864,0.0440141336915,0.302863615842,0.409054088393,0.722391648834
 12/29  17:00:00,1.48049346483,7.53300457647,0.0,6.7069332909,0.0,0.184663904294,0.184663904294,0.184663904294,0.362235612136,0.0789219105958,0.353720743409,0.4838392944,0.792745541137
 12/29  18:00:00,2.05659236956,9.50229659458,0.0,8.5204989886,0.0,0.234597325115,0.234597325115,0.234597325115,0.633912342136,0.138113348096,0.445069937436,0.587787416781,0.941312152531
 12/29  19:00:00,2.30513447252,8.5120186312,0.0,7.39189837293,0.0,0.203523242961,0.203523242961,0.203523242961,0.835928316407,0.182127481787,0.398283704478,0.638159726883,1.07616527526
 12/29  20:00:00,2.15100346043,8.75848894468,0.0,7.61455691848,0.0,0.209653764105,0.209653764105,0.209653764105,0.780199812136,0.169985660596,0.315345896534,0.658706327056,1.09856184035
 12/29  21:00:00,2.06547280448,9.26497030797,0.0,8.2004958667,0.0,0.225786588029,0.225786588029,0.225786588029,0.71053914,0.154808375,0.275874927963,0.681351773484,1.01754448883
 12/29  22:00:00,1.90914922341,9.63162441989,0.0,8.6674566309,0.0,0.238643551731,0.238643551731,0.238643551731,0.599081964271,0.130524696192,0.258342283024,0.665444728188,0.918333477466
 12/29  23:00:00,1.59212417081,9.88911545261,0.0,9.09121708973,0.0,0.250311069122,0.250311069122,0.250311069122,0.445828452136,0.0971346605958,0.205880856148,0.57585713281,0.758234640115
 12/29  24:00:00,1.29747854539,10.1444364127,0.0,9.5254042511,0.0,0.262265667884,0.262265667884,0.262265667884,0.31347315,0.0682978125,0.135920781757,0.500409133249,0.584565124508
 12/30  01:00:00,0.993062185763,10.3971189599,0.0,9.95033074325,0.0,0.273965290002,0.273965290002,0.273965290002,0.160219637864,0.0349077586915,0.092942924749,0.413914574456,0.418278727075
 12/30  02:00:00,0.877452957041,10.6784333049,0.0,10.3248001085,0.0,0.284275661677,0.284275661677,0.284275661677,0.0975250078643,0.0212482144043,0.0761857795615,0.381106293534,0.327383466202
 12/30  03:00:00,0.822473695365,10.8601140853,0.0,10.53246432,0.0,0.28999333955,0.28999333955,0.28999333955,0.06269463,0.0136595625,0.0623264934745,0.376687669841,0.30170437986
 12/30  04:00:00,0.816073937563,11.1299834177,0.0,10.7958783524,0.0,0.29724599312,0.29724599312,0.29724599312,0.06269463,0.0136595625,0.0539764305342,0.371385321409,0.308524893402
 12/30  05:00:00,0.817761658766,11.3433065199,0.0,10.9364506701,0.0,0.301116410775,0.301116410775,0.301116410775,0.06269463,0.0136595625,0.0658228643082,0.357356191184,0.382241972363
 12/30  06:00:00,0.879798356066,11.5852681922,0.0,10.8591982869,0.0,0.298989398908,0.298989398908,0.298989398908,0.0696606972136,0.0151772910596,0.080078180578,0.398780788307,0.698602796343
 12/30  07:00:00,1.08826197334,11.9248275097,0.0,10.6000669611,0.0,0.29185466232,0.29185466232,0.29185466232,0.14628747,0.0318723125,0.14038354292,0.460751985603,1.29302500521
 12/30  08:00:00,1.39896859056,11.8099864098,0.0,10.3112456957,0.0,0.283902464169,0.283902464169,0.283902464169,0.299540982136,0.0652623480958,0.228567290958,0.489583505201,1.46501932155
 12/30  09:00:00,1.36067085614,11.3474095936,0.0,9.88609854334,0.0,0.27219676655,0.27219676655,0.27219676655,0.29257494,0.063744625,0.30112795013,0.413914574456,1.43280156068
 12/30  10:00:00,1.19461244991,10.5929352488,0.0,9.26274243393,0.0,0.255033725271,0.255033725271,0.255033725271,0.160219637864,0.0349077586915,0.375064554145,0.352274773936,1.30592893385
 12/30  11:00:00,1.20646299138,11.0467342447,0.0,9.87191687384,0.0,0.271806298605,0.271806298605,0.271806298605,0.132355302136,0.0288368480957,0.395792849183,0.360559693361,1.14998284347
 12/30  12:00:00,1.1836270089,9.42305680482,0.0,8.39145115347,0.0,0.23104421432,0.23104421432,0.23104421432,0.132355302136,0.0288368480957,0.413608485392,0.360670158953,1.00676351538
 12/30  13:00:00,1.14257706359,8.55086804942,0.0,7.62792684095,0.0,0.210021881987,0.210021881987,0.210021881987,0.132355302136,0.0288368480957,0.399656479991,0.354594551375,0.898517546454
 12/30  14:00:00,1.10377020766,8.01744146494,0.0,7.16129627424,0.0,0.197174009708,0.197174009708,0.197174009708,0.132355302136,0.0288368480957,0.361435815596,0.366856232124,0.830876972143
 12/30  15:00:00,1.10118682527,7.57219955714,0.0,6.77848659095,0.0,0.186634001681,0.186634001681,0.186634001681,0.14628747,0.0318723125,0.331767743197,0.387513297889,0.767021936173
 12/30  16:00:00,1.19302956915,7.37282980986,0.0,6.5706181428,0.0,0.180910700502,0.180910700502,0.180910700502,0.202016057864,0.0440141336915,0.339922588697,0.409054088393,0.774036956636
 12/30  17:00:00,1.50808438768,7.2940237239,0.0,6.40449947416,0.0,0.176336907891,0.176336907891,0.176336907891,0.362235612136,0.0789219105958,0.389638662656,0.4838392944,0.85619850531
 12/30  18:00:00,2.05886928794,8.37805513901,0.0,7.31922525378,0.0,0.201522313276,0.201522313276,0.201522313276,0.633912342136,0.138113348096,0.480421867651,0.587787416781,1.01834443178
 12/30  19:00:00,2.30109933835,7.22009944694,0.0,5.99920403886,0.0,0.165177793251,0.165177793251,0.165177793251,0.835928316407,0.182127481787,0.432594020017,0.638159726883,1.17694042507
 12/30  20:00:00,2.1341923068,7.01575610751,0.0,5.76022285595,0.0,0.158597856285,0.158597856285,0.158597856285,0.780199812136,0.169985660596,0.349590650728,0.658706327056,1.2101630657
 12/30  21:00:00,2.03442646092,6.97844360582,0.0,5.80696692844,0.0,0.159884874145,0.159884874145,0.159884874145,0.71053914,0.154808375,0.310730298291,0.681351773484,1.12454672495
 12/30  22:00:00,1.87073348666,7.033549433,0.0,5.97897994492,0.0,0.164620957513,0.164620957513,0.164620957513,0.599081964271,0.130524696192,0.293949140492,0.665444728188,1.00873517656
 12/30  23:00:00,1.54261218166,7.13470135907,0.0,6.26535734587,0.0,0.172505868048,0.172505868048,0.172505868048,0.445828452136,0.0971346605958,0.234174068073,0.57585713281,0.829680290433
 12/30  24:00:00,1.23178013492,7.23949000654,0.0,6.57503866775,0.0,0.181032412074,0.181032412074,0.181032412074,0.31347315,0.0682978125,0.151455627092,0.500409133249,0.629984301742
 12/31  01:00:00,0.909192900744,7.35287605354,0.0,6.90422543141,0.0,0.190096004984,0.190096004984,0.190096004984,0.160219637864,0.0349077586915,0.092942924749,0.413914574456,0.42014113254
 12/31  02:00:00,0.787918505803,7.42825466469,0.0,7.07293779148,0.0,0.194741210439,0.194741210439,0.194741210439,0.0975250078643,0.0212482144043,0.0761857795615,0.381106293534,0.329067143013
 12/31  03:00:00,0.730844506379,7.53380726668,0.0,7.20452180529,0.0,0.198364150564,0.198364150564,0.198364150564,0.06269463,0.0136595625,0.0623264934745,0.376687669841,0.303340075886
 12/31  04:00:00,0.718937568932,7.60374145055,0.0,7.26791685381,0.0,0.200109624488,0.200109624488,0.200109624488,0.06269463,0.0136595625,0.0539764305342,0.371385321409,0.310244424879
 12/31  05:00:00,0.717160742359,7.69144440305,0.0,7.28265791658,0.0,0.200515494367,0.200515494367,0.200515494367,0.06269463,0.0136595625,0.0658228643082,0.357356191184,0.384172609021
 12/31  06:00:00,0.780830957342,7.99357066201,0.0,7.26473436743,0.0,0.200022000184,0.200022000184,0.200022000184,0.0696606972136,0.0151772910596,0.080078180578,0.398780788307,0.701369185585
 12/31  07:00:00,0.989502100613,8.34211000489,0.0,7.01314031862,0.0,0.19309478959,0.19309478959,0.19309478959,0.14628747,0.0318723125,0.14038354292,0.460751985603,1.29723414289
 12/31  08:00:00,1.31851260663,8.89235932292,0.0,7.38911037583,0.0,0.203446480243,0.203446480243,0.203446480243,0.299540982136,0.0652623480958,0.228567290958,0.489583505201,1.46952755455
 12/31  09:00:00,1.27838814854,8.36350021955,0.0,6.89761721031,0.0,0.18991405895,0.18991405895,0.18991405895,0.29257494,0.063744625,0.30112795013,0.413914574456,1.43737351965
 12/31  10:00:00,1.12705920311,8.14360438533,0.0,6.80923035436,0.0,0.187480478474,0.187480478474,0.187480478474,0.160219637864,0.0349077586915,0.375064554145,0.352274773936,1.31011014992
 12/31  11:00:00,1.15438136059,9.15896118691,0.0,7.9803288846,0.0,0.219724667812,0.219724667812,0.219724667812,0.132355302136,0.0288368480957,0.395792849183,0.360559693361,1.15379777496
 12/31  12:00:00,1.13668613904,7.7213683792,0.0,6.68657393916,0.0,0.184103344465,0.184103344465,0.184103344465,0.132355302136,0.0288368480957,0.413608485392,0.360670158953,1.00995230407
 12/31  13:00:00,1.10098971562,7.04329076765,0.0,6.1174878105,0.0,0.16843453402,0.16843453402,0.16843453402,0.132355302136,0.0288368480957,0.399656479991,0.354594551375,0.901379295142
 12/31  14:00:00,1.06661217831,6.67032156885,0.0,5.81172866357,0.0,0.160015980354,0.160015980354,0.160015980354,0.132355302136,0.0288368480957,0.361435815596,0.366856232124,0.833324686726
 12/31  15:00:00,1.06799407749,6.3689496516,0.0,5.57293672474,0.0,0.153441253899,0.153441253899,0.153441253899,0.14628747,0.0318723125,0.331767743197,0.387513297889,0.769321896843
 12/31  16:00:00,1.16242815942,6.26383915328,0.0,5.45918483688,0.0,0.150309290777,0.150309290777,0.150309290777,0.202016057864,0.0440141336915,0.339922588697,0.409054088393,0.77647960598
 12/31  17:00:00,1.47519920102,6.10214589746,0.0,5.21012012839,0.0,0.143451721229,0.143451721229,0.143451721229,0.362235612136,0.0789219105958,0.389638662656,0.4838392944,0.858700024634
 12/31  18:00:00,2.01958104908,6.95376302376,0.0,5.89228912277,0.0,0.162234074419,0.162234074419,0.162234074419,0.633912342136,0.138113348096,0.480421867651,0.587787416781,1.02098844753
 12/31  19:00:00,2.26491417943,5.90897508297,0.0,4.68497076772,0.0,0.12899263433,0.12899263433,0.12899263433,0.835928316407,0.182127481787,0.432594020017,0.638159726883,1.18004933224
 12/31  20:00:00,2.09963935588,5.76389004683,0.0,4.50527085159,0.0,0.124044905365,0.124044905365,0.124044905365,0.780199812136,0.169985660596,0.349590650728,0.658706327056,1.21324900938
 12/31  21:00:00,1.99868491976,5.68365110342,0.0,4.50884571095,0.0,0.124143332986,0.124143332986,0.124143332986,0.71053914,0.154808375,0.310730298291,0.681351773484,1.12787544003
 12/31  22:00:00,1.8275153158,5.46655936875,0.0,4.40930995453,0.0,0.121402786658,0.121402786658,0.121402786658,0.599081964271,0.130524696192,0.293949140492,0.665444728188,1.0114151027
 12/31  23:00:00,1.49743545719,5.49595317487,0.0,4.62455332142,0.0,0.127329143576,0.127329143576,0.127329143576,0.445828452136,0.0971346605958,0.234174068073,0.57585713281,0.83173613068
 12/31  24:00:00,1.18394132778,5.50362672917,0.0,4.8375486617,0.0,0.133193604936,0.133193604936,0.133193604936,0.31347315,0.0682978125,0.151455627092,0.500409133249,0.631611030425
